2 1 0.0006
3 1 0.0006
4 1 0.0013
5 1 0.0019
6 1 0.0019
7 1 0.0006
8 1 0.0006
22 1 0.0006
271 1 0.0019
539 1 0.0013
548 1 0.0013
1 2 0.0006
493 2 0.0025
529 2 0.0013
1 3 0.0006
319 3 0.0006
1 4 0.0013
325 4 0.0031
326 4 0.0013
1 5 0.0019
488 5 0.0019
489 5 0.0019
1 6 0.0019
533 6 0.0025
539 6 0.0038
1 7 0.0006
538 7 0.0006
540 7 0.0019
1 8 0.0006
9 8 0.0019
13 8 0.0019
8 9 0.0019
21 9 0.0025
22 9 0.0025
28 9 0.0025
12 11 0.0031
20 11 0.0025
11 12 0.0031
13 12 0.0025
8 13 0.0019
12 13 0.0025
14 13 0.0044
28 13 0.0038
13 14 0.0044
15 14 0.0044
17 14 0.0044
14 15 0.0044
16 15 0.0013
29 15 0.0025
15 16 0.0013
17 16 0.0044
48 16 0.0025
14 17 0.0044
16 17 0.0044
18 17 0.0044
17 18 0.0044
19 18 0.0031
47 18 0.0031
18 19 0.0031
20 19 0.0019
47 19 0.0006
11 20 0.0025
19 20 0.0019
9 21 0.0025
22 21 0.0019
23 21 0.0013
1 22 0.0006
9 22 0.0025
21 22 0.0019
56 22 0.0006
271 22 0.0025
21 23 0.0013
24 23 0.0006
51 23 0.0019
60 23 0.0013
23 24 0.0006
25 24 0.0013
26 24 0.0025
24 25 0.0013
26 25 0.0031
29 25 0.0025
30 25 0.0006
24 26 0.0025
25 26 0.0031
27 26 0.0025
26 27 0.0025
28 27 0.0031
29 27 0.0038
9 28 0.0025
13 28 0.0038
27 28 0.0031
15 29 0.0025
25 29 0.0025
27 29 0.0038
31 29 0.0013
25 30 0.0006
31 30 0.005
32 30 0.0038
29 31 0.0013
30 31 0.005
32 31 0.0013
38 31 0.0025
30 32 0.0038
31 32 0.0013
33 32 0.0019
32 33 0.0019
35 33 0.0019
33 35 0.0019
38 35 0.0063
46 35 0.0038
31 38 0.0025
35 38 0.0063
39 38 0.0044
38 39 0.0044
40 39 0.0013
42 39 0.0025
46 39 0.0006
50 39 0.0019
39 40 0.0013
49 40 0.0013
39 42 0.0025
43 42 0.0044
80 42 0.0013
42 43 0.0044
44 43 0.005
43 44 0.005
45 44 0.0031
76 44 0.0013
44 45 0.0031
46 45 0.0025
35 46 0.0038
39 46 0.0006
45 46 0.0025
18 47 0.0031
19 47 0.0006
48 47 0.0044
49 47 0.0019
16 48 0.0025
47 48 0.0044
50 48 0.0025
40 49 0.0013
47 49 0.0019
50 49 0.0038
39 50 0.0019
48 50 0.0025
49 50 0.0038
23 51 0.0019
52 51 0.0038
54 51 0.0025
51 52 0.0038
53 52 0.0044
62 52 0.0038
52 53 0.0044
54 53 0.0038
286 53 0.0038
51 54 0.0025
53 54 0.0038
55 54 0.0031
56 54 0.0019
54 55 0.0031
56 55 0.0031
277 55 0.0013
282 55 0.0013
22 56 0.0006
54 56 0.0019
55 56 0.0031
57 56 0.0019
56 57 0.0019
58 57 0.0019
59 57 0.0006
57 58 0.0019
59 58 0.0031
277 58 0.0044
57 59 0.0006
58 59 0.0031
276 59 0.0031
23 60 0.0013
61 60 0.0013
62 60 0.005
63 60 0.0013
60 61 0.0013
62 61 0.0019
52 62 0.0038
60 62 0.005
61 62 0.0019
60 63 0.0013
65 63 0.0013
63 65 0.0013
66 65 0.005
68 65 0.0069
65 66 0.005
73 66 0.005
65 68 0.0069
69 68 0.0056
181 68 0.01
68 69 0.0056
184 69 0.0063
71 70 0.0025
189 70 0.0044
232 70 0.0019
70 71 0.0025
180 71 0.0025
66 73 0.005
74 73 0.0013
83 73 0.0069
73 74 0.0013
76 74 0.0013
44 76 0.0013
74 76 0.0013
77 76 0.0031
76 77 0.0031
78 77 0.0038
80 77 0.0038
77 78 0.0038
79 78 0.0019
81 78 0.0013
78 79 0.0019
80 79 0.0019
42 80 0.0013
77 80 0.0038
79 80 0.0019
78 81 0.0013
82 81 0.0031
83 81 0.0013
81 82 0.0031
83 82 0.0088
84 82 0.005
73 83 0.0069
81 83 0.0013
82 83 0.0088
82 84 0.005
86 84 0.005
84 86 0.005
88 86 0.005
86 88 0.005
90 88 0.005
88 90 0.005
91 90 0.0013
92 90 0.0069
90 91 0.0013
92 91 0.0082
108 91 0.0063
90 92 0.0069
91 92 0.0082
97 92 0.0006
92 97 0.0006
99 97 0.0006
97 99 0.0006
100 99 0.0038
111 99 0.0025
99 100 0.0038
101 100 0.0031
110 100 0.0019
113 100 0.0025
100 101 0.0031
103 101 0.0031
101 103 0.0031
104 103 0.0031
110 103 0.0044
103 104 0.0031
108 104 0.0031
91 108 0.0063
104 108 0.0031
109 108 0.0019
214 108 0.005
108 109 0.0019
110 109 0.0019
100 110 0.0019
103 110 0.0044
109 110 0.0019
99 111 0.0025
112 111 0.005
467 111 0.0013
728 111 0.0038
111 112 0.005
113 112 0.0025
118 112 0.0019
100 113 0.0025
112 113 0.0025
112 118 0.0019
119 118 0.0006
120 118 0.0031
118 119 0.0006
123 119 0.0006
124 119 0.0006
125 119 0.0006
118 120 0.0031
121 120 0.0069
731 120 0.0082
120 121 0.0069
122 121 0.0082
124 121 0.0031
121 122 0.0082
123 122 0.0019
126 122 0.0056
119 123 0.0006
122 123 0.0019
125 123 0.0031
119 124 0.0006
121 124 0.0031
125 124 0.0019
119 125 0.0006
123 125 0.0031
124 125 0.0019
122 126 0.0056
127 126 0.0119
133 126 0.0056
126 127 0.0119
128 127 0.0056
176 127 0.0056
127 128 0.0056
129 128 0.0025
141 128 0.0038
128 129 0.0025
145 129 0.0019
126 133 0.0056
140 133 0.0056
133 140 0.0056
141 140 0.0031
143 140 0.0019
128 141 0.0038
140 141 0.0031
140 143 0.0019
146 143 0.0019
129 145 0.0019
146 145 0.0038
147 145 0.0013
143 146 0.0019
145 146 0.0038
147 146 0.0013
145 147 0.0013
146 147 0.0013
157 156 0.0019
159 156 0.0019
156 157 0.0019
160 157 0.0019
156 159 0.0019
160 159 0.0019
157 160 0.0019
159 160 0.0019
127 176 0.0056
177 176 0.0056
176 177 0.0056
736 177 0.0056
71 180 0.0025
286 180 0.0006
287 180 0.0044
68 181 0.01
182 181 0.0006
191 181 0.0113
181 182 0.0006
183 182 0.0013
182 183 0.0013
190 183 0.0056
196 183 0.0075
69 184 0.0063
185 184 0.0038
190 184 0.005
223 184 0.0025
184 185 0.0038
189 185 0.0044
188 186 0.0069
234 186 0.0063
242 186 0.0031
188 187 0.005
242 187 0.0019
243 187 0.0025
186 188 0.0069
187 188 0.005
332 188 0.0013
70 189 0.0044
185 189 0.0044
234 189 0.0082
183 190 0.0056
184 190 0.005
219 190 0.0025
181 191 0.0113
192 191 0.0138
194 191 0.0019
191 192 0.0138
193 192 0.0151
196 192 0.0006
192 193 0.0151
194 193 0.0031
195 193 0.0138
191 194 0.0019
193 194 0.0031
200 194 0.0006
193 195 0.0138
196 195 0.0094
202 195 0.0088
183 196 0.0075
192 196 0.0006
195 196 0.0094
197 196 0.0038
196 197 0.0038
198 197 0.0013
199 197 0.0094
201 197 0.0013
202 197 0.0088
197 198 0.0013
199 198 0.0031
215 198 0.0013
197 199 0.0094
198 199 0.0031
203 199 0.0031
207 199 0.0082
194 200 0.0006
201 200 0.0006
202 200 0.0019
197 201 0.0013
200 201 0.0006
195 202 0.0088
197 202 0.0088
200 202 0.0019
199 203 0.0031
204 203 0.0025
203 204 0.0025
205 204 0.01
214 204 0.0069
204 205 0.01
207 205 0.01
199 207 0.0082
205 207 0.01
208 207 0.0013
207 208 0.0013
209 208 0.0044
227 208 0.0025
208 209 0.0044
210 209 0.0025
214 209 0.0013
209 210 0.0025
211 210 0.0019
213 210 0.005
210 211 0.0019
212 211 0.0082
458 211 0.0056
211 212 0.0082
213 212 0.0088
433 212 0.0126
210 213 0.005
212 213 0.0088
429 213 0.0094
108 214 0.005
204 214 0.0069
209 214 0.0013
198 215 0.0013
216 215 0.0019
215 216 0.0019
217 216 0.0019
216 217 0.0019
224 217 0.0038
225 217 0.0038
228 217 0.0013
190 219 0.0025
220 219 0.005
224 219 0.0056
219 220 0.005
223 220 0.0044
222 221 0.0056
226 221 0.0063
221 222 0.0056
223 222 0.005
334 222 0.0038
184 223 0.0025
220 223 0.0044
222 223 0.005
217 224 0.0038
219 224 0.0056
226 224 0.0063
217 225 0.0038
226 225 0.0044
231 225 0.0038
221 226 0.0063
224 226 0.0063
225 226 0.0044
208 227 0.0025
228 227 0.0013
229 227 0.0044
217 228 0.0013
227 228 0.0013
229 228 0.0031
227 229 0.0044
228 229 0.0031
230 229 0.0044
229 230 0.0044
231 230 0.0038
428 230 0.005
225 231 0.0038
230 231 0.0038
427 231 0.0044
70 232 0.0019
233 232 0.0013
232 233 0.0013
234 233 0.0019
186 234 0.0063
189 234 0.0082
233 234 0.0019
235 234 0.0088
234 235 0.0088
236 235 0.0094
240 235 0.0088
235 236 0.0094
237 236 0.005
252 236 0.0031
236 237 0.005
238 237 0.0019
258 237 0.0075
237 238 0.0019
288 238 0.0013
235 240 0.0088
241 240 0.0013
251 240 0.0082
240 241 0.0013
242 241 0.0006
186 242 0.0031
187 242 0.0019
241 242 0.0006
187 243 0.0025
244 243 0.0031
243 244 0.0031
245 244 0.0025
248 244 0.0063
244 245 0.0025
246 245 0.0044
253 245 0.0013
245 246 0.0044
247 246 0.0044
254 246 0.0031
246 247 0.0044
248 247 0.0038
255 247 0.0019
266 247 0.0038
244 248 0.0063
247 248 0.0038
249 248 0.0044
248 249 0.0044
250 249 0.0006
251 249 0.0056
249 250 0.0006
251 250 0.005
252 250 0.0038
240 251 0.0082
249 251 0.0056
250 251 0.005
236 252 0.0031
250 252 0.0038
245 253 0.0013
254 253 0.0025
354 253 0.0006
246 254 0.0031
253 254 0.0025
267 254 0.0013
364 254 0.0006
247 255 0.0019
256 255 0.0019
262 255 0.0031
255 256 0.0019
257 256 0.0006
261 256 0.0019
256 257 0.0006
258 257 0.0025
260 257 0.0013
237 258 0.0075
257 258 0.0025
259 258 0.0082
288 258 0.0082
258 259 0.0082
260 259 0.0019
284 259 0.0056
257 260 0.0013
259 260 0.0019
256 261 0.0019
262 261 0.0013
255 262 0.0031
261 262 0.0013
263 262 0.0013
262 263 0.0013
264 263 0.0025
265 263 0.005
266 263 0.0063
263 264 0.0025
265 264 0.0013
292 264 0.0019
300 264 0.0006
263 265 0.005
264 265 0.0013
268 265 0.0013
270 265 0.0013
247 266 0.0038
263 266 0.0063
267 266 0.0056
254 267 0.0013
266 267 0.0056
268 267 0.0038
265 268 0.0013
267 268 0.0038
269 268 0.0019
268 269 0.0019
270 269 0.0025
265 270 0.0013
269 270 0.0025
304 270 0.0006
1 271 0.0019
22 271 0.0025
272 271 0.0013
275 271 0.0019
271 272 0.0013
275 272 0.0069
276 272 0.0044
274 273 0.0044
281 273 0.0038
273 274 0.0044
275 274 0.0044
271 275 0.0019
272 275 0.0069
274 275 0.0044
59 276 0.0031
272 276 0.0044
278 276 0.0069
55 277 0.0013
58 277 0.0044
278 277 0.0025
276 278 0.0069
277 278 0.0025
279 278 0.0038
278 279 0.0038
280 279 0.0044
295 279 0.0031
297 279 0.0025
279 280 0.0044
281 280 0.0044
273 281 0.0038
280 281 0.0044
55 282 0.0013
283 282 0.0013
284 282 0.0031
282 283 0.0013
284 283 0.0044
294 283 0.0019
259 284 0.0056
282 284 0.0031
283 284 0.0044
285 284 0.0069
289 284 0.0031
284 285 0.0069
286 285 0.005
287 285 0.005
53 286 0.0038
180 286 0.0006
285 286 0.005
180 287 0.0044
285 287 0.005
288 287 0.0063
238 288 0.0013
258 288 0.0082
287 288 0.0063
284 289 0.0031
291 289 0.0031
289 291 0.0031
292 291 0.0025
264 292 0.0019
291 292 0.0025
293 292 0.0056
296 292 0.0069
300 292 0.0038
292 293 0.0056
294 293 0.0006
295 293 0.0069
283 294 0.0019
293 294 0.0006
295 294 0.0031
279 295 0.0031
293 295 0.0069
294 295 0.0031
292 296 0.0069
297 296 0.005
306 296 0.005
279 297 0.0025
296 297 0.005
298 297 0.0025
297 298 0.0025
323 298 0.0019
264 300 0.0006
292 300 0.0038
301 300 0.0025
300 301 0.0025
302 301 0.0044
303 301 0.0013
301 302 0.0044
303 302 0.0031
306 302 0.0044
301 303 0.0013
302 303 0.0031
304 303 0.0013
270 304 0.0006
303 304 0.0013
305 304 0.0025
304 305 0.0025
306 305 0.0038
308 305 0.0019
366 305 0.0013
371 305 0.005
296 306 0.005
302 306 0.0044
305 306 0.0038
308 307 0.0031
323 307 0.005
324 307 0.0044
305 308 0.0019
307 308 0.0031
309 308 0.0075
311 308 0.01
308 309 0.0075
310 309 0.0063
311 309 0.0006
309 310 0.0063
478 310 0.0069
485 310 0.01
308 311 0.01
309 311 0.0006
371 311 0.0088
3 319 0.0006
321 319 0.0025
324 319 0.0038
319 321 0.0025
323 321 0.0025
298 323 0.0019
307 323 0.005
321 323 0.0025
307 324 0.0044
319 324 0.0038
327 324 0.0025
4 325 0.0031
326 325 0.0038
469 325 0.0013
4 326 0.0013
325 326 0.0038
327 326 0.0019
324 327 0.0025
326 327 0.0019
328 327 0.0025
327 328 0.0025
329 328 0.0006
477 328 0.0038
328 329 0.0006
331 329 0.0013
331 330 0.005
565 330 0.005
329 331 0.0013
330 331 0.005
564 331 0.0031
188 332 0.0013
333 332 0.0013
334 332 0.0031
332 333 0.0013
334 333 0.0038
335 333 0.0031
380 333 0.0006
222 334 0.0038
332 334 0.0031
333 334 0.0038
333 335 0.0031
336 335 0.0031
372 335 0.0006
379 335 0.0082
335 336 0.0031
338 336 0.0031
336 338 0.0031
340 338 0.0038
347 339 0.0019
391 339 0.0013
338 340 0.0038
341 340 0.0013
343 340 0.0056
340 341 0.0013
349 341 0.0013
340 343 0.0056
344 343 0.0013
346 343 0.0075
343 344 0.0013
345 344 0.0038
362 344 0.0019
344 345 0.0038
346 345 0.0075
348 345 0.0082
355 345 0.0119
343 346 0.0075
345 346 0.0075
347 346 0.0082
339 347 0.0019
346 347 0.0082
348 347 0.0019
391 347 0.0069
345 348 0.0082
347 348 0.0019
647 348 0.0056
341 349 0.0013
350 349 0.0019
361 349 0.0038
349 350 0.0019
351 350 0.0025
350 351 0.0025
352 351 0.0031
361 351 0.005
351 352 0.0031
353 352 0.0044
360 352 0.0069
352 353 0.0044
354 353 0.0038
253 354 0.0006
353 354 0.0038
363 354 0.005
345 355 0.0119
356 355 0.0013
357 355 0.0138
360 355 0.0082
355 356 0.0013
358 356 0.0006
355 357 0.0138
358 357 0.0132
356 358 0.0006
357 358 0.0132
363 358 0.0119
352 360 0.0069
355 360 0.0082
362 360 0.0031
349 361 0.0038
351 361 0.005
362 361 0.0006
344 362 0.0019
360 362 0.0031
361 362 0.0006
354 363 0.005
358 363 0.0119
364 363 0.0038
367 363 0.0107
254 364 0.0006
363 364 0.0038
365 364 0.0025
364 365 0.0025
366 365 0.0031
305 366 0.0013
365 366 0.0031
367 366 0.0038
363 367 0.0107
366 367 0.0038
368 367 0.0088
367 368 0.0088
369 368 0.0038
484 368 0.0107
368 369 0.0038
370 369 0.0013
371 369 0.0056
369 370 0.0013
485 370 0.0006
305 371 0.005
311 371 0.0088
369 371 0.0056
335 372 0.0006
373 372 0.0025
379 372 0.0038
372 373 0.0025
374 373 0.01
386 373 0.0082
395 373 0.0006
373 374 0.01
375 374 0.0088
382 374 0.0119
374 375 0.0088
376 375 0.0025
381 375 0.0056
375 376 0.0025
377 376 0.0038
378 376 0.0006
376 377 0.0038
378 377 0.0006
382 377 0.0025
376 378 0.0006
377 378 0.0006
335 379 0.0082
372 379 0.0038
380 379 0.01
333 380 0.0006
379 380 0.01
382 380 0.0088
375 381 0.0056
402 381 0.0056
374 382 0.0119
377 382 0.0025
380 382 0.0088
373 386 0.0082
387 386 0.005
393 386 0.0013
394 386 0.0082
386 387 0.005
389 387 0.005
387 389 0.005
391 389 0.005
339 391 0.0013
347 391 0.0069
389 391 0.005
386 393 0.0013
394 393 0.0044
397 393 0.0025
386 394 0.0082
393 394 0.0044
395 394 0.0094
373 395 0.0006
394 395 0.0094
396 395 0.005
398 395 0.0075
395 396 0.005
407 396 0.0019
408 396 0.0019
393 397 0.0025
408 397 0.0019
395 398 0.0075
399 398 0.0031
406 398 0.0113
398 399 0.0031
400 399 0.0019
401 399 0.0006
399 400 0.0019
401 400 0.0013
406 400 0.0038
399 401 0.0006
400 401 0.0013
381 402 0.0056
403 402 0.0013
404 402 0.0069
402 403 0.0013
404 403 0.0082
427 403 0.0063
402 404 0.0069
403 404 0.0082
426 404 0.0069
398 406 0.0113
400 406 0.0038
407 406 0.0019
412 406 0.0044
396 407 0.0019
406 407 0.0019
396 408 0.0019
397 408 0.0019
406 412 0.0044
414 412 0.0088
707 412 0.0038
412 414 0.0088
416 414 0.0107
418 414 0.0013
414 416 0.0107
444 416 0.0107
414 418 0.0013
420 418 0.0006
420 419 0.0019
426 419 0.0025
418 420 0.0006
419 420 0.0019
421 420 0.0031
420 421 0.0031
422 421 0.0031
423 421 0.0019
421 422 0.0031
423 422 0.0031
425 422 0.0044
421 423 0.0019
422 423 0.0031
424 423 0.0031
423 424 0.0031
425 424 0.01
438 424 0.0088
422 425 0.0044
424 425 0.01
426 425 0.01
404 426 0.0069
419 426 0.0025
425 426 0.01
231 427 0.0044
403 427 0.0063
428 427 0.0063
230 428 0.005
427 428 0.0063
430 428 0.0069
213 429 0.0094
430 429 0.0094
432 429 0.0044
428 430 0.0069
429 430 0.0094
431 430 0.0019
430 431 0.0019
432 431 0.0031
434 431 0.0006
429 432 0.0044
431 432 0.0031
433 432 0.0006
212 433 0.0126
432 433 0.0006
434 433 0.0113
431 434 0.0006
433 434 0.0113
435 434 0.01
434 435 0.01
436 435 0.0069
450 435 0.0088
435 436 0.0069
442 436 0.0069
424 438 0.0088
440 438 0.0088
438 440 0.0088
442 440 0.0088
436 442 0.0069
440 442 0.0088
443 442 0.0075
442 443 0.0075
444 443 0.0025
448 443 0.0107
416 444 0.0107
443 444 0.0025
445 444 0.0138
444 445 0.0138
446 445 0.0132
447 445 0.0113
445 446 0.0132
448 446 0.0126
445 447 0.0113
705 447 0.0107
443 448 0.0107
446 448 0.0126
851 448 0.0025
435 450 0.0088
452 450 0.0019
454 450 0.0113
450 452 0.0019
453 452 0.0038
834 452 0.0013
452 453 0.0038
454 453 0.0132
716 453 0.0126
830 453 0.0031
450 454 0.0113
453 454 0.0132
455 454 0.0013
454 455 0.0013
456 455 0.0025
459 455 0.0031
455 456 0.0025
457 456 0.0006
461 456 0.0038
456 457 0.0006
458 457 0.0082
462 457 0.0094
211 458 0.0056
457 458 0.0082
467 458 0.0019
455 459 0.0031
460 459 0.0019
719 459 0.0006
459 460 0.0019
461 460 0.0119
727 460 0.0094
456 461 0.0038
460 461 0.0119
462 461 0.01
457 462 0.0094
461 462 0.01
463 462 0.005
462 463 0.005
464 463 0.0044
465 463 0.0038
463 464 0.0044
465 464 0.0038
727 464 0.005
463 465 0.0038
464 465 0.0038
466 465 0.0044
465 466 0.0044
467 466 0.0038
728 466 0.0013
738 466 0.0019
111 467 0.0013
458 467 0.0019
466 467 0.0038
325 469 0.0013
470 469 0.0044
471 469 0.0013
488 469 0.0019
469 470 0.0044
471 470 0.0069
564 470 0.0044
469 471 0.0013
470 471 0.0069
472 471 0.0031
473 471 0.005
471 472 0.0031
473 472 0.0038
491 472 0.0025
497 472 0.0031
471 473 0.005
472 473 0.0038
476 473 0.0056
563 473 0.0069
562 474 0.0056
563 474 0.0063
476 475 0.0038
501 475 0.0031
562 475 0.0063
473 476 0.0056
475 476 0.0038
499 476 0.0025
328 477 0.0038
478 477 0.0038
567 477 0.005
310 478 0.0069
477 478 0.0038
479 478 0.0069
485 478 0.0013
569 478 0.0006
478 479 0.0069
480 479 0.005
481 479 0.0044
482 479 0.0025
479 480 0.005
481 480 0.0038
569 480 0.0069
572 480 0.0056
479 481 0.0044
480 481 0.0038
482 481 0.0006
486 481 0.0038
479 482 0.0025
481 482 0.0006
483 482 0.0013
482 483 0.0013
484 483 0.0044
485 483 0.0069
368 484 0.0107
483 484 0.0044
634 484 0.0094
310 485 0.01
370 485 0.0006
478 485 0.0013
483 485 0.0069
481 486 0.0038
606 486 0.0038
5 488 0.0019
469 488 0.0019
490 488 0.0025
5 489 0.0019
490 489 0.0013
492 489 0.005
493 489 0.0031
488 490 0.0025
489 490 0.0013
491 490 0.0044
472 491 0.0025
490 491 0.0044
492 491 0.0038
489 492 0.005
491 492 0.0038
494 492 0.0031
2 493 0.0025
489 493 0.0031
494 493 0.0038
492 494 0.0031
493 494 0.0038
530 494 0.0019
496 495 0.0019
519 495 0.0013
495 496 0.0019
497 496 0.0038
511 496 0.0013
472 497 0.0031
496 497 0.0038
498 497 0.0063
497 498 0.0063
499 498 0.0031
502 498 0.005
476 499 0.0025
498 499 0.0031
501 500 0.0019
503 500 0.0025
475 501 0.0031
500 501 0.0019
570 501 0.0044
498 502 0.005
503 502 0.0031
510 502 0.0063
500 503 0.0025
502 503 0.0031
504 503 0.0082
508 503 0.0038
503 504 0.0082
505 504 0.0082
510 504 0.0044
504 505 0.0082
506 505 0.0075
619 505 0.0038
505 506 0.0075
507 506 0.0063
592 506 0.0019
506 507 0.0063
508 507 0.0019
580 507 0.0038
503 508 0.0038
507 508 0.0019
509 508 0.0013
508 509 0.0013
578 509 0.0038
579 509 0.0013
580 509 0.0031
502 510 0.0063
504 510 0.0044
511 510 0.0063
496 511 0.0013
510 511 0.0063
512 511 0.0044
620 511 0.0044
511 512 0.0044
513 512 0.0031
514 512 0.0025
621 512 0.0025
512 513 0.0031
514 513 0.0019
519 513 0.0019
512 514 0.0025
513 514 0.0019
515 514 0.0038
516 514 0.0013
514 515 0.0038
516 515 0.0038
517 515 0.0038
526 515 0.0013
514 516 0.0013
515 516 0.0038
630 516 0.0013
633 516 0.0038
515 517 0.0038
518 517 0.0038
524 517 0.0056
525 517 0.0031
517 518 0.0038
522 518 0.0031
495 519 0.0013
513 519 0.0019
518 522 0.0031
523 522 0.0013
530 522 0.0013
522 523 0.0013
524 523 0.005
535 523 0.0031
517 524 0.0056
523 524 0.005
525 524 0.0013
536 524 0.0031
517 525 0.0031
524 525 0.0013
526 525 0.0013
515 526 0.0013
525 526 0.0013
2 529 0.0013
530 529 0.0031
531 529 0.0013
494 530 0.0019
522 530 0.0013
529 530 0.0031
531 530 0.0025
529 531 0.0013
530 531 0.0025
532 531 0.0006
531 532 0.0006
533 532 0.0019
535 532 0.0031
6 533 0.0025
532 533 0.0019
523 535 0.0031
532 535 0.0031
536 535 0.0044
524 536 0.0031
535 536 0.0044
537 536 0.0031
536 537 0.0031
538 537 0.0031
543 537 0.0019
7 538 0.0006
537 538 0.0031
539 538 0.0019
1 539 0.0013
6 539 0.0038
538 539 0.0019
7 540 0.0019
541 540 0.0019
547 540 0.0044
540 541 0.0019
543 541 0.0038
550 541 0.0056
551 541 0.005
537 543 0.0019
541 543 0.0038
544 543 0.0038
543 544 0.0038
545 544 0.0038
544 545 0.0038
551 545 0.005
868 545 0.0038
540 547 0.0044
548 547 0.0038
550 547 0.0063
1 548 0.0013
547 548 0.0038
554 548 0.0019
541 550 0.0056
547 550 0.0063
556 550 0.005
541 551 0.005
545 551 0.005
554 553 0.0019
557 553 0.0025
548 554 0.0019
553 554 0.0019
550 556 0.005
557 556 0.005
560 556 0.0044
553 557 0.0025
556 557 0.005
558 557 0.0019
557 558 0.0019
560 558 0.0019
556 560 0.0044
558 560 0.0019
1334 560 0.0019
474 562 0.0056
475 562 0.0063
473 563 0.0069
474 563 0.0063
331 564 0.0031
470 564 0.0044
330 565 0.005
566 565 0.0069
567 565 0.0013
565 566 0.0069
567 566 0.0069
568 566 0.0056
477 567 0.005
565 567 0.0013
566 567 0.0069
566 568 0.0056
569 568 0.0056
478 569 0.0006
480 569 0.0069
568 569 0.0056
501 570 0.0044
571 570 0.0031
575 570 0.0088
570 571 0.0031
572 571 0.0025
480 572 0.0056
571 572 0.0025
573 572 0.0088
572 573 0.0088
575 573 0.0088
570 575 0.0088
573 575 0.0088
576 575 0.0044
578 575 0.0044
575 576 0.0044
577 576 0.0038
607 576 0.0038
576 577 0.0038
578 577 0.0038
579 577 0.0031
584 577 0.0031
509 578 0.0038
575 578 0.0044
577 578 0.0038
509 579 0.0013
577 579 0.0031
581 579 0.0013
507 580 0.0038
509 580 0.0031
579 581 0.0013
584 581 0.0025
583 582 0.0056
588 582 0.0019
590 582 0.0025
582 583 0.0056
585 583 0.0019
587 583 0.0019
593 583 0.0056
577 584 0.0031
581 584 0.0025
585 584 0.0025
583 585 0.0019
584 585 0.0025
586 585 0.0038
599 585 0.0044
585 586 0.0038
587 586 0.0025
595 586 0.0044
583 587 0.0019
586 587 0.0025
610 587 0.0025
582 588 0.0019
589 588 0.0013
588 589 0.0013
590 589 0.0019
582 590 0.0025
589 590 0.0019
591 590 0.005
590 591 0.005
592 591 0.0019
593 591 0.0063
506 592 0.0019
591 592 0.0019
617 592 0.0031
583 593 0.0056
591 593 0.0063
611 593 0.0025
615 593 0.0031
586 595 0.0044
610 595 0.005
614 595 0.0069
597 596 0.0006
1103 596 0.0013
596 597 0.0006
635 597 0.0013
636 597 0.0025
585 599 0.0044
601 599 0.0044
599 601 0.0044
602 601 0.0013
608 601 0.0063
601 602 0.0013
603 602 0.005
608 602 0.0069
602 603 0.005
604 603 0.0038
635 603 0.0044
603 604 0.0038
609 604 0.0038
486 606 0.0038
607 606 0.0038
609 606 0.0031
576 607 0.0038
606 607 0.0038
608 607 0.0038
609 607 0.0038
601 608 0.0063
602 608 0.0069
607 608 0.0038
604 609 0.0038
606 609 0.0031
607 609 0.0038
587 610 0.0025
595 610 0.005
611 610 0.0044
593 611 0.0025
610 611 0.0044
612 611 0.005
611 612 0.005
613 612 0.0075
629 612 0.0056
612 613 0.0075
614 613 0.0088
922 613 0.005
928 613 0.01
595 614 0.0069
613 614 0.0088
929 614 0.0013
593 615 0.0031
616 615 0.0031
624 615 0.0019
629 615 0.0006
615 616 0.0031
617 616 0.0038
622 616 0.0038
592 617 0.0031
616 617 0.0038
618 617 0.0038
617 618 0.0038
621 618 0.0013
622 618 0.0025
505 619 0.0038
620 619 0.0031
511 620 0.0044
619 620 0.0031
621 620 0.0031
512 621 0.0025
618 621 0.0013
620 621 0.0031
616 622 0.0038
618 622 0.0025
623 622 0.0019
622 623 0.0019
624 623 0.0031
626 623 0.0019
615 624 0.0019
623 624 0.0031
625 624 0.0019
624 625 0.0019
626 625 0.0038
628 625 0.0025
623 626 0.0019
625 626 0.0038
627 626 0.0025
626 627 0.0025
628 627 0.005
917 627 0.0031
625 628 0.0025
627 628 0.005
629 628 0.0031
918 628 0.0019
612 629 0.0056
615 629 0.0006
628 629 0.0031
919 629 0.0031
516 630 0.0013
631 630 0.0019
630 631 0.0019
632 631 0.0063
633 631 0.0044
875 631 0.005
631 632 0.0063
633 632 0.0025
871 632 0.0038
891 632 0.0075
516 633 0.0038
631 633 0.0044
632 633 0.0025
484 634 0.0094
638 634 0.0013
644 634 0.0094
645 634 0.0013
597 635 0.0013
603 635 0.0044
636 635 0.0063
597 636 0.0025
635 636 0.0063
638 636 0.0031
634 638 0.0013
636 638 0.0031
639 638 0.005
638 639 0.005
640 639 0.005
641 639 0.0056
1106 639 0.0019
639 640 0.005
641 640 0.0044
644 640 0.0063
639 641 0.0056
640 641 0.0044
668 641 0.0069
634 644 0.0094
640 644 0.0063
660 644 0.0088
634 645 0.0013
647 645 0.0013
348 647 0.0056
645 647 0.0013
648 647 0.0038
647 648 0.0038
651 648 0.0038
648 651 0.0038
653 651 0.0038
651 653 0.0038
666 653 0.0038
644 660 0.0088
661 660 0.0107
671 660 0.0113
660 661 0.0107
662 661 0.0063
676 661 0.0038
661 662 0.0063
664 662 0.0063
662 664 0.0063
666 664 0.0063
653 666 0.0038
664 666 0.0063
667 666 0.0019
666 667 0.0019
693 667 0.0019
641 668 0.0069
669 668 0.0044
1110 668 0.0056
668 669 0.0044
671 669 0.0044
672 669 0.0031
660 671 0.0113
669 671 0.0044
672 671 0.01
669 672 0.0031
671 672 0.01
673 672 0.01
672 673 0.01
678 673 0.01
661 676 0.0038
680 676 0.0038
673 678 0.01
679 678 0.0094
678 679 0.0094
680 679 0.005
683 679 0.0063
676 680 0.0038
679 680 0.005
681 680 0.0006
680 681 0.0006
682 681 0.0031
690 681 0.0019
681 682 0.0031
687 682 0.0025
688 682 0.0038
679 683 0.0063
685 683 0.0063
683 685 0.0063
687 685 0.0107
979 685 0.0063
682 687 0.0025
685 687 0.0107
970 687 0.0075
682 688 0.0038
690 688 0.0038
681 690 0.0019
688 690 0.0038
692 690 0.0013
690 692 0.0013
693 692 0.0038
695 692 0.0013
667 693 0.0019
692 693 0.0038
694 693 0.0013
693 694 0.0013
695 694 0.0038
699 694 0.0019
692 695 0.0013
694 695 0.0038
696 695 0.0019
695 696 0.0019
697 696 0.0019
699 696 0.0044
696 697 0.0019
701 697 0.0019
694 699 0.0019
696 699 0.0044
700 699 0.0019
699 700 0.0019
701 700 0.0038
707 700 0.0013
697 701 0.0019
700 701 0.0038
702 701 0.0013
701 702 0.0013
704 702 0.0019
704 703 0.0025
707 703 0.0019
702 704 0.0019
703 704 0.0025
705 704 0.0038
447 705 0.0107
704 705 0.0038
851 705 0.0069
852 705 0.0088
412 707 0.0038
700 707 0.0013
703 707 0.0019
710 709 0.0056
976 709 0.0063
709 710 0.0056
712 710 0.0056
710 712 0.0056
713 712 0.0082
968 712 0.0019
712 713 0.0082
715 713 0.0031
852 713 0.0069
713 715 0.0031
854 715 0.0006
968 715 0.0019
453 716 0.0126
718 716 0.0126
716 718 0.0126
719 718 0.0025
723 718 0.0132
459 719 0.0006
718 719 0.0025
720 719 0.0013
719 720 0.0013
721 720 0.0006
720 721 0.0006
723 721 0.0082
724 721 0.0069
718 723 0.0132
721 723 0.0082
813 723 0.0044
721 724 0.0069
725 724 0.0069
724 725 0.0069
726 725 0.0107
746 725 0.0031
725 726 0.0107
727 726 0.0088
751 726 0.0006
460 727 0.0094
464 727 0.005
726 727 0.0088
111 728 0.0038
466 728 0.0013
729 728 0.0019
728 729 0.0019
731 729 0.0019
120 731 0.0082
729 731 0.0019
732 731 0.0056
731 732 0.0056
734 732 0.0056
732 734 0.0056
736 734 0.0056
177 736 0.0056
734 736 0.0056
466 738 0.0019
741 738 0.0013
740 739 0.0044
753 739 0.005
739 740 0.0044
741 740 0.0013
762 740 0.0025
738 741 0.0013
740 741 0.0013
725 746 0.0031
747 746 0.0031
751 746 0.0069
746 747 0.0031
748 747 0.0031
747 748 0.0031
749 748 0.0025
756 748 0.0063
748 749 0.0025
758 749 0.0025
726 751 0.0006
746 751 0.0069
753 751 0.0056
739 753 0.005
751 753 0.0056
754 753 0.0063
753 754 0.0063
756 754 0.0063
748 756 0.0063
754 756 0.0063
757 756 0.0056
756 757 0.0056
758 757 0.0025
764 757 0.0025
749 758 0.0025
757 758 0.0025
740 762 0.0025
764 762 0.0025
757 764 0.0025
762 764 0.0025
768 767 0.0044
770 767 0.0044
767 768 0.0044
783 768 0.0044
767 770 0.0044
772 770 0.0044
770 772 0.0044
791 772 0.0044
777 776 0.0019
779 776 0.0019
776 777 0.0019
781 777 0.0019
776 779 0.0019
781 779 0.0019
777 781 0.0019
779 781 0.0019
768 783 0.0044
789 783 0.0044
783 789 0.0044
790 789 0.0044
789 790 0.0044
791 790 0.0044
772 791 0.0044
790 791 0.0044
723 813 0.0044
814 813 0.0019
826 813 0.0019
813 814 0.0019
820 814 0.0019
814 820 0.0019
822 820 0.0019
820 822 0.0019
823 822 0.0019
822 823 0.0019
824 823 0.0006
842 823 0.0031
823 824 0.0006
841 824 0.0013
842 824 0.0025
813 826 0.0019
827 826 0.0013
829 826 0.0038
826 827 0.0013
829 827 0.0013
826 829 0.0038
827 829 0.0013
830 829 0.0019
453 830 0.0031
829 830 0.0019
831 830 0.0006
830 831 0.0006
832 831 0.0025
836 831 0.0013
831 832 0.0025
836 832 0.0025
452 834 0.0013
835 834 0.0056
851 834 0.005
834 835 0.0056
836 835 0.0006
837 835 0.005
831 836 0.0013
832 836 0.0025
835 836 0.0006
835 837 0.005
838 837 0.0069
839 837 0.0013
837 838 0.0069
839 838 0.0044
840 838 0.0038
848 838 0.0126
837 839 0.0013
838 839 0.0044
843 839 0.0025
838 840 0.0038
841 840 0.0031
842 840 0.0038
824 841 0.0013
840 841 0.0031
849 841 0.0013
823 842 0.0031
824 842 0.0025
840 842 0.0038
839 843 0.0025
844 843 0.0107
858 843 0.0075
843 844 0.0107
845 844 0.0107
844 845 0.0107
846 845 0.0006
848 845 0.0119
845 846 0.0006
850 846 0.0006
838 848 0.0126
845 848 0.0119
849 848 0.0031
850 848 0.0025
841 849 0.0013
848 849 0.0031
850 849 0.0013
846 850 0.0006
848 850 0.0025
849 850 0.0013
448 851 0.0025
705 851 0.0069
834 851 0.005
705 852 0.0088
713 852 0.0069
853 852 0.0126
852 853 0.0126
854 853 0.0025
855 853 0.0132
715 854 0.0006
853 854 0.0025
855 854 0.0013
853 855 0.0132
854 855 0.0013
856 855 0.0119
855 856 0.0119
858 856 0.0119
843 858 0.0075
856 858 0.0119
859 858 0.0038
858 859 0.0038
861 859 0.0038
859 861 0.0038
864 861 0.0038
861 864 0.0038
866 864 0.0038
864 866 0.0038
991 866 0.0038
545 868 0.0038
869 868 0.0038
868 869 0.0038
871 869 0.0025
872 869 0.0044
632 871 0.0038
869 871 0.0025
872 871 0.005
869 872 0.0044
871 872 0.005
873 872 0.0063
872 873 0.0063
874 873 0.0056
1337 873 0.005
873 874 0.0056
886 874 0.005
1336 874 0.0044
631 875 0.005
877 875 0.005
875 877 0.005
879 877 0.005
877 879 0.005
881 879 0.005
879 881 0.005
883 881 0.005
881 883 0.005
884 883 0.0013
885 883 0.0069
883 884 0.0013
885 884 0.0044
909 884 0.0025
883 885 0.0069
884 885 0.0044
895 885 0.0069
874 886 0.005
887 886 0.0044
897 886 0.005
886 887 0.0044
889 887 0.0019
890 887 0.0025
1324 888 0.0013
1331 888 0.0006
887 889 0.0019
1333 889 0.0025
1336 889 0.005
887 890 0.0025
892 890 0.0044
897 890 0.0056
898 890 0.0013
632 891 0.0075
892 891 0.0082
890 892 0.0044
891 892 0.0082
893 892 0.0056
892 893 0.0056
895 893 0.0056
885 895 0.0069
893 895 0.0056
899 895 0.0031
886 897 0.005
890 897 0.0056
890 898 0.0013
899 898 0.0031
901 898 0.0025
895 899 0.0031
898 899 0.0031
900 899 0.0044
899 900 0.0044
901 900 0.0031
905 900 0.0019
909 900 0.0006
898 901 0.0025
900 901 0.0031
902 901 0.0013
901 902 0.0013
903 902 0.0025
904 902 0.0006
902 903 0.0025
904 903 0.0019
1328 903 0.0069
1453 903 0.0013
902 904 0.0006
903 904 0.0019
1324 904 0.0031
900 905 0.0019
906 905 0.0025
1358 905 0.0025
905 906 0.0025
907 906 0.0031
1358 906 0.0025
1454 906 0.0031
906 907 0.0031
908 907 0.0063
1356 907 0.0038
1357 907 0.0006
907 908 0.0063
1355 908 0.0038
1455 908 0.0019
884 909 0.0025
900 909 0.0006
910 909 0.0025
1346 909 0.0031
909 910 0.0025
911 910 0.0025
1345 910 0.0044
910 911 0.0025
912 911 0.0006
1122 911 0.0013
911 912 0.0006
913 912 0.0031
916 912 0.0031
912 913 0.0031
914 913 0.0025
915 913 0.0038
913 914 0.0025
915 914 0.0013
916 914 0.0013
917 914 0.0038
918 914 0.0006
913 915 0.0038
914 915 0.0013
923 915 0.0019
912 916 0.0031
914 916 0.0013
917 916 0.005
627 917 0.0031
914 917 0.0038
916 917 0.005
628 918 0.0019
914 918 0.0006
919 918 0.0006
629 919 0.0031
918 919 0.0006
920 919 0.0019
919 920 0.0019
922 920 0.0013
922 921 0.0031
926 921 0.0025
613 922 0.005
920 922 0.0013
921 922 0.0031
915 923 0.0019
924 923 0.0031
1113 923 0.0019
923 924 0.0031
925 924 0.0044
1111 924 0.0044
924 925 0.0044
926 925 0.0006
927 925 0.0056
921 926 0.0025
925 926 0.0006
927 926 0.0038
925 927 0.0056
926 927 0.0038
928 927 0.0075
1101 927 0.0019
613 928 0.01
927 928 0.0075
929 928 0.0044
614 929 0.0013
928 929 0.0044
930 929 0.0025
929 930 0.0025
1101 930 0.0031
1103 930 0.0038
712 968 0.0019
715 968 0.0019
687 970 0.0075
971 970 0.0025
973 970 0.0094
970 971 0.0025
972 971 0.0019
971 972 0.0019
973 972 0.0144
983 972 0.0119
970 973 0.0094
972 973 0.0144
974 973 0.0094
973 974 0.0094
976 974 0.0094
709 976 0.0063
974 976 0.0094
977 976 0.0025
976 977 0.0025
984 977 0.0025
685 979 0.0063
980 979 0.0075
1152 979 0.0006
979 980 0.0075
982 980 0.0075
980 982 0.0075
986 982 0.0056
1153 982 0.0031
972 983 0.0119
984 983 0.0138
985 983 0.0013
977 984 0.0025
983 984 0.0138
985 984 0.0107
983 985 0.0013
984 985 0.0107
987 985 0.0088
982 986 0.0056
987 986 0.0044
994 986 0.0006
985 987 0.0088
986 987 0.0044
988 987 0.0038
987 988 0.0038
991 988 0.0038
866 991 0.0038
988 991 0.0038
986 994 0.0006
1042 994 0.0006
996 995 0.0013
1005 995 0.0013
995 996 0.0013
997 996 0.0013
1003 996 0.0044
1009 996 0.0006
996 997 0.0013
998 997 0.0013
1003 997 0.0031
997 998 0.0013
1004 998 0.0038
1025 998 0.0019
996 1003 0.0044
997 1003 0.0031
1004 1003 0.0044
1009 1003 0.0019
998 1004 0.0038
1003 1004 0.0044
1010 1004 0.005
995 1005 0.0013
1007 1005 0.0013
1005 1007 0.0013
1008 1007 0.0013
1012 1007 0.0031
1007 1008 0.0013
1011 1008 0.0019
996 1009 0.0006
1003 1009 0.0019
1004 1010 0.005
1011 1010 0.005
1017 1010 0.0056
1008 1011 0.0019
1010 1011 0.005
1012 1011 0.0063
1007 1012 0.0031
1011 1012 0.0063
1013 1012 0.0025
1012 1013 0.0025
1014 1013 0.0025
1013 1014 0.0025
1015 1014 0.005
1017 1014 0.0019
1014 1015 0.005
1016 1015 0.0069
1030 1015 0.0013
1015 1016 0.0069
1017 1016 0.0119
1028 1016 0.0082
1010 1017 0.0056
1014 1017 0.0019
1016 1017 0.0119
1018 1017 0.0094
1017 1018 0.0094
1019 1018 0.0063
1024 1018 0.0025
1018 1019 0.0063
1020 1019 0.0038
1028 1019 0.0019
1019 1020 0.0038
1059 1020 0.0038
1018 1024 0.0025
1025 1024 0.0019
998 1025 0.0019
1024 1025 0.0019
1016 1028 0.0082
1019 1028 0.0019
1029 1028 0.0013
1032 1028 0.0038
1028 1029 0.0013
1030 1029 0.0013
1015 1030 0.0013
1029 1030 0.0013
1028 1032 0.0038
1033 1032 0.0006
1034 1032 0.005
1032 1033 0.0006
1034 1033 0.0006
1032 1034 0.005
1033 1034 0.0006
1035 1034 0.0038
1034 1035 0.0038
1057 1035 0.0038
1038 1037 0.0013
1040 1037 0.0013
1037 1038 0.0013
1040 1038 0.0013
1037 1040 0.0013
1038 1040 0.0013
994 1042 0.0006
1043 1042 0.0025
1045 1042 0.0013
1042 1043 0.0025
1044 1043 0.0044
1161 1043 0.005
1162 1043 0.0069
1043 1044 0.0044
1045 1044 0.0025
1048 1044 0.0038
1042 1045 0.0013
1044 1045 0.0025
1046 1045 0.0006
1045 1046 0.0006
1048 1046 0.0006
1044 1048 0.0038
1046 1048 0.0006
1168 1048 0.0025
1035 1057 0.0038
1059 1057 0.0038
1020 1059 0.0038
1057 1059 0.0038
1069 1068 0.0031
1070 1068 0.0031
1068 1069 0.0031
1082 1069 0.0031
1068 1070 0.0031
1072 1070 0.0013
1074 1070 0.005
1070 1072 0.0013
1074 1072 0.0013
1070 1074 0.005
1072 1074 0.0013
1076 1074 0.0031
1074 1076 0.0031
1080 1076 0.0031
1076 1080 0.0031
1082 1080 0.0031
1069 1082 0.0031
1080 1082 0.0031
927 1101 0.0019
930 1101 0.0031
1102 1101 0.0031
1101 1102 0.0031
1103 1102 0.0019
1104 1102 0.0006
596 1103 0.0013
930 1103 0.0038
1102 1103 0.0019
1102 1104 0.0006
1105 1104 0.0006
1104 1105 0.0006
1106 1105 0.0031
1111 1105 0.0044
639 1106 0.0019
1105 1106 0.0031
1108 1106 0.0056
1106 1108 0.0056
1110 1108 0.0056
668 1110 0.0056
1108 1110 0.0056
1130 1110 0.0031
924 1111 0.0044
1105 1111 0.0044
923 1113 0.0019
1114 1113 0.0031
1121 1113 0.0056
1113 1114 0.0031
1115 1114 0.0031
1114 1115 0.0031
1116 1115 0.005
1131 1115 0.0013
1115 1116 0.005
1117 1116 0.0006
1127 1116 0.0063
1116 1117 0.0006
1126 1117 0.0006
1113 1121 0.0056
1123 1121 0.005
911 1122 0.0013
1345 1122 0.0019
1121 1123 0.005
1124 1123 0.0031
1127 1123 0.0088
1123 1124 0.0031
1125 1124 0.005
1360 1124 0.0013
1124 1125 0.005
1137 1125 0.0056
1117 1126 0.0006
1127 1126 0.0044
1136 1126 0.0038
1116 1127 0.0063
1123 1127 0.0088
1126 1127 0.0044
1110 1130 0.0031
1131 1130 0.0044
1133 1130 0.0044
1115 1131 0.0013
1130 1131 0.0044
1132 1131 0.0025
1131 1132 0.0025
1135 1132 0.005
1181 1132 0.0019
1130 1133 0.0044
1135 1133 0.0044
1132 1135 0.005
1133 1135 0.0044
1149 1135 0.0038
1126 1136 0.0038
1137 1136 0.0063
1139 1136 0.0019
1125 1137 0.0056
1136 1137 0.0063
1138 1137 0.0038
1137 1138 0.0038
1139 1138 0.0031
1361 1138 0.0025
1136 1139 0.0019
1138 1139 0.0031
1140 1139 0.0006
1139 1140 0.0006
1141 1140 0.0019
1148 1140 0.0006
1140 1141 0.0019
1142 1141 0.0013
1372 1141 0.0038
1141 1142 0.0013
1143 1142 0.0031
1374 1142 0.005
1142 1143 0.0031
1144 1143 0.0013
1147 1143 0.005
1143 1144 0.0013
1145 1144 0.0119
1182 1144 0.01
1144 1145 0.0119
1146 1145 0.0063
1176 1145 0.005
1145 1146 0.0063
1147 1146 0.0069
1148 1146 0.0025
1143 1147 0.005
1146 1147 0.0069
1148 1147 0.0013
1140 1148 0.0006
1146 1148 0.0025
1147 1148 0.0013
1135 1149 0.0038
1150 1149 0.0031
1149 1150 0.0031
1154 1150 0.0031
979 1152 0.0006
1153 1152 0.0044
1159 1152 0.0031
982 1153 0.0031
1152 1153 0.0044
1161 1153 0.0031
1150 1154 0.0031
1155 1154 0.0013
1156 1154 0.0063
1157 1154 0.0006
1154 1155 0.0013
1156 1155 0.0069
1158 1155 0.005
1154 1156 0.0063
1155 1156 0.0069
1157 1156 0.0075
1154 1157 0.0006
1156 1157 0.0075
1163 1157 0.0075
1190 1157 0.0056
1155 1158 0.005
1159 1158 0.0031
1163 1158 0.0013
1152 1159 0.0031
1158 1159 0.0031
1043 1161 0.005
1153 1161 0.0031
1162 1161 0.0013
1043 1162 0.0069
1161 1162 0.0013
1166 1162 0.005
1157 1163 0.0075
1158 1163 0.0013
1164 1163 0.0056
1163 1164 0.0056
1165 1164 0.0038
1204 1164 0.005
1164 1165 0.0038
1166 1165 0.0031
1205 1165 0.0025
1162 1166 0.005
1165 1166 0.0031
1167 1166 0.0038
1166 1167 0.0038
1168 1167 0.005
1170 1167 0.0038
1206 1167 0.0025
1048 1168 0.0025
1167 1168 0.005
1169 1168 0.0019
1168 1169 0.0019
1170 1169 0.0038
1172 1169 0.0013
1167 1170 0.0038
1169 1170 0.0038
1171 1170 0.0031
1170 1171 0.0031
1172 1171 0.0013
1207 1171 0.0013
1169 1172 0.0013
1171 1172 0.0013
1176 1174 0.0082
1181 1174 0.005
1182 1174 0.0019
1189 1174 0.005
1145 1176 0.005
1174 1176 0.0082
1177 1176 0.0025
1176 1177 0.0025
1179 1177 0.0025
1177 1179 0.0025
1181 1179 0.0025
1132 1181 0.0019
1174 1181 0.005
1179 1181 0.0025
1144 1182 0.01
1174 1182 0.0019
1183 1182 0.0075
1182 1183 0.0075
1184 1183 0.0044
1202 1183 0.0063
1183 1184 0.0044
1185 1184 0.005
1184 1185 0.005
1186 1185 0.0006
1187 1185 0.0063
1185 1186 0.0006
1187 1186 0.0075
1188 1186 0.0063
1185 1187 0.0063
1186 1187 0.0075
1192 1187 0.0044
1186 1188 0.0063
1189 1188 0.0056
1194 1188 0.005
1174 1189 0.005
1188 1189 0.0056
1157 1190 0.0056
1191 1190 0.0013
1194 1190 0.0075
1190 1191 0.0013
1192 1191 0.0063
1194 1191 0.0082
1187 1192 0.0044
1191 1192 0.0063
1195 1192 0.0031
1198 1192 0.0013
1188 1194 0.005
1190 1194 0.0075
1191 1194 0.0082
1192 1195 0.0031
1203 1195 0.0031
1192 1198 0.0013
1200 1198 0.0013
1198 1200 0.0013
1202 1200 0.0013
1183 1202 0.0063
1200 1202 0.0013
1299 1202 0.0044
1195 1203 0.0031
1204 1203 0.0056
1281 1203 0.0019
1164 1204 0.005
1203 1204 0.0056
1205 1204 0.0038
1165 1205 0.0025
1204 1205 0.0038
1206 1205 0.0031
1283 1205 0.0044
1167 1206 0.0025
1205 1206 0.0031
1207 1206 0.0038
1171 1207 0.0013
1206 1207 0.0038
1208 1207 0.0019
1207 1208 0.0019
1209 1208 0.0013
1208 1209 0.0013
1210 1209 0.0031
1258 1209 0.005
1209 1210 0.0031
1211 1210 0.0031
1231 1210 0.0069
1210 1211 0.0031
1220 1211 0.0031
1211 1220 0.0031
1221 1220 0.0013
1224 1220 0.005
1220 1221 0.0013
1225 1221 0.0013
1220 1224 0.005
1225 1224 0.0013
1227 1224 0.0031
1221 1225 0.0013
1224 1225 0.0013
1224 1227 0.0031
1228 1227 0.0019
1231 1227 0.0056
1227 1228 0.0019
1246 1228 0.0019
1210 1231 0.0069
1227 1231 0.0056
1245 1231 0.0056
1231 1245 0.0056
1246 1245 0.0019
1250 1245 0.0031
1228 1246 0.0019
1245 1246 0.0019
1245 1250 0.0031
1251 1250 0.0038
1250 1251 0.0038
1252 1251 0.0013
1255 1251 0.0056
1251 1252 0.0013
1254 1252 0.0006
1255 1252 0.0025
1252 1254 0.0006
1255 1254 0.0006
1251 1255 0.0056
1252 1255 0.0025
1254 1255 0.0006
1262 1255 0.0056
1273 1255 0.0013
1209 1258 0.005
1260 1258 0.005
1258 1260 0.005
1261 1260 0.0006
1263 1260 0.0063
1260 1261 0.0006
1262 1261 0.0013
1263 1261 0.0025
1255 1262 0.0056
1261 1262 0.0013
1263 1262 0.0075
1260 1263 0.0063
1261 1263 0.0025
1262 1263 0.0075
1265 1264 0.0013
1267 1264 0.0063
1273 1264 0.0044
1264 1265 0.0013
1271 1265 0.0013
1264 1267 0.0063
1268 1267 0.0038
1270 1267 0.0044
1267 1268 0.0038
1269 1268 0.0013
1274 1268 0.0044
1277 1268 0.0044
1268 1269 0.0013
1270 1269 0.0025
1277 1269 0.0044
1267 1270 0.0044
1269 1270 0.0025
1271 1270 0.0013
1265 1271 0.0013
1270 1271 0.0013
1255 1273 0.0013
1264 1273 0.0044
1274 1273 0.0025
1268 1274 0.0044
1273 1274 0.0025
1275 1274 0.0013
1274 1275 0.0013
1276 1275 0.0056
1309 1275 0.0038
1275 1276 0.0056
1277 1276 0.0031
1311 1276 0.0019
1268 1277 0.0044
1269 1277 0.0044
1276 1277 0.0031
1203 1281 0.0019
1298 1281 0.0013
1283 1282 0.0031
1290 1282 0.0025
1205 1283 0.0044
1282 1283 0.0031
1284 1283 0.0069
1283 1284 0.0069
1285 1284 0.0019
1289 1284 0.0082
1284 1285 0.0019
1286 1285 0.0013
1285 1286 0.0013
1287 1286 0.0013
1288 1286 0.0031
1286 1287 0.0013
1288 1287 0.0025
1291 1287 0.0006
1286 1288 0.0031
1287 1288 0.0025
1289 1288 0.0025
1284 1289 0.0082
1288 1289 0.0025
1290 1289 0.0075
1291 1289 0.0056
1282 1290 0.0025
1289 1290 0.0075
1292 1290 0.0044
1287 1291 0.0006
1289 1291 0.0056
1309 1291 0.0044
1290 1292 0.0044
1295 1292 0.0056
1298 1292 0.0038
1294 1293 0.0082
1309 1293 0.0075
1293 1294 0.0082
1295 1294 0.0063
1304 1294 0.0075
1292 1295 0.0056
1294 1295 0.0063
1296 1295 0.005
1295 1296 0.005
1298 1296 0.005
1281 1298 0.0013
1292 1298 0.0038
1296 1298 0.005
1302 1298 0.0025
1202 1299 0.0044
1300 1299 0.0063
1301 1299 0.0013
1299 1300 0.0063
1301 1300 0.0056
1396 1300 0.0088
1299 1301 0.0013
1300 1301 0.0056
1302 1301 0.0025
1305 1301 0.0069
1298 1302 0.0025
1301 1302 0.0025
1294 1304 0.0075
1305 1304 0.0075
1301 1305 0.0069
1304 1305 0.0075
1306 1305 0.0088
1305 1306 0.0088
1403 1306 0.0088
1275 1309 0.0038
1291 1309 0.0044
1293 1309 0.0075
1313 1309 0.0069
1276 1311 0.0019
1313 1311 0.0019
1309 1313 0.0069
1311 1313 0.0019
1314 1313 0.0044
1313 1314 0.0044
1422 1314 0.0044
888 1324 0.0013
904 1324 0.0031
1325 1324 0.0031
1327 1324 0.0063
1324 1325 0.0031
1326 1325 0.0038
1331 1325 0.0025
1325 1326 0.0038
1327 1326 0.0025
1330 1326 0.0019
1324 1327 0.0063
1326 1327 0.0025
1328 1327 0.0044
903 1328 0.0069
1327 1328 0.0044
1329 1328 0.0031
1328 1329 0.0031
1452 1329 0.0025
1326 1330 0.0019
1331 1330 0.0013
888 1331 0.0006
1325 1331 0.0025
1330 1331 0.0013
889 1333 0.0025
1340 1333 0.0025
560 1334 0.0019
1336 1334 0.005
1337 1334 0.0044
1338 1334 0.0025
874 1336 0.0044
889 1336 0.005
1334 1336 0.005
873 1337 0.005
1334 1337 0.0044
1334 1338 0.0025
1339 1338 0.0025
1338 1339 0.0025
1340 1339 0.0025
1333 1340 0.0025
1339 1340 0.0025
910 1345 0.0044
1122 1345 0.0019
1346 1345 0.0019
909 1346 0.0031
1345 1346 0.0019
1347 1346 0.0006
1346 1347 0.0006
1348 1347 0.0013
1349 1347 0.0063
1359 1347 0.0031
1347 1348 0.0013
1349 1348 0.0038
1358 1348 0.0019
1347 1349 0.0063
1348 1349 0.0038
1350 1349 0.0019
1349 1350 0.0019
1351 1350 0.0044
1357 1350 0.0019
1350 1351 0.0044
1352 1351 0.0019
1366 1351 0.0019
1351 1352 0.0019
1353 1352 0.0006
1357 1352 0.0031
1352 1353 0.0006
1354 1353 0.0006
1356 1353 0.0019
1353 1354 0.0006
1355 1354 0.0025
1356 1354 0.0038
908 1355 0.0038
1354 1355 0.0025
1456 1355 0.0031
1470 1355 0.0019
907 1356 0.0038
1353 1356 0.0019
1354 1356 0.0038
907 1357 0.0006
1350 1357 0.0019
1352 1357 0.0031
905 1358 0.0025
906 1358 0.0025
1348 1358 0.0019
1347 1359 0.0031
1360 1359 0.0019
1366 1359 0.0056
1124 1360 0.0013
1359 1360 0.0019
1138 1361 0.0025
1362 1361 0.0006
1363 1361 0.0044
1361 1362 0.0006
1363 1362 0.0025
1366 1362 0.0038
1361 1363 0.0044
1362 1363 0.0025
1364 1363 0.0075
1363 1364 0.0075
1365 1364 0.0075
1367 1364 0.0019
1364 1365 0.0075
1366 1365 0.0075
1458 1365 0.0019
1351 1366 0.0019
1359 1366 0.0056
1362 1366 0.0038
1365 1366 0.0075
1364 1367 0.0019
1368 1367 0.0013
1370 1367 0.0038
1367 1368 0.0013
1371 1368 0.0013
1367 1370 0.0038
1371 1370 0.0038
1377 1370 0.0075
1378 1370 0.0025
1368 1371 0.0013
1370 1371 0.0038
1372 1371 0.0019
1141 1372 0.0038
1371 1372 0.0019
1373 1372 0.0019
1377 1372 0.0088
1372 1373 0.0019
1374 1373 0.0013
1376 1373 0.0038
1142 1374 0.005
1373 1374 0.0013
1375 1374 0.0069
1374 1375 0.0069
1376 1375 0.0056
1389 1375 0.0056
1373 1376 0.0038
1375 1376 0.0056
1383 1376 0.0063
1370 1377 0.0075
1372 1377 0.0088
1383 1377 0.0094
1370 1378 0.0025
1379 1378 0.0075
1381 1378 0.0044
1378 1379 0.0075
1380 1379 0.0013
1388 1379 0.0056
1379 1380 0.0013
1381 1380 0.0056
1417 1380 0.0038
1378 1381 0.0044
1380 1381 0.0056
1459 1381 0.0019
1471 1381 0.0031
1376 1383 0.0063
1377 1383 0.0094
1384 1383 0.005
1383 1384 0.005
1386 1384 0.005
1384 1386 0.005
1388 1386 0.005
1379 1388 0.0056
1386 1388 0.005
1402 1388 0.0025
1375 1389 0.0056
1390 1389 0.0069
1397 1389 0.0006
1389 1390 0.0069
1391 1390 0.0038
1396 1390 0.0088
1390 1391 0.0038
1392 1391 0.0019
1394 1391 0.0038
1391 1392 0.0019
1393 1392 0.0006
1397 1392 0.0006
1392 1393 0.0006
1394 1393 0.0025
1400 1393 0.005
1402 1393 0.0031
1391 1394 0.0038
1393 1394 0.0025
1395 1394 0.0044
1394 1395 0.0044
1396 1395 0.0082
1400 1395 0.0069
1300 1396 0.0088
1390 1396 0.0088
1395 1396 0.0082
1389 1397 0.0006
1392 1397 0.0006
1393 1400 0.005
1395 1400 0.0069
1401 1400 0.0063
1400 1401 0.0063
1413 1401 0.0056
1388 1402 0.0025
1393 1402 0.0031
1306 1403 0.0088
1405 1403 0.0088
1403 1405 0.0088
1407 1405 0.0088
1405 1407 0.0088
1408 1407 0.0013
1409 1407 0.0107
1407 1408 0.0013
1409 1408 0.0019
1407 1409 0.0107
1408 1409 0.0019
1411 1409 0.0082
1409 1411 0.0082
1412 1411 0.0013
1419 1411 0.0063
1411 1412 0.0013
1414 1412 0.0019
1401 1413 0.0056
1414 1413 0.0019
1416 1413 0.0031
1412 1414 0.0019
1413 1414 0.0019
1413 1416 0.0031
1417 1416 0.005
1418 1416 0.0013
1380 1417 0.0038
1416 1417 0.005
1472 1417 0.0044
1481 1417 0.0056
1416 1418 0.0013
1481 1418 0.0013
1411 1419 0.0063
1420 1419 0.0119
1444 1419 0.0088
1419 1420 0.0119
1422 1420 0.0119
1314 1422 0.0044
1420 1422 0.0119
1423 1422 0.0069
1422 1423 0.0069
1425 1423 0.0069
1423 1425 0.0069
1426 1425 0.0044
1427 1425 0.0019
1425 1426 0.0044
1448 1426 0.0069
1450 1426 0.0019
1425 1427 0.0019
1429 1427 0.0019
1427 1429 0.0019
1450 1429 0.0019
1419 1444 0.0088
1445 1444 0.0013
1448 1444 0.0069
1444 1445 0.0013
1447 1445 0.0013
1445 1447 0.0013
1493 1447 0.0013
1426 1448 0.0069
1444 1448 0.0069
1426 1450 0.0019
1429 1450 0.0019
1329 1452 0.0025
1453 1452 0.0031
1455 1452 0.0025
903 1453 0.0013
1452 1453 0.0031
1454 1453 0.0013
906 1454 0.0031
1453 1454 0.0013
1455 1454 0.005
908 1455 0.0019
1452 1455 0.0025
1454 1455 0.005
1355 1456 0.0031
1457 1456 0.0019
1469 1456 0.0031
1456 1457 0.0019
1458 1457 0.0006
1466 1457 0.0006
1365 1458 0.0019
1457 1458 0.0006
1459 1458 0.0006
1381 1459 0.0019
1458 1459 0.0006
1460 1459 0.0006
1459 1460 0.0006
1461 1460 0.0006
1462 1460 0.0006
1471 1460 0.0006
1460 1461 0.0006
1462 1461 0.0013
1466 1461 0.0025
1460 1462 0.0006
1461 1462 0.0013
1463 1462 0.0025
1462 1463 0.0025
1464 1463 0.0044
1466 1463 0.0075
1463 1464 0.0044
1473 1464 0.0044
1457 1466 0.0006
1461 1466 0.0025
1463 1466 0.0075
1467 1466 0.0056
1466 1467 0.0056
1468 1467 0.0056
1469 1467 0.0019
1467 1468 0.0056
1470 1468 0.0006
1515 1468 0.0044
1456 1469 0.0031
1467 1469 0.0019
1470 1469 0.0031
1355 1470 0.0019
1468 1470 0.0006
1469 1470 0.0031
1381 1471 0.0031
1460 1471 0.0006
1472 1471 0.0019
1417 1472 0.0044
1471 1472 0.0019
1474 1472 0.0013
1482 1472 0.0038
1464 1473 0.0044
1474 1473 0.0019
1476 1473 0.0069
1472 1474 0.0013
1473 1474 0.0019
1475 1474 0.0038
1474 1475 0.0038
1476 1475 0.0019
1497 1475 0.0013
1473 1476 0.0069
1475 1476 0.0019
1477 1476 0.0044
1476 1477 0.0044
1515 1477 0.0044
1417 1481 0.0056
1418 1481 0.0013
1483 1481 0.0038
1472 1482 0.0038
1483 1482 0.0031
1484 1482 0.0025
1485 1482 0.0013
1497 1482 0.0013
1481 1483 0.0038
1482 1483 0.0031
1484 1483 0.0025
1482 1484 0.0025
1483 1484 0.0025
1485 1484 0.005
1486 1484 0.0013
1482 1485 0.0013
1484 1485 0.005
1487 1485 0.0031
1484 1486 0.0013
1487 1486 0.0031
1489 1486 0.0013
1485 1487 0.0031
1486 1487 0.0031
1488 1487 0.0031
1487 1488 0.0031
1489 1488 0.0025
1494 1488 0.0025
1486 1489 0.0013
1488 1489 0.0025
1493 1489 0.0006
1447 1493 0.0013
1489 1493 0.0006
1494 1493 0.0044
1495 1493 0.0013
1488 1494 0.0025
1493 1494 0.0044
1495 1494 0.0013
1493 1495 0.0013
1494 1495 0.0013
1475 1497 0.0013
1482 1497 0.0013
1512 1499 0.0013
1513 1499 0.0013
1499 1512 0.0013
1513 1512 0.0013
1499 1513 0.0013
1512 1513 0.0013
1468 1515 0.0044
1477 1515 0.0044
