4 1 0.0007
5 1 0.0014
6 1 0.0014
84 1 0.0076
86 1 0.0007
439 2 0.0014
454 2 0.0021
1 4 0.0007
461 4 0.0021
463 4 0.0034
1 5 0.0014
405 5 0.0034
462 5 0.0055
1 6 0.0014
9 6 0.0014
30 7 0.0014
34 7 0.0007
86 8 0.0021
87 8 0.0014
6 9 0.0014
11 9 0.0014
9 11 0.0014
12 11 0.0034
13 11 0.0014
20 11 0.0034
11 12 0.0034
13 12 0.0021
16 12 0.0021
11 13 0.0014
12 13 0.0021
15 14 0.0027
19 14 0.0021
14 15 0.0027
17 15 0.0055
23 15 0.0076
12 16 0.0021
17 16 0.0041
18 16 0.0021
15 17 0.0055
16 17 0.0041
18 17 0.0048
16 18 0.0021
17 18 0.0048
326 18 0.0034
14 19 0.0021
20 19 0.0041
22 19 0.0069
11 20 0.0034
19 20 0.0041
21 20 0.0041
20 21 0.0041
22 21 0.0034
29 21 0.0027
36 21 0.0034
19 22 0.0069
21 22 0.0034
23 22 0.0055
15 23 0.0076
22 23 0.0055
24 23 0.0014
287 23 0.0034
23 24 0.0014
26 24 0.0014
24 26 0.0014
27 26 0.0027
29 26 0.0034
26 27 0.0027
28 27 0.0021
27 28 0.0021
29 28 0.0041
47 28 0.0034
50 28 0.0014
21 29 0.0027
26 29 0.0034
28 29 0.0041
7 30 0.0014
31 30 0.0027
35 30 0.0034
30 31 0.0027
32 31 0.0014
34 31 0.0027
35 31 0.0014
31 32 0.0014
34 32 0.0014
7 34 0.0007
31 34 0.0027
32 34 0.0014
30 35 0.0034
31 35 0.0014
36 35 0.0027
37 35 0.0021
21 36 0.0034
35 36 0.0027
37 36 0.0021
38 36 0.0055
35 37 0.0021
36 37 0.0021
36 38 0.0055
39 38 0.0021
42 38 0.0034
55 38 0.0082
38 39 0.0021
40 39 0.0014
56 39 0.0041
39 40 0.0014
41 40 0.0014
56 40 0.0034
40 41 0.0014
57 41 0.0007
38 42 0.0034
46 42 0.0034
42 46 0.0034
47 46 0.0041
58 46 0.0041
28 47 0.0034
46 47 0.0041
59 47 0.0041
28 50 0.0014
60 50 0.0034
61 50 0.0021
52 51 0.0007
69 51 0.0014
51 52 0.0007
53 52 0.0021
72 52 0.0034
52 53 0.0021
75 53 0.0048
77 53 0.0021
38 55 0.0082
57 55 0.0069
58 55 0.0021
39 56 0.0041
40 56 0.0034
57 56 0.0041
41 57 0.0007
55 57 0.0069
56 57 0.0041
65 57 0.0048
46 58 0.0041
55 58 0.0021
59 58 0.0027
47 59 0.0041
58 59 0.0027
60 59 0.0021
50 60 0.0034
59 60 0.0021
61 60 0.0034
63 60 0.0021
50 61 0.0021
60 61 0.0034
62 61 0.0021
61 62 0.0021
63 62 0.0027
67 62 0.0021
91 62 0.0027
60 63 0.0021
62 63 0.0027
65 63 0.0034
66 63 0.0014
57 65 0.0048
63 65 0.0034
66 65 0.0076
63 66 0.0014
65 66 0.0076
90 66 0.0048
62 67 0.0021
68 67 0.0014
91 67 0.0027
67 68 0.0014
69 68 0.0021
70 68 0.0034
92 68 0.0027
93 68 0.0034
51 69 0.0014
68 69 0.0021
70 69 0.0027
71 69 0.0021
68 70 0.0034
69 70 0.0027
71 70 0.0027
69 71 0.0021
70 71 0.0027
72 71 0.0027
74 71 0.0034
52 72 0.0034
71 72 0.0027
73 72 0.0041
72 73 0.0041
74 73 0.0034
75 73 0.0041
71 74 0.0034
73 74 0.0034
79 74 0.0048
98 74 0.0007
53 75 0.0048
73 75 0.0041
76 75 0.0041
75 76 0.0041
77 76 0.0027
104 76 0.0021
53 77 0.0021
76 77 0.0027
113 77 0.0027
114 77 0.0021
74 79 0.0048
80 79 0.0048
79 80 0.0048
81 80 0.0014
97 80 0.0027
80 81 0.0014
82 81 0.0034
84 81 0.0014
81 82 0.0034
83 82 0.0034
95 82 0.0034
82 83 0.0034
84 83 0.0089
87 83 0.0089
88 83 0.0034
1 84 0.0076
81 84 0.0014
83 84 0.0089
85 84 0.0041
84 85 0.0041
86 85 0.0034
87 85 0.0034
1 86 0.0007
8 86 0.0021
85 86 0.0034
8 87 0.0014
83 87 0.0089
85 87 0.0034
88 87 0.0021
89 87 0.0021
90 87 0.0069
83 88 0.0034
87 88 0.0021
94 88 0.0021
87 89 0.0021
90 89 0.0014
66 90 0.0048
87 90 0.0069
89 90 0.0014
62 91 0.0027
67 91 0.0027
92 91 0.0014
68 92 0.0027
91 92 0.0014
93 92 0.0027
94 92 0.0014
68 93 0.0034
92 93 0.0027
95 93 0.0027
88 94 0.0021
92 94 0.0014
95 94 0.0027
82 95 0.0034
93 95 0.0027
94 95 0.0027
80 97 0.0027
98 97 0.0007
100 97 0.0014
74 98 0.0007
97 98 0.0007
97 100 0.0014
101 100 0.0014
102 100 0.0034
100 101 0.0014
102 101 0.0034
104 101 0.0014
100 102 0.0034
101 102 0.0034
76 104 0.0021
101 104 0.0014
105 104 0.0007
113 104 0.0014
104 105 0.0007
106 105 0.0014
122 105 0.0027
105 106 0.0014
107 106 0.0014
121 106 0.0034
122 106 0.0034
106 107 0.0014
108 107 0.0007
121 107 0.0027
107 108 0.0007
109 108 0.0014
121 108 0.0027
108 109 0.0014
110 109 0.0021
125 109 0.0041
109 110 0.0021
111 110 0.0014
128 110 0.0041
110 111 0.0014
112 111 0.0034
126 111 0.0055
111 112 0.0034
127 112 0.0014
132 112 0.0014
77 113 0.0027
104 113 0.0014
120 113 0.0041
122 113 0.0027
77 114 0.0021
115 114 0.0034
117 114 0.0007
114 115 0.0034
117 115 0.0014
120 115 0.0027
114 117 0.0007
115 117 0.0014
118 117 0.0055
184 117 0.0048
117 118 0.0055
148 118 0.0055
113 120 0.0041
115 120 0.0027
121 120 0.0021
106 121 0.0034
107 121 0.0027
108 121 0.0027
120 121 0.0021
124 121 0.0021
105 122 0.0027
106 122 0.0034
113 122 0.0027
121 124 0.0021
125 124 0.0034
147 124 0.0007
109 125 0.0041
124 125 0.0034
128 125 0.0027
147 125 0.0007
111 126 0.0055
127 126 0.0041
128 126 0.0021
112 127 0.0014
126 127 0.0041
129 127 0.0021
110 128 0.0041
125 128 0.0027
126 128 0.0021
127 129 0.0021
130 129 0.0034
142 129 0.0007
143 129 0.0062
129 130 0.0034
131 130 0.0048
151 130 0.0027
152 130 0.0027
130 131 0.0048
144 131 0.0027
153 131 0.0014
112 132 0.0014
133 132 0.0027
141 132 0.0048
132 133 0.0027
134 133 0.0041
161 133 0.0048
133 134 0.0041
135 134 0.0007
163 134 0.0027
134 135 0.0007
136 135 0.0027
168 135 0.0041
135 136 0.0027
137 136 0.0027
136 137 0.0027
138 137 0.0014
171 137 0.0048
137 138 0.0014
782 138 0.0021
785 138 0.0041
132 141 0.0048
142 141 0.0034
145 141 0.0048
129 142 0.0007
141 142 0.0034
143 142 0.0048
129 143 0.0062
142 143 0.0048
144 143 0.0048
131 144 0.0027
143 144 0.0048
145 144 0.0034
155 144 0.0014
141 145 0.0048
144 145 0.0034
160 145 0.0048
124 147 0.0007
125 147 0.0007
118 148 0.0055
149 148 0.0021
185 148 0.0027
148 149 0.0021
150 149 0.0041
177 149 0.0014
149 150 0.0041
151 150 0.0007
177 150 0.0041
130 151 0.0027
150 151 0.0007
152 151 0.0014
130 152 0.0027
151 152 0.0014
153 152 0.0007
131 153 0.0014
152 153 0.0007
186 154 0.0041
206 154 0.0021
207 154 0.0048
230 154 0.0076
144 155 0.0014
156 155 0.0014
155 156 0.0014
157 156 0.0014
156 157 0.0014
158 157 0.0034
159 157 0.0014
157 158 0.0034
159 158 0.0034
160 158 0.0034
168 158 0.0027
157 159 0.0014
158 159 0.0034
172 159 0.0027
194 159 0.0007
145 160 0.0048
158 160 0.0034
161 160 0.0021
133 161 0.0048
160 161 0.0021
162 161 0.0034
161 162 0.0034
163 162 0.0027
134 163 0.0027
162 163 0.0027
135 168 0.0041
158 168 0.0027
169 168 0.0048
168 169 0.0048
170 169 0.0034
171 169 0.0048
169 170 0.0034
171 170 0.0034
173 170 0.0034
137 171 0.0048
169 171 0.0048
170 171 0.0034
159 172 0.0027
173 172 0.0014
174 172 0.0048
170 173 0.0034
172 173 0.0014
174 173 0.0055
172 174 0.0048
173 174 0.0055
264 174 0.0027
149 177 0.0014
150 177 0.0041
178 177 0.0034
203 177 0.0021
177 178 0.0034
179 178 0.0021
185 178 0.0021
178 179 0.0021
180 179 0.0014
179 180 0.0014
181 180 0.0027
183 180 0.0007
214 180 0.0034
180 181 0.0027
183 181 0.0007
215 181 0.0034
274 181 0.0014
180 183 0.0007
181 183 0.0007
117 184 0.0048
185 184 0.0055
148 185 0.0027
178 185 0.0021
184 185 0.0055
154 186 0.0041
187 186 0.0021
240 186 0.0069
186 187 0.0021
188 187 0.0021
193 187 0.0048
187 188 0.0021
189 188 0.0041
195 188 0.0014
188 189 0.0041
190 189 0.0062
196 189 0.0014
189 190 0.0062
191 190 0.0048
197 190 0.0062
190 191 0.0048
192 191 0.0062
198 191 0.0055
191 192 0.0062
193 192 0.0041
250 192 0.0014
187 193 0.0048
192 193 0.0041
159 194 0.0007
195 194 0.0007
188 195 0.0014
194 195 0.0007
196 195 0.0027
189 196 0.0014
195 196 0.0027
197 196 0.0048
190 197 0.0062
196 197 0.0048
198 197 0.0041
201 197 0.0027
191 198 0.0055
197 198 0.0041
249 198 0.0048
197 201 0.0027
202 201 0.0027
254 201 0.0034
201 202 0.0027
254 202 0.0027
256 202 0.0021
177 203 0.0021
204 203 0.0021
211 203 0.0034
203 204 0.0021
205 204 0.0021
211 204 0.0034
204 205 0.0021
206 205 0.0027
209 205 0.0041
154 206 0.0021
205 206 0.0027
207 206 0.0041
154 207 0.0048
206 207 0.0041
208 207 0.0062
207 208 0.0062
209 208 0.0041
227 208 0.0041
205 209 0.0041
208 209 0.0041
210 209 0.0027
209 210 0.0027
211 210 0.0034
212 210 0.0048
222 210 0.0014
203 211 0.0034
204 211 0.0034
210 211 0.0034
210 212 0.0048
213 212 0.0041
222 212 0.0055
212 213 0.0041
214 213 0.0041
180 214 0.0034
213 214 0.0041
215 214 0.0041
181 215 0.0034
214 215 0.0041
216 215 0.0027
278 215 0.0021
215 216 0.0027
217 216 0.0048
280 216 0.0027
216 217 0.0048
220 217 0.0041
221 217 0.0041
217 220 0.0041
221 220 0.0034
222 220 0.0034
223 220 0.0027
217 221 0.0041
220 221 0.0034
291 221 0.0041
210 222 0.0014
212 222 0.0055
220 222 0.0034
220 223 0.0027
224 223 0.0027
296 223 0.0034
223 224 0.0027
225 224 0.0041
296 224 0.0048
224 225 0.0041
226 225 0.0021
368 225 0.0041
225 226 0.0021
227 226 0.0041
229 226 0.0041
208 227 0.0041
226 227 0.0041
226 229 0.0041
230 229 0.0076
232 229 0.0055
154 230 0.0076
229 230 0.0076
229 232 0.0055
233 232 0.0048
719 232 0.0014
232 233 0.0048
234 233 0.0048
233 234 0.0048
235 234 0.0076
237 234 0.0021
234 235 0.0076
236 235 0.0034
238 235 0.0048
235 236 0.0034
237 236 0.0027
234 237 0.0021
236 237 0.0027
725 237 0.0027
730 237 0.0021
235 238 0.0048
239 238 0.0089
245 238 0.0021
246 238 0.0021
238 239 0.0089
240 239 0.0069
245 239 0.0014
186 240 0.0069
239 240 0.0069
238 245 0.0021
239 245 0.0014
238 246 0.0021
247 246 0.0034
250 246 0.0007
246 247 0.0034
248 247 0.0014
249 247 0.0055
247 248 0.0014
249 248 0.0034
252 248 0.0014
796 248 0.0021
198 249 0.0048
247 249 0.0055
248 249 0.0034
254 249 0.0027
192 250 0.0014
246 250 0.0007
252 251 0.0041
748 251 0.0034
248 252 0.0014
251 252 0.0041
253 252 0.0014
255 252 0.0069
252 253 0.0014
255 253 0.0027
267 253 0.0007
201 254 0.0034
202 254 0.0027
249 254 0.0027
252 255 0.0069
253 255 0.0027
266 255 0.0062
202 256 0.0021
257 256 0.0048
259 256 0.0021
256 257 0.0048
258 257 0.0041
794 257 0.0014
257 258 0.0041
259 258 0.0034
260 258 0.0027
256 259 0.0021
258 259 0.0034
260 259 0.0007
258 260 0.0027
259 260 0.0007
261 260 0.0034
262 260 0.0014
260 261 0.0034
262 261 0.0089
263 261 0.0076
260 262 0.0014
261 262 0.0089
792 262 0.0069
261 263 0.0076
264 263 0.0027
787 263 0.0034
174 264 0.0027
263 264 0.0027
255 266 0.0062
267 266 0.0027
268 266 0.0069
253 267 0.0007
266 267 0.0027
268 267 0.0014
266 268 0.0069
267 268 0.0014
269 268 0.0055
808 268 0.0027
268 269 0.0055
758 269 0.0055
274 273 0.0021
276 273 0.0014
181 274 0.0014
273 274 0.0021
275 274 0.0041
274 275 0.0041
276 275 0.0041
278 275 0.0048
273 276 0.0014
275 276 0.0041
277 276 0.0021
276 277 0.0021
278 277 0.0021
215 278 0.0021
275 278 0.0048
277 278 0.0021
216 280 0.0027
281 280 0.0055
289 280 0.0021
280 281 0.0055
282 281 0.0055
291 281 0.0048
281 282 0.0055
283 282 0.0062
323 282 0.0055
282 283 0.0062
284 283 0.0048
315 283 0.0021
316 283 0.0027
323 283 0.0014
283 284 0.0048
285 284 0.0048
288 284 0.0062
284 285 0.0048
286 285 0.0027
316 285 0.0014
285 286 0.0027
287 286 0.0062
324 286 0.0027
23 287 0.0034
286 287 0.0062
288 287 0.0034
284 288 0.0062
287 288 0.0034
289 288 0.0021
280 289 0.0021
288 289 0.0021
221 291 0.0041
281 291 0.0048
292 291 0.0041
291 292 0.0041
293 292 0.0048
295 292 0.0041
292 293 0.0048
294 293 0.0055
301 293 0.0055
293 294 0.0055
295 294 0.0055
357 294 0.0062
292 295 0.0041
294 295 0.0055
296 295 0.0048
223 296 0.0034
224 296 0.0048
295 296 0.0048
298 297 0.0069
303 297 0.0048
323 297 0.0027
297 298 0.0069
299 298 0.0062
298 299 0.0062
300 299 0.0062
299 300 0.0062
301 300 0.0055
380 300 0.0069
293 301 0.0055
300 301 0.0055
297 303 0.0048
304 303 0.0048
303 304 0.0048
305 304 0.0062
322 304 0.0007
304 305 0.0062
306 305 0.0041
322 305 0.0014
305 306 0.0041
307 306 0.0041
306 307 0.0041
308 307 0.0048
307 308 0.0048
309 308 0.0062
311 308 0.0034
308 309 0.0062
310 309 0.0062
376 309 0.0076
309 310 0.0062
311 310 0.0041
329 310 0.0014
308 311 0.0034
310 311 0.0041
312 311 0.0027
311 312 0.0027
313 312 0.0027
339 312 0.0034
312 313 0.0027
314 313 0.0041
317 313 0.0021
313 314 0.0041
317 314 0.0014
324 314 0.0014
283 315 0.0021
316 315 0.0007
283 316 0.0027
285 316 0.0014
315 316 0.0007
313 317 0.0021
314 317 0.0014
304 322 0.0007
305 322 0.0014
282 323 0.0055
283 323 0.0014
297 323 0.0027
286 324 0.0027
314 324 0.0014
325 324 0.0034
418 324 0.0021
324 325 0.0034
326 325 0.0034
18 326 0.0034
325 326 0.0034
310 329 0.0014
330 329 0.0034
331 329 0.0055
337 329 0.0076
329 330 0.0034
331 330 0.0014
338 330 0.0014
329 331 0.0055
330 331 0.0014
332 331 0.0062
346 331 0.0021
331 332 0.0062
333 332 0.0076
343 332 0.0021
332 333 0.0076
334 333 0.0069
341 333 0.0048
343 333 0.0014
333 334 0.0069
335 334 0.0021
354 334 0.0041
334 335 0.0021
337 335 0.0021
329 337 0.0076
335 337 0.0021
377 337 0.0048
330 338 0.0014
339 338 0.0048
422 338 0.0027
312 339 0.0034
338 339 0.0048
418 339 0.0048
333 341 0.0048
347 341 0.0021
350 341 0.0076
332 343 0.0021
333 343 0.0014
346 344 0.0055
347 344 0.0021
514 344 0.0034
331 346 0.0021
344 346 0.0055
435 346 0.0027
341 347 0.0021
344 347 0.0021
348 347 0.0048
347 348 0.0048
349 348 0.0041
348 349 0.0041
350 349 0.0041
341 350 0.0076
349 350 0.0041
351 350 0.0027
350 351 0.0027
352 351 0.0014
354 351 0.0048
351 352 0.0014
354 352 0.0027
385 352 0.0007
334 354 0.0041
351 354 0.0048
352 354 0.0027
294 357 0.0062
358 357 0.0034
372 357 0.0034
384 357 0.0062
357 358 0.0034
359 358 0.0021
383 358 0.0027
384 358 0.0014
358 359 0.0021
387 359 0.0041
390 359 0.0027
361 360 0.0027
373 360 0.0041
390 360 0.0021
360 361 0.0027
362 361 0.0007
374 361 0.0034
361 362 0.0007
363 362 0.0027
683 362 0.0027
715 362 0.0007
362 363 0.0027
687 363 0.0034
702 363 0.0041
705 363 0.0034
365 364 0.0014
372 364 0.0021
364 365 0.0014
366 365 0.0027
372 365 0.0048
365 366 0.0027
367 366 0.0041
718 366 0.0007
366 367 0.0041
368 367 0.0041
225 368 0.0041
367 368 0.0041
357 372 0.0034
364 372 0.0021
365 372 0.0048
360 373 0.0041
374 373 0.0048
391 373 0.0041
361 374 0.0034
373 374 0.0048
402 374 0.0034
309 376 0.0076
377 376 0.0055
378 376 0.0055
337 377 0.0048
376 377 0.0055
378 377 0.0027
376 378 0.0055
377 378 0.0027
379 378 0.0048
378 379 0.0048
380 379 0.0069
382 379 0.0021
384 379 0.0041
300 380 0.0069
379 380 0.0069
379 382 0.0021
383 382 0.0034
386 382 0.0034
358 383 0.0027
382 383 0.0034
387 383 0.0041
357 384 0.0062
358 384 0.0014
379 384 0.0041
352 385 0.0007
386 385 0.0034
397 385 0.0021
382 386 0.0034
385 386 0.0034
387 386 0.0048
359 387 0.0041
383 387 0.0041
386 387 0.0048
359 390 0.0027
360 390 0.0021
391 390 0.0041
373 391 0.0041
390 391 0.0041
392 391 0.0048
391 392 0.0048
393 392 0.0048
392 393 0.0048
394 393 0.0048
403 393 0.0048
393 394 0.0048
395 394 0.0048
394 395 0.0048
396 395 0.0048
395 396 0.0048
397 396 0.0021
680 396 0.0021
385 397 0.0021
396 397 0.0021
374 402 0.0034
403 402 0.0041
683 402 0.0027
393 403 0.0048
402 403 0.0041
680 403 0.0041
5 405 0.0034
406 405 0.0014
451 405 0.0055
405 406 0.0014
407 406 0.0014
410 406 0.0034
451 406 0.0034
406 407 0.0014
408 407 0.0014
407 408 0.0014
409 408 0.0021
408 409 0.0021
410 409 0.0027
416 409 0.0014
406 410 0.0034
409 410 0.0027
413 410 0.0027
466 410 0.0034
410 413 0.0027
414 413 0.0034
419 413 0.0041
413 414 0.0034
415 414 0.0041
420 414 0.0041
422 414 0.0048
414 415 0.0041
416 415 0.0027
417 415 0.0048
409 416 0.0014
415 416 0.0027
417 416 0.0021
415 417 0.0048
416 417 0.0021
418 417 0.0034
324 418 0.0021
339 418 0.0048
417 418 0.0034
413 419 0.0041
420 419 0.0027
427 419 0.0021
445 419 0.0034
414 420 0.0041
419 420 0.0027
421 420 0.0021
420 421 0.0021
422 421 0.0014
338 422 0.0027
414 422 0.0048
421 422 0.0014
424 423 0.0027
425 423 0.0048
426 423 0.0021
430 423 0.0041
423 424 0.0027
425 424 0.0055
426 424 0.0034
471 424 0.0062
423 425 0.0048
424 425 0.0055
431 425 0.0034
433 425 0.0041
423 426 0.0021
424 426 0.0034
479 426 0.0027
481 426 0.0014
419 427 0.0021
428 427 0.0055
431 427 0.0041
427 428 0.0055
429 428 0.0041
444 428 0.0021
428 429 0.0041
430 429 0.0041
436 429 0.0034
442 429 0.0021
423 430 0.0041
429 430 0.0041
443 430 0.0007
425 431 0.0034
427 431 0.0041
425 433 0.0041
434 433 0.0062
467 433 0.0014
433 434 0.0062
435 434 0.0055
468 434 0.0055
346 435 0.0027
434 435 0.0055
469 435 0.0021
429 436 0.0034
437 436 0.0048
453 436 0.0021
436 437 0.0048
438 437 0.0034
441 437 0.0048
437 438 0.0034
439 438 0.0034
440 438 0.0034
2 439 0.0014
438 439 0.0034
440 439 0.0014
455 439 0.0034
438 440 0.0034
439 440 0.0014
441 440 0.0014
437 441 0.0048
440 441 0.0014
442 441 0.0027
429 442 0.0021
441 442 0.0027
430 443 0.0007
481 443 0.0034
495 443 0.0027
428 444 0.0021
445 444 0.0027
419 445 0.0034
444 445 0.0027
465 445 0.0027
447 446 0.0062
448 446 0.0014
465 446 0.0048
446 447 0.0062
448 447 0.0014
450 447 0.0021
466 447 0.0014
446 448 0.0014
447 448 0.0014
447 450 0.0021
451 450 0.0034
452 450 0.0021
405 451 0.0055
406 451 0.0034
450 451 0.0034
452 451 0.0055
450 452 0.0021
451 452 0.0055
453 452 0.0021
462 452 0.0014
436 453 0.0021
452 453 0.0021
460 453 0.0034
2 454 0.0021
455 454 0.0062
458 454 0.0048
439 455 0.0034
454 455 0.0062
456 455 0.0021
455 456 0.0021
458 456 0.0021
454 458 0.0048
456 458 0.0021
459 458 0.0021
458 459 0.0021
460 459 0.0034
461 459 0.0021
453 460 0.0034
459 460 0.0034
461 460 0.0034
4 461 0.0021
459 461 0.0021
460 461 0.0034
5 462 0.0055
452 462 0.0014
463 462 0.0034
4 463 0.0034
462 463 0.0034
445 465 0.0027
446 465 0.0048
466 465 0.0055
410 466 0.0034
447 466 0.0014
465 466 0.0055
433 467 0.0014
468 467 0.0027
471 467 0.0007
434 468 0.0055
467 468 0.0027
469 468 0.0021
435 469 0.0021
468 469 0.0021
424 471 0.0062
467 471 0.0007
480 471 0.0041
502 471 0.0055
473 472 0.0027
477 472 0.0034
480 472 0.0041
472 473 0.0027
474 473 0.0021
492 473 0.0014
473 474 0.0021
475 474 0.0034
476 474 0.0021
474 475 0.0034
476 475 0.0041
480 475 0.0041
474 476 0.0021
475 476 0.0041
510 476 0.0027
472 477 0.0034
478 477 0.0021
479 477 0.0034
477 478 0.0021
481 478 0.0041
482 478 0.0041
426 479 0.0027
477 479 0.0034
480 479 0.0041
471 480 0.0041
472 480 0.0041
475 480 0.0041
479 480 0.0041
426 481 0.0014
443 481 0.0034
478 481 0.0041
478 482 0.0041
483 482 0.0007
495 482 0.0027
482 483 0.0007
484 483 0.0027
486 483 0.0041
483 484 0.0027
489 484 0.0027
483 486 0.0041
487 486 0.0041
486 487 0.0041
488 487 0.0041
487 488 0.0041
489 488 0.0014
493 488 0.0062
484 489 0.0027
488 489 0.0014
494 489 0.0048
473 492 0.0014
493 492 0.0055
552 492 0.0048
488 493 0.0062
492 493 0.0055
494 493 0.0096
489 494 0.0048
493 494 0.0096
559 494 0.0041
443 495 0.0027
482 495 0.0027
471 502 0.0055
503 502 0.0027
512 502 0.0034
502 503 0.0027
504 503 0.0027
503 504 0.0027
505 504 0.0027
510 504 0.0048
504 505 0.0027
506 505 0.0027
511 505 0.0027
522 505 0.0014
505 506 0.0027
507 506 0.0041
523 506 0.0062
506 507 0.0041
508 507 0.0041
507 508 0.0041
525 508 0.0034
544 509 0.0041
545 509 0.0034
476 510 0.0027
504 510 0.0048
511 510 0.0027
505 511 0.0027
510 511 0.0027
531 511 0.0007
502 512 0.0034
513 512 0.0034
512 513 0.0034
514 513 0.0034
344 514 0.0034
513 514 0.0034
505 522 0.0014
523 522 0.0021
506 523 0.0062
522 523 0.0021
524 523 0.0034
523 524 0.0034
525 524 0.0034
508 525 0.0034
524 525 0.0034
511 531 0.0007
532 531 0.0027
553 531 0.0027
531 532 0.0027
534 532 0.0034
554 532 0.0055
532 534 0.0034
535 534 0.0034
534 535 0.0034
536 535 0.0007
574 535 0.0034
535 536 0.0007
537 536 0.0034
539 536 0.0034
536 537 0.0034
599 537 0.0034
536 539 0.0034
540 539 0.0014
639 539 0.0055
641 539 0.0034
539 540 0.0014
541 540 0.0014
540 541 0.0014
542 541 0.0041
550 541 0.0048
541 542 0.0041
543 542 0.0021
549 542 0.0014
542 543 0.0021
544 543 0.0062
551 543 0.0034
509 544 0.0041
543 544 0.0062
551 544 0.0014
509 545 0.0034
546 545 0.0014
551 545 0.0014
545 546 0.0014
547 546 0.0048
677 546 0.0027
546 547 0.0048
548 547 0.0027
662 547 0.0041
547 548 0.0027
549 548 0.0014
550 548 0.0048
542 549 0.0014
548 549 0.0014
550 549 0.0034
541 550 0.0048
548 550 0.0048
549 550 0.0034
543 551 0.0034
544 551 0.0014
545 551 0.0014
492 552 0.0048
553 552 0.0027
561 552 0.0069
531 553 0.0027
552 553 0.0027
554 553 0.0055
532 554 0.0055
553 554 0.0055
555 554 0.0048
564 554 0.0048
554 555 0.0048
556 555 0.0014
565 555 0.0069
555 556 0.0014
566 556 0.0014
567 556 0.0034
494 559 0.0041
560 559 0.0041
559 560 0.0041
561 560 0.0041
552 561 0.0069
560 561 0.0041
562 561 0.0034
581 561 0.0007
561 562 0.0034
563 562 0.0034
562 563 0.0034
564 563 0.0041
554 564 0.0048
563 564 0.0041
565 564 0.0027
555 565 0.0069
564 565 0.0027
566 565 0.0062
556 566 0.0014
565 566 0.0062
567 566 0.0082
556 567 0.0034
566 567 0.0082
568 567 0.0055
596 567 0.0034
567 568 0.0055
569 568 0.0027
573 568 0.0034
568 569 0.0027
570 569 0.0027
597 569 0.0048
569 570 0.0027
571 570 0.0041
599 570 0.0007
570 571 0.0041
572 571 0.0021
585 571 0.0027
571 572 0.0021
602 572 0.0027
604 572 0.0055
568 573 0.0034
574 573 0.0034
535 574 0.0034
573 574 0.0034
561 581 0.0007
582 581 0.0007
581 582 0.0007
583 582 0.0021
596 582 0.0034
582 583 0.0021
584 583 0.0014
598 583 0.0041
583 584 0.0014
585 584 0.0034
597 584 0.0041
612 584 0.0007
571 585 0.0027
584 585 0.0034
586 585 0.0014
585 586 0.0014
587 586 0.0034
622 586 0.0014
586 587 0.0034
588 587 0.0021
623 587 0.0048
587 588 0.0021
589 588 0.0048
593 588 0.0034
588 589 0.0048
590 589 0.0027
593 589 0.0014
589 590 0.0027
591 590 0.0055
621 590 0.0062
590 591 0.0055
1103 591 0.0055
588 593 0.0034
589 593 0.0014
594 593 0.0014
593 594 0.0014
1067 594 0.0021
1082 594 0.0027
567 596 0.0034
582 596 0.0034
598 596 0.0048
569 597 0.0048
584 597 0.0041
598 597 0.0041
583 598 0.0041
596 598 0.0048
597 598 0.0041
537 599 0.0034
570 599 0.0007
603 599 0.0021
626 599 0.0034
602 600 0.0048
603 600 0.0041
608 600 0.0055
572 602 0.0027
600 602 0.0048
603 602 0.0014
599 603 0.0021
600 603 0.0041
602 603 0.0014
572 604 0.0055
606 604 0.0055
604 606 0.0055
608 606 0.0055
1065 606 0.0034
1071 606 0.0034
600 608 0.0055
606 608 0.0055
584 612 0.0007
613 612 0.0027
625 612 0.0014
612 613 0.0027
614 613 0.0041
622 613 0.0034
613 614 0.0041
615 614 0.0041
625 614 0.0034
614 615 0.0041
616 615 0.0021
625 615 0.0014
615 616 0.0021
617 616 0.0014
623 616 0.0041
616 617 0.0014
618 617 0.0034
621 617 0.0014
617 618 0.0034
621 618 0.0082
1095 618 0.0041
1095 619 0.0041
1096 619 0.0041
590 621 0.0062
617 621 0.0014
618 621 0.0082
586 622 0.0014
613 622 0.0034
623 622 0.0055
587 623 0.0048
616 623 0.0041
622 623 0.0055
612 625 0.0014
614 625 0.0034
615 625 0.0014
599 626 0.0034
627 626 0.0076
636 626 0.0034
626 627 0.0076
629 627 0.0076
627 629 0.0076
647 629 0.0076
626 636 0.0034
645 636 0.0027
638 637 0.0048
648 637 0.0055
637 638 0.0048
639 638 0.0034
651 638 0.0021
539 639 0.0055
638 639 0.0034
640 639 0.0014
639 640 0.0014
641 640 0.0048
643 640 0.0027
539 641 0.0034
640 641 0.0048
642 641 0.0034
641 642 0.0034
643 642 0.0034
663 642 0.0021
640 643 0.0027
642 643 0.0034
660 643 0.0014
636 645 0.0027
646 645 0.0096
648 645 0.0062
645 646 0.0096
647 646 0.0096
652 646 0.0048
629 647 0.0076
646 647 0.0096
1211 647 0.0027
637 648 0.0055
645 648 0.0062
649 648 0.0041
648 649 0.0041
650 649 0.0062
652 649 0.0069
649 650 0.0062
651 650 0.0048
653 650 0.0021
657 650 0.0048
638 651 0.0021
650 651 0.0048
661 651 0.0034
646 652 0.0048
649 652 0.0069
653 652 0.0041
656 652 0.0062
650 653 0.0021
652 653 0.0041
654 653 0.0014
653 654 0.0014
656 654 0.0014
652 656 0.0062
654 656 0.0014
1214 656 0.0041
650 657 0.0048
658 657 0.0048
657 658 0.0048
659 658 0.0041
666 658 0.0034
671 658 0.0041
658 659 0.0041
660 659 0.0027
661 659 0.0048
643 660 0.0014
659 660 0.0027
661 660 0.0021
651 661 0.0034
659 661 0.0048
660 661 0.0021
547 662 0.0041
663 662 0.0041
642 663 0.0021
662 663 0.0041
664 663 0.0007
682 663 0.0027
663 664 0.0007
665 664 0.0048
667 664 0.0034
664 665 0.0048
666 665 0.0041
658 666 0.0034
665 666 0.0041
668 666 0.0055
664 667 0.0034
668 667 0.0055
692 667 0.0021
666 668 0.0055
667 668 0.0055
669 668 0.0062
690 668 0.0034
668 669 0.0062
670 669 0.0041
691 669 0.0062
693 669 0.0041
669 670 0.0041
671 670 0.0041
1032 670 0.0034
658 671 0.0041
670 671 0.0041
546 677 0.0027
678 677 0.0014
682 677 0.0048
677 678 0.0014
680 678 0.0007
703 678 0.0027
680 679 0.0021
681 679 0.0034
684 679 0.0021
703 679 0.0027
704 679 0.0014
396 680 0.0021
403 680 0.0041
678 680 0.0007
679 680 0.0021
681 680 0.0027
679 681 0.0034
680 681 0.0027
683 681 0.0041
663 682 0.0027
677 682 0.0048
704 682 0.0014
362 683 0.0027
402 683 0.0027
681 683 0.0041
684 683 0.0041
679 684 0.0021
683 684 0.0041
685 684 0.0014
684 685 0.0014
686 685 0.0027
688 685 0.0007
685 686 0.0027
687 686 0.0048
701 686 0.0014
363 687 0.0034
686 687 0.0048
701 687 0.0048
685 688 0.0007
689 688 0.0014
692 688 0.0027
688 689 0.0014
690 689 0.0007
692 689 0.0027
668 690 0.0034
689 690 0.0007
691 690 0.0021
669 691 0.0062
690 691 0.0021
694 691 0.0034
667 692 0.0021
688 692 0.0027
689 692 0.0027
669 693 0.0041
1015 693 0.0041
691 694 0.0034
695 694 0.0048
702 694 0.0034
694 695 0.0048
696 695 0.0048
978 695 0.0048
695 696 0.0048
697 696 0.0069
710 696 0.0014
696 697 0.0069
698 697 0.0021
711 697 0.0096
697 698 0.0021
699 698 0.0014
712 698 0.0041
698 699 0.0014
713 699 0.0014
686 701 0.0014
687 701 0.0048
702 701 0.0027
363 702 0.0041
694 702 0.0034
701 702 0.0027
678 703 0.0027
679 703 0.0027
704 703 0.0034
679 704 0.0014
682 704 0.0014
703 704 0.0034
363 705 0.0034
709 705 0.0055
710 705 0.0014
705 709 0.0055
710 709 0.0034
711 709 0.0082
714 709 0.0048
696 710 0.0014
705 710 0.0014
709 710 0.0034
697 711 0.0096
709 711 0.0082
712 711 0.0034
698 712 0.0041
711 712 0.0034
713 712 0.0027
699 713 0.0014
712 713 0.0027
714 713 0.0007
709 714 0.0048
713 714 0.0007
747 714 0.0041
984 714 0.0055
362 715 0.0007
716 715 0.0007
715 716 0.0007
729 716 0.0021
747 716 0.0034
366 718 0.0007
719 718 0.0027
726 718 0.0014
232 719 0.0014
718 719 0.0027
726 719 0.0014
721 720 0.0027
729 720 0.0021
720 721 0.0027
723 721 0.0027
721 723 0.0027
725 723 0.0027
237 725 0.0027
723 725 0.0027
733 725 0.0048
718 726 0.0014
719 726 0.0014
716 729 0.0021
720 729 0.0021
742 729 0.0048
237 730 0.0021
732 730 0.0027
730 732 0.0027
733 732 0.0041
734 732 0.0041
753 732 0.0027
725 733 0.0048
732 733 0.0041
742 733 0.0041
732 734 0.0041
735 734 0.0027
991 734 0.0021
734 735 0.0027
736 735 0.0041
992 735 0.0014
995 735 0.0027
735 736 0.0041
737 736 0.0034
757 736 0.0041
736 737 0.0034
738 737 0.0034
777 737 0.0034
737 738 0.0034
739 738 0.0034
771 738 0.0027
778 738 0.0027
738 739 0.0034
740 739 0.0034
995 739 0.0021
739 740 0.0034
741 740 0.0089
963 740 0.0048
740 741 0.0089
891 741 0.0007
908 741 0.0048
936 741 0.0089
729 742 0.0048
733 742 0.0041
743 742 0.0048
991 742 0.0041
742 743 0.0048
744 743 0.0048
967 743 0.0048
743 744 0.0048
745 744 0.0041
746 744 0.0041
744 745 0.0041
746 745 0.0048
747 745 0.0055
744 746 0.0041
745 746 0.0048
983 746 0.0055
714 747 0.0041
716 747 0.0034
745 747 0.0055
251 748 0.0034
750 748 0.0062
752 748 0.0021
751 749 0.0014
752 749 0.0048
753 749 0.0021
754 749 0.0041
748 750 0.0062
758 750 0.0062
749 751 0.0014
752 751 0.0021
748 752 0.0021
749 752 0.0048
751 752 0.0021
732 753 0.0027
749 753 0.0021
754 753 0.0041
757 753 0.0048
749 754 0.0041
753 754 0.0041
755 754 0.0048
754 755 0.0048
756 755 0.0055
766 755 0.0055
755 756 0.0055
757 756 0.0041
776 756 0.0048
736 757 0.0041
753 757 0.0048
756 757 0.0041
269 758 0.0055
750 758 0.0062
759 758 0.0041
758 759 0.0041
760 759 0.0021
773 759 0.0014
759 760 0.0021
761 760 0.0021
760 761 0.0021
762 761 0.0041
766 761 0.0014
761 762 0.0041
763 762 0.0048
762 763 0.0048
764 763 0.0082
830 763 0.0027
763 764 0.0082
765 764 0.0048
768 764 0.0069
764 765 0.0048
770 765 0.0027
892 765 0.0041
755 766 0.0055
761 766 0.0014
767 766 0.0076
766 767 0.0076
768 767 0.0082
764 768 0.0069
767 768 0.0082
769 768 0.0048
768 769 0.0048
770 769 0.0027
779 769 0.0041
765 770 0.0027
769 770 0.0027
771 770 0.0041
885 770 0.0014
738 771 0.0027
770 771 0.0041
885 771 0.0048
759 773 0.0014
774 773 0.0014
773 774 0.0014
814 774 0.0014
756 776 0.0048
777 776 0.0041
779 776 0.0055
737 777 0.0034
776 777 0.0041
778 777 0.0041
738 778 0.0027
777 778 0.0041
779 778 0.0034
769 779 0.0041
776 779 0.0055
778 779 0.0034
138 782 0.0021
783 782 0.0048
816 782 0.0021
782 783 0.0048
784 783 0.0007
789 783 0.0034
804 783 0.0048
783 784 0.0007
805 784 0.0034
807 784 0.0021
138 785 0.0041
786 785 0.0014
789 785 0.0062
785 786 0.0014
787 786 0.0007
263 787 0.0034
786 787 0.0007
788 787 0.0048
787 788 0.0048
789 788 0.0048
790 788 0.0076
783 789 0.0034
785 789 0.0062
788 789 0.0048
788 790 0.0076
791 790 0.0089
798 790 0.0041
790 791 0.0089
792 791 0.0069
794 791 0.0027
262 792 0.0069
791 792 0.0069
257 794 0.0014
791 794 0.0027
799 794 0.0034
248 796 0.0021
797 796 0.0034
799 796 0.0034
796 797 0.0034
800 797 0.0048
802 797 0.0034
790 798 0.0041
800 798 0.0055
801 798 0.0034
794 799 0.0034
796 799 0.0034
800 799 0.0055
797 800 0.0048
798 800 0.0055
799 800 0.0055
798 801 0.0034
802 801 0.0034
797 802 0.0034
801 802 0.0034
807 802 0.0048
809 802 0.0048
783 804 0.0048
805 804 0.0007
811 804 0.0062
784 805 0.0034
804 805 0.0007
806 805 0.0055
811 805 0.0014
812 805 0.0076
805 806 0.0055
807 806 0.0055
784 807 0.0021
802 807 0.0048
806 807 0.0055
809 807 0.0014
268 808 0.0027
809 808 0.0027
813 808 0.0034
802 809 0.0048
807 809 0.0014
808 809 0.0027
804 811 0.0062
805 811 0.0014
812 811 0.0082
805 812 0.0076
811 812 0.0082
815 812 0.0014
820 812 0.0021
808 813 0.0034
814 813 0.0034
815 813 0.0034
774 814 0.0014
813 814 0.0034
815 814 0.0014
812 815 0.0014
813 815 0.0034
814 815 0.0014
782 816 0.0021
817 816 0.0048
1352 816 0.0021
816 817 0.0048
818 817 0.0021
1349 817 0.0021
817 818 0.0021
820 818 0.0021
812 820 0.0021
818 820 0.0021
763 830 0.0027
832 830 0.0027
830 832 0.0027
837 832 0.0055
883 832 0.0021
836 833 0.0021
883 833 0.0021
833 836 0.0021
879 836 0.0021
832 837 0.0055
838 837 0.0048
884 837 0.0041
837 838 0.0048
839 838 0.0076
878 838 0.0062
838 839 0.0076
840 839 0.0027
871 839 0.0041
839 840 0.0027
841 840 0.0048
869 840 0.0014
840 841 0.0048
842 841 0.0007
869 841 0.0014
892 841 0.0041
841 842 0.0007
843 842 0.0014
893 842 0.0027
842 843 0.0014
893 843 0.0014
858 857 0.0014
867 857 0.0014
857 858 0.0014
867 858 0.0014
857 867 0.0014
858 867 0.0014
840 869 0.0014
841 869 0.0014
839 871 0.0041
872 871 0.0027
878 871 0.0007
871 872 0.0027
873 872 0.0027
872 873 0.0027
874 873 0.0021
873 874 0.0021
879 874 0.0021
838 878 0.0062
871 878 0.0007
879 878 0.0048
884 878 0.0041
836 879 0.0021
874 879 0.0021
878 879 0.0048
832 883 0.0021
833 883 0.0021
884 883 0.0048
837 884 0.0041
878 884 0.0041
883 884 0.0048
770 885 0.0014
771 885 0.0048
886 885 0.0027
885 886 0.0027
887 886 0.0041
892 886 0.0034
886 887 0.0041
888 887 0.0014
893 887 0.0021
887 888 0.0014
906 888 0.0014
741 891 0.0007
905 891 0.0041
908 891 0.0055
765 892 0.0041
841 892 0.0041
886 892 0.0034
893 892 0.0034
842 893 0.0027
843 893 0.0014
887 893 0.0021
892 893 0.0034
891 905 0.0041
906 905 0.0014
934 905 0.0021
888 906 0.0014
905 906 0.0014
741 908 0.0048
891 908 0.0055
909 908 0.0041
908 909 0.0041
910 909 0.0055
934 909 0.0041
953 909 0.0027
909 910 0.0055
911 910 0.0034
934 910 0.0014
910 911 0.0034
952 911 0.0034
914 913 0.0014
923 913 0.0014
913 914 0.0014
923 914 0.0014
913 923 0.0014
914 923 0.0014
905 934 0.0021
909 934 0.0041
910 934 0.0014
741 936 0.0089
937 936 0.0048
962 936 0.0007
963 936 0.0021
936 937 0.0048
938 937 0.0034
959 937 0.0055
961 937 0.0062
937 938 0.0034
939 938 0.0034
938 939 0.0034
940 939 0.0014
957 939 0.0014
939 940 0.0014
941 940 0.0021
952 940 0.0007
965 940 0.0027
940 941 0.0021
944 941 0.0021
941 944 0.0021
946 944 0.0021
944 946 0.0021
947 946 0.0021
946 947 0.0021
972 947 0.0055
981 947 0.0082
911 952 0.0034
940 952 0.0007
953 952 0.0021
909 953 0.0027
952 953 0.0021
939 957 0.0014
958 957 0.0034
964 957 0.0014
957 958 0.0034
959 958 0.0048
964 958 0.0048
937 959 0.0055
958 959 0.0048
961 960 0.0048
964 960 0.0027
998 960 0.0007
937 961 0.0062
960 961 0.0048
962 961 0.0007
936 962 0.0007
961 962 0.0007
963 962 0.0021
740 963 0.0048
936 963 0.0021
962 963 0.0021
957 964 0.0014
958 964 0.0048
960 964 0.0027
940 965 0.0027
966 965 0.0027
970 965 0.0048
965 966 0.0027
967 966 0.0027
969 966 0.0048
743 967 0.0048
966 967 0.0027
991 967 0.0027
966 969 0.0048
970 969 0.0048
986 969 0.0048
965 970 0.0048
969 970 0.0048
947 972 0.0055
1338 972 0.0062
695 978 0.0048
979 978 0.0034
1014 978 0.0007
978 979 0.0034
980 979 0.0082
1000 979 0.0069
979 980 0.0082
981 980 0.0103
982 980 0.0069
947 981 0.0082
980 981 0.0103
982 981 0.0014
980 982 0.0069
981 982 0.0014
987 982 0.0048
746 983 0.0055
984 983 0.0055
714 984 0.0055
983 984 0.0055
985 984 0.0048
984 985 0.0048
986 985 0.0048
969 986 0.0048
985 986 0.0048
987 986 0.0048
982 987 0.0048
986 987 0.0048
734 991 0.0021
742 991 0.0041
967 991 0.0027
735 992 0.0014
993 992 0.0021
997 992 0.0041
992 993 0.0021
998 993 0.0021
735 995 0.0027
739 995 0.0021
997 995 0.0027
992 997 0.0041
995 997 0.0027
998 997 0.0034
960 998 0.0007
993 998 0.0021
997 998 0.0034
979 1000 0.0069
1001 1000 0.0069
1000 1001 0.0069
1002 1001 0.0069
1001 1002 0.0069
1003 1002 0.0069
1002 1003 0.0069
1004 1003 0.0076
1003 1004 0.0076
1005 1004 0.0096
1338 1004 0.0014
1004 1005 0.0096
1006 1005 0.0034
1333 1005 0.0041
1338 1005 0.0089
1005 1006 0.0034
1007 1006 0.0021
1337 1006 0.0055
1006 1007 0.0021
1347 1007 0.0021
1010 1009 0.0014
1011 1009 0.0014
1009 1010 0.0014
1011 1010 0.0014
1009 1011 0.0014
1010 1011 0.0014
978 1014 0.0007
1015 1014 0.0007
693 1015 0.0041
1014 1015 0.0007
1016 1015 0.0055
1045 1015 0.0062
1015 1016 0.0055
1017 1016 0.0007
1021 1016 0.0041
1046 1016 0.0089
1016 1017 0.0007
1333 1017 0.0007
1016 1021 0.0041
1022 1021 0.0062
1055 1021 0.0014
1021 1022 0.0062
1023 1022 0.0021
1055 1022 0.0034
1022 1023 0.0021
1029 1023 0.0021
1031 1023 0.0048
1023 1029 0.0021
1030 1029 0.0021
1029 1030 0.0021
1031 1030 0.0021
1023 1031 0.0048
1030 1031 0.0021
1041 1031 0.0021
670 1032 0.0034
1033 1032 0.0014
1057 1032 0.0014
1032 1033 0.0014
1034 1033 0.0034
1059 1033 0.0014
1033 1034 0.0034
1035 1034 0.0027
1045 1034 0.0027
1034 1035 0.0027
1036 1035 0.0027
1060 1035 0.0034
1035 1036 0.0027
1037 1036 0.0062
1048 1036 0.0041
1060 1036 0.0048
1036 1037 0.0062
1038 1037 0.0082
1062 1037 0.0082
1037 1038 0.0082
1039 1038 0.0055
1062 1038 0.0014
1038 1039 0.0055
1040 1039 0.0034
1237 1039 0.0014
1039 1040 0.0034
1041 1040 0.0034
1031 1041 0.0021
1040 1041 0.0034
1042 1041 0.0007
1041 1042 0.0007
1043 1042 0.0021
1242 1042 0.0014
1243 1042 0.0055
1042 1043 0.0021
1246 1043 0.0021
1015 1045 0.0062
1034 1045 0.0027
1048 1045 0.0048
1016 1046 0.0089
1047 1046 0.0076
1052 1046 0.0027
1046 1047 0.0076
1048 1047 0.0069
1036 1048 0.0041
1045 1048 0.0048
1047 1048 0.0069
1051 1049 0.0014
1054 1049 0.0021
1049 1051 0.0014
1053 1051 0.0021
1046 1052 0.0027
1053 1052 0.0014
1054 1052 0.0048
1051 1053 0.0021
1052 1053 0.0014
1054 1053 0.0062
1055 1053 0.0014
1049 1054 0.0021
1052 1054 0.0048
1053 1054 0.0062
1021 1055 0.0014
1022 1055 0.0034
1053 1055 0.0014
1032 1057 0.0014
1214 1057 0.0014
1033 1059 0.0014
1061 1059 0.0027
1063 1059 0.0041
1064 1059 0.0027
1035 1060 0.0034
1036 1060 0.0048
1061 1060 0.0048
1059 1061 0.0027
1060 1061 0.0048
1062 1061 0.0014
1063 1061 0.0021
1037 1062 0.0082
1038 1062 0.0014
1061 1062 0.0014
1237 1062 0.0041
1059 1063 0.0041
1061 1063 0.0021
1064 1063 0.0014
1219 1063 0.0007
1236 1063 0.0007
1059 1064 0.0027
1063 1064 0.0014
1218 1064 0.0007
606 1065 0.0034
1066 1065 0.0055
1068 1065 0.0014
1065 1066 0.0055
1067 1066 0.0048
1068 1066 0.0027
594 1067 0.0021
1066 1067 0.0048
1069 1067 0.0007
1083 1067 0.0048
1065 1068 0.0014
1066 1068 0.0027
1069 1068 0.0007
1067 1069 0.0007
1068 1069 0.0007
606 1071 0.0034
1072 1071 0.0021
1083 1071 0.0048
1071 1072 0.0021
1073 1072 0.0034
1078 1072 0.0048
1072 1073 0.0034
1074 1073 0.0034
1076 1073 0.0062
1073 1074 0.0034
1075 1074 0.0034
1216 1074 0.0027
1231 1074 0.0055
1074 1075 0.0034
1076 1075 0.0014
1232 1075 0.0014
1073 1076 0.0062
1075 1076 0.0014
1077 1076 0.0041
1076 1077 0.0041
1078 1077 0.0062
1080 1077 0.0041
1072 1078 0.0048
1077 1078 0.0062
1079 1078 0.0007
1078 1079 0.0007
1080 1079 0.0027
1081 1079 0.0014
1077 1080 0.0041
1079 1080 0.0027
1081 1080 0.0055
1085 1080 0.0027
1086 1080 0.0021
1079 1081 0.0014
1080 1081 0.0055
1082 1081 0.0034
594 1082 0.0027
1081 1082 0.0034
1085 1082 0.0027
1067 1083 0.0048
1071 1083 0.0048
1080 1085 0.0027
1082 1085 0.0027
1104 1085 0.0027
1080 1086 0.0021
1087 1086 0.0027
1114 1086 0.0027
1086 1087 0.0027
1088 1087 0.0055
1258 1087 0.0048
1087 1088 0.0055
1089 1088 0.0055
1093 1088 0.0034
1088 1089 0.0055
1090 1089 0.0055
1093 1089 0.0027
1089 1090 0.0055
1091 1090 0.0034
1267 1090 0.0069
1090 1091 0.0034
1092 1091 0.0041
1137 1091 0.0014
1142 1091 0.0048
1091 1092 0.0041
1262 1092 0.0021
1267 1092 0.0014
1088 1093 0.0034
1089 1093 0.0027
1114 1093 0.0027
618 1095 0.0041
619 1095 0.0041
619 1096 0.0041
1097 1096 0.0041
1096 1097 0.0041
1098 1097 0.0021
1103 1097 0.0069
1097 1098 0.0021
1099 1098 0.0041
1106 1098 0.0014
1098 1099 0.0041
1100 1099 0.0069
1107 1099 0.0117
1099 1100 0.0069
1101 1100 0.0069
1100 1101 0.0069
1102 1101 0.0069
1101 1102 0.0069
1136 1102 0.0069
591 1103 0.0055
1097 1103 0.0069
1104 1103 0.0034
1085 1104 0.0027
1103 1104 0.0034
1105 1104 0.0041
1104 1105 0.0041
1106 1105 0.0041
1108 1105 0.0034
1111 1105 0.0027
1098 1106 0.0014
1105 1106 0.0041
1107 1106 0.0062
1099 1107 0.0117
1106 1107 0.0062
1108 1107 0.0089
1105 1108 0.0034
1107 1108 0.0089
1111 1108 0.0089
1105 1111 0.0027
1108 1111 0.0089
1118 1111 0.0082
1086 1114 0.0027
1093 1114 0.0027
1116 1114 0.0007
1125 1114 0.0007
1114 1116 0.0007
1137 1116 0.0007
1111 1118 0.0082
1119 1118 0.0082
1118 1119 0.0082
1124 1119 0.0082
1119 1124 0.0082
1125 1124 0.0007
1126 1124 0.0069
1114 1125 0.0007
1124 1125 0.0007
1124 1126 0.0069
1127 1126 0.0069
1126 1127 0.0069
1129 1127 0.0069
1127 1129 0.0069
1136 1129 0.0096
1157 1129 0.0021
1102 1136 0.0069
1129 1136 0.0096
1151 1136 0.0021
1091 1137 0.0014
1116 1137 0.0007
1138 1137 0.0021
1141 1137 0.0055
1137 1138 0.0021
1139 1138 0.0014
1143 1138 0.0041
1138 1139 0.0014
1140 1139 0.0014
1139 1140 0.0014
1143 1140 0.0062
1171 1140 0.0041
1137 1141 0.0055
1142 1141 0.0076
1143 1141 0.0069
1091 1142 0.0048
1141 1142 0.0076
1269 1142 0.0021
1138 1143 0.0041
1140 1143 0.0062
1141 1143 0.0069
1136 1151 0.0021
1152 1151 0.0021
1151 1152 0.0021
1164 1152 0.0021
1129 1157 0.0021
1158 1157 0.0041
1164 1157 0.0014
1157 1158 0.0041
1164 1158 0.0041
1152 1164 0.0021
1157 1164 0.0014
1158 1164 0.0041
1140 1171 0.0041
1172 1171 0.0027
1277 1171 0.0076
1171 1172 0.0027
1173 1172 0.0007
1277 1172 0.0014
1172 1173 0.0007
1174 1173 0.0021
1281 1173 0.0014
1282 1173 0.0055
1173 1174 0.0021
1297 1174 0.0021
1178 1177 0.0014
1185 1177 0.0014
1177 1178 0.0014
1185 1178 0.0014
1180 1179 0.0014
1188 1179 0.0014
1179 1180 0.0014
1181 1180 0.0048
1190 1180 0.0007
1191 1180 0.0014
1180 1181 0.0048
1190 1181 0.0027
1191 1181 0.0014
1177 1185 0.0014
1178 1185 0.0014
1179 1188 0.0014
1190 1188 0.0014
1180 1190 0.0007
1181 1190 0.0027
1188 1190 0.0014
1180 1191 0.0014
1181 1191 0.0014
1195 1194 0.0014
1208 1194 0.0014
1194 1195 0.0014
1208 1195 0.0014
1198 1197 0.0014
1205 1197 0.0014
1197 1198 0.0014
1205 1198 0.0014
1197 1205 0.0014
1198 1205 0.0014
1194 1208 0.0014
1195 1208 0.0014
647 1211 0.0027
1212 1211 0.0021
1213 1211 0.0041
1211 1212 0.0021
1213 1212 0.0027
1215 1212 0.0014
1211 1213 0.0041
1212 1213 0.0027
1214 1213 0.0034
656 1214 0.0041
1057 1214 0.0014
1213 1214 0.0034
1215 1214 0.0007
1212 1215 0.0014
1214 1215 0.0007
1074 1216 0.0027
1217 1216 0.0021
1216 1217 0.0021
1218 1217 0.0027
1230 1217 0.0007
1231 1217 0.0041
1064 1218 0.0007
1217 1218 0.0027
1219 1218 0.0027
1230 1218 0.0007
1063 1219 0.0007
1218 1219 0.0027
1220 1219 0.0027
1231 1219 0.0048
1256 1219 0.0034
1219 1220 0.0027
1221 1220 0.0014
1235 1220 0.0007
1257 1220 0.0034
1220 1221 0.0014
1222 1221 0.0021
1235 1221 0.0027
1221 1222 0.0021
1223 1222 0.0055
1235 1222 0.0048
1262 1222 0.0014
1222 1223 0.0055
1235 1223 0.0007
1238 1223 0.0034
1239 1223 0.0041
1225 1224 0.0014
1239 1224 0.0027
1242 1224 0.0007
1224 1225 0.0014
1226 1225 0.0048
1244 1225 0.0027
1225 1226 0.0048
1227 1226 0.0014
1248 1226 0.0027
1226 1227 0.0014
1228 1227 0.0034
1274 1227 0.0055
1227 1228 0.0034
1291 1228 0.0034
1217 1230 0.0007
1218 1230 0.0007
1074 1231 0.0055
1217 1231 0.0041
1219 1231 0.0048
1075 1232 0.0014
1256 1232 0.0014
1220 1235 0.0007
1221 1235 0.0027
1222 1235 0.0048
1223 1235 0.0007
1236 1235 0.0014
1063 1236 0.0007
1235 1236 0.0014
1237 1236 0.0021
1240 1236 0.0027
1039 1237 0.0014
1062 1237 0.0041
1236 1237 0.0021
1223 1238 0.0034
1239 1238 0.0027
1240 1238 0.0027
1223 1239 0.0041
1224 1239 0.0027
1238 1239 0.0027
1264 1239 0.0041
1236 1240 0.0027
1238 1240 0.0027
1042 1242 0.0014
1224 1242 0.0007
1243 1242 0.0027
1042 1243 0.0055
1242 1243 0.0027
1244 1243 0.0021
1225 1244 0.0027
1243 1244 0.0021
1245 1244 0.0055
1244 1245 0.0055
1246 1245 0.0021
1248 1245 0.0027
1043 1246 0.0021
1245 1246 0.0021
1226 1248 0.0027
1245 1248 0.0027
1219 1256 0.0034
1232 1256 0.0014
1257 1256 0.0014
1220 1257 0.0034
1256 1257 0.0014
1258 1257 0.0014
1087 1258 0.0048
1257 1258 0.0014
1266 1258 0.0041
1092 1262 0.0021
1222 1262 0.0014
1264 1262 0.0041
1239 1264 0.0041
1262 1264 0.0041
1258 1266 0.0041
1267 1266 0.0048
1090 1267 0.0069
1092 1267 0.0014
1266 1267 0.0048
1142 1269 0.0021
1272 1269 0.0021
1269 1272 0.0021
1274 1272 0.0007
1276 1272 0.0034
1275 1273 0.0076
1276 1273 0.0041
1278 1273 0.0076
1279 1273 0.0069
1227 1274 0.0055
1272 1274 0.0007
1275 1274 0.0069
1273 1275 0.0076
1274 1275 0.0069
1276 1275 0.0027
1272 1276 0.0034
1273 1276 0.0041
1275 1276 0.0027
1171 1277 0.0076
1172 1277 0.0014
1278 1277 0.0055
1273 1278 0.0076
1277 1278 0.0055
1279 1278 0.0007
1286 1278 0.0027
1273 1279 0.0069
1278 1279 0.0007
1288 1279 0.0055
1173 1281 0.0014
1282 1281 0.0021
1173 1282 0.0055
1281 1282 0.0021
1283 1282 0.0027
1282 1283 0.0027
1284 1283 0.0014
1285 1283 0.0048
1283 1284 0.0014
1285 1284 0.0082
1297 1284 0.0062
1283 1285 0.0048
1284 1285 0.0082
1287 1285 0.0069
1295 1285 0.0021
1278 1286 0.0027
1287 1286 0.0021
1285 1287 0.0069
1286 1287 0.0021
1294 1287 0.0082
1279 1288 0.0055
1289 1288 0.0103
1291 1288 0.0021
1294 1288 0.0055
1288 1289 0.0103
1290 1289 0.0062
1292 1289 0.0034
1289 1290 0.0062
1291 1290 0.0062
1228 1291 0.0034
1288 1291 0.0021
1290 1291 0.0062
1289 1292 0.0034
1316 1292 0.0034
1287 1294 0.0082
1288 1294 0.0055
1295 1294 0.0021
1285 1295 0.0021
1294 1295 0.0021
1174 1297 0.0021
1284 1297 0.0062
1298 1297 0.0034
1297 1298 0.0034
1299 1298 0.0034
1298 1299 0.0034
1313 1299 0.0034
1299 1313 0.0034
1314 1313 0.0055
1315 1313 0.0014
1313 1314 0.0055
1315 1314 0.0014
1316 1314 0.0034
1313 1315 0.0014
1314 1315 0.0014
1292 1316 0.0034
1314 1316 0.0034
1005 1333 0.0041
1017 1333 0.0007
1334 1333 0.0027
1333 1334 0.0027
1335 1334 0.0027
1334 1335 0.0027
1337 1335 0.0027
1006 1337 0.0055
1335 1337 0.0027
1347 1337 0.0021
972 1338 0.0062
1004 1338 0.0014
1005 1338 0.0089
1007 1347 0.0021
1337 1347 0.0021
817 1349 0.0021
1352 1349 0.0021
816 1352 0.0021
1349 1352 0.0021
