2 1 0.0237
3 1 0.0305
4 1 0.0102
65 1 0.0271
445 1 0.0034
473 1 0.0068
1 2 0.0237
67 2 0.0102
472 2 0.0102
1 3 0.0305
9 3 0.061
52 3 0.0542
1 4 0.0102
6 4 0.0102
4 6 0.0102
7 6 0.0203
8 6 0.0068
6 7 0.0203
8 7 0.0136
13 7 0.0169
6 8 0.0068
7 8 0.0136
445 8 0.0034
3 9 0.061
10 9 0.0712
15 9 0.0949
9 10 0.0712
13 10 0.0712
7 13 0.0169
10 13 0.0712
14 13 0.0508
13 14 0.0508
36 14 0.0407
37 14 0.0068
9 15 0.0949
16 15 0.0576
38 15 0.0475
15 16 0.0576
17 16 0.0068
19 16 0.0068
21 16 0.0576
16 17 0.0068
37 17 0.0068
16 19 0.0068
22 19 0.0068
16 21 0.0576
22 21 0.0068
24 21 0.0475
19 22 0.0068
21 22 0.0068
21 24 0.0475
28 24 0.0475
24 28 0.0475
30 28 0.0475
28 30 0.0475
32 30 0.0475
30 32 0.0475
34 32 0.0576
406 32 0.0203
32 34 0.0576
36 34 0.061
36 35 0.0169
452 35 0.0136
14 36 0.0407
34 36 0.061
35 36 0.0169
14 37 0.0068
17 37 0.0068
15 38 0.0475
40 38 0.0475
38 40 0.0475
42 40 0.0475
40 42 0.0475
44 42 0.0475
42 44 0.0475
45 44 0.0237
56 44 0.0407
44 45 0.0237
46 45 0.0441
322 45 0.0407
391 45 0.0271
45 46 0.0441
47 46 0.0203
48 46 0.0203
46 47 0.0203
353 47 0.0203
46 48 0.0203
49 48 0.0068
341 48 0.0102
48 49 0.0068
50 49 0.0169
51 49 0.0068
49 50 0.0169
51 50 0.0373
391 50 0.0102
393 50 0.0508
49 51 0.0068
50 51 0.0373
369 51 0.0271
3 52 0.0542
53 52 0.0305
62 52 0.0203
52 53 0.0305
55 53 0.0305
53 55 0.0305
56 55 0.0407
58 55 0.0068
44 56 0.0407
55 56 0.0407
55 58 0.0068
60 58 0.0068
58 60 0.0068
319 60 0.0068
52 62 0.0203
64 62 0.0203
62 64 0.0203
71 64 0.0169
116 64 0.0136
1 65 0.0271
67 65 0.0271
2 67 0.0102
65 67 0.0271
68 67 0.0136
67 68 0.0136
69 68 0.0271
75 68 0.0169
68 69 0.0271
71 69 0.0271
64 71 0.0169
69 71 0.0271
72 71 0.0203
71 72 0.0203
73 72 0.0102
85 72 0.0339
72 73 0.0102
86 73 0.0102
68 75 0.0169
76 75 0.0136
78 75 0.0271
75 76 0.0136
77 76 0.0203
79 76 0.0102
76 77 0.0203
78 77 0.0237
82 77 0.0203
75 78 0.0271
77 78 0.0237
84 78 0.0271
76 79 0.0102
80 79 0.0136
472 79 0.0068
79 80 0.0136
81 80 0.0068
216 80 0.0237
80 81 0.0068
216 81 0.0339
474 81 0.0237
77 82 0.0203
89 82 0.0305
216 82 0.0271
78 84 0.0271
85 84 0.0542
89 84 0.0169
92 84 0.0441
72 85 0.0339
84 85 0.0542
86 85 0.0576
73 86 0.0102
85 86 0.0576
87 86 0.0441
86 87 0.0441
101 87 0.0441
82 89 0.0305
84 89 0.0169
90 89 0.0237
89 90 0.0237
195 90 0.0237
84 92 0.0441
93 92 0.0136
95 92 0.0271
92 93 0.0136
106 93 0.0136
92 95 0.0271
97 95 0.0271
95 97 0.0271
99 97 0.0271
97 99 0.0271
108 99 0.0271
87 101 0.0441
102 101 0.0102
104 101 0.0576
101 102 0.0102
105 102 0.0102
101 104 0.0576
105 104 0.0542
106 104 0.0271
102 105 0.0102
104 105 0.0542
127 105 0.0407
93 106 0.0136
104 106 0.0271
107 106 0.0102
106 107 0.0102
127 107 0.0508
131 107 0.0373
99 108 0.0271
110 108 0.0271
108 110 0.0271
112 110 0.0271
110 112 0.0271
145 112 0.0475
154 112 0.0305
64 116 0.0136
118 116 0.0136
116 118 0.0136
119 118 0.0034
123 118 0.0203
118 119 0.0034
121 119 0.0136
123 119 0.0136
124 119 0.0237
119 121 0.0136
129 121 0.0136
118 123 0.0203
119 123 0.0136
124 123 0.0237
119 124 0.0237
123 124 0.0237
125 124 0.0305
124 125 0.0305
127 125 0.0305
105 127 0.0407
107 127 0.0508
125 127 0.0305
129 127 0.0407
121 129 0.0136
127 129 0.0407
130 129 0.0237
129 130 0.0237
138 130 0.0136
241 130 0.0068
107 131 0.0373
133 131 0.0441
135 131 0.0034
131 133 0.0441
134 133 0.0068
135 133 0.0542
133 134 0.0068
135 134 0.0475
136 134 0.0373
131 135 0.0034
133 135 0.0542
134 135 0.0475
134 136 0.0373
137 136 0.0305
149 136 0.0373
136 137 0.0305
138 137 0.0136
243 137 0.0068
244 137 0.0034
130 138 0.0136
137 138 0.0136
112 145 0.0475
146 145 0.0339
153 145 0.0305
145 146 0.0339
147 146 0.0441
148 146 0.0068
146 147 0.0441
148 147 0.0644
153 147 0.0373
146 148 0.0068
147 148 0.0644
162 148 0.0542
136 149 0.0373
150 149 0.0034
152 149 0.0441
149 150 0.0034
151 150 0.0068
152 150 0.0136
150 151 0.0068
152 151 0.061
153 151 0.0508
149 152 0.0441
150 152 0.0136
151 152 0.061
243 152 0.0441
145 153 0.0305
147 153 0.0373
151 153 0.0508
112 154 0.0305
156 154 0.0305
154 156 0.0305
158 156 0.0305
156 158 0.0305
160 158 0.0305
158 160 0.0305
172 160 0.0305
148 162 0.0542
164 162 0.0542
162 164 0.0542
166 164 0.0305
253 164 0.0339
164 166 0.0305
167 166 0.0441
254 166 0.0102
166 167 0.0441
168 167 0.0237
255 167 0.0169
167 168 0.0237
169 168 0.0237
168 169 0.0237
183 169 0.0237
160 172 0.0305
173 172 0.0237
181 172 0.0441
172 173 0.0237
174 173 0.0136
175 173 0.0271
173 174 0.0136
175 174 0.0068
203 174 0.0034
173 175 0.0271
174 175 0.0068
176 175 0.0169
175 176 0.0169
178 176 0.0169
176 178 0.0169
179 178 0.0271
180 178 0.0068
178 179 0.0271
180 179 0.0068
183 179 0.0169
178 180 0.0068
179 180 0.0068
172 181 0.0441
183 181 0.0441
169 183 0.0237
179 183 0.0169
181 183 0.0441
90 195 0.0237
196 195 0.0271
208 195 0.0407
195 196 0.0271
198 196 0.0271
196 198 0.0271
200 198 0.0271
198 200 0.0271
201 200 0.0373
202 200 0.0203
200 201 0.0373
205 201 0.0203
214 201 0.0271
200 202 0.0203
203 202 0.0034
206 202 0.0136
174 203 0.0034
202 203 0.0034
201 205 0.0203
206 205 0.0136
215 205 0.0034
202 206 0.0136
205 206 0.0136
195 208 0.0407
209 208 0.0203
479 208 0.0169
208 209 0.0203
211 209 0.0203
209 211 0.0203
213 211 0.0203
211 213 0.0203
214 213 0.0373
215 213 0.0136
201 214 0.0271
213 214 0.0373
215 214 0.0068
205 215 0.0034
213 215 0.0136
214 215 0.0068
80 216 0.0237
81 216 0.0339
82 216 0.0271
130 241 0.0068
328 241 0.0068
137 243 0.0068
152 243 0.0441
247 243 0.0339
137 244 0.0034
245 244 0.0136
250 244 0.0203
244 245 0.0136
260 245 0.0136
243 247 0.0339
248 247 0.0339
247 248 0.0339
249 248 0.0339
248 249 0.0339
250 249 0.0034
253 249 0.0271
244 250 0.0203
249 250 0.0034
259 250 0.0136
164 253 0.0339
249 253 0.0271
254 253 0.0034
166 254 0.0102
253 254 0.0034
255 254 0.0169
167 255 0.0169
254 255 0.0169
250 259 0.0136
260 259 0.0136
245 260 0.0136
259 260 0.0136
276 275 0.0102
282 275 0.0102
275 276 0.0102
278 276 0.0102
276 278 0.0102
282 278 0.0102
275 282 0.0102
278 282 0.0102
60 319 0.0068
320 319 0.0034
321 319 0.0136
319 320 0.0034
327 320 0.0203
354 320 0.0271
319 321 0.0136
322 321 0.0407
354 321 0.0373
45 322 0.0407
321 322 0.0407
320 327 0.0203
328 327 0.0068
355 327 0.0102
241 328 0.0068
327 328 0.0068
48 341 0.0102
368 341 0.0102
47 353 0.0203
354 353 0.0339
355 353 0.0102
320 354 0.0271
321 354 0.0373
353 354 0.0339
327 355 0.0102
353 355 0.0102
341 368 0.0102
369 368 0.0102
51 369 0.0271
368 369 0.0102
371 369 0.0136
369 371 0.0136
372 371 0.0102
371 372 0.0102
396 372 0.0102
45 391 0.0271
50 391 0.0102
392 391 0.0407
391 392 0.0407
393 392 0.0576
395 392 0.0542
407 392 0.0373
50 393 0.0508
392 393 0.0576
394 393 0.0102
393 394 0.0102
395 394 0.0068
392 395 0.0542
394 395 0.0068
396 395 0.0339
407 395 0.0034
372 396 0.0102
395 396 0.0339
397 396 0.0203
396 397 0.0203
400 397 0.0203
397 400 0.0203
401 400 0.0068
436 400 0.0068
437 400 0.0407
400 401 0.0068
402 401 0.0034
439 401 0.0136
401 402 0.0034
439 402 0.0034
32 406 0.0203
407 406 0.0305
408 406 0.0407
392 407 0.0373
395 407 0.0034
406 407 0.0305
406 408 0.0407
409 408 0.0136
418 408 0.0475
452 408 0.0203
408 409 0.0136
411 409 0.0136
409 411 0.0136
413 411 0.0136
411 413 0.0136
414 413 0.0237
419 413 0.0407
413 414 0.0237
415 414 0.0203
414 415 0.0203
422 415 0.0203
408 418 0.0475
419 418 0.0576
454 418 0.0203
413 419 0.0407
418 419 0.0576
420 419 0.061
419 420 0.061
421 420 0.061
420 421 0.061
422 421 0.061
415 422 0.0203
421 422 0.061
423 422 0.0373
422 423 0.0373
424 423 0.0373
423 424 0.0373
426 424 0.0373
424 426 0.0373
427 426 0.0203
462 426 0.0136
426 427 0.0203
441 427 0.0203
400 436 0.0068
437 436 0.0068
400 437 0.0407
436 437 0.0068
438 437 0.0203
441 437 0.0339
437 438 0.0203
439 438 0.0068
442 438 0.0102
401 439 0.0136
402 439 0.0034
438 439 0.0068
427 441 0.0203
437 441 0.0339
442 441 0.0102
438 442 0.0102
441 442 0.0102
1 445 0.0034
8 445 0.0034
35 452 0.0136
408 452 0.0203
453 452 0.0034
452 453 0.0034
454 453 0.0136
455 453 0.0068
418 454 0.0203
453 454 0.0136
455 454 0.0237
453 455 0.0068
454 455 0.0237
456 455 0.0136
455 456 0.0136
457 456 0.0136
456 457 0.0136
458 457 0.0136
457 458 0.0136
462 458 0.0136
426 462 0.0136
458 462 0.0136
2 472 0.0102
79 472 0.0068
473 472 0.0136
1 473 0.0068
472 473 0.0136
474 473 0.0034
81 474 0.0237
473 474 0.0034
476 474 0.0169
474 476 0.0169
478 476 0.0169
476 478 0.0169
479 478 0.0169
208 479 0.0169
478 479 0.0169
