426 1 0.0039
428 1 0.0039
205 2 0.0181
209 2 0.0194
385 2 0.0065
398 2 0.0065
401 2 0.0116
402 2 0.0026
339 3 0.0065
340 3 0.0026
395 3 0.0026
198 4 0.0013
200 4 0.0052
335 4 0.0052
336 4 0.0013
198 5 0.0052
200 5 0.0039
334 5 0.0091
358 5 0.0065
361 5 0.0026
211 6 0.0103
212 6 0.0052
213 6 0.0026
410 6 0.0129
415 6 0.0026
416 6 0.0065
210 7 0.0013
214 7 0.0078
215 7 0.0052
216 7 0.0039
353 7 0.0026
370 7 0.0065
373 7 0.0065
382 7 0.0039
199 8 0.0078
230 8 0.0129
331 8 0.0078
343 8 0.0091
354 8 0.0039
359 8 0.0039
447 8 0.0116
448 8 0.0026
192 9 0.0026
196 9 0.0052
199 9 0.0116
321 9 0.0052
322 9 0.0052
331 9 0.0065
196 10 0.0065
197 10 0.0065
324 11 0.0013
325 11 0.0052
326 11 0.0013
182 12 0.0233
183 12 0.0116
184 12 0.0013
189 12 0.0116
319 12 0.0065
452 12 0.0052
14 13 0.0065
62 13 0.0026
180 13 0.0103
186 13 0.0091
318 13 0.0026
453 13 0.0052
13 14 0.0065
59 14 0.0039
61 14 0.0026
318 14 0.0052
16 15 0.0065
60 15 0.0039
128 15 0.0026
309 15 0.0052
15 16 0.0065
59 16 0.0039
63 16 0.0039
64 16 0.0013
35 17 0.0039
63 17 0.0065
65 17 0.0065
126 17 0.0052
19 18 0.0091
20 18 0.0091
124 18 0.0026
126 18 0.0065
128 18 0.0052
18 19 0.0091
20 19 0.0065
129 19 0.0078
309 19 0.0091
461 19 0.0052
463 19 0.0039
18 20 0.0091
19 20 0.0065
125 20 0.0065
307 20 0.0065
455 20 0.0039
130 21 0.0065
131 21 0.0078
305 21 0.0078
313 21 0.0052
317 21 0.0013
459 21 0.0026
132 22 0.0129
134 22 0.0065
315 22 0.0065
130 23 0.0078
133 23 0.0142
135 23 0.0052
137 23 0.0052
135 24 0.0065
170 24 0.0129
171 24 0.0129
177 24 0.0026
293 24 0.0026
294 24 0.0078
465 24 0.0078
26 25 0.0129
118 25 0.0065
119 25 0.0026
125 25 0.0091
282 25 0.0065
457 25 0.0065
458 25 0.0091
25 26 0.0129
29 26 0.0181
116 26 0.0323
117 26 0.0052
71 27 0.0078
117 27 0.0078
120 27 0.0207
121 27 0.0078
311 27 0.0039
312 27 0.0065
41 28 0.0168
68 28 0.0142
276 28 0.0207
26 29 0.0181
42 29 0.0233
179 29 0.0168
284 29 0.0052
287 29 0.0103
178 30 0.0129
179 30 0.0129
277 30 0.0103
289 30 0.0078
168 31 0.0155
169 31 0.0039
170 31 0.0142
297 31 0.0052
299 31 0.0039
33 32 0.0026
139 32 0.0026
32 33 0.0026
140 33 0.0078
154 33 0.0078
176 33 0.0142
304 33 0.0013
143 34 0.0039
144 34 0.0026
300 34 0.0078
17 35 0.0039
36 35 0.0013
65 35 0.0013
35 36 0.0013
66 36 0.0013
38 37 0.0078
67 37 0.0026
68 37 0.0091
89 37 0.0013
37 38 0.0078
83 38 0.0065
89 38 0.0026
79 39 0.0091
80 39 0.0065
84 39 0.0116
74 40 0.0155
78 40 0.0078
79 40 0.0065
28 41 0.0168
73 41 0.0155
29 42 0.0233
111 42 0.0181
114 42 0.0026
108 43 0.0129
111 43 0.0142
474 43 0.0091
49 44 0.0103
92 44 0.0078
107 44 0.0026
275 44 0.0116
77 45 0.0065
78 45 0.0013
91 45 0.0039
92 45 0.0103
47 46 0.0013
91 46 0.0065
92 46 0.0065
46 47 0.0013
91 47 0.0013
105 48 0.0013
275 48 0.0129
44 49 0.0103
94 49 0.0052
99 49 0.0078
102 49 0.0052
107 49 0.0091
110 50 0.0052
272 50 0.0078
471 50 0.0091
56 51 0.0013
265 51 0.0103
268 51 0.0129
53 52 0.0155
167 52 0.0155
270 52 0.022
52 53 0.0155
162 53 0.0103
168 53 0.0116
158 54 0.0013
160 54 0.0103
162 54 0.0026
254 54 0.0026
148 55 0.0013
149 55 0.0091
153 55 0.0078
158 55 0.0091
159 55 0.0181
51 56 0.0013
257 56 0.0026
259 56 0.0052
234 57 0.0091
245 57 0.0052
246 57 0.0052
252 57 0.0065
255 57 0.0013
258 57 0.0039
231 58 0.0013
235 58 0.0013
14 59 0.0039
16 59 0.0039
60 59 0.0091
15 60 0.0039
59 60 0.0091
61 60 0.0039
14 61 0.0026
60 61 0.0039
13 62 0.0026
318 62 0.0013
16 63 0.0039
17 63 0.0065
64 63 0.0065
16 64 0.0013
63 64 0.0065
65 64 0.0039
17 65 0.0065
35 65 0.0013
64 65 0.0039
36 66 0.0013
67 66 0.0078
69 66 0.0052
37 67 0.0026
66 67 0.0078
68 67 0.0116
28 68 0.0142
37 68 0.0091
67 68 0.0116
66 69 0.0052
70 69 0.0103
72 69 0.0039
69 70 0.0103
71 70 0.0116
27 71 0.0078
70 71 0.0116
72 71 0.0052
69 72 0.0039
71 72 0.0052
41 73 0.0155
74 73 0.0142
75 73 0.0181
40 74 0.0155
73 74 0.0142
73 75 0.0181
76 75 0.0116
477 75 0.0078
75 76 0.0116
77 76 0.0129
45 77 0.0065
76 77 0.0129
78 77 0.0103
40 78 0.0078
45 78 0.0013
77 78 0.0103
39 79 0.0091
40 79 0.0065
80 79 0.0013
39 80 0.0065
79 80 0.0013
81 80 0.0039
80 81 0.0039
82 81 0.0129
84 81 0.0142
85 81 0.0078
81 82 0.0129
83 82 0.0116
38 83 0.0065
82 83 0.0116
87 83 0.0065
39 84 0.0116
81 84 0.0142
85 84 0.0013
81 85 0.0078
84 85 0.0013
86 85 0.0052
85 86 0.0052
87 86 0.0052
83 87 0.0065
86 87 0.0052
37 89 0.0013
38 89 0.0026
45 91 0.0039
46 91 0.0065
47 91 0.0013
44 92 0.0078
45 92 0.0103
46 92 0.0065
94 93 0.0065
95 93 0.0052
49 94 0.0052
93 94 0.0065
97 94 0.0103
93 95 0.0052
96 95 0.0065
95 96 0.0065
97 96 0.0091
100 96 0.0013
94 97 0.0103
96 97 0.0091
99 98 0.0065
100 98 0.0052
49 99 0.0078
98 99 0.0065
101 99 0.0078
96 100 0.0013
98 100 0.0052
101 100 0.0026
99 101 0.0078
100 101 0.0026
102 101 0.0039
49 102 0.0052
101 102 0.0039
104 103 0.0155
108 103 0.0142
103 104 0.0155
105 104 0.0103
475 104 0.0039
48 105 0.0013
104 105 0.0103
106 105 0.0065
275 105 0.0155
105 106 0.0065
107 106 0.0052
44 107 0.0026
49 107 0.0091
106 107 0.0052
43 108 0.0129
103 108 0.0142
475 108 0.0078
110 109 0.0026
473 109 0.0039
50 110 0.0052
109 110 0.0026
473 110 0.0091
42 111 0.0181
43 111 0.0142
112 111 0.0103
111 112 0.0103
113 112 0.0091
112 113 0.0091
476 113 0.0078
42 114 0.0026
115 114 0.0039
114 115 0.0039
116 115 0.0298
276 115 0.0246
26 116 0.0323
115 116 0.0298
120 116 0.0246
26 117 0.0052
27 117 0.0078
118 117 0.0013
25 118 0.0065
117 118 0.0013
119 118 0.0039
25 119 0.0026
118 119 0.0039
27 120 0.0207
116 120 0.0246
276 120 0.0026
27 121 0.0078
122 121 0.0065
121 122 0.0065
123 122 0.0065
312 122 0.0065
122 123 0.0065
124 123 0.0039
312 123 0.0039
18 124 0.0026
123 124 0.0039
20 125 0.0065
25 125 0.0091
456 125 0.0039
17 126 0.0052
18 126 0.0065
127 126 0.0026
126 127 0.0026
128 127 0.0013
15 128 0.0026
18 128 0.0052
127 128 0.0013
19 129 0.0078
459 129 0.0052
460 129 0.0065
21 130 0.0065
23 130 0.0078
21 131 0.0078
132 131 0.0091
316 131 0.0013
317 131 0.0026
22 132 0.0129
131 132 0.0091
315 132 0.0026
23 133 0.0142
134 133 0.0194
138 133 0.0039
22 134 0.0065
133 134 0.0194
139 134 0.0116
23 135 0.0052
24 135 0.0065
136 135 0.0052
135 136 0.0052
137 136 0.0013
465 136 0.0026
23 137 0.0052
136 137 0.0013
138 137 0.0026
133 138 0.0039
137 138 0.0026
139 138 0.0078
32 139 0.0026
134 139 0.0116
138 139 0.0078
33 140 0.0078
141 140 0.0129
150 140 0.0116
140 141 0.0129
142 141 0.0116
302 141 0.0078
141 142 0.0116
143 142 0.0155
301 142 0.0052
34 143 0.0039
142 143 0.0155
146 143 0.0103
34 144 0.0026
145 144 0.0013
300 144 0.0052
144 145 0.0013
301 145 0.0026
143 146 0.0103
147 146 0.0065
302 146 0.0026
146 147 0.0065
148 147 0.0052
149 147 0.0129
55 148 0.0013
147 148 0.0052
149 148 0.0026
55 149 0.0091
147 149 0.0129
148 149 0.0026
140 150 0.0116
151 150 0.0103
302 150 0.0078
150 151 0.0103
152 151 0.0078
156 151 0.0039
151 152 0.0078
153 152 0.0039
302 152 0.0026
55 153 0.0078
152 153 0.0039
157 153 0.0052
33 154 0.0078
155 154 0.0013
298 154 0.0103
154 155 0.0013
156 155 0.0026
298 155 0.0052
151 156 0.0039
155 156 0.0026
153 157 0.0052
161 157 0.0039
54 158 0.0013
55 158 0.0091
253 158 0.0039
470 158 0.0013
55 159 0.0181
160 159 0.0142
253 159 0.0052
54 160 0.0103
159 160 0.0142
161 160 0.0026
254 160 0.0065
157 161 0.0039
160 161 0.0026
53 162 0.0103
54 162 0.0026
163 162 0.0065
162 163 0.0065
164 163 0.0039
261 163 0.0013
163 164 0.0039
165 164 0.0052
164 165 0.0052
166 165 0.0078
267 165 0.0039
165 166 0.0078
167 166 0.0142
267 166 0.0129
52 167 0.0155
166 167 0.0142
31 168 0.0155
53 168 0.0116
169 168 0.0026
31 169 0.0039
168 169 0.0026
24 170 0.0129
31 170 0.0142
177 170 0.0155
24 171 0.0129
172 171 0.0129
295 171 0.0065
171 172 0.0129
173 172 0.0103
297 172 0.0013
172 173 0.0103
174 173 0.0065
296 173 0.0026
173 174 0.0065
175 174 0.0103
304 174 0.0026
174 175 0.0103
176 175 0.0091
304 175 0.0052
33 176 0.0142
175 176 0.0091
298 176 0.0039
24 177 0.0026
170 177 0.0155
178 177 0.0116
30 178 0.0129
177 178 0.0116
292 178 0.0078
29 179 0.0168
30 179 0.0129
287 179 0.0026
13 180 0.0103
181 180 0.0181
190 180 0.0065
180 181 0.0181
182 181 0.0233
189 181 0.0039
12 182 0.0233
181 182 0.0233
195 182 0.0168
451 182 0.0091
12 183 0.0116
184 183 0.0078
452 183 0.0026
12 184 0.0013
183 184 0.0078
185 184 0.0052
184 185 0.0052
186 185 0.0026
452 185 0.0013
13 186 0.0091
185 186 0.0026
187 186 0.0052
186 187 0.0052
188 187 0.0026
453 187 0.0013
187 188 0.0026
189 188 0.0052
454 188 0.0013
12 189 0.0116
181 189 0.0039
188 189 0.0052
180 190 0.0065
191 190 0.0026
195 190 0.0026
190 191 0.0026
194 191 0.0013
9 192 0.0026
193 192 0.0078
450 192 0.0026
192 193 0.0078
194 193 0.0103
450 193 0.0091
191 194 0.0013
193 194 0.0103
195 194 0.0129
182 195 0.0168
190 195 0.0026
194 195 0.0129
9 196 0.0052
10 196 0.0065
332 196 0.0078
10 197 0.0065
198 197 0.0026
333 197 0.0052
334 197 0.0065
4 198 0.0013
5 198 0.0052
197 198 0.0026
8 199 0.0078
9 199 0.0116
332 199 0.0026
4 200 0.0052
5 200 0.0039
201 200 0.0052
335 200 0.0065
200 201 0.0052
202 201 0.0065
201 202 0.0065
203 202 0.0142
206 202 0.0091
202 203 0.0142
204 203 0.0181
384 203 0.0091
435 203 0.0026
203 204 0.0181
205 204 0.0155
435 204 0.0039
2 205 0.0181
204 205 0.0155
399 205 0.0013
202 206 0.0091
207 206 0.0039
384 206 0.0039
206 207 0.0039
208 207 0.0052
210 207 0.0026
207 208 0.0052
209 208 0.0142
211 208 0.0116
2 209 0.0194
208 209 0.0142
384 209 0.0039
7 210 0.0013
207 210 0.0026
6 211 0.0103
208 211 0.0116
212 211 0.0078
6 212 0.0052
211 212 0.0078
213 212 0.0065
6 213 0.0026
212 213 0.0065
214 213 0.0052
7 214 0.0078
213 214 0.0052
215 214 0.0039
7 215 0.0052
214 215 0.0039
415 215 0.0026
7 216 0.0039
217 216 0.0039
371 216 0.0039
216 217 0.0039
218 217 0.0052
367 217 0.0052
217 218 0.0052
219 218 0.0065
366 218 0.0039
367 218 0.0026
218 219 0.0065
220 219 0.0142
372 219 0.0065
219 220 0.0142
221 220 0.0078
350 220 0.0078
220 221 0.0078
222 221 0.0103
366 221 0.0091
441 221 0.0013
221 222 0.0103
223 222 0.0116
365 222 0.0103
222 223 0.0116
224 223 0.0116
441 223 0.0039
223 224 0.0116
225 224 0.0078
344 224 0.0026
224 225 0.0078
226 225 0.0039
364 225 0.0078
225 226 0.0039
227 226 0.0065
363 226 0.0039
364 226 0.0013
226 227 0.0065
228 227 0.0103
341 227 0.0026
227 228 0.0103
229 228 0.0103
363 228 0.0091
228 229 0.0103
230 229 0.0091
327 229 0.0052
446 229 0.0039
8 230 0.0129
229 230 0.0091
323 230 0.0052
58 231 0.0013
232 231 0.0013
247 231 0.0091
250 231 0.0039
231 232 0.0013
233 232 0.0026
251 232 0.0052
232 233 0.0026
234 233 0.0052
239 233 0.0091
57 234 0.0091
233 234 0.0052
252 234 0.0026
58 235 0.0013
236 235 0.0013
247 235 0.0039
235 236 0.0013
237 236 0.0065
248 236 0.0091
236 237 0.0065
238 237 0.0052
249 237 0.0078
237 238 0.0052
239 238 0.0026
251 238 0.0091
233 239 0.0091
238 239 0.0026
240 239 0.0052
239 240 0.0052
241 240 0.0013
252 240 0.0026
240 241 0.0013
242 241 0.0026
243 241 0.0052
241 242 0.0026
243 242 0.0103
262 242 0.0065
241 243 0.0052
242 243 0.0103
244 243 0.0091
243 244 0.0091
245 244 0.0052
262 244 0.0026
57 245 0.0052
244 245 0.0052
246 245 0.0065
57 246 0.0052
245 246 0.0065
257 246 0.0052
231 247 0.0091
235 247 0.0039
248 247 0.0091
236 248 0.0091
247 248 0.0091
250 248 0.0091
237 249 0.0078
250 249 0.0039
251 249 0.0026
231 250 0.0039
248 250 0.0091
249 250 0.0039
232 251 0.0052
238 251 0.0091
249 251 0.0026
57 252 0.0065
234 252 0.0026
240 252 0.0026
158 253 0.0039
159 253 0.0052
54 254 0.0026
160 254 0.0065
469 254 0.0026
57 255 0.0013
256 255 0.0026
258 255 0.0052
255 256 0.0026
257 256 0.0013
258 256 0.0052
56 257 0.0026
246 257 0.0052
256 257 0.0013
57 258 0.0039
255 258 0.0052
256 258 0.0052
56 259 0.0052
260 259 0.0078
264 259 0.0013
259 260 0.0078
261 260 0.0065
264 260 0.0103
163 261 0.0013
260 261 0.0065
263 261 0.0039
242 262 0.0065
244 262 0.0026
263 262 0.0026
261 263 0.0039
262 263 0.0026
264 263 0.0078
259 264 0.0013
260 264 0.0103
263 264 0.0078
51 265 0.0103
266 265 0.0091
265 266 0.0091
267 266 0.0103
165 267 0.0039
166 267 0.0129
266 267 0.0103
51 268 0.0129
269 268 0.0272
271 268 0.0129
268 269 0.0272
270 269 0.0259
273 269 0.0078
52 270 0.022
269 270 0.0259
273 270 0.0026
268 271 0.0129
272 271 0.0091
274 271 0.0026
50 272 0.0078
271 272 0.0091
269 273 0.0078
270 273 0.0026
274 273 0.0039
271 274 0.0026
273 274 0.0039
44 275 0.0116
48 275 0.0129
105 275 0.0155
28 276 0.0207
115 276 0.0246
120 276 0.0026
30 277 0.0103
278 277 0.0065
288 277 0.0091
292 277 0.0026
277 278 0.0065
279 278 0.0052
278 279 0.0052
285 279 0.0039
281 280 0.0039
458 280 0.0052
280 281 0.0039
282 281 0.0065
283 281 0.0013
25 282 0.0065
281 282 0.0065
283 282 0.0039
281 283 0.0013
282 283 0.0039
284 283 0.0013
29 284 0.0052
283 284 0.0013
286 284 0.0026
279 285 0.0039
291 285 0.0052
284 286 0.0026
287 286 0.0039
29 287 0.0103
179 287 0.0026
286 287 0.0039
290 287 0.0039
277 288 0.0091
289 288 0.0065
291 288 0.0065
30 289 0.0078
288 289 0.0065
290 289 0.0052
287 290 0.0039
289 290 0.0052
291 290 0.0026
285 291 0.0052
288 291 0.0065
290 291 0.0026
178 292 0.0078
277 292 0.0026
293 292 0.0039
24 293 0.0026
292 293 0.0039
24 294 0.0078
295 294 0.0039
466 294 0.0052
171 295 0.0065
294 295 0.0039
296 295 0.0065
467 295 0.0039
173 296 0.0026
295 296 0.0065
467 296 0.0026
31 297 0.0052
172 297 0.0013
299 297 0.0026
154 298 0.0103
155 298 0.0052
176 298 0.0039
31 299 0.0039
297 299 0.0026
34 300 0.0078
144 300 0.0052
301 300 0.0065
142 301 0.0052
145 301 0.0026
300 301 0.0065
141 302 0.0078
146 302 0.0026
150 302 0.0078
152 302 0.0026
33 304 0.0013
174 304 0.0026
175 304 0.0052
21 305 0.0078
306 305 0.0039
314 305 0.0052
305 306 0.0039
307 306 0.0026
20 307 0.0065
306 307 0.0026
455 307 0.0026
15 309 0.0052
19 309 0.0091
464 309 0.0026
311 310 0.0026
312 310 0.0039
27 311 0.0039
310 311 0.0026
27 312 0.0065
122 312 0.0065
123 312 0.0039
310 312 0.0039
21 313 0.0052
314 313 0.0039
305 314 0.0052
313 314 0.0039
22 315 0.0065
132 315 0.0026
316 315 0.0026
131 316 0.0013
315 316 0.0026
21 317 0.0013
131 317 0.0026
13 318 0.0026
14 318 0.0052
62 318 0.0013
12 319 0.0065
320 319 0.0052
319 320 0.0052
321 320 0.0013
451 320 0.0026
9 321 0.0052
320 321 0.0013
322 321 0.0026
9 322 0.0052
321 322 0.0026
449 322 0.0013
230 323 0.0052
324 323 0.0013
449 323 0.0026
11 324 0.0013
323 324 0.0013
325 324 0.0039
11 325 0.0052
324 325 0.0039
326 325 0.0065
328 325 0.0052
11 326 0.0013
325 326 0.0065
329 326 0.0039
229 327 0.0052
328 327 0.0026
330 327 0.0065
325 328 0.0052
327 328 0.0026
329 328 0.0065
326 329 0.0039
328 329 0.0065
330 329 0.0013
327 330 0.0065
329 330 0.0013
363 330 0.0039
8 331 0.0078
9 331 0.0065
449 331 0.0052
196 332 0.0078
199 332 0.0026
333 332 0.0039
197 333 0.0052
332 333 0.0039
5 334 0.0091
197 334 0.0065
358 334 0.0039
4 335 0.0052
200 335 0.0065
336 335 0.0052
4 336 0.0013
335 336 0.0052
337 336 0.0026
336 337 0.0026
338 337 0.0065
339 337 0.0026
337 338 0.0065
339 338 0.0078
3 339 0.0065
337 339 0.0026
338 339 0.0078
340 339 0.0039
3 340 0.0026
339 340 0.0039
227 341 0.0026
342 341 0.0052
443 341 0.0026
341 342 0.0052
343 342 0.0039
445 342 0.0039
447 342 0.0078
8 343 0.0091
342 343 0.0039
362 343 0.0039
224 344 0.0026
441 344 0.0013
346 345 0.0052
442 345 0.0039
345 346 0.0052
347 346 0.0091
374 346 0.0026
346 347 0.0091
348 347 0.0103
375 347 0.0039
377 347 0.0052
347 348 0.0103
349 348 0.0129
351 348 0.0116
348 349 0.0129
350 349 0.0091
442 349 0.0026
220 350 0.0078
349 350 0.0091
348 351 0.0116
352 351 0.0091
379 351 0.0065
351 352 0.0091
353 352 0.0052
372 352 0.0103
7 353 0.0026
352 353 0.0052
372 353 0.0026
382 353 0.0052
8 354 0.0039
355 354 0.0026
448 354 0.0052
354 355 0.0026
356 355 0.0065
360 355 0.0052
355 356 0.0065
357 356 0.0052
361 356 0.0078
356 357 0.0052
358 357 0.0039
448 357 0.0013
5 358 0.0065
334 358 0.0039
357 358 0.0039
8 359 0.0039
362 359 0.0026
355 360 0.0052
361 360 0.0039
5 361 0.0026
356 361 0.0078
360 361 0.0039
343 362 0.0039
359 362 0.0026
226 363 0.0039
228 363 0.0091
330 363 0.0039
225 364 0.0078
226 364 0.0013
365 364 0.0052
222 365 0.0103
364 365 0.0052
366 365 0.0039
218 366 0.0039
221 366 0.0091
365 366 0.0039
217 367 0.0052
218 367 0.0026
368 367 0.0013
367 368 0.0013
369 368 0.0026
371 368 0.0052
368 369 0.0026
370 369 0.0078
373 369 0.0039
7 370 0.0065
369 370 0.0078
371 370 0.0052
216 371 0.0039
368 371 0.0052
370 371 0.0052
219 372 0.0065
352 372 0.0103
353 372 0.0026
7 373 0.0065
369 373 0.0039
415 373 0.0013
346 374 0.0026
375 374 0.0065
376 374 0.0026
347 375 0.0039
374 375 0.0065
376 375 0.0039
374 376 0.0026
375 376 0.0039
347 377 0.0052
378 377 0.0078
383 377 0.0026
377 378 0.0078
379 378 0.0065
383 378 0.0052
351 379 0.0065
378 379 0.0065
380 379 0.0039
379 380 0.0039
381 380 0.0013
383 380 0.0013
380 381 0.0013
382 381 0.0026
7 382 0.0039
353 382 0.0052
381 382 0.0026
377 383 0.0026
378 383 0.0052
380 383 0.0013
203 384 0.0091
206 384 0.0039
209 384 0.0039
2 385 0.0065
386 385 0.0065
398 385 0.0065
385 386 0.0065
387 386 0.0091
400 386 0.0052
440 386 0.0026
386 387 0.0091
388 387 0.0065
400 387 0.0013
387 388 0.0065
389 388 0.0052
440 388 0.0052
388 389 0.0052
390 389 0.0026
440 389 0.0013
389 390 0.0026
391 390 0.0142
396 390 0.0091
390 391 0.0142
392 391 0.0091
438 391 0.0039
391 392 0.0091
393 392 0.0078
392 393 0.0078
394 393 0.0091
393 394 0.0091
395 394 0.0052
397 394 0.0078
3 395 0.0026
394 395 0.0052
397 395 0.0013
390 396 0.0091
397 396 0.0078
438 396 0.0078
394 397 0.0078
395 397 0.0013
396 397 0.0078
439 397 0.0039
2 398 0.0065
385 398 0.0065
399 398 0.0026
400 398 0.0026
205 399 0.0013
398 399 0.0026
386 400 0.0052
387 400 0.0013
398 400 0.0026
2 401 0.0116
402 401 0.0103
2 402 0.0026
401 402 0.0103
403 402 0.0065
402 403 0.0065
404 403 0.0026
413 403 0.0103
403 404 0.0026
405 404 0.0052
414 404 0.0065
404 405 0.0052
406 405 0.0052
422 405 0.0103
405 406 0.0052
407 406 0.0039
423 406 0.0078
406 407 0.0039
408 407 0.0065
437 407 0.0039
407 408 0.0065
409 408 0.0052
424 408 0.0065
429 408 0.0039
408 409 0.0052
424 409 0.0026
426 409 0.0026
432 409 0.0039
433 409 0.0078
6 410 0.0129
411 410 0.0103
425 410 0.0065
410 411 0.0103
412 411 0.0091
436 411 0.0026
411 412 0.0091
413 412 0.0078
403 413 0.0103
412 413 0.0078
414 413 0.0013
404 414 0.0065
413 414 0.0013
421 414 0.0039
6 415 0.0026
215 415 0.0026
373 415 0.0013
416 415 0.0013
6 416 0.0065
415 416 0.0013
417 416 0.0039
416 417 0.0039
418 417 0.0052
425 417 0.0103
417 418 0.0052
419 418 0.0013
425 418 0.0026
418 419 0.0013
420 419 0.0026
436 419 0.0052
419 420 0.0026
436 420 0.0039
414 421 0.0039
422 421 0.0052
405 422 0.0103
421 422 0.0052
423 422 0.0039
406 423 0.0078
422 423 0.0039
424 423 0.0026
408 424 0.0065
409 424 0.0026
423 424 0.0026
410 425 0.0065
417 425 0.0103
418 425 0.0026
1 426 0.0039
409 426 0.0026
427 426 0.0078
426 427 0.0078
428 427 0.0065
431 427 0.0052
1 428 0.0039
427 428 0.0065
430 428 0.0013
408 429 0.0039
437 429 0.0026
428 430 0.0013
431 430 0.0026
427 431 0.0052
430 431 0.0026
433 431 0.0039
409 432 0.0039
433 432 0.0026
409 433 0.0078
431 433 0.0039
432 433 0.0026
203 435 0.0026
204 435 0.0039
411 436 0.0026
419 436 0.0052
420 436 0.0039
407 437 0.0039
429 437 0.0026
391 438 0.0039
396 438 0.0078
439 438 0.0026
397 439 0.0039
438 439 0.0026
386 440 0.0026
388 440 0.0052
389 440 0.0013
221 441 0.0013
223 441 0.0039
344 441 0.0013
345 442 0.0039
349 442 0.0026
341 443 0.0026
444 443 0.0013
445 443 0.0052
443 444 0.0013
445 444 0.0026
342 445 0.0039
443 445 0.0052
444 445 0.0026
229 446 0.0039
447 446 0.0026
8 447 0.0116
342 447 0.0078
446 447 0.0026
8 448 0.0026
354 448 0.0052
357 448 0.0013
322 449 0.0013
323 449 0.0026
331 449 0.0052
192 450 0.0026
193 450 0.0091
451 450 0.0052
182 451 0.0091
320 451 0.0026
450 451 0.0052
12 452 0.0052
183 452 0.0026
185 452 0.0013
13 453 0.0052
187 453 0.0013
454 453 0.0026
188 454 0.0013
453 454 0.0026
20 455 0.0039
307 455 0.0026
125 456 0.0039
457 456 0.0026
25 457 0.0065
456 457 0.0026
458 457 0.0026
25 458 0.0091
280 458 0.0052
457 458 0.0026
21 459 0.0026
129 459 0.0052
460 459 0.0013
129 460 0.0065
459 460 0.0013
461 460 0.0039
19 461 0.0052
460 461 0.0039
463 462 0.0039
464 462 0.0026
19 463 0.0039
462 463 0.0039
464 463 0.0065
309 464 0.0026
462 464 0.0026
463 464 0.0065
24 465 0.0078
136 465 0.0026
466 465 0.0039
294 466 0.0052
465 466 0.0039
295 467 0.0039
296 467 0.0026
469 468 0.0039
470 468 0.0026
254 469 0.0026
468 469 0.0039
470 469 0.0052
158 470 0.0013
468 470 0.0026
469 470 0.0052
50 471 0.0091
472 471 0.0026
474 471 0.0052
471 472 0.0026
473 472 0.0039
109 473 0.0039
110 473 0.0091
472 473 0.0039
43 474 0.0091
471 474 0.0052
475 474 0.0026
104 475 0.0039
108 475 0.0078
474 475 0.0026
113 476 0.0078
477 476 0.0065
75 477 0.0078
476 477 0.0065
