5 1 0.0066
49 1 0.0066
56 1 0.0165
158 2 0.0198
164 2 0.0033
36 3 0.0066
52 3 0.0066
19 4 0.0132
66 4 0.0198
194 4 0.0264
195 4 0.0264
1 5 0.0066
10 5 0.0099
56 5 0.0198
191 6 0.0099
196 6 0.0099
103 8 0.0099
104 8 0.0132
111 8 0.0165
186 8 0.0099
188 8 0.0099
190 8 0.0132
191 8 0.0033
129 9 0.0198
131 9 0.0132
139 9 0.0099
183 9 0.0165
5 10 0.0099
15 10 0.0033
56 10 0.0033
157 11 0.0033
168 11 0.0033
13 12 0.0033
154 12 0.0165
157 12 0.0066
159 12 0.0198
12 13 0.0033
14 13 0.0099
108 13 0.0198
13 14 0.0099
72 14 0.0066
106 14 0.0198
10 15 0.0033
56 15 0.0033
56 16 0.0198
57 16 0.0132
88 16 0.0132
98 16 0.0198
82 17 0.0165
85 17 0.0165
171 17 0.0165
173 17 0.0165
68 18 0.0198
71 18 0.0066
164 18 0.0132
170 18 0.0264
4 19 0.0132
194 19 0.0066
195 19 0.0033
70 20 0.0066
117 20 0.0165
180 20 0.0066
51 21 0.0033
58 21 0.0132
67 21 0.0066
70 21 0.0066
74 21 0.0066
23 22 0.0099
46 22 0.0066
50 22 0.0165
64 22 0.0132
199 22 0.0165
22 23 0.0099
50 23 0.0132
163 23 0.0099
166 23 0.0132
174 23 0.0099
25 24 0.0231
78 24 0.0165
81 24 0.0231
87 24 0.0297
117 24 0.0165
24 25 0.0231
26 25 0.0231
100 25 0.0132
118 25 0.0132
175 25 0.0165
25 26 0.0231
100 26 0.0066
122 26 0.0165
54 27 0.0231
80 27 0.0198
124 27 0.0033
134 27 0.0198
54 28 0.0231
135 28 0.0165
162 28 0.0231
30 29 0.0066
148 29 0.0297
153 29 0.0231
29 30 0.0066
31 30 0.0066
30 31 0.0066
47 31 0.0132
148 31 0.0231
39 32 0.0264
42 32 0.0264
47 32 0.0165
69 32 0.0066
102 32 0.0066
175 35 0.0198
180 35 0.0066
192 35 0.0099
3 36 0.0066
52 36 0.0132
101 36 0.0033
65 37 0.0198
96 37 0.0198
197 37 0.0099
39 38 0.0132
40 38 0.0033
102 38 0.0066
32 39 0.0264
38 39 0.0132
69 39 0.0231
38 40 0.0033
41 40 0.0066
69 40 0.0132
40 41 0.0066
42 41 0.0165
162 41 0.0066
32 42 0.0264
41 42 0.0165
110 42 0.0066
44 43 0.0132
77 43 0.0165
120 43 0.0198
43 44 0.0132
66 44 0.0198
73 44 0.0231
136 45 0.0165
139 45 0.0033
178 45 0.0099
22 46 0.0066
51 46 0.0132
199 46 0.0231
31 47 0.0132
32 47 0.0165
110 47 0.0132
140 48 0.0066
151 48 0.0066
177 48 0.0033
1 49 0.0066
52 49 0.0033
73 49 0.0132
22 50 0.0165
23 50 0.0132
197 50 0.0132
21 51 0.0033
46 51 0.0132
198 51 0.0066
3 52 0.0066
36 52 0.0132
49 52 0.0033
55 53 0.0066
75 53 0.0231
162 53 0.0132
27 54 0.0231
28 54 0.0231
134 54 0.0165
53 55 0.0066
60 55 0.0132
63 55 0.0231
1 56 0.0165
5 56 0.0198
10 56 0.0033
15 56 0.0033
16 56 0.0198
196 56 0.0099
16 57 0.0132
94 57 0.0132
97 57 0.0033
103 57 0.0099
21 58 0.0132
64 58 0.0099
67 58 0.0132
93 59 0.0165
101 59 0.0132
193 59 0.0132
55 60 0.0132
61 60 0.0231
189 60 0.0066
60 61 0.0231
62 61 0.0165
189 61 0.0033
61 62 0.0165
63 62 0.0264
92 62 0.0132
55 63 0.0231
62 63 0.0264
75 63 0.0198
22 64 0.0132
58 64 0.0099
197 64 0.0132
37 65 0.0198
67 65 0.0033
81 65 0.0132
4 66 0.0198
44 66 0.0198
82 66 0.0165
21 67 0.0066
58 67 0.0132
65 67 0.0033
18 68 0.0198
99 68 0.0165
171 68 0.0198
32 69 0.0066
39 69 0.0231
40 69 0.0132
20 70 0.0066
21 70 0.0066
74 70 0.0165
18 71 0.0066
72 71 0.0099
99 71 0.0198
14 72 0.0066
71 72 0.0099
94 72 0.0198
44 73 0.0231
49 73 0.0132
120 73 0.0066
21 74 0.0066
70 74 0.0165
78 74 0.0066
53 75 0.0231
63 75 0.0198
141 75 0.0264
77 76 0.0132
120 76 0.0099
43 77 0.0165
76 77 0.0132
24 78 0.0165
74 78 0.0066
81 78 0.0066
124 79 0.0198
135 79 0.0198
138 79 0.0297
27 80 0.0198
83 80 0.0132
141 80 0.0231
24 81 0.0231
65 81 0.0132
78 81 0.0066
17 82 0.0165
66 82 0.0165
85 82 0.0165
80 83 0.0132
84 83 0.0165
187 83 0.0132
83 84 0.0165
86 84 0.0099
185 84 0.0099
17 85 0.0165
82 85 0.0165
88 85 0.0165
84 86 0.0099
91 86 0.0132
141 86 0.0198
24 87 0.0297
90 87 0.0165
96 87 0.0165
16 88 0.0132
85 88 0.0165
89 88 0.0132
88 89 0.0132
94 89 0.0165
99 89 0.0198
87 90 0.0165
118 90 0.0066
143 90 0.0066
86 91 0.0132
92 91 0.0165
121 91 0.0066
62 92 0.0132
91 92 0.0165
113 92 0.0066
59 93 0.0165
101 93 0.0066
192 93 0.0066
57 94 0.0132
72 94 0.0198
89 94 0.0165
97 95 0.0132
98 95 0.0297
188 95 0.0132
37 96 0.0198
87 96 0.0165
174 96 0.0165
181 96 0.0132
57 97 0.0033
95 97 0.0132
98 97 0.0066
16 98 0.0198
95 98 0.0297
97 98 0.0066
68 99 0.0165
71 99 0.0198
89 99 0.0198
25 100 0.0132
26 100 0.0066
118 100 0.0033
36 101 0.0033
59 101 0.0132
93 101 0.0066
32 102 0.0066
38 102 0.0066
8 103 0.0099
57 103 0.0099
104 103 0.0165
8 104 0.0132
103 104 0.0165
106 104 0.0132
107 105 0.0066
109 105 0.0099
14 106 0.0198
104 106 0.0132
108 106 0.0165
105 107 0.0066
109 107 0.0198
114 107 0.0099
13 108 0.0198
106 108 0.0165
111 108 0.0132
105 109 0.0099
107 109 0.0198
113 109 0.0132
42 110 0.0066
47 110 0.0132
152 110 0.0033
8 111 0.0165
108 111 0.0132
116 111 0.0198
92 113 0.0066
109 113 0.0132
115 113 0.0165
107 114 0.0099
115 114 0.0198
125 114 0.0066
113 115 0.0165
114 115 0.0198
119 115 0.0132
111 116 0.0198
128 116 0.0198
183 116 0.0231
20 117 0.0165
24 117 0.0165
180 117 0.0165
25 118 0.0132
90 118 0.0066
100 118 0.0033
115 119 0.0132
121 119 0.0165
130 119 0.0198
43 120 0.0198
73 120 0.0066
76 120 0.0099
91 121 0.0066
119 121 0.0165
137 121 0.0132
26 122 0.0165
123 122 0.0198
122 123 0.0198
124 123 0.0132
132 123 0.0363
27 124 0.0033
79 124 0.0198
123 124 0.0132
114 125 0.0066
126 125 0.0198
146 125 0.0099
125 126 0.0198
127 126 0.0231
150 126 0.0132
126 127 0.0231
130 127 0.0198
140 127 0.0165
150 127 0.0066
116 128 0.0198
129 128 0.0165
9 129 0.0198
128 129 0.0165
131 129 0.0066
154 129 0.0033
119 130 0.0198
127 130 0.0198
133 130 0.0231
9 131 0.0132
129 131 0.0066
136 131 0.0033
123 132 0.0363
138 132 0.0396
130 133 0.0231
137 133 0.0132
140 133 0.0132
27 134 0.0198
54 134 0.0165
135 134 0.0198
28 135 0.0165
79 135 0.0198
134 135 0.0198
45 136 0.0165
131 136 0.0033
176 136 0.0099
121 137 0.0132
133 137 0.0132
185 137 0.0033
79 138 0.0297
132 138 0.0396
158 138 0.0264
9 139 0.0099
45 139 0.0033
186 139 0.0033
48 140 0.0066
127 140 0.0165
133 140 0.0132
75 141 0.0264
80 141 0.0231
86 141 0.0198
159 142 0.0165
168 142 0.0132
179 142 0.0198
90 143 0.0066
182 143 0.0132
187 143 0.0165
125 146 0.0099
147 146 0.0198
155 146 0.0066
146 147 0.0198
150 147 0.0033
151 147 0.0165
155 147 0.0198
29 148 0.0297
31 148 0.0231
152 148 0.0165
126 150 0.0132
127 150 0.0066
147 150 0.0033
48 151 0.0066
147 151 0.0165
169 151 0.0132
110 152 0.0033
148 152 0.0165
153 152 0.0099
29 153 0.0231
152 153 0.0099
158 153 0.0099
12 154 0.0165
129 154 0.0033
179 154 0.0099
146 155 0.0066
147 155 0.0198
156 155 0.0099
155 156 0.0099
160 156 0.0033
169 156 0.0165
11 157 0.0033
12 157 0.0066
159 157 0.0132
2 158 0.0198
138 158 0.0264
153 158 0.0099
12 159 0.0198
142 159 0.0165
157 159 0.0132
156 160 0.0033
161 160 0.0066
166 160 0.0132
160 161 0.0066
163 161 0.0099
28 162 0.0231
41 162 0.0066
53 162 0.0132
23 163 0.0099
161 163 0.0099
166 163 0.0165
2 164 0.0033
18 164 0.0132
167 164 0.0066
23 166 0.0132
160 166 0.0132
163 166 0.0165
164 167 0.0066
170 167 0.0099
11 168 0.0033
142 168 0.0132
178 168 0.0066
151 169 0.0132
156 169 0.0165
172 169 0.0066
18 170 0.0264
167 170 0.0099
171 170 0.0198
17 171 0.0165
68 171 0.0198
170 171 0.0198
169 172 0.0066
174 172 0.0165
177 172 0.0132
17 173 0.0165
175 173 0.0198
195 173 0.0198
23 174 0.0099
96 174 0.0165
172 174 0.0165
25 175 0.0165
35 175 0.0198
173 175 0.0198
136 176 0.0099
178 176 0.0198
179 176 0.0066
48 177 0.0033
172 177 0.0132
181 177 0.0132
45 178 0.0099
168 178 0.0066
176 178 0.0198
142 179 0.0198
154 179 0.0099
176 179 0.0066
20 180 0.0066
35 180 0.0066
117 180 0.0165
96 181 0.0132
177 181 0.0132
182 181 0.0033
143 182 0.0132
181 182 0.0033
184 182 0.0132
9 183 0.0165
116 183 0.0231
186 183 0.0165
182 184 0.0132
185 184 0.0099
187 184 0.0198
84 185 0.0099
137 185 0.0033
184 185 0.0099
8 186 0.0099
139 186 0.0033
183 186 0.0165
83 187 0.0132
143 187 0.0165
184 187 0.0198
8 188 0.0099
95 188 0.0132
190 188 0.0198
60 189 0.0066
61 189 0.0033
8 190 0.0132
188 190 0.0198
191 190 0.0165
6 191 0.0099
8 191 0.0033
190 191 0.0165
35 192 0.0099
93 192 0.0066
193 192 0.0198
59 193 0.0132
192 193 0.0198
194 193 0.0165
4 194 0.0264
19 194 0.0066
193 194 0.0165
4 195 0.0264
19 195 0.0033
173 195 0.0198
6 196 0.0099
56 196 0.0099
37 197 0.0099
50 197 0.0132
64 197 0.0132
51 198 0.0066
199 198 0.0099
22 199 0.0165
46 199 0.0231
198 199 0.0099
