22 1 0.0031
112 1 0.0172
169 2 0.0031
170 2 0.0094
178 2 0.0047
168 3 0.0031
171 3 0.0094
172 3 0.0203
173 3 0.011
175 3 0.0047
164 4 0.0078
168 4 0.0031
174 4 0.0031
187 5 0.0094
194 5 0.0078
196 5 0.0063
197 5 0.0047
327 5 0.0078
189 6 0.0047
190 6 0.0016
198 6 0.0016
160 7 0.0094
325 7 0.0188
326 7 0.011
330 7 0.0063
331 7 0.0016
333 7 0.0156
9 8 0.0141
167 8 0.011
177 8 0.0016
8 9 0.0141
153 9 0.0063
155 9 0.0078
165 9 0.0172
166 9 0.0094
177 9 0.0031
131 10 0.011
146 10 0.0031
147 10 0.0094
150 10 0.011
151 10 0.0031
154 10 0.0063
126 11 0.0047
128 11 0.0047
129 11 0.0063
130 11 0.0172
148 11 0.0219
50 12 0.0047
51 12 0.0063
52 12 0.0063
54 12 0.0172
55 12 0.0235
115 12 0.0047
42 13 0.0063
59 13 0.0031
79 13 0.0016
85 13 0.0047
60 14 0.0063
63 14 0.0047
84 14 0.0078
87 14 0.0031
68 15 0.0031
82 15 0.0063
93 15 0.0016
17 16 0.011
36 16 0.011
16 17 0.011
35 17 0.0031
98 17 0.0125
110 17 0.0047
45 18 0.0078
55 18 0.025
97 18 0.0203
115 18 0.0063
108 19 0.0078
109 19 0.0031
110 19 0.0203
112 19 0.0203
113 19 0.0031
48 20 0.0031
56 20 0.0047
62 20 0.0031
78 20 0.0031
191 20 0.0063
40 21 0.0047
49 21 0.0078
139 21 0.0016
399 21 0.0047
1 22 0.0031
141 22 0.0078
144 22 0.0031
152 22 0.0078
144 23 0.0063
152 23 0.0094
362 23 0.0078
137 24 0.0141
143 24 0.0125
337 24 0.0141
338 24 0.0031
294 25 0.0063
295 25 0.0016
305 25 0.0094
323 25 0.0063
335 25 0.0063
343 26 0.0141
344 26 0.0031
361 26 0.0094
363 26 0.0031
364 26 0.0125
365 26 0.0078
357 27 0.0063
358 27 0.0031
359 27 0.0031
360 27 0.0063
370 27 0.0078
371 27 0.0063
372 27 0.0063
89 28 0.0078
313 28 0.0047
315 28 0.0078
349 28 0.0094
350 28 0.0063
352 28 0.0078
353 28 0.0047
387 28 0.0047
268 29 0.0047
271 29 0.0031
276 29 0.0063
277 29 0.0063
286 29 0.0063
287 29 0.0078
289 29 0.0094
290 29 0.0031
246 30 0.0031
251 30 0.0078
252 30 0.0078
266 30 0.0016
224 31 0.0047
239 31 0.0047
392 32 0.0031
397 32 0.0031
375 33 0.0078
376 33 0.0094
379 33 0.0125
380 33 0.0063
381 33 0.0063
35 34 0.0016
105 34 0.0031
17 35 0.0031
34 35 0.0016
105 35 0.0078
107 35 0.0094
16 36 0.011
43 36 0.011
39 37 0.0016
48 37 0.0047
90 37 0.0078
49 38 0.0047
81 38 0.0047
406 38 0.0047
37 39 0.0016
40 39 0.0063
47 39 0.0031
21 40 0.0047
39 40 0.0063
44 40 0.0063
42 41 0.011
57 41 0.011
13 42 0.0063
41 42 0.011
57 42 0.0031
36 43 0.011
45 43 0.0031
98 43 0.0063
40 44 0.0063
47 44 0.0078
139 44 0.0063
18 45 0.0078
43 45 0.0031
46 45 0.0031
45 46 0.0031
55 46 0.0063
159 46 0.0016
39 47 0.0031
44 47 0.0078
139 47 0.0031
20 48 0.0031
37 48 0.0047
53 48 0.0094
21 49 0.0078
38 49 0.0047
411 49 0.0078
12 50 0.0047
51 50 0.0016
159 50 0.0016
12 51 0.0063
50 51 0.0016
52 51 0.0031
12 52 0.0063
51 52 0.0031
54 52 0.0016
48 53 0.0094
56 53 0.0031
240 53 0.0047
12 54 0.0172
52 54 0.0016
119 54 0.0141
12 55 0.0235
18 55 0.025
46 55 0.0063
20 56 0.0047
53 56 0.0031
41 57 0.011
42 57 0.0031
59 57 0.0063
179 58 0.0031
181 58 0.0047
13 59 0.0031
57 59 0.0063
60 59 0.0016
14 60 0.0063
59 60 0.0016
63 60 0.0031
62 61 0.0063
65 61 0.0094
181 61 0.0047
20 62 0.0031
61 62 0.0063
66 62 0.0078
14 63 0.0047
60 63 0.0031
65 64 0.0078
179 64 0.0031
193 64 0.0031
61 65 0.0094
64 65 0.0078
66 65 0.0094
62 66 0.0078
65 66 0.0094
67 66 0.0063
66 67 0.0063
72 67 0.0047
191 67 0.0031
15 68 0.0031
69 68 0.0078
88 68 0.0031
68 69 0.0078
70 69 0.0141
77 69 0.0141
69 70 0.0141
71 70 0.0078
84 70 0.0078
70 71 0.0078
73 71 0.0125
74 71 0.0031
67 72 0.0047
193 72 0.0078
195 72 0.0047
71 73 0.0125
74 73 0.0156
121 73 0.0047
71 74 0.0031
73 74 0.0156
75 74 0.011
74 75 0.011
76 75 0.0156
86 75 0.0031
75 76 0.0156
77 76 0.0125
86 76 0.0141
69 77 0.0141
76 77 0.0125
79 77 0.0063
20 78 0.0031
191 78 0.0047
13 79 0.0016
77 79 0.0063
82 79 0.0031
81 80 0.0016
90 80 0.0031
240 80 0.0063
38 81 0.0047
80 81 0.0016
381 81 0.0016
15 82 0.0063
79 82 0.0031
96 82 0.0016
400 83 0.0031
401 83 0.0078
405 83 0.0031
14 84 0.0078
70 84 0.0078
87 84 0.0063
88 84 0.0063
13 85 0.0047
86 85 0.0094
121 85 0.0031
75 86 0.0031
76 86 0.0141
85 86 0.0094
14 87 0.0031
84 87 0.0063
88 87 0.0016
68 88 0.0031
84 88 0.0063
87 88 0.0016
28 89 0.0078
91 89 0.0063
313 89 0.0063
37 90 0.0078
80 90 0.0031
240 90 0.0125
89 91 0.0063
92 91 0.0078
383 91 0.0063
91 92 0.0078
384 92 0.0094
386 92 0.0094
15 93 0.0016
94 93 0.0016
95 93 0.0047
93 94 0.0016
95 94 0.0063
96 94 0.0031
93 95 0.0047
94 95 0.0063
96 95 0.0063
82 96 0.0016
94 96 0.0031
95 96 0.0063
18 97 0.0203
98 97 0.0047
110 97 0.0172
17 98 0.0125
43 98 0.0063
97 98 0.0047
100 99 0.0078
308 99 0.0031
312 99 0.0031
99 100 0.0078
101 100 0.0078
309 100 0.0078
100 101 0.0078
309 101 0.0047
310 101 0.0047
103 102 0.0031
297 102 0.0047
299 102 0.0094
102 103 0.0031
300 103 0.0078
316 103 0.0031
354 104 0.0031
356 104 0.0063
368 104 0.0016
34 105 0.0031
35 105 0.0078
117 105 0.0063
109 106 0.0031
117 106 0.0047
35 107 0.0094
108 107 0.0078
117 107 0.0094
19 108 0.0078
107 108 0.0078
109 108 0.0078
19 109 0.0031
106 109 0.0031
108 109 0.0078
17 110 0.0047
19 110 0.0203
97 110 0.0172
284 111 0.0031
306 111 0.0078
307 111 0.0031
1 112 0.0172
19 112 0.0203
113 112 0.0047
19 113 0.0031
112 113 0.0047
216 114 0.011
217 114 0.0031
244 114 0.0063
12 115 0.0047
18 115 0.0063
105 117 0.0063
106 117 0.0047
107 117 0.0094
54 119 0.0141
120 119 0.0094
122 119 0.0188
119 120 0.0094
127 120 0.0078
73 121 0.0047
85 121 0.0031
119 122 0.0188
123 122 0.0203
122 123 0.0203
124 123 0.0235
153 123 0.0047
123 124 0.0235
146 124 0.0063
149 124 0.0219
11 126 0.0047
127 126 0.0063
149 126 0.0125
120 127 0.0078
126 127 0.0063
11 128 0.0047
129 128 0.0031
11 129 0.0063
128 129 0.0031
130 129 0.0016
11 130 0.0172
129 130 0.0016
131 130 0.0141
10 131 0.011
130 131 0.0141
132 131 0.0172
131 132 0.0172
161 132 0.0125
324 132 0.0156
134 133 0.0078
346 133 0.0063
133 134 0.0078
135 134 0.0094
134 135 0.0094
136 135 0.0078
338 135 0.0094
135 136 0.0078
137 136 0.0156
339 136 0.0063
24 137 0.0141
136 137 0.0156
138 137 0.0094
137 138 0.0094
140 138 0.0031
339 138 0.0047
21 139 0.0016
44 139 0.0063
47 139 0.0031
138 140 0.0031
141 140 0.0047
143 140 0.0094
22 141 0.0078
140 141 0.0047
142 141 0.0141
141 142 0.0141
143 142 0.0141
340 142 0.0078
24 143 0.0125
140 143 0.0094
142 143 0.0141
22 144 0.0031
23 144 0.0063
145 144 0.0016
144 145 0.0016
399 145 0.0031
404 145 0.0063
10 146 0.0031
124 146 0.0063
147 146 0.0078
150 146 0.0047
10 147 0.0094
146 147 0.0078
148 147 0.0063
11 148 0.0219
147 148 0.0063
149 148 0.0203
124 149 0.0219
126 149 0.0125
148 149 0.0203
10 150 0.011
146 150 0.0047
151 150 0.0141
10 151 0.0031
150 151 0.0141
153 151 0.0094
22 152 0.0078
23 152 0.0094
344 152 0.0094
9 153 0.0063
123 153 0.0047
151 153 0.0094
10 154 0.0063
155 154 0.0016
156 154 0.0031
9 155 0.0078
154 155 0.0016
163 155 0.0047
154 156 0.0031
157 156 0.0063
158 156 0.0016
156 157 0.0063
158 157 0.011
161 157 0.0125
156 158 0.0016
157 158 0.011
160 158 0.0078
46 159 0.0016
50 159 0.0016
7 160 0.0094
158 160 0.0078
326 160 0.0063
132 161 0.0125
157 161 0.0125
325 161 0.011
155 163 0.0047
164 163 0.0047
4 164 0.0078
163 164 0.0047
165 164 0.0141
9 165 0.0172
164 165 0.0141
166 165 0.0016
9 166 0.0094
165 166 0.0016
177 166 0.0063
8 167 0.011
168 167 0.0078
169 167 0.011
3 168 0.0031
4 168 0.0031
167 168 0.0078
2 169 0.0031
167 169 0.011
172 169 0.0156
2 170 0.0094
171 170 0.0047
178 170 0.0031
3 171 0.0094
170 171 0.0047
172 171 0.0031
3 172 0.0203
169 172 0.0156
171 172 0.0031
3 173 0.011
174 173 0.0078
176 173 0.0047
4 174 0.0031
173 174 0.0078
180 174 0.0031
3 175 0.0047
176 175 0.0031
173 176 0.0047
175 176 0.0031
8 177 0.0016
9 177 0.0031
166 177 0.0063
2 178 0.0047
170 178 0.0031
58 179 0.0031
64 179 0.0031
181 179 0.0078
174 180 0.0031
182 180 0.0047
183 180 0.0063
58 181 0.0047
61 181 0.0047
179 181 0.0078
180 182 0.0047
183 182 0.0031
180 183 0.0063
182 183 0.0031
184 183 0.0016
183 184 0.0016
185 184 0.0094
190 184 0.0063
184 185 0.0094
186 185 0.0047
188 185 0.0094
185 186 0.0047
187 186 0.0078
192 186 0.0016
5 187 0.0094
186 187 0.0078
192 187 0.0063
185 188 0.0094
189 188 0.0094
212 188 0.0047
6 189 0.0047
188 189 0.0094
190 189 0.0094
6 190 0.0016
184 190 0.0063
189 190 0.0094
20 191 0.0063
67 191 0.0031
78 191 0.0047
186 192 0.0016
187 192 0.0063
194 192 0.0031
64 193 0.0031
72 193 0.0078
195 193 0.0031
5 194 0.0078
192 194 0.0031
196 194 0.0031
72 195 0.0047
193 195 0.0031
5 196 0.0063
194 196 0.0031
197 196 0.0016
5 197 0.0047
196 197 0.0016
328 197 0.0016
6 198 0.0016
199 198 0.0047
208 198 0.0016
198 199 0.0047
200 199 0.0094
208 199 0.0094
199 200 0.0094
201 200 0.011
210 200 0.0063
200 201 0.011
202 201 0.0063
209 201 0.0094
201 202 0.0063
203 202 0.0031
209 202 0.0016
202 203 0.0031
204 203 0.0031
219 203 0.0078
203 204 0.0031
205 204 0.0031
219 204 0.0078
204 205 0.0031
206 205 0.0063
218 205 0.011
205 206 0.0063
207 206 0.0078
206 207 0.0078
220 207 0.011
243 207 0.0016
198 208 0.0016
199 208 0.0094
209 208 0.0063
201 209 0.0094
202 209 0.0016
208 209 0.0063
200 210 0.0063
211 210 0.0063
213 210 0.0078
210 211 0.0063
212 211 0.0078
318 211 0.0094
188 212 0.0047
211 212 0.0078
261 212 0.0078
210 213 0.0078
214 213 0.0031
259 213 0.0031
213 214 0.0031
215 214 0.0031
219 214 0.0078
214 215 0.0031
216 215 0.0094
247 215 0.0047
114 216 0.011
215 216 0.0094
217 216 0.0094
114 217 0.0031
216 217 0.0094
218 217 0.0063
231 217 0.0031
205 218 0.011
217 218 0.0063
220 218 0.0094
203 219 0.0078
204 219 0.0078
214 219 0.0078
207 220 0.011
218 220 0.0094
221 220 0.0063
220 221 0.0063
222 221 0.011
257 221 0.0031
221 222 0.011
225 222 0.0141
243 222 0.011
224 223 0.0063
243 223 0.0078
255 223 0.0125
31 224 0.0047
223 224 0.0063
222 225 0.0141
226 225 0.0063
255 225 0.0063
225 226 0.0063
227 226 0.0063
257 226 0.0078
226 227 0.0063
228 227 0.0094
258 227 0.011
227 228 0.0094
229 228 0.0156
235 228 0.0047
228 229 0.0156
230 229 0.0156
232 229 0.011
229 230 0.0156
231 230 0.0078
258 230 0.0063
217 231 0.0031
230 231 0.0078
232 231 0.0031
229 232 0.011
231 232 0.0031
233 232 0.0063
232 233 0.0063
234 233 0.0063
244 233 0.0016
233 234 0.0063
235 234 0.0047
228 235 0.0047
234 235 0.0047
236 235 0.0031
241 235 0.0031
235 236 0.0031
237 236 0.0031
242 236 0.0078
236 237 0.0031
238 237 0.0031
242 237 0.0078
237 238 0.0031
239 238 0.0094
255 238 0.0047
31 239 0.0047
238 239 0.0094
241 239 0.0031
53 240 0.0047
80 240 0.0063
90 240 0.0125
235 241 0.0031
239 241 0.0031
242 241 0.0078
236 242 0.0078
237 242 0.0078
241 242 0.0078
207 243 0.0016
222 243 0.011
223 243 0.0078
114 244 0.0063
233 244 0.0016
245 244 0.0063
244 245 0.0063
246 245 0.0047
247 245 0.0094
30 246 0.0031
245 246 0.0047
251 246 0.0063
215 247 0.0047
245 247 0.0094
248 247 0.0031
247 248 0.0031
249 248 0.0094
260 248 0.0047
248 249 0.0094
250 249 0.0094
254 249 0.011
249 250 0.0094
251 250 0.0094
252 250 0.011
30 251 0.0078
246 251 0.0063
250 251 0.0094
30 252 0.0078
250 252 0.011
253 252 0.0078
252 253 0.0078
254 253 0.0063
269 253 0.0031
249 254 0.011
253 254 0.0063
265 254 0.0063
223 255 0.0125
225 255 0.0063
238 255 0.0047
387 256 0.0047
389 256 0.0063
394 256 0.0031
221 257 0.0031
226 257 0.0078
258 257 0.0031
227 258 0.011
230 258 0.0063
257 258 0.0031
213 259 0.0031
260 259 0.0047
319 259 0.0094
248 260 0.0047
259 260 0.0047
265 260 0.011
212 261 0.0078
262 261 0.0047
318 261 0.0078
261 262 0.0047
263 262 0.0078
272 262 0.0078
262 263 0.0078
264 263 0.011
319 263 0.0078
263 264 0.011
265 264 0.0063
274 264 0.0063
254 265 0.0063
260 265 0.011
264 265 0.0063
30 266 0.0016
267 266 0.0063
269 266 0.0094
266 267 0.0063
268 267 0.0063
393 267 0.011
29 268 0.0047
267 268 0.0063
271 268 0.0047
393 268 0.0031
253 269 0.0031
266 269 0.0094
270 269 0.0047
269 270 0.0047
393 270 0.0063
29 271 0.0031
268 271 0.0047
262 272 0.0078
273 272 0.0125
317 272 0.0094
272 273 0.0125
274 273 0.0141
320 273 0.0094
264 274 0.0063
273 274 0.0141
275 274 0.0094
274 275 0.0094
276 275 0.0031
320 275 0.0047
29 276 0.0063
275 276 0.0031
277 276 0.0016
29 277 0.0063
276 277 0.0016
278 277 0.0031
277 278 0.0031
279 278 0.0031
287 278 0.0078
278 279 0.0031
280 279 0.0047
288 279 0.0094
279 280 0.0047
281 280 0.0094
291 280 0.0031
280 281 0.0094
282 281 0.0094
296 281 0.0078
281 282 0.0094
283 282 0.0078
288 282 0.0094
282 283 0.0078
284 283 0.0078
288 283 0.0078
111 284 0.0031
283 284 0.0078
285 284 0.0094
284 285 0.0094
286 285 0.0063
289 285 0.0078
29 286 0.0063
285 286 0.0063
287 286 0.0078
29 287 0.0078
278 287 0.0078
286 287 0.0078
279 288 0.0094
282 288 0.0094
283 288 0.0078
29 289 0.0094
285 289 0.0078
290 289 0.0063
29 290 0.0031
289 290 0.0063
306 290 0.0016
280 291 0.0031
292 291 0.0078
295 291 0.0031
291 292 0.0078
293 292 0.0063
295 292 0.0063
292 293 0.0063
294 293 0.0063
304 293 0.0078
25 294 0.0063
293 294 0.0063
305 294 0.0078
25 295 0.0016
291 295 0.0031
292 295 0.0063
281 296 0.0078
297 296 0.011
298 296 0.0016
102 297 0.0047
296 297 0.011
298 297 0.0172
296 298 0.0016
297 298 0.0172
299 298 0.0141
102 299 0.0094
298 299 0.0141
300 299 0.0125
103 300 0.0078
299 300 0.0125
301 300 0.0125
300 301 0.0125
302 301 0.0125
316 301 0.0078
301 302 0.0125
303 302 0.0125
314 302 0.011
302 303 0.0125
304 303 0.0094
347 303 0.0016
293 304 0.0078
303 304 0.0094
305 304 0.0094
25 305 0.0094
294 305 0.0078
304 305 0.0094
111 306 0.0078
290 306 0.0016
307 306 0.0047
111 307 0.0031
306 307 0.0047
99 308 0.0031
309 308 0.0047
100 309 0.0078
101 309 0.0047
308 309 0.0047
101 310 0.0047
311 310 0.0094
382 310 0.0031
310 311 0.0094
312 311 0.0078
382 311 0.0063
99 312 0.0031
311 312 0.0078
313 312 0.0031
28 313 0.0047
89 313 0.0063
312 313 0.0031
302 314 0.011
315 314 0.0125
347 314 0.0125
28 315 0.0078
314 315 0.0125
316 315 0.0031
103 316 0.0031
301 316 0.0078
315 316 0.0031
272 317 0.0094
320 317 0.0031
321 317 0.0047
211 318 0.0094
261 318 0.0078
319 318 0.0063
259 319 0.0094
263 319 0.0078
318 319 0.0063
273 320 0.0094
275 320 0.0047
317 320 0.0031
317 321 0.0047
322 321 0.0063
334 321 0.0063
321 322 0.0063
323 322 0.0125
334 322 0.0141
25 323 0.0063
322 323 0.0125
335 323 0.0141
132 324 0.0156
325 324 0.0188
333 324 0.0016
7 325 0.0188
161 325 0.011
324 325 0.0188
7 326 0.011
160 326 0.0063
327 326 0.0094
5 327 0.0078
326 327 0.0094
330 327 0.0063
197 328 0.0016
329 328 0.0063
331 328 0.0031
328 329 0.0063
330 329 0.0047
331 329 0.0063
7 330 0.0063
327 330 0.0063
329 330 0.0047
7 331 0.0016
328 331 0.0031
329 331 0.0063
7 333 0.0156
324 333 0.0016
334 333 0.0125
321 334 0.0063
322 334 0.0141
333 334 0.0125
25 335 0.0063
323 335 0.0141
336 335 0.0125
335 336 0.0125
337 336 0.011
358 336 0.0031
24 337 0.0141
336 337 0.011
345 337 0.0016
24 338 0.0031
135 338 0.0094
346 338 0.0047
136 339 0.0063
138 339 0.0047
142 340 0.0078
341 340 0.0125
345 340 0.0031
340 341 0.0125
342 341 0.0047
345 341 0.0063
341 342 0.0047
343 342 0.0078
359 342 0.0016
26 343 0.0141
342 343 0.0078
344 343 0.0141
26 344 0.0031
152 344 0.0094
343 344 0.0141
337 345 0.0016
340 345 0.0031
341 345 0.0063
133 346 0.0063
338 346 0.0047
303 347 0.0016
314 347 0.0125
348 347 0.0094
347 348 0.0094
349 348 0.0094
358 348 0.0047
28 349 0.0094
348 349 0.0094
350 349 0.0047
28 350 0.0063
349 350 0.0047
351 350 0.0063
350 351 0.0063
352 351 0.0078
355 351 0.0063
28 352 0.0078
351 352 0.0078
353 352 0.0078
28 353 0.0047
352 353 0.0078
354 353 0.0047
104 354 0.0031
353 354 0.0047
355 354 0.0094
351 355 0.0063
354 355 0.0094
356 355 0.0078
104 356 0.0063
355 356 0.0078
357 356 0.0063
27 357 0.0063
356 357 0.0063
370 357 0.0078
27 358 0.0031
336 358 0.0031
348 358 0.0047
27 359 0.0031
342 359 0.0016
360 359 0.0063
27 360 0.0063
359 360 0.0063
361 360 0.0047
26 361 0.0094
360 361 0.0047
371 361 0.0094
23 362 0.0078
363 362 0.0094
377 362 0.0063
26 363 0.0031
362 363 0.0094
364 363 0.0141
26 364 0.0125
363 364 0.0141
365 364 0.0063
26 365 0.0078
364 365 0.0063
366 365 0.0094
365 366 0.0094
367 366 0.011
373 366 0.0094
366 367 0.011
368 367 0.0063
373 367 0.0031
104 368 0.0016
367 368 0.0063
369 368 0.0094
368 369 0.0094
370 369 0.0078
372 369 0.0094
27 370 0.0078
357 370 0.0078
369 370 0.0078
27 371 0.0063
361 371 0.0094
372 371 0.0078
27 372 0.0063
369 372 0.0094
371 372 0.0078
366 373 0.0094
367 373 0.0031
374 373 0.0047
373 374 0.0047
375 374 0.0047
376 374 0.011
33 375 0.0078
374 375 0.0047
379 375 0.0016
33 376 0.0094
374 376 0.011
362 377 0.0063
378 377 0.0063
400 377 0.0047
377 378 0.0063
379 378 0.0094
380 378 0.0016
33 379 0.0125
375 379 0.0016
378 379 0.0094
33 380 0.0063
378 380 0.0016
381 380 0.0031
33 381 0.0063
81 381 0.0016
380 381 0.0031
310 382 0.0031
311 382 0.0063
383 382 0.0016
91 383 0.0063
382 383 0.0016
384 383 0.0031
92 384 0.0094
383 384 0.0031
385 384 0.0047
384 385 0.0047
386 385 0.0094
388 385 0.0031
92 386 0.0094
385 386 0.0094
387 386 0.0078
28 387 0.0047
256 387 0.0047
386 387 0.0078
385 388 0.0031
389 388 0.0078
392 388 0.0031
256 389 0.0063
388 389 0.0078
390 389 0.0063
389 390 0.0063
391 390 0.0094
395 390 0.0078
390 391 0.0094
392 391 0.0078
398 391 0.0094
32 392 0.0031
388 392 0.0031
391 392 0.0078
267 393 0.011
268 393 0.0031
270 393 0.0063
256 394 0.0031
395 394 0.0016
390 395 0.0078
394 395 0.0016
396 395 0.0047
395 396 0.0047
397 396 0.0031
398 396 0.0094
32 397 0.0031
396 397 0.0031
398 397 0.0078
391 398 0.0094
396 398 0.0094
397 398 0.0078
21 399 0.0047
145 399 0.0031
411 399 0.0094
83 400 0.0031
377 400 0.0047
401 400 0.0094
83 401 0.0078
400 401 0.0094
402 401 0.0094
401 402 0.0094
403 402 0.0063
405 402 0.011
402 403 0.0063
404 403 0.0078
407 403 0.0094
145 404 0.0063
403 404 0.0078
409 404 0.0094
83 405 0.0031
402 405 0.011
406 405 0.0063
38 406 0.0047
405 406 0.0063
407 406 0.0063
403 407 0.0094
406 407 0.0063
408 407 0.0078
407 408 0.0078
409 408 0.0094
410 408 0.0063
404 409 0.0094
408 409 0.0094
410 409 0.0078
408 410 0.0063
409 410 0.0078
411 410 0.0063
49 411 0.0078
399 411 0.0094
410 411 0.0063
