72 1 0.0109
158 1 0.0087
129 2 0.0261
135 2 0.0109
172 2 0.0109
189 2 0.013
204 3 0.0217
209 3 0.0239
149 4 0.0196
152 4 0.0022
162 4 0.0065
163 4 0.0109
171 4 0.0043
188 4 0.013
74 5 0.0022
84 5 0.0065
87 5 0.0087
86 6 0.0065
90 6 0.0109
103 6 0.0022
10 7 0.0087
60 7 0.0087
65 7 0.0152
79 7 0.0022
233 8 0.0196
243 8 0.0304
245 8 0.0109
255 8 0.0239
259 8 0.0174
277 8 0.0022
171 9 0.0109
180 9 0.0109
188 9 0.0196
246 9 0.0152
7 10 0.0087
14 10 0.0022
42 10 0.0261
76 10 0.0174
166 10 0.0065
168 10 0.0065
27 11 0.0087
285 11 0.0217
288 11 0.0217
302 11 0.0217
19 12 0.0196
280 12 0.0217
284 12 0.0109
304 12 0.0087
205 13 0.0109
207 13 0.0087
208 13 0.0022
214 13 0.0043
10 14 0.0022
24 14 0.0087
170 14 0.0043
28 15 0.0174
291 15 0.0043
302 15 0.013
17 16 0.0304
275 16 0.0043
279 16 0.0217
288 16 0.0239
294 16 0.0022
16 17 0.0304
20 17 0.0196
61 17 0.0413
64 17 0.0152
267 17 0.0043
20 18 0.0087
32 18 0.0022
301 18 0.0196
304 18 0.0109
12 19 0.0196
20 19 0.0174
17 20 0.0196
18 20 0.0087
19 20 0.0174
83 21 0.0174
92 21 0.0087
120 21 0.0196
257 21 0.0022
260 21 0.0152
26 22 0.0239
36 22 0.0043
99 22 0.0152
120 22 0.0217
49 23 0.0087
73 23 0.0174
108 23 0.0152
122 23 0.0196
14 24 0.0087
76 24 0.0109
170 24 0.013
108 25 0.0196
114 25 0.0304
116 25 0.0283
22 26 0.0239
122 26 0.0217
11 27 0.0087
284 27 0.0065
15 28 0.0174
253 28 0.0087
291 28 0.0065
32 29 0.0065
184 29 0.0043
31 30 0.0174
53 30 0.0065
253 30 0.0087
30 31 0.0174
33 31 0.0152
116 31 0.0196
18 32 0.0022
29 32 0.0065
95 32 0.0109
31 33 0.0152
63 33 0.0152
224 33 0.037
229 33 0.0326
229 34 0.0239
232 34 0.0239
89 35 0.0239
98 35 0.0174
134 35 0.0043
22 36 0.0043
37 36 0.0065
99 36 0.013
131 36 0.0109
179 36 0.0022
36 37 0.0065
115 37 0.0196
130 37 0.0196
213 37 0.0065
63 38 0.0022
232 38 0.0152
235 39 0.0022
266 39 0.0022
153 40 0.0087
266 40 0.0043
276 40 0.013
282 40 0.0065
287 40 0.013
111 41 0.0043
112 41 0.013
174 41 0.0043
278 41 0.013
10 42 0.0261
81 42 0.0196
167 42 0.0152
198 42 0.0043
111 43 0.0022
112 43 0.0109
145 43 0.0065
88 44 0.0043
273 44 0.0043
47 46 0.0043
195 46 0.0022
289 46 0.0087
46 47 0.0043
249 47 0.0043
289 47 0.0109
113 48 0.0043
136 48 0.0043
23 49 0.0087
105 49 0.0043
114 49 0.0152
119 50 0.0087
121 50 0.0109
213 50 0.013
265 50 0.0152
206 51 0.0109
215 51 0.0109
66 52 0.0043
114 52 0.0152
184 52 0.0087
30 53 0.0065
54 53 0.0065
53 54 0.0065
55 54 0.0065
54 55 0.0065
229 55 0.0065
60 58 0.0239
81 58 0.0022
263 58 0.0196
254 59 0.0152
305 59 0.013
7 60 0.0087
58 60 0.0239
65 60 0.0174
305 60 0.0065
17 61 0.0413
64 61 0.0043
66 61 0.0022
114 61 0.0304
65 62 0.0217
81 62 0.0239
33 63 0.0152
38 63 0.0022
67 63 0.0109
17 64 0.0152
61 64 0.0043
66 64 0.0087
7 65 0.0152
60 65 0.0174
62 65 0.0217
52 66 0.0043
61 66 0.0022
64 66 0.0087
63 67 0.0109
223 67 0.0087
1 72 0.0109
74 72 0.0087
169 72 0.013
23 73 0.0174
83 73 0.0152
5 74 0.0022
72 74 0.0087
169 74 0.0043
156 75 0.0043
185 75 0.0196
190 75 0.013
10 76 0.0174
24 76 0.0109
168 76 0.0043
95 77 0.0022
239 77 0.0022
296 77 0.0065
298 77 0.0152
80 78 0.013
153 78 0.013
244 78 0.0152
7 79 0.0022
305 79 0.0043
78 80 0.013
266 80 0.0087
295 80 0.0109
42 81 0.0196
58 81 0.0022
62 81 0.0239
128 82 0.0087
199 82 0.0217
258 82 0.0196
21 83 0.0174
73 83 0.0152
5 84 0.0065
85 84 0.0109
86 84 0.0022
84 85 0.0109
86 85 0.0109
87 85 0.0152
6 86 0.0065
84 86 0.0022
85 86 0.0109
5 87 0.0087
85 87 0.0152
183 87 0.0087
44 88 0.0043
139 88 0.0196
277 88 0.013
35 89 0.0239
134 89 0.0261
6 90 0.0109
103 90 0.0109
183 90 0.0152
110 91 0.0043
172 91 0.0196
219 91 0.013
21 92 0.0087
94 92 0.0065
147 92 0.013
119 93 0.0022
213 93 0.0043
92 94 0.0065
95 94 0.0043
32 95 0.0109
77 95 0.0022
94 95 0.0043
147 95 0.0087
298 95 0.0261
301 95 0.0043
110 96 0.0283
172 96 0.0326
241 96 0.0196
98 97 0.013
100 97 0.0109
35 98 0.0174
97 98 0.013
206 98 0.0196
22 99 0.0152
36 99 0.013
97 100 0.0109
121 100 0.0043
206 100 0.0087
270 101 0.0087
297 101 0.0022
303 101 0.013
217 102 0.0022
219 102 0.0043
6 103 0.0022
90 103 0.0109
106 103 0.0065
49 105 0.0043
184 105 0.0022
103 106 0.0065
270 106 0.0152
303 106 0.0065
231 107 0.0043
233 107 0.0174
236 107 0.0239
23 108 0.0152
25 108 0.0196
134 108 0.0109
91 110 0.0043
96 110 0.0283
188 110 0.0217
41 111 0.0043
43 111 0.0022
112 111 0.0087
41 112 0.013
43 112 0.0109
111 112 0.0087
48 113 0.0043
192 113 0.0065
25 114 0.0304
49 114 0.0152
52 114 0.0152
61 114 0.0304
37 115 0.0196
117 115 0.0239
213 115 0.0152
25 116 0.0283
31 116 0.0196
271 116 0.013
274 116 0.0043
115 117 0.0239
192 117 0.0217
133 118 0.0196
136 118 0.0109
159 118 0.0065
50 119 0.0087
93 119 0.0022
121 119 0.0043
21 120 0.0196
22 120 0.0217
50 121 0.0109
100 121 0.0043
119 121 0.0043
23 122 0.0196
26 122 0.0217
129 123 0.0348
160 123 0.0326
241 123 0.0217
135 124 0.0043
191 124 0.0022
132 125 0.0043
217 125 0.013
219 125 0.0065
200 126 0.0022
210 126 0.0087
211 126 0.0043
128 127 0.0043
129 127 0.0065
220 127 0.013
82 128 0.0087
127 128 0.0043
191 128 0.0022
2 129 0.0261
123 129 0.0348
127 129 0.0065
37 130 0.0196
131 130 0.0196
133 130 0.0152
36 131 0.0109
130 131 0.0196
159 131 0.0065
125 132 0.0043
217 132 0.0239
246 132 0.0174
118 133 0.0196
130 133 0.0152
136 133 0.0022
35 134 0.0043
89 134 0.0261
108 134 0.0109
221 134 0.0304
224 134 0.0043
2 135 0.0109
124 135 0.0043
189 135 0.0043
48 136 0.0043
118 136 0.0109
133 136 0.0022
140 137 0.0065
173 137 0.0109
201 137 0.0043
142 138 0.0152
144 138 0.0043
270 138 0.0087
88 139 0.0196
194 139 0.0152
269 139 0.0239
137 140 0.0065
141 140 0.0087
173 140 0.013
140 141 0.0087
143 141 0.0174
258 141 0.0109
138 142 0.0152
144 142 0.0196
162 142 0.0022
141 143 0.0174
150 143 0.0239
199 143 0.0261
138 144 0.0043
142 144 0.0196
148 144 0.013
43 145 0.0065
283 145 0.0043
287 145 0.013
92 147 0.013
95 147 0.0087
260 147 0.0109
144 148 0.013
149 148 0.0174
162 148 0.0109
4 149 0.0196
148 149 0.0174
152 149 0.0043
143 150 0.0239
203 150 0.0174
299 150 0.0087
157 151 0.0196
158 151 0.0043
218 151 0.013
4 152 0.0022
149 152 0.0043
40 153 0.0087
78 153 0.013
250 153 0.0109
157 154 0.013
164 154 0.0217
203 154 0.0239
167 155 0.0087
198 155 0.0065
75 156 0.0043
182 156 0.0087
185 156 0.0152
151 157 0.0196
154 157 0.013
158 157 0.0217
1 158 0.0087
151 158 0.0043
157 158 0.0217
161 158 0.0043
118 159 0.0065
131 159 0.0065
123 160 0.0326
220 160 0.0304
158 161 0.0043
164 161 0.0109
228 161 0.0043
4 162 0.0065
142 162 0.0022
148 162 0.0109
4 163 0.0109
171 163 0.0174
256 163 0.0043
154 164 0.0217
161 164 0.0109
261 164 0.0217
264 165 0.0065
269 165 0.013
286 165 0.0043
10 166 0.0065
167 166 0.0043
42 167 0.0152
155 167 0.0087
166 167 0.0043
10 168 0.0065
76 168 0.0043
72 169 0.013
74 169 0.0043
218 169 0.0065
14 170 0.0043
24 170 0.013
302 170 0.0065
4 171 0.0043
9 171 0.0109
163 171 0.0174
2 172 0.0109
91 172 0.0196
96 172 0.0326
137 173 0.0109
140 173 0.013
261 173 0.013
41 174 0.0043
179 174 0.0043
300 174 0.0109
36 179 0.0022
174 179 0.0043
300 179 0.0087
9 180 0.0109
181 180 0.0326
240 180 0.0326
180 181 0.0326
182 181 0.0261
240 181 0.0043
156 182 0.0087
181 182 0.0261
234 182 0.0152
87 183 0.0087
90 183 0.0152
299 183 0.0087
29 184 0.0043
52 184 0.0087
105 184 0.0022
75 185 0.0196
156 185 0.0152
227 185 0.0109
281 186 0.013
290 186 0.0109
293 186 0.0174
4 188 0.013
9 188 0.0196
110 188 0.0217
2 189 0.013
135 189 0.0043
211 189 0.0065
75 190 0.013
193 190 0.013
202 190 0.0109
124 191 0.0022
128 191 0.0022
258 191 0.0065
113 192 0.0065
117 192 0.0217
265 192 0.013
190 193 0.013
197 193 0.0065
227 193 0.0043
139 194 0.0152
273 194 0.0174
46 195 0.0022
268 195 0.0022
193 197 0.0065
207 197 0.013
212 197 0.0087
42 198 0.0043
155 198 0.0065
82 199 0.0217
143 199 0.0261
220 199 0.0283
126 200 0.0022
201 200 0.013
228 200 0.0087
137 201 0.0043
200 201 0.013
261 201 0.0196
190 202 0.0109
205 202 0.0109
256 202 0.0109
150 203 0.0174
154 203 0.0239
218 203 0.0043
3 204 0.0217
210 204 0.0065
211 204 0.013
13 205 0.0109
202 205 0.0109
214 205 0.0109
51 206 0.0109
98 206 0.0196
100 206 0.0087
13 207 0.0087
197 207 0.013
208 207 0.0109
13 208 0.0022
207 208 0.0109
212 208 0.0065
3 209 0.0239
210 209 0.0174
225 209 0.0043
126 210 0.0087
204 210 0.0065
209 210 0.0174
126 211 0.0043
189 211 0.0065
204 211 0.013
197 212 0.0087
208 212 0.0065
37 213 0.0065
50 213 0.013
93 213 0.0043
115 213 0.0152
13 214 0.0043
205 214 0.0109
256 214 0.0043
51 215 0.0109
216 215 0.0065
232 215 0.0152
247 215 0.0065
215 216 0.0065
247 216 0.0043
102 217 0.0022
125 217 0.013
132 217 0.0239
248 217 0.0043
151 218 0.013
169 218 0.0065
203 218 0.0043
91 219 0.013
102 219 0.0043
125 219 0.0065
127 220 0.013
160 220 0.0304
199 220 0.0283
134 221 0.0304
223 221 0.0326
226 222 0.0043
230 222 0.0022
67 223 0.0087
221 223 0.0326
224 223 0.0435
33 224 0.037
134 224 0.0043
223 224 0.0435
209 225 0.0043
228 225 0.0022
222 226 0.0043
227 226 0.0043
237 226 0.0065
185 227 0.0109
193 227 0.0043
226 227 0.0043
161 228 0.0043
200 228 0.0087
225 228 0.0022
33 229 0.0326
34 229 0.0239
55 229 0.0065
222 230 0.0022
231 230 0.0065
237 230 0.0109
107 231 0.0043
230 231 0.0065
238 231 0.013
34 232 0.0239
38 232 0.0152
215 232 0.0152
8 233 0.0196
107 233 0.0174
182 234 0.0152
236 234 0.013
39 235 0.0022
239 235 0.0087
295 235 0.013
107 236 0.0239
234 236 0.013
238 236 0.0087
226 237 0.0065
230 237 0.0109
238 237 0.0109
231 238 0.013
236 238 0.0087
237 238 0.0109
77 239 0.0022
235 239 0.0087
251 239 0.0043
180 240 0.0326
181 240 0.0043
242 240 0.0261
96 241 0.0196
123 241 0.0217
240 242 0.0261
243 242 0.0239
252 242 0.0043
8 243 0.0304
242 243 0.0239
245 243 0.0043
78 244 0.0152
251 244 0.0174
295 244 0.0174
8 245 0.0109
243 245 0.0043
254 245 0.0043
9 246 0.0152
132 246 0.0174
248 246 0.0087
215 247 0.0065
216 247 0.0043
217 248 0.0043
246 248 0.0087
252 248 0.0022
47 249 0.0043
268 249 0.0043
153 250 0.0109
251 250 0.0109
257 250 0.0065
239 251 0.0043
244 251 0.0174
250 251 0.0109
242 252 0.0043
248 252 0.0022
28 253 0.0087
30 253 0.0087
59 254 0.0152
245 254 0.0043
255 254 0.0217
8 255 0.0239
254 255 0.0217
263 255 0.0261
163 256 0.0043
202 256 0.0109
214 256 0.0043
21 257 0.0022
250 257 0.0065
260 257 0.0109
82 258 0.0196
141 258 0.0109
191 258 0.0065
8 259 0.0174
262 259 0.0065
264 259 0.0087
21 260 0.0152
147 260 0.0109
257 260 0.0109
164 261 0.0217
173 261 0.013
201 261 0.0196
259 262 0.0065
263 262 0.0087
58 263 0.0196
255 263 0.0261
262 263 0.0087
165 264 0.0065
259 264 0.0087
277 264 0.0174
50 265 0.0152
192 265 0.013
39 266 0.0022
40 266 0.0043
80 266 0.0087
17 267 0.0043
271 267 0.0022
195 268 0.0022
249 268 0.0043
289 268 0.0087
139 269 0.0239
165 269 0.013
272 269 0.0087
101 270 0.0087
106 270 0.0152
138 270 0.0087
116 271 0.013
267 271 0.0022
274 271 0.0087
269 272 0.0087
273 272 0.0109
44 273 0.0043
194 273 0.0174
272 273 0.0109
116 274 0.0043
271 274 0.0087
275 274 0.0022
16 275 0.0043
274 275 0.0022
40 276 0.013
278 276 0.0152
8 277 0.0022
88 277 0.013
264 277 0.0174
41 278 0.013
276 278 0.0152
16 279 0.0217
280 279 0.0196
12 280 0.0217
279 280 0.0196
186 281 0.013
286 281 0.0087
293 281 0.0022
40 282 0.0065
283 282 0.0043
145 283 0.0043
282 283 0.0043
287 283 0.0109
12 284 0.0109
27 284 0.0065
285 284 0.0196
11 285 0.0217
284 285 0.0196
165 286 0.0043
281 286 0.0087
290 286 0.0022
40 287 0.013
145 287 0.013
283 287 0.0109
11 288 0.0217
16 288 0.0239
294 288 0.0043
46 289 0.0087
47 289 0.0109
268 289 0.0087
186 290 0.0109
286 290 0.0022
292 290 0.0065
15 291 0.0043
28 291 0.0065
290 292 0.0065
293 292 0.013
296 292 0.0043
186 293 0.0174
281 293 0.0022
292 293 0.013
16 294 0.0022
288 294 0.0043
80 295 0.0109
235 295 0.013
244 295 0.0174
77 296 0.0065
292 296 0.0043
304 296 0.013
101 297 0.0022
303 297 0.0043
77 298 0.0152
95 298 0.0261
301 298 0.0261
150 299 0.0087
183 299 0.0087
174 300 0.0109
179 300 0.0087
18 301 0.0196
95 301 0.0043
298 301 0.0261
11 302 0.0217
15 302 0.013
170 302 0.0065
101 303 0.013
106 303 0.0065
297 303 0.0043
12 304 0.0087
18 304 0.0109
296 304 0.013
59 305 0.013
60 305 0.0065
79 305 0.0043
