2 1 0.0044
9 1 0.0123
460 1 0.0018
461 1 0.0044
654 1 0.0018
1 2 0.0044
415 2 0.0035
6 5 0.0071
17 5 0.0071
5 6 0.0071
22 6 0.0044
523 6 0.0044
511 8 0.0009
514 8 0.0026
523 8 0.0026
524 8 0.0009
1 9 0.0123
10 9 0.0141
503 9 0.0035
9 10 0.0141
11 10 0.0176
416 10 0.0062
504 10 0.0097
10 11 0.0176
12 11 0.0123
417 11 0.0168
11 12 0.0123
13 12 0.0097
438 12 0.0009
508 12 0.0123
12 13 0.0097
14 13 0.0168
100 13 0.015
13 14 0.0168
15 14 0.0176
23 14 0.0229
14 15 0.0176
16 15 0.0115
91 15 0.0026
508 15 0.0018
15 16 0.0115
17 16 0.0159
22 16 0.0035
5 17 0.0071
16 17 0.0159
18 17 0.0053
95 17 0.0018
17 18 0.0053
21 18 0.0053
18 21 0.0053
27 21 0.0071
54 21 0.0009
6 22 0.0044
16 22 0.0035
14 23 0.0229
24 23 0.0123
91 23 0.0053
101 23 0.0035
23 24 0.0123
26 24 0.0132
108 24 0.0053
26 25 0.0062
109 25 0.0026
117 25 0.0035
24 26 0.0132
25 26 0.0062
27 26 0.0079
117 26 0.0009
21 27 0.0071
26 27 0.0079
87 27 0.0035
31 29 0.0035
1155 29 0.0035
29 31 0.0035
1152 31 0.0035
819 32 0.0071
862 32 0.0026
1154 32 0.0053
1160 33 0.0018
1164 33 0.0018
399 36 0.0062
1099 36 0.0018
1101 36 0.0035
43 40 0.0053
47 40 0.0053
40 43 0.0053
44 43 0.0123
194 43 0.0062
43 44 0.0123
60 44 0.0088
162 44 0.0097
47 46 0.0053
51 46 0.0053
40 47 0.0053
46 47 0.0053
46 51 0.0053
52 51 0.0053
51 52 0.0053
59 52 0.0053
21 54 0.0009
55 54 0.0106
87 54 0.0123
54 55 0.0106
57 55 0.0079
70 55 0.0194
55 57 0.0079
67 57 0.0026
69 57 0.0115
59 58 0.0018
62 58 0.015
69 58 0.0123
52 59 0.0053
58 59 0.0018
60 59 0.0115
61 59 0.0079
44 60 0.0088
59 60 0.0115
61 60 0.0018
59 61 0.0079
60 61 0.0018
62 61 0.0053
58 62 0.015
61 62 0.0053
63 62 0.0159
62 63 0.0159
64 63 0.0132
68 63 0.0018
63 64 0.0132
65 64 0.0159
119 64 0.0088
64 65 0.0159
66 65 0.0159
65 66 0.0159
67 66 0.0009
71 66 0.0141
57 67 0.0026
66 67 0.0009
68 67 0.0009
63 68 0.0018
67 68 0.0009
57 69 0.0115
58 69 0.0123
55 70 0.0194
71 70 0.0159
84 70 0.0062
66 71 0.0141
70 71 0.0159
72 71 0.0132
71 72 0.0132
73 72 0.0026
74 72 0.015
75 72 0.0132
72 73 0.0026
74 73 0.0035
90 73 0.0035
72 74 0.015
73 74 0.0035
75 74 0.0018
89 74 0.0132
72 75 0.0132
74 75 0.0018
76 75 0.0106
75 76 0.0106
77 76 0.0097
147 76 0.0106
76 77 0.0097
78 77 0.0088
525 77 0.0088
77 78 0.0088
79 78 0.0062
538 78 0.0018
78 79 0.0062
89 79 0.0123
112 79 0.0053
115 79 0.0062
82 80 0.0018
90 80 0.0018
80 82 0.0018
88 82 0.0018
70 84 0.0062
85 84 0.0044
90 84 0.0009
84 85 0.0044
86 85 0.0053
85 86 0.0053
87 86 0.0079
114 86 0.0018
27 87 0.0035
54 87 0.0123
86 87 0.0079
82 88 0.0018
89 88 0.0071
118 88 0.0035
74 89 0.0132
79 89 0.0123
88 89 0.0071
73 90 0.0035
80 90 0.0018
84 90 0.0009
15 91 0.0026
23 91 0.0053
92 91 0.0018
91 92 0.0018
93 92 0.0009
95 92 0.0035
92 93 0.0009
94 93 0.0044
99 93 0.0026
93 94 0.0044
95 94 0.0009
96 94 0.0026
17 95 0.0018
92 95 0.0035
94 95 0.0009
94 96 0.0026
97 96 0.0009
99 96 0.0044
96 97 0.0009
99 97 0.0009
93 99 0.0026
96 99 0.0044
97 99 0.0009
13 100 0.015
103 100 0.0141
23 101 0.0035
103 101 0.0026
100 103 0.0141
101 103 0.0026
104 103 0.0106
103 104 0.0106
105 104 0.0071
107 104 0.0097
104 105 0.0071
106 105 0.0026
444 105 0.0035
105 106 0.0026
107 106 0.0044
542 106 0.0009
104 107 0.0097
106 107 0.0044
111 107 0.0071
113 107 0.0018
24 108 0.0053
109 108 0.0035
113 108 0.0009
25 109 0.0026
108 109 0.0035
110 109 0.0009
109 110 0.0009
111 110 0.0035
112 110 0.0018
107 111 0.0071
110 111 0.0035
112 111 0.0079
79 112 0.0053
110 112 0.0018
111 112 0.0079
107 113 0.0018
108 113 0.0009
86 114 0.0018
115 114 0.0009
79 115 0.0062
114 115 0.0009
116 115 0.0009
118 115 0.0026
115 116 0.0009
117 116 0.0018
25 117 0.0035
26 117 0.0009
116 117 0.0018
88 118 0.0035
115 118 0.0026
64 119 0.0088
120 119 0.0018
124 119 0.0062
119 120 0.0018
123 120 0.0018
120 123 0.0018
138 123 0.0097
146 123 0.0123
119 124 0.0062
125 124 0.0009
154 124 0.0044
124 125 0.0009
128 125 0.0009
125 128 0.0009
129 128 0.0053
133 128 0.0035
128 129 0.0053
130 129 0.0203
137 129 0.0168
138 129 0.0123
129 130 0.0203
131 130 0.0212
130 131 0.0212
132 131 0.0229
141 131 0.0009
131 132 0.0229
142 132 0.0247
234 132 0.0044
128 133 0.0035
134 133 0.0009
136 133 0.0018
133 134 0.0009
135 134 0.0009
134 135 0.0009
136 135 0.0132
202 135 0.0115
133 136 0.0018
135 136 0.0132
137 136 0.0159
129 137 0.0168
136 137 0.0159
210 137 0.0018
123 138 0.0097
129 138 0.0123
139 138 0.0018
138 139 0.0018
143 139 0.0009
143 140 0.0018
144 140 0.0026
131 141 0.0009
142 141 0.0053
144 141 0.0035
132 142 0.0247
141 142 0.0053
143 142 0.022
552 142 0.0141
601 142 0.0159
139 143 0.0009
140 143 0.0018
142 143 0.022
145 143 0.0176
140 144 0.0026
141 144 0.0035
143 145 0.0176
146 145 0.0115
551 145 0.0159
123 146 0.0123
145 146 0.0115
147 146 0.0106
76 147 0.0106
146 147 0.0106
124 154 0.0044
155 154 0.0071
176 154 0.0053
154 155 0.0071
156 155 0.0009
164 155 0.0053
155 156 0.0009
157 156 0.0009
156 157 0.0009
158 157 0.0026
271 157 0.0009
157 158 0.0026
159 158 0.0053
162 158 0.0088
158 159 0.0053
160 159 0.0044
192 159 0.0053
159 160 0.0044
161 160 0.0044
160 161 0.0044
192 161 0.0026
196 161 0.0026
44 162 0.0097
158 162 0.0088
192 162 0.0071
155 164 0.0053
165 164 0.0062
183 164 0.0035
164 165 0.0062
166 165 0.0088
167 165 0.0018
165 166 0.0088
167 166 0.0115
188 166 0.0071
165 167 0.0018
166 167 0.0115
168 167 0.0088
167 168 0.0088
169 168 0.0123
298 168 0.0141
168 169 0.0123
170 169 0.0079
302 169 0.0035
169 170 0.0079
171 170 0.0018
176 170 0.0053
170 171 0.0018
173 171 0.0018
171 173 0.0018
174 173 0.0018
175 173 0.0044
173 174 0.0018
175 174 0.0088
203 174 0.015
206 174 0.0185
173 175 0.0044
174 175 0.0088
302 175 0.0088
330 175 0.0026
154 176 0.0053
170 176 0.0053
164 183 0.0035
184 183 0.0044
197 183 0.0053
280 183 0.0044
183 184 0.0044
185 184 0.0035
187 184 0.0035
184 185 0.0035
186 185 0.0079
284 185 0.0088
185 186 0.0079
187 186 0.0071
184 187 0.0035
186 187 0.0071
188 187 0.0079
166 188 0.0071
187 188 0.0079
294 188 0.0106
159 192 0.0053
161 192 0.0026
162 192 0.0071
193 192 0.0044
192 193 0.0044
194 193 0.0035
43 194 0.0062
193 194 0.0035
195 194 0.0018
194 195 0.0018
196 195 0.0018
161 196 0.0026
195 196 0.0018
183 197 0.0053
198 197 0.0053
197 198 0.0053
199 198 0.0053
280 198 0.0062
198 199 0.0053
200 199 0.0026
285 199 0.0018
199 200 0.0026
201 200 0.0053
277 200 0.0018
200 201 0.0053
272 201 0.0026
277 201 0.0018
135 202 0.0115
203 202 0.0141
209 202 0.0106
174 203 0.015
202 203 0.0141
204 203 0.0071
203 204 0.0071
205 204 0.0035
211 204 0.0026
204 205 0.0035
206 205 0.0079
212 205 0.0035
174 206 0.0185
205 206 0.0079
329 206 0.0185
208 207 0.0026
213 207 0.0132
329 207 0.0168
207 208 0.0026
342 208 0.0026
202 209 0.0106
211 209 0.0088
217 209 0.0044
219 209 0.0035
137 210 0.0018
234 210 0.0009
235 210 0.0026
204 211 0.0026
209 211 0.0088
223 211 0.0044
205 212 0.0035
213 212 0.0044
207 213 0.0132
212 213 0.0044
214 213 0.0115
216 213 0.0026
213 214 0.0115
215 214 0.0088
225 214 0.0018
214 215 0.0088
216 215 0.0044
346 215 0.0062
360 215 0.0106
213 216 0.0026
215 216 0.0044
346 216 0.0009
209 217 0.0044
228 217 0.0026
239 217 0.0018
240 217 0.0106
209 219 0.0035
220 219 0.0035
227 219 0.0044
219 220 0.0035
221 220 0.0009
227 220 0.0018
220 221 0.0009
232 221 0.0009
211 223 0.0044
224 223 0.0018
227 223 0.0018
223 224 0.0018
225 224 0.0018
214 225 0.0018
224 225 0.0018
219 227 0.0044
220 227 0.0018
223 227 0.0018
217 228 0.0026
230 228 0.0035
230 229 0.0026
231 229 0.0018
228 230 0.0035
229 230 0.0026
231 230 0.0106
240 230 0.0115
229 231 0.0018
230 231 0.0106
232 231 0.0079
221 232 0.0009
231 232 0.0079
233 232 0.0018
362 232 0.0088
232 233 0.0018
362 233 0.0168
610 233 0.0141
132 234 0.0044
210 234 0.0009
235 234 0.0062
210 235 0.0026
234 235 0.0062
236 235 0.0026
235 236 0.0026
237 236 0.0079
239 236 0.0044
236 237 0.0079
238 237 0.0106
608 237 0.0018
237 238 0.0106
239 238 0.0018
609 238 0.0088
217 239 0.0018
236 239 0.0044
238 239 0.0018
217 240 0.0106
230 240 0.0115
291 242 0.0062
1039 242 0.0053
1145 242 0.0053
244 243 0.0123
480 243 0.0123
243 244 0.0123
245 244 0.015
246 244 0.0018
244 245 0.015
246 245 0.0168
1102 245 0.0026
1105 245 0.0044
244 246 0.0018
245 246 0.0168
247 246 0.0141
246 247 0.0141
248 247 0.0132
247 248 0.0132
249 248 0.0115
251 248 0.0009
248 249 0.0115
250 249 0.0115
825 249 0.0185
249 250 0.0115
821 250 0.0097
1158 250 0.0044
248 251 0.0009
480 251 0.0018
253 252 0.0018
461 252 0.0035
471 252 0.0035
655 252 0.0018
252 253 0.0018
472 253 0.0018
264 262 0.0009
266 262 0.0009
654 263 0.0044
655 263 0.0044
262 264 0.0009
266 264 0.0035
1072 264 0.0053
262 266 0.0009
264 266 0.0035
267 266 0.0053
266 267 0.0053
1073 267 0.0053
274 269 0.0026
513 269 0.0026
157 271 0.0009
272 271 0.0026
280 271 0.0044
201 272 0.0026
271 272 0.0026
274 273 0.0026
513 273 0.0026
269 274 0.0026
273 274 0.0026
200 277 0.0018
201 277 0.0018
183 280 0.0044
198 280 0.0062
271 280 0.0044
185 284 0.0088
285 284 0.0018
293 284 0.0062
199 285 0.0018
284 285 0.0018
304 287 0.0035
727 287 0.0062
735 287 0.0071
1121 287 0.0044
242 291 0.0062
949 291 0.0062
284 293 0.0062
294 293 0.0053
188 294 0.0106
293 294 0.0053
295 294 0.0044
294 295 0.0044
321 295 0.0044
168 298 0.0141
299 298 0.0123
300 298 0.0168
298 299 0.0123
300 299 0.0018
318 299 0.0079
333 299 0.0079
298 300 0.0168
299 300 0.0018
301 300 0.0141
300 301 0.0141
302 301 0.0132
169 302 0.0035
175 302 0.0088
301 302 0.0132
287 304 0.0035
727 304 0.0009
1121 304 0.0035
1131 304 0.0009
299 318 0.0079
319 318 0.0026
321 318 0.0044
318 319 0.0026
337 319 0.0026
295 321 0.0044
318 321 0.0044
906 327 0.0053
1067 327 0.0053
206 329 0.0185
207 329 0.0168
330 329 0.0009
175 330 0.0026
329 330 0.0009
333 330 0.0009
928 331 0.0018
1071 331 0.0018
353 332 0.0018
1161 332 0.0018
299 333 0.0079
330 333 0.0009
335 333 0.0062
333 335 0.0062
339 335 0.0026
342 335 0.0026
319 337 0.0026
339 337 0.0026
335 339 0.0026
337 339 0.0026
208 342 0.0026
335 342 0.0026
215 346 0.0062
216 346 0.0009
347 346 0.0044
346 347 0.0044
352 347 0.0044
347 352 0.0044
355 352 0.0044
332 353 0.0018
1161 353 0.0018
352 355 0.0044
356 355 0.0071
358 355 0.0018
355 356 0.0071
357 356 0.0044
358 356 0.0018
356 357 0.0044
360 357 0.0106
385 357 0.0053
355 358 0.0018
356 358 0.0018
215 360 0.0106
357 360 0.0106
232 362 0.0088
233 362 0.0168
363 362 0.0071
362 363 0.0071
364 363 0.0106
367 363 0.0062
363 364 0.0106
365 364 0.0053
375 364 0.0044
364 365 0.0053
382 365 0.0053
363 367 0.0062
615 367 0.0035
621 367 0.0044
623 367 0.0018
371 369 0.0044
621 369 0.0044
369 371 0.0044
375 371 0.0044
364 375 0.0044
371 375 0.0044
928 380 0.0079
1071 380 0.0018
1101 380 0.0053
365 382 0.0053
391 382 0.0053
1092 384 0.0009
1093 384 0.0035
1108 384 0.0018
357 385 0.0053
387 385 0.0053
385 387 0.0053
389 387 0.0053
387 389 0.0053
391 389 0.0053
382 391 0.0053
389 391 0.0053
1117 397 0.0062
1119 397 0.0062
1134 397 0.0079
36 399 0.0062
1119 399 0.0062
1120 399 0.0079
2 415 0.0035
416 415 0.0035
10 416 0.0062
415 416 0.0035
417 416 0.0035
11 417 0.0168
416 417 0.0035
418 417 0.0141
417 418 0.0141
419 418 0.015
429 418 0.0035
418 419 0.015
420 419 0.0097
421 419 0.0079
429 419 0.0018
441 419 0.0123
419 420 0.0097
421 420 0.0062
430 420 0.0115
419 421 0.0079
420 421 0.0062
422 421 0.0088
458 421 0.0106
421 422 0.0088
423 422 0.0088
459 422 0.0097
422 423 0.0088
424 423 0.0053
467 423 0.0026
423 424 0.0053
425 424 0.0123
471 424 0.0097
424 425 0.0123
430 425 0.0123
428 427 0.0026
429 427 0.0035
427 428 0.0026
429 428 0.0018
418 429 0.0035
419 429 0.0018
427 429 0.0035
428 429 0.0018
420 430 0.0115
425 430 0.0123
431 430 0.0141
430 431 0.0141
432 431 0.0035
434 431 0.0097
431 432 0.0035
481 432 0.0035
431 434 0.0097
436 434 0.0009
494 434 0.0097
434 436 0.0009
446 436 0.0009
447 436 0.0026
770 436 0.0009
438 437 0.0018
441 437 0.0132
444 437 0.0106
12 438 0.0009
437 438 0.0018
1122 439 0.0106
1136 439 0.0088
1163 439 0.0062
1164 439 0.0044
419 441 0.0123
437 441 0.0132
105 444 0.0035
437 444 0.0106
446 444 0.0062
451 444 0.0115
436 446 0.0009
444 446 0.0062
447 446 0.0079
436 447 0.0026
446 447 0.0079
448 447 0.0062
447 448 0.0062
449 448 0.0053
448 449 0.0053
450 449 0.0203
578 449 0.0185
777 449 0.0018
779 449 0.0185
449 450 0.0203
535 450 0.0088
540 450 0.0123
444 451 0.0115
540 451 0.0132
541 451 0.0009
455 454 0.0062
457 454 0.0071
454 455 0.0062
456 455 0.0026
460 455 0.0026
455 456 0.0026
457 456 0.0106
459 456 0.0088
462 456 0.0079
454 457 0.0071
456 457 0.0106
458 457 0.0097
421 458 0.0106
457 458 0.0097
422 459 0.0097
456 459 0.0088
1 460 0.0018
455 460 0.0026
1 461 0.0044
252 461 0.0035
462 461 0.0044
456 462 0.0079
461 462 0.0044
463 462 0.0026
462 463 0.0026
465 463 0.0026
463 465 0.0026
467 465 0.0026
423 467 0.0026
465 467 0.0026
252 471 0.0035
424 471 0.0097
472 471 0.0106
253 472 0.0018
471 472 0.0106
473 472 0.0079
472 473 0.0079
474 473 0.0035
476 473 0.0035
473 474 0.0035
489 474 0.0035
473 476 0.0035
477 476 0.0097
478 476 0.0123
476 477 0.0097
480 477 0.0097
476 478 0.0123
479 478 0.0009
491 478 0.0141
478 479 0.0009
491 479 0.0026
501 479 0.0009
243 480 0.0123
251 480 0.0018
477 480 0.0097
432 481 0.0035
482 481 0.0018
483 481 0.0062
481 482 0.0018
483 482 0.0062
489 482 0.0035
481 483 0.0062
482 483 0.0062
474 489 0.0035
482 489 0.0035
478 491 0.0141
479 491 0.0026
492 491 0.0018
801 491 0.0132
491 492 0.0018
800 492 0.0018
434 494 0.0097
500 494 0.0097
494 500 0.0097
501 500 0.0009
515 500 0.0079
479 501 0.0009
500 501 0.0009
9 503 0.0035
504 503 0.0044
509 503 0.0009
10 504 0.0097
503 504 0.0044
505 504 0.0079
504 505 0.0079
506 505 0.0062
507 505 0.0009
514 505 0.0026
505 506 0.0062
507 506 0.0018
518 506 0.0053
505 507 0.0009
506 507 0.0018
12 508 0.0123
15 508 0.0018
518 508 0.0106
503 509 0.0009
511 509 0.0009
8 511 0.0009
509 511 0.0009
514 511 0.0026
269 513 0.0026
273 513 0.0026
8 514 0.0026
505 514 0.0026
511 514 0.0026
500 515 0.0079
516 515 0.0071
772 515 0.015
774 515 0.0035
515 516 0.0071
797 516 0.0071
506 518 0.0053
508 518 0.0106
519 518 0.0071
520 518 0.0018
518 519 0.0071
520 519 0.0026
521 519 0.0053
518 520 0.0018
519 520 0.0026
519 521 0.0053
524 521 0.0062
6 523 0.0044
8 523 0.0026
524 523 0.0079
8 524 0.0009
521 524 0.0062
523 524 0.0079
77 525 0.0088
526 525 0.0053
538 525 0.0044
525 526 0.0053
527 526 0.0071
530 526 0.0009
526 527 0.0071
528 527 0.0062
530 527 0.0018
527 528 0.0062
529 528 0.0079
536 528 0.0009
528 529 0.0079
546 529 0.0115
551 529 0.0132
526 530 0.0009
527 530 0.0018
533 532 0.0026
535 532 0.0018
532 533 0.0026
534 533 0.0044
536 533 0.0009
533 534 0.0044
535 534 0.0079
557 534 0.0079
450 535 0.0088
532 535 0.0018
534 535 0.0079
575 535 0.0132
528 536 0.0009
533 536 0.0009
78 538 0.0018
525 538 0.0044
541 538 0.0018
450 540 0.0123
451 540 0.0132
541 540 0.0018
451 541 0.0009
538 541 0.0018
540 541 0.0018
542 541 0.0009
106 542 0.0009
541 542 0.0009
529 546 0.0115
547 546 0.0132
558 546 0.0079
546 547 0.0132
548 547 0.015
550 547 0.0009
547 548 0.015
549 548 0.0132
560 548 0.0009
548 549 0.0132
552 549 0.0123
556 549 0.0026
547 550 0.0009
551 550 0.0018
145 551 0.0159
529 551 0.0132
550 551 0.0018
142 552 0.0141
549 552 0.0123
553 552 0.0044
552 553 0.0044
554 553 0.0044
553 554 0.0044
555 554 0.0018
599 554 0.0053
554 555 0.0018
596 555 0.0009
549 556 0.0026
561 556 0.0018
534 557 0.0079
558 557 0.0053
559 557 0.0071
546 558 0.0079
557 558 0.0053
559 558 0.0071
557 559 0.0071
558 559 0.0071
560 559 0.0097
548 560 0.0009
559 560 0.0097
566 560 0.0079
556 561 0.0018
562 561 0.0018
564 561 0.0044
561 562 0.0018
564 562 0.0018
561 564 0.0044
562 564 0.0018
566 564 0.0018
560 566 0.0079
564 566 0.0018
567 566 0.0053
566 567 0.0053
568 567 0.0185
570 567 0.0141
567 568 0.0185
569 568 0.0238
575 568 0.015
568 569 0.0238
572 569 0.022
576 569 0.0026
581 569 0.0009
567 570 0.0141
571 570 0.0018
573 570 0.0115
570 571 0.0018
572 571 0.0009
569 572 0.022
571 572 0.0009
585 572 0.0203
570 573 0.0115
574 573 0.0018
595 573 0.0088
573 574 0.0018
586 574 0.0026
535 575 0.0132
568 575 0.015
576 575 0.0185
569 576 0.0026
575 576 0.0185
577 576 0.015
576 577 0.015
579 577 0.0062
789 577 0.0079
449 578 0.0185
779 578 0.0018
784 578 0.0159
577 579 0.0062
580 579 0.0062
579 580 0.0062
581 580 0.0018
582 580 0.0088
569 581 0.0009
580 581 0.0018
580 582 0.0088
583 582 0.0079
582 583 0.0079
584 583 0.0079
583 584 0.0079
585 584 0.0168
588 584 0.0079
572 585 0.0203
584 585 0.0168
586 585 0.0026
574 586 0.0026
585 586 0.0026
584 588 0.0079
589 588 0.0018
591 588 0.0106
588 589 0.0018
591 589 0.0018
588 591 0.0106
589 591 0.0018
842 591 0.0079
573 595 0.0088
596 595 0.0026
757 595 0.0106
555 596 0.0009
595 596 0.0026
597 596 0.0079
693 596 0.0026
596 597 0.0079
598 597 0.0044
689 597 0.0079
597 598 0.0044
599 598 0.0062
692 598 0.0062
554 599 0.0053
598 599 0.0062
600 599 0.0071
599 600 0.0071
606 600 0.0088
668 600 0.0026
678 600 0.0062
142 601 0.0159
603 601 0.0212
606 601 0.0115
601 603 0.0212
604 603 0.0185
606 603 0.0018
603 604 0.0185
607 604 0.0185
600 606 0.0088
601 606 0.0115
603 606 0.0018
604 607 0.0185
608 607 0.0229
611 607 0.0035
237 608 0.0018
607 608 0.0229
609 608 0.0256
238 609 0.0088
608 609 0.0256
610 609 0.0229
233 610 0.0141
609 610 0.0229
611 610 0.0123
613 610 0.0035
607 611 0.0035
610 611 0.0123
679 611 0.0079
618 612 0.0053
687 612 0.0132
688 612 0.0141
610 613 0.0035
614 613 0.0035
617 613 0.0044
613 614 0.0035
615 614 0.0062
616 614 0.0018
367 615 0.0035
614 615 0.0062
616 615 0.0062
623 615 0.0035
614 616 0.0018
615 616 0.0062
617 616 0.0035
613 617 0.0044
616 617 0.0035
618 617 0.0062
624 617 0.0053
612 618 0.0053
617 618 0.0062
631 618 0.0071
367 621 0.0044
369 621 0.0044
367 623 0.0018
615 623 0.0035
635 623 0.0009
617 624 0.0053
625 624 0.0141
628 624 0.0115
624 625 0.0141
626 625 0.015
633 625 0.0088
625 626 0.015
627 626 0.0053
649 626 0.0123
626 627 0.0053
628 627 0.0035
649 627 0.0009
624 628 0.0115
627 628 0.0035
634 628 0.0071
618 631 0.0071
632 631 0.0079
631 632 0.0079
633 632 0.0097
711 632 0.0097
625 633 0.0088
632 633 0.0097
661 633 0.0106
628 634 0.0071
635 634 0.0009
637 634 0.0053
623 635 0.0009
634 635 0.0009
634 637 0.0053
644 637 0.0053
637 644 0.0053
646 644 0.0053
644 646 0.0053
647 646 0.0053
646 647 0.0053
650 647 0.0053
626 649 0.0123
627 649 0.0009
650 649 0.0079
656 649 0.0071
647 650 0.0053
649 650 0.0079
651 650 0.0018
650 651 0.0018
653 651 0.0018
651 653 0.0018
656 653 0.0018
1 654 0.0018
263 654 0.0044
655 654 0.0018
252 655 0.0018
263 655 0.0044
654 655 0.0018
649 656 0.0071
653 656 0.0018
743 656 0.0044
1102 657 0.0026
1106 657 0.0018
633 661 0.0106
662 661 0.0071
714 661 0.0026
661 662 0.0071
717 662 0.0071
600 668 0.0026
669 668 0.0044
673 668 0.0026
668 669 0.0044
670 669 0.0018
674 669 0.0018
669 670 0.0018
671 670 0.0018
670 671 0.0018
672 671 0.0018
673 671 0.0044
671 672 0.0018
673 672 0.0026
668 673 0.0026
671 673 0.0044
672 673 0.0026
669 674 0.0018
675 674 0.0159
676 674 0.0115
686 674 0.0062
674 675 0.0159
676 675 0.0018
699 675 0.0141
674 676 0.0115
675 676 0.0018
695 676 0.0088
600 678 0.0062
680 678 0.0071
611 679 0.0079
687 679 0.0088
678 680 0.0071
681 680 0.0018
682 680 0.0097
680 681 0.0018
682 681 0.0062
687 681 0.0035
680 682 0.0097
681 682 0.0062
1135 682 0.0115
686 684 0.0018
1135 684 0.0009
686 685 0.0035
700 685 0.0044
674 686 0.0062
684 686 0.0018
685 686 0.0035
612 687 0.0132
679 687 0.0088
681 687 0.0035
612 688 0.0141
700 688 0.0053
1135 688 0.0132
597 689 0.0079
690 689 0.0035
693 689 0.0123
689 690 0.0035
691 690 0.0044
690 691 0.0044
692 691 0.0071
695 691 0.0097
598 692 0.0062
691 692 0.0071
596 693 0.0026
689 693 0.0123
694 693 0.0088
693 694 0.0088
695 694 0.0123
702 694 0.0079
676 695 0.0088
691 695 0.0097
694 695 0.0123
697 696 0.0115
706 696 0.0123
696 697 0.0115
701 697 0.0079
709 697 0.0079
675 699 0.0141
700 699 0.0106
705 699 0.0097
685 700 0.0044
688 700 0.0053
699 700 0.0106
697 701 0.0079
702 701 0.0079
694 702 0.0079
701 702 0.0079
699 705 0.0097
706 705 0.0018
707 705 0.0132
710 705 0.0071
696 706 0.0123
705 706 0.0018
707 706 0.0141
705 707 0.0132
706 707 0.0141
715 707 0.0035
709 708 0.0026
715 708 0.0018
697 709 0.0079
708 709 0.0026
716 709 0.0044
705 710 0.0071
711 710 0.0088
712 710 0.0044
632 711 0.0097
710 711 0.0088
710 712 0.0044
714 712 0.0044
661 714 0.0026
712 714 0.0044
715 714 0.0009
707 715 0.0035
708 715 0.0018
714 715 0.0009
709 716 0.0044
717 716 0.0079
723 716 0.0026
662 717 0.0071
716 717 0.0079
724 717 0.0106
719 718 0.0026
724 718 0.0106
725 718 0.0071
718 719 0.0026
720 719 0.0053
721 719 0.0018
719 720 0.0053
721 720 0.0026
722 720 0.0035
719 721 0.0018
720 721 0.0026
720 722 0.0035
723 722 0.0026
716 723 0.0026
722 723 0.0026
724 723 0.0062
717 724 0.0106
718 724 0.0106
723 724 0.0062
718 725 0.0071
726 725 0.0018
739 725 0.0044
725 726 0.0018
731 726 0.0053
1081 726 0.0026
287 727 0.0062
304 727 0.0009
1105 727 0.0044
729 728 0.0026
731 728 0.0062
1081 728 0.0026
728 729 0.0026
733 729 0.0026
726 731 0.0053
728 731 0.0062
732 731 0.0035
749 731 0.0018
750 731 0.0053
731 732 0.0035
733 732 0.0026
729 733 0.0026
732 733 0.0026
287 735 0.0071
862 735 0.0026
949 735 0.0071
1098 735 0.0009
725 739 0.0044
742 739 0.0044
739 742 0.0044
743 742 0.0044
656 743 0.0044
742 743 0.0044
731 749 0.0018
750 749 0.0026
731 750 0.0053
749 750 0.0026
751 750 0.0018
750 751 0.0018
753 751 0.0018
751 753 0.0018
754 753 0.0026
756 753 0.0053
753 754 0.0026
755 754 0.0079
1052 754 0.0044
754 755 0.0079
756 755 0.0097
1051 755 0.0115
753 756 0.0053
755 756 0.0097
765 756 0.0088
595 757 0.0106
758 757 0.0035
882 757 0.0097
757 758 0.0035
759 758 0.0079
893 758 0.0035
758 759 0.0079
763 759 0.0079
759 763 0.0079
764 763 0.0106
767 763 0.0018
763 764 0.0106
765 764 0.0132
766 764 0.0018
756 765 0.0088
764 765 0.0132
766 765 0.0176
764 766 0.0018
765 766 0.0176
767 766 0.015
763 767 0.0018
766 767 0.015
768 767 0.0123
767 768 0.0123
891 768 0.0097
915 768 0.0062
917 768 0.0035
436 770 0.0009
771 770 0.0026
775 770 0.0018
776 770 0.0035
770 771 0.0026
778 771 0.0018
515 772 0.015
773 772 0.0053
796 772 0.0141
772 773 0.0053
774 773 0.0053
776 773 0.0035
515 774 0.0035
773 774 0.0053
775 774 0.0026
770 775 0.0018
774 775 0.0026
776 775 0.0035
770 776 0.0035
773 776 0.0035
775 776 0.0035
778 776 0.0035
449 777 0.0018
778 777 0.0009
771 778 0.0018
776 778 0.0035
777 778 0.0009
449 779 0.0185
578 779 0.0018
780 779 0.0159
779 780 0.0159
781 780 0.0079
793 780 0.0123
780 781 0.0079
782 781 0.0053
793 781 0.0018
781 782 0.0053
783 782 0.0018
786 782 0.0018
782 783 0.0018
784 783 0.015
785 783 0.0123
578 784 0.0159
783 784 0.015
783 785 0.0123
786 785 0.0009
788 785 0.0106
782 786 0.0018
785 786 0.0009
788 787 0.0026
790 787 0.0018
785 788 0.0106
787 788 0.0026
789 788 0.0123
577 789 0.0079
788 789 0.0123
790 789 0.0035
787 790 0.0018
789 790 0.0035
791 790 0.0009
790 791 0.0009
792 791 0.0009
791 792 0.0009
793 792 0.0097
796 792 0.0079
780 793 0.0123
781 793 0.0018
792 793 0.0097
772 796 0.0141
792 796 0.0079
809 796 0.0053
516 797 0.0071
798 797 0.0018
799 797 0.0097
797 798 0.0018
800 798 0.0009
797 799 0.0097
805 799 0.0088
492 800 0.0018
798 800 0.0009
802 800 0.0035
491 801 0.0132
802 801 0.0062
825 801 0.015
800 802 0.0035
801 802 0.0062
803 802 0.0018
802 803 0.0018
818 803 0.0018
799 805 0.0088
806 805 0.0009
817 805 0.0071
826 805 0.0115
805 806 0.0009
807 806 0.0035
808 806 0.0018
806 807 0.0035
808 807 0.0079
835 807 0.0097
838 807 0.0018
806 808 0.0018
807 808 0.0079
809 808 0.0053
796 809 0.0053
808 809 0.0053
805 817 0.0071
818 817 0.0035
820 817 0.0115
803 818 0.0018
817 818 0.0035
1158 818 0.0009
32 819 0.0071
1121 819 0.0035
1131 819 0.0062
817 820 0.0115
821 820 0.0123
250 821 0.0097
820 821 0.0123
822 821 0.0071
821 822 0.0071
823 822 0.0026
824 822 0.0088
822 823 0.0026
827 823 0.0044
828 823 0.0018
822 824 0.0088
828 824 0.0088
872 824 0.0044
249 825 0.0185
801 825 0.015
1158 825 0.0026
805 826 0.0115
827 826 0.0088
837 826 0.0123
823 827 0.0044
826 827 0.0088
828 827 0.0132
829 827 0.0053
823 828 0.0018
824 828 0.0088
827 828 0.0132
832 828 0.0009
827 829 0.0053
830 829 0.0053
831 829 0.0044
829 830 0.0053
831 830 0.0018
837 830 0.0026
829 831 0.0044
830 831 0.0018
832 831 0.0053
867 831 0.0026
828 832 0.0009
831 832 0.0053
833 832 0.0035
832 833 0.0035
834 833 0.0044
871 833 0.0018
833 834 0.0044
867 834 0.0044
869 834 0.0026
807 835 0.0097
836 835 0.0141
846 835 0.0053
835 836 0.0141
837 836 0.0141
866 836 0.0062
826 837 0.0123
830 837 0.0026
836 837 0.0141
864 837 0.0044
807 838 0.0018
839 838 0.0026
855 838 0.0018
838 839 0.0026
840 839 0.0053
857 839 0.0088
839 840 0.0053
841 840 0.0071
903 840 0.0009
840 841 0.0071
842 841 0.0088
843 841 0.0009
591 842 0.0079
841 842 0.0088
843 842 0.0009
889 842 0.0159
841 843 0.0009
842 843 0.0009
835 846 0.0053
847 846 0.0044
846 847 0.0044
848 847 0.0009
866 847 0.0026
847 848 0.0009
849 848 0.0026
861 848 0.0053
863 848 0.0035
848 849 0.0026
853 849 0.0026
853 852 0.0009
854 852 0.0018
849 853 0.0026
852 853 0.0009
854 853 0.0044
856 853 0.0062
852 854 0.0018
853 854 0.0044
855 854 0.0035
838 855 0.0018
854 855 0.0035
856 855 0.0044
853 856 0.0062
855 856 0.0044
860 856 0.0044
839 857 0.0088
858 857 0.0062
902 857 0.0088
857 858 0.0062
859 858 0.0071
926 858 0.0071
858 859 0.0071
860 859 0.0009
945 859 0.0053
856 860 0.0044
859 860 0.0009
861 860 0.0026
848 861 0.0053
860 861 0.0026
863 861 0.0018
32 862 0.0026
735 862 0.0026
848 863 0.0035
861 863 0.0018
864 863 0.0009
837 864 0.0044
863 864 0.0009
866 864 0.0026
836 866 0.0062
847 866 0.0026
864 866 0.0026
831 867 0.0026
834 867 0.0044
868 867 0.0009
867 868 0.0009
869 868 0.0035
870 868 0.0018
834 869 0.0026
868 869 0.0035
870 869 0.0035
868 870 0.0018
869 870 0.0035
871 870 0.0009
833 871 0.0018
870 871 0.0009
824 872 0.0044
873 872 0.0062
1098 872 0.0009
872 873 0.0062
874 873 0.0088
879 873 0.0062
873 874 0.0088
875 874 0.0071
878 874 0.0079
874 875 0.0071
877 875 0.0071
875 877 0.0071
878 877 0.0062
949 877 0.0071
874 878 0.0079
877 878 0.0062
1088 878 0.0079
873 879 0.0062
946 879 0.0071
881 880 0.0097
946 880 0.0079
966 880 0.0035
1088 880 0.0088
880 881 0.0097
948 881 0.0018
950 881 0.0071
757 882 0.0097
884 882 0.0026
886 882 0.0132
882 884 0.0026
885 884 0.0026
884 885 0.0026
886 885 0.0044
887 885 0.0009
882 886 0.0132
885 886 0.0044
887 886 0.0115
885 887 0.0009
886 887 0.0115
890 887 0.0097
842 889 0.0159
890 889 0.0141
898 889 0.0132
887 890 0.0097
889 890 0.0141
891 890 0.0071
768 891 0.0097
890 891 0.0071
893 891 0.0035
897 891 0.0009
758 893 0.0035
891 893 0.0035
891 897 0.0009
898 897 0.0053
922 897 0.0035
889 898 0.0132
897 898 0.0053
899 898 0.0071
898 899 0.0071
902 899 0.0079
901 900 0.0026
941 900 0.0018
900 901 0.0026
902 901 0.0035
926 901 0.0053
857 902 0.0088
899 902 0.0079
901 902 0.0035
903 902 0.0009
840 903 0.0009
902 903 0.0009
327 906 0.0053
1104 906 0.0106
1145 906 0.0044
768 915 0.0062
916 915 0.0035
921 915 0.0071
915 916 0.0035
917 916 0.0071
919 916 0.0079
768 917 0.0035
916 917 0.0071
918 917 0.0026
917 918 0.0026
919 918 0.0053
924 918 0.0018
916 919 0.0079
918 919 0.0053
920 919 0.0018
919 920 0.0018
921 920 0.0044
1046 920 0.0018
915 921 0.0071
920 921 0.0044
1046 921 0.0071
897 922 0.0035
923 922 0.0212
927 922 0.0168
922 923 0.0212
924 923 0.0018
935 923 0.0053
1040 923 0.0123
918 924 0.0018
923 924 0.0018
858 926 0.0071
901 926 0.0053
947 926 0.0062
922 927 0.0168
932 927 0.0168
331 928 0.0018
380 928 0.0079
1067 928 0.0053
927 932 0.0168
933 932 0.022
937 932 0.0044
932 933 0.022
934 933 0.0168
963 933 0.0168
933 934 0.0168
935 934 0.0053
1024 934 0.0106
923 935 0.0053
934 935 0.0053
932 937 0.0044
955 937 0.0044
900 941 0.0018
948 941 0.0018
859 945 0.0053
946 945 0.0035
947 945 0.0062
879 946 0.0071
880 946 0.0079
945 946 0.0035
926 947 0.0062
945 947 0.0062
948 947 0.0044
881 948 0.0018
941 948 0.0018
947 948 0.0044
291 949 0.0062
735 949 0.0071
877 949 0.0071
881 950 0.0071
951 950 0.0097
954 950 0.0018
950 951 0.0097
952 951 0.0123
953 951 0.0018
951 952 0.0123
953 952 0.0044
966 952 0.0071
951 953 0.0018
952 953 0.0044
975 953 0.0018
950 954 0.0018
955 954 0.0053
956 954 0.0079
937 955 0.0044
954 955 0.0053
957 955 0.0106
954 956 0.0079
957 956 0.0026
959 956 0.0044
955 957 0.0106
956 957 0.0026
958 957 0.0071
957 958 0.0071
959 958 0.0044
976 958 0.0071
956 959 0.0044
958 959 0.0044
933 963 0.0168
978 963 0.0168
880 966 0.0035
952 966 0.0071
1039 966 0.0026
969 967 0.0018
970 967 0.0018
967 969 0.0018
970 969 0.0018
967 970 0.0018
969 970 0.0018
953 975 0.0018
976 975 0.0088
980 975 0.0062
958 976 0.0071
975 976 0.0088
978 976 0.0115
963 978 0.0168
976 978 0.0115
979 978 0.0018
1017 978 0.0071
978 979 0.0018
980 979 0.0018
975 980 0.0062
979 980 0.0018
986 980 0.0035
980 986 0.0035
999 986 0.0035
986 999 0.0035
1006 999 0.0035
999 1006 0.0035
1010 1006 0.0035
1006 1010 0.0035
1020 1010 0.0035
978 1017 0.0071
1018 1017 0.0053
1020 1017 0.0009
1017 1018 0.0053
1037 1018 0.0053
1010 1020 0.0035
1017 1020 0.0009
1033 1020 0.0053
934 1024 0.0106
1026 1024 0.0026
1031 1024 0.0071
1024 1026 0.0026
1028 1026 0.0026
1026 1028 0.0026
1029 1028 0.0035
1033 1028 0.0097
1040 1028 0.0106
1028 1029 0.0035
1032 1029 0.0026
1024 1031 0.0071
1035 1031 0.0062
1029 1032 0.0026
1033 1032 0.0035
1020 1033 0.0053
1028 1033 0.0097
1032 1033 0.0035
1031 1035 0.0062
1037 1035 0.0053
1018 1037 0.0053
1035 1037 0.0053
242 1039 0.0053
966 1039 0.0026
1145 1039 0.0018
923 1040 0.0123
1028 1040 0.0106
1042 1040 0.0009
1040 1042 0.0009
1050 1042 0.0009
920 1046 0.0018
921 1046 0.0071
1047 1046 0.0044
1046 1047 0.0044
1048 1047 0.0044
1047 1048 0.0044
1051 1048 0.0044
1042 1050 0.0009
1051 1050 0.0062
1062 1050 0.0044
755 1051 0.0115
1048 1051 0.0044
1050 1051 0.0062
754 1052 0.0044
1054 1052 0.0044
1052 1054 0.0044
1055 1054 0.0044
1054 1055 0.0044
1062 1055 0.0044
1050 1062 0.0044
1055 1062 0.0044
327 1067 0.0053
928 1067 0.0053
331 1071 0.0018
380 1071 0.0018
264 1072 0.0053
1073 1072 0.0053
267 1073 0.0053
1072 1073 0.0053
1080 1077 0.0018
1089 1077 0.0018
1077 1080 0.0018
1089 1080 0.0018
726 1081 0.0026
728 1081 0.0026
878 1088 0.0079
880 1088 0.0088
1077 1089 0.0018
1080 1089 0.0018
384 1092 0.0009
1093 1092 0.0009
384 1093 0.0035
1092 1093 0.0009
1094 1093 0.0018
1111 1093 0.0044
1093 1094 0.0018
1095 1094 0.0071
1111 1094 0.0097
1094 1095 0.0071
1097 1095 0.0062
1108 1095 0.0035
1095 1097 0.0062
1099 1097 0.0035
1111 1097 0.0018
735 1098 0.0009
872 1098 0.0009
36 1099 0.0018
1097 1099 0.0035
1108 1099 0.0009
36 1101 0.0035
380 1101 0.0053
1104 1101 0.0097
245 1102 0.0026
657 1102 0.0026
1105 1102 0.0044
906 1104 0.0106
1101 1104 0.0097
245 1105 0.0044
727 1105 0.0044
1102 1105 0.0044
657 1106 0.0018
1118 1106 0.0044
1131 1106 0.0018
384 1108 0.0018
1095 1108 0.0035
1099 1108 0.0009
1093 1111 0.0044
1094 1111 0.0097
1097 1111 0.0018
1112 1111 0.0018
1111 1112 0.0018
1117 1112 0.0018
1118 1113 0.0062
1131 1113 0.0071
1160 1113 0.0088
397 1117 0.0062
1112 1117 0.0018
1128 1117 0.0035
1106 1118 0.0044
1113 1118 0.0062
1155 1118 0.0009
397 1119 0.0062
399 1119 0.0062
399 1120 0.0079
1122 1120 0.0088
287 1121 0.0044
304 1121 0.0035
819 1121 0.0035
439 1122 0.0106
1120 1122 0.0088
1125 1122 0.0115
1122 1125 0.0115
1145 1125 0.0115
1117 1128 0.0035
1130 1128 0.0035
1128 1130 0.0035
1133 1130 0.0079
1138 1130 0.0035
304 1131 0.0009
819 1131 0.0062
1106 1131 0.0018
1113 1131 0.0071
1130 1133 0.0079
1134 1133 0.0088
397 1134 0.0079
1133 1134 0.0088
1136 1134 0.0088
682 1135 0.0115
684 1135 0.0009
688 1135 0.0132
439 1136 0.0088
1134 1136 0.0088
1130 1138 0.0035
1140 1138 0.0035
1138 1140 0.0035
1142 1140 0.0062
1144 1140 0.0018
1140 1142 0.0062
1144 1142 0.0018
1147 1142 0.0044
1140 1144 0.0018
1142 1144 0.0018
242 1145 0.0053
906 1145 0.0044
1039 1145 0.0018
1125 1145 0.0115
1150 1145 0.0097
1142 1147 0.0044
1149 1147 0.0044
1147 1149 0.0044
1151 1149 0.0044
1145 1150 0.0097
1154 1150 0.0071
1164 1150 0.0071
1149 1151 0.0044
1152 1151 0.0018
1163 1151 0.0071
31 1152 0.0035
1151 1152 0.0018
1153 1152 0.0053
1163 1152 0.0035
1152 1153 0.0053
1155 1153 0.0053
32 1154 0.0053
1150 1154 0.0071
1160 1154 0.0115
29 1155 0.0035
1118 1155 0.0009
1153 1155 0.0053
250 1158 0.0044
818 1158 0.0009
825 1158 0.0026
33 1160 0.0018
1113 1160 0.0088
1154 1160 0.0115
332 1161 0.0018
353 1161 0.0018
439 1163 0.0062
1151 1163 0.0071
1152 1163 0.0035
33 1164 0.0018
439 1164 0.0044
1150 1164 0.0071
