3 1 0.0019
234 1 0.0467
265 1 0.0056
266 1 0.0187
380 1 0.0336
1 3 0.0019
4 3 0.0056
234 3 0.0093
3 4 0.0056
5 4 0.0093
235 4 0.0168
4 5 0.0093
6 5 0.0056
52 5 0.0168
5 6 0.0056
7 6 0.0075
10 6 0.015
6 7 0.0075
8 7 0.0075
7 8 0.0075
9 8 0.0075
8 9 0.0075
10 9 0.0093
6 10 0.015
9 10 0.0093
29 10 0.0075
18 16 0.0112
22 16 0.0112
16 18 0.0112
19 18 0.0112
18 19 0.0112
34 19 0.0187
85 19 0.0056
22 21 0.0112
26 21 0.0112
16 22 0.0112
21 22 0.0112
21 26 0.0112
27 26 0.0112
26 27 0.0112
33 27 0.0112
10 29 0.0075
30 29 0.0056
29 30 0.0056
42 30 0.0206
43 30 0.0131
33 32 0.028
36 32 0.0037
42 32 0.0224
27 33 0.0112
32 33 0.028
34 33 0.0243
35 33 0.0411
19 34 0.0187
33 34 0.0243
35 34 0.0037
33 35 0.0411
34 35 0.0037
36 35 0.0355
32 36 0.0037
35 36 0.0355
37 36 0.0299
36 37 0.0299
38 37 0.028
37 38 0.028
39 38 0.0318
56 38 0.0168
38 39 0.0318
40 39 0.0318
39 40 0.0318
43 40 0.0318
30 42 0.0206
32 42 0.0224
30 43 0.0131
40 43 0.0318
44 43 0.0168
43 44 0.0168
45 44 0.0019
46 44 0.0224
47 44 0.0224
44 45 0.0019
46 45 0.0019
44 46 0.0224
45 46 0.0019
47 46 0.0037
50 46 0.0131
44 47 0.0224
46 47 0.0037
48 47 0.0168
47 48 0.0168
49 48 0.0131
74 48 0.0168
48 49 0.0131
50 49 0.0168
311 49 0.0168
46 50 0.0131
49 50 0.0168
54 50 0.0168
5 52 0.0168
54 52 0.0168
50 54 0.0168
52 54 0.0168
38 56 0.0168
57 56 0.0019
60 56 0.0131
56 57 0.0019
59 57 0.0019
57 59 0.0019
65 59 0.015
74 59 0.0187
56 60 0.0131
78 60 0.0131
59 65 0.015
66 65 0.0168
70 65 0.015
65 66 0.0168
71 66 0.0206
133 66 0.0019
70 69 0.015
111 69 0.015
65 70 0.015
69 70 0.015
66 71 0.0206
73 71 0.0299
325 71 0.028
356 71 0.0187
71 73 0.0299
74 73 0.015
324 73 0.028
48 74 0.0168
59 74 0.0187
73 74 0.015
60 78 0.0131
79 78 0.0187
93 78 0.0187
78 79 0.0187
86 79 0.0187
82 81 0.0037
85 81 0.0112
155 81 0.0056
81 82 0.0037
83 82 0.0056
104 82 0.0112
82 83 0.0056
84 83 0.0056
83 84 0.0056
104 84 0.0056
19 85 0.0056
81 85 0.0112
104 85 0.0037
79 86 0.0187
87 86 0.0131
98 86 0.015
86 87 0.0131
88 87 0.0037
89 87 0.0187
87 88 0.0037
89 88 0.0224
103 88 0.0168
87 89 0.0187
88 89 0.0224
90 89 0.0206
89 90 0.0206
91 90 0.0262
172 90 0.0318
90 91 0.0262
93 91 0.0187
176 91 0.0056
112 92 0.0224
114 92 0.015
176 92 0.0056
78 93 0.0187
91 93 0.0187
86 98 0.015
99 98 0.0037
107 98 0.0075
161 98 0.0112
98 99 0.0037
102 99 0.0056
101 100 0.0056
163 100 0.0037
100 101 0.0056
102 101 0.0093
169 101 0.0131
99 102 0.0056
101 102 0.0093
103 102 0.0131
88 103 0.0168
102 103 0.0131
170 103 0.0206
82 104 0.0112
84 104 0.0056
85 104 0.0037
98 107 0.0075
108 107 0.0075
161 107 0.0093
107 108 0.0075
109 108 0.0037
163 108 0.0019
108 109 0.0037
110 109 0.0093
390 109 0.0037
109 110 0.0093
156 110 0.0037
390 110 0.0037
69 111 0.015
112 111 0.0168
118 111 0.0187
92 112 0.0224
111 112 0.0168
113 112 0.0037
112 113 0.0037
114 113 0.0131
122 113 0.0075
92 114 0.015
113 114 0.0131
115 114 0.0187
114 115 0.0187
123 115 0.0187
111 118 0.0187
121 118 0.0093
127 118 0.0075
118 121 0.0093
122 121 0.0056
130 121 0.0019
113 122 0.0075
121 122 0.0056
123 122 0.015
115 123 0.0187
122 123 0.015
124 123 0.0093
126 123 0.0056
123 124 0.0093
125 124 0.0056
130 124 0.0019
124 125 0.0056
126 125 0.0093
203 125 0.0019
123 126 0.0056
125 126 0.0093
203 126 0.0019
118 127 0.0075
133 127 0.0075
121 130 0.0019
124 130 0.0019
66 133 0.0019
127 133 0.0075
134 133 0.0112
133 134 0.0112
360 134 0.0019
361 134 0.015
136 135 0.0224
137 135 0.0037
274 135 0.0168
135 136 0.0224
137 136 0.0206
381 136 0.0206
566 136 0.0075
135 137 0.0037
136 137 0.0206
138 137 0.015
137 138 0.015
279 138 0.0056
281 138 0.0224
140 139 0.0112
281 139 0.0224
576 139 0.0168
139 140 0.0112
282 140 0.0019
449 140 0.0075
279 141 0.0037
576 141 0.0056
266 143 0.0056
270 143 0.0037
81 155 0.0056
156 155 0.0037
161 155 0.0112
110 156 0.0037
155 156 0.0037
98 161 0.0112
107 161 0.0093
155 161 0.0112
100 163 0.0037
108 163 0.0019
169 163 0.0075
165 164 0.0112
285 164 0.0019
566 164 0.015
164 165 0.0112
166 165 0.0112
165 166 0.0112
167 166 0.0168
476 166 0.0112
166 167 0.0168
168 167 0.0093
184 167 0.028
167 168 0.0093
184 168 0.0037
428 168 0.0037
101 169 0.0131
163 169 0.0075
170 169 0.0112
103 170 0.0206
169 170 0.0112
171 170 0.015
170 171 0.015
189 171 0.015
90 172 0.0318
173 172 0.0206
174 172 0.0206
172 173 0.0206
174 173 0.0037
187 173 0.015
172 174 0.0206
173 174 0.0037
175 174 0.015
174 175 0.015
176 175 0.0131
91 176 0.0056
92 176 0.0056
175 176 0.0131
185 179 0.0056
285 179 0.0019
384 179 0.0131
568 179 0.0093
184 180 0.0224
231 180 0.0206
428 180 0.0318
485 180 0.0075
573 180 0.0393
183 182 0.0505
185 182 0.0056
573 182 0.043
182 183 0.0505
252 183 0.0037
384 183 0.0449
167 184 0.028
168 184 0.0037
180 184 0.0224
179 185 0.0056
182 185 0.0056
173 187 0.015
189 187 0.015
171 189 0.015
187 189 0.015
222 194 0.0056
294 194 0.0056
197 196 0.0019
204 196 0.0019
196 197 0.0019
204 197 0.0075
208 197 0.0037
125 203 0.0019
126 203 0.0019
196 204 0.0019
197 204 0.0075
208 204 0.0037
197 208 0.0037
204 208 0.0037
212 211 0.0093
214 211 0.0056
362 211 0.0019
211 212 0.0093
215 212 0.0093
217 213 0.0056
224 213 0.0056
211 214 0.0056
215 214 0.0093
367 214 0.0019
212 215 0.0093
214 215 0.0093
213 217 0.0056
218 217 0.0037
225 217 0.0112
217 218 0.0037
220 218 0.0056
225 218 0.0112
218 220 0.0056
224 220 0.0056
222 221 0.0075
230 221 0.0075
194 222 0.0056
221 222 0.0075
485 222 0.015
213 224 0.0056
220 224 0.0056
217 225 0.0112
218 225 0.0112
221 230 0.0075
231 230 0.0075
180 231 0.0206
230 231 0.0075
233 231 0.0037
251 231 0.0168
231 233 0.0037
251 233 0.0037
1 234 0.0467
3 234 0.0093
235 234 0.0505
4 235 0.0168
234 235 0.0505
236 235 0.0542
235 236 0.0542
237 236 0.0336
238 236 0.0206
254 236 0.0449
236 237 0.0336
238 237 0.0037
245 237 0.028
236 238 0.0206
237 238 0.0037
239 238 0.0019
263 238 0.0187
238 239 0.0019
240 239 0.015
264 239 0.0187
239 240 0.015
241 240 0.0112
268 240 0.0019
240 241 0.0112
245 241 0.0168
270 241 0.015
243 242 0.0037
250 242 0.0037
242 243 0.0037
244 243 0.0093
250 243 0.015
243 244 0.0093
574 244 0.0093
237 245 0.028
241 245 0.0168
247 245 0.0093
245 247 0.0093
286 247 0.0075
242 250 0.0037
243 250 0.015
251 250 0.0093
231 251 0.0168
233 251 0.0037
250 251 0.0093
183 252 0.0037
573 252 0.0019
236 254 0.0449
255 254 0.0093
317 254 0.0523
254 255 0.0093
256 255 0.0075
255 256 0.0075
257 256 0.0729
346 256 0.0598
434 256 0.0131
256 257 0.0729
315 257 0.0411
317 257 0.0523
260 259 0.0093
262 259 0.0112
259 260 0.0093
265 260 0.0075
262 261 0.028
264 261 0.015
267 261 0.028
259 262 0.0112
261 262 0.028
263 262 0.015
238 263 0.0187
262 263 0.015
264 263 0.0168
239 264 0.0187
261 264 0.015
263 264 0.0168
1 265 0.0056
260 265 0.0075
1 266 0.0187
143 266 0.0056
267 266 0.0243
261 267 0.028
266 267 0.0243
268 267 0.0019
240 268 0.0019
267 268 0.0019
143 270 0.0037
241 270 0.015
272 270 0.0093
270 272 0.0093
273 272 0.015
440 272 0.0037
272 273 0.015
274 273 0.015
135 274 0.0168
273 274 0.015
283 278 0.0037
440 278 0.0037
576 278 0.0093
138 279 0.0056
141 279 0.0037
576 279 0.0112
138 281 0.0224
139 281 0.0224
140 282 0.0019
283 282 0.0037
575 282 0.0075
278 283 0.0037
282 283 0.0037
575 283 0.0075
576 283 0.0075
164 285 0.0019
179 285 0.0019
247 286 0.0075
306 286 0.0075
194 294 0.0056
485 294 0.0056
286 306 0.0075
307 306 0.0056
439 306 0.015
306 307 0.0056
442 307 0.0056
49 311 0.0168
312 311 0.0168
311 312 0.0168
313 312 0.015
312 313 0.015
319 313 0.0243
324 313 0.0224
315 314 0.0561
327 314 0.0542
257 315 0.0411
314 315 0.0561
343 315 0.0168
254 317 0.0523
257 317 0.0523
313 319 0.0243
320 319 0.028
328 319 0.0019
319 320 0.028
321 320 0.0299
320 321 0.0299
322 321 0.0224
330 321 0.0168
321 322 0.0224
323 322 0.0019
325 322 0.0224
331 322 0.0019
322 323 0.0019
324 323 0.0037
73 324 0.028
313 324 0.0224
323 324 0.0037
71 325 0.028
322 325 0.0224
354 325 0.0075
314 327 0.0542
328 327 0.0019
329 327 0.0579
319 328 0.0019
327 328 0.0019
329 328 0.0056
327 329 0.0579
328 329 0.0056
330 329 0.0579
321 330 0.0168
329 330 0.0579
334 330 0.0505
322 331 0.0019
334 331 0.0019
330 334 0.0505
331 334 0.0019
335 334 0.0467
334 335 0.0467
336 335 0.0299
338 335 0.0224
335 336 0.0299
337 336 0.0131
343 336 0.015
336 337 0.0131
340 337 0.0093
344 337 0.0168
335 338 0.0224
339 338 0.0019
350 338 0.0187
338 339 0.0019
340 339 0.0019
337 340 0.0093
339 340 0.0019
348 340 0.0056
315 343 0.0168
336 343 0.015
337 344 0.0168
345 344 0.0187
344 345 0.0187
347 345 0.0486
436 345 0.0542
256 346 0.0598
434 346 0.0037
436 346 0.0542
345 347 0.0486
348 347 0.0056
463 347 0.0411
340 348 0.0056
347 348 0.0056
338 350 0.0187
351 350 0.0056
427 350 0.0224
350 351 0.0056
352 351 0.0056
396 351 0.0131
351 352 0.0056
394 352 0.0075
354 353 0.0037
395 353 0.0056
325 354 0.0075
353 354 0.0037
355 354 0.0093
354 355 0.0093
356 355 0.0131
389 355 0.0112
71 356 0.0187
355 356 0.0131
357 356 0.0187
356 357 0.0187
359 357 0.0187
357 359 0.0187
360 359 0.0075
363 359 0.028
134 360 0.0019
359 360 0.0075
361 360 0.0112
134 361 0.015
360 361 0.0112
362 361 0.0206
211 362 0.0019
361 362 0.0206
363 362 0.0262
365 362 0.0075
359 363 0.028
362 363 0.0262
391 363 0.0112
370 364 0.0093
391 364 0.0187
392 364 0.0187
362 365 0.0075
366 365 0.0037
369 365 0.0131
365 366 0.0037
367 366 0.0037
368 366 0.0093
214 367 0.0019
366 367 0.0037
368 367 0.0075
366 368 0.0093
367 368 0.0075
369 368 0.0075
365 369 0.0131
368 369 0.0075
370 369 0.0093
372 369 0.0037
364 370 0.0093
369 370 0.0093
550 370 0.0093
369 372 0.0037
373 372 0.0037
372 373 0.0037
376 373 0.0056
376 375 0.0131
550 375 0.0187
551 375 0.0037
373 376 0.0056
375 376 0.0131
382 376 0.0093
1 380 0.0336
381 380 0.028
568 380 0.0299
136 381 0.0206
380 381 0.028
566 381 0.0168
376 382 0.0093
383 382 0.0112
382 383 0.0112
412 383 0.0093
179 384 0.0131
183 384 0.0449
385 384 0.0449
384 385 0.0449
568 385 0.0336
574 385 0.0093
387 386 0.0206
388 386 0.0187
386 387 0.0206
388 387 0.0037
401 387 0.0168
386 388 0.0187
387 388 0.0037
398 388 0.0131
355 389 0.0112
391 389 0.0056
392 389 0.0187
109 390 0.0037
110 390 0.0037
363 391 0.0112
364 391 0.0187
389 391 0.0056
364 392 0.0187
389 392 0.0187
401 392 0.0093
352 394 0.0075
395 394 0.0056
396 394 0.015
353 395 0.0056
394 395 0.0056
398 395 0.0131
351 396 0.0131
394 396 0.015
397 396 0.015
396 397 0.015
398 397 0.0206
400 397 0.015
388 398 0.0131
395 398 0.0131
397 398 0.0206
400 399 0.0206
403 399 0.0224
397 400 0.015
399 400 0.0206
405 400 0.015
387 401 0.0168
392 401 0.0093
402 401 0.0168
401 402 0.0168
403 402 0.0224
404 402 0.0037
406 402 0.0093
399 403 0.0224
402 403 0.0224
404 403 0.0093
402 404 0.0037
403 404 0.0093
411 404 0.0037
400 405 0.015
411 405 0.0206
412 405 0.015
402 406 0.0093
407 406 0.0037
551 406 0.015
406 407 0.0037
408 407 0.0131
551 407 0.0187
407 408 0.0131
410 408 0.0131
408 410 0.0131
411 410 0.015
404 411 0.0037
405 411 0.0206
410 411 0.015
383 412 0.0093
405 412 0.015
549 412 0.0037
415 413 0.0112
416 413 0.0075
421 413 0.0019
415 414 0.0168
549 414 0.0093
555 414 0.0168
413 415 0.0112
414 415 0.0168
549 415 0.0037
413 416 0.0075
422 416 0.0093
419 418 0.0168
555 418 0.015
418 419 0.0168
422 419 0.0093
565 419 0.0056
413 421 0.0019
555 421 0.0019
416 422 0.0093
419 422 0.0093
424 423 0.0056
426 423 0.0112
555 423 0.0037
423 424 0.0056
425 424 0.015
541 424 0.0075
424 425 0.015
426 425 0.0168
423 426 0.0112
425 426 0.0168
430 426 0.015
350 427 0.0224
429 427 0.0243
168 428 0.0037
180 428 0.0318
499 428 0.0262
427 429 0.0243
430 429 0.0243
426 430 0.015
429 430 0.0243
432 430 0.0299
430 432 0.0299
482 432 0.0374
486 432 0.0056
256 434 0.0131
346 434 0.0037
439 434 0.0075
345 436 0.0542
346 436 0.0542
306 439 0.015
434 439 0.0075
446 439 0.0056
272 440 0.0037
278 440 0.0037
307 442 0.0056
443 442 0.0131
449 442 0.0019
452 442 0.0093
442 443 0.0131
444 443 0.0112
445 443 0.0112
443 444 0.0112
445 444 0.0037
460 444 0.0056
443 445 0.0112
444 445 0.0037
446 445 0.0056
439 446 0.0056
445 446 0.0056
140 449 0.0075
442 449 0.0019
450 449 0.0112
449 450 0.0112
451 450 0.0168
454 450 0.0037
450 451 0.0168
454 451 0.0075
474 451 0.0075
442 452 0.0093
453 452 0.0075
461 452 0.0112
452 453 0.0075
454 453 0.0093
455 453 0.0112
450 454 0.0037
451 454 0.0075
453 454 0.0093
458 454 0.0056
453 455 0.0112
456 455 0.0037
457 455 0.0168
455 456 0.0037
457 456 0.0093
461 456 0.0037
455 457 0.0168
456 457 0.0093
458 457 0.0056
454 458 0.0056
457 458 0.0056
444 460 0.0056
461 460 0.0112
464 460 0.0037
452 461 0.0112
456 461 0.0037
460 461 0.0112
465 461 0.0037
347 463 0.0411
467 463 0.0056
481 463 0.0486
460 464 0.0037
465 464 0.0037
461 465 0.0037
464 465 0.0037
463 467 0.0056
468 467 0.0037
484 467 0.0112
467 468 0.0037
489 468 0.0075
495 468 0.0019
451 474 0.0075
475 474 0.0131
478 474 0.0224
474 475 0.0131
476 475 0.015
166 476 0.0112
475 476 0.015
477 476 0.028
476 477 0.028
558 477 0.0262
474 478 0.0224
495 478 0.0243
480 479 0.0168
495 479 0.028
558 479 0.028
479 480 0.0168
489 480 0.0019
497 480 0.0131
463 481 0.0486
482 481 0.0355
483 481 0.0486
432 482 0.0374
481 482 0.0355
481 483 0.0486
484 483 0.0056
487 483 0.0411
467 484 0.0112
483 484 0.0056
489 484 0.0037
180 485 0.0075
222 485 0.015
294 485 0.0056
432 486 0.0056
488 486 0.0056
483 487 0.0411
488 487 0.0262
490 487 0.0131
486 488 0.0056
487 488 0.0262
532 488 0.0187
468 489 0.0075
480 489 0.0019
484 489 0.0037
487 490 0.0131
491 490 0.0075
492 490 0.0037
490 491 0.0075
514 491 0.0075
490 492 0.0037
502 492 0.0037
468 495 0.0019
478 495 0.0243
479 495 0.028
480 497 0.0131
498 497 0.0075
501 497 0.0037
497 498 0.0075
499 498 0.0131
500 498 0.0037
428 499 0.0262
498 499 0.0131
500 499 0.0224
498 500 0.0037
499 500 0.0224
512 500 0.0168
497 501 0.0037
502 501 0.0131
503 501 0.0075
492 502 0.0037
501 502 0.0131
504 502 0.0075
501 503 0.0075
505 503 0.0075
502 504 0.0075
505 504 0.0075
503 505 0.0075
504 505 0.0075
500 512 0.0168
514 512 0.0075
516 512 0.0075
491 514 0.0075
512 514 0.0075
512 516 0.0075
521 516 0.0075
516 521 0.0075
560 521 0.0075
524 523 0.0037
529 523 0.0075
560 523 0.0131
523 524 0.0037
560 524 0.0037
523 529 0.0075
532 529 0.0075
488 532 0.0187
529 532 0.0075
534 532 0.0093
532 534 0.0093
540 534 0.0093
534 540 0.0093
541 540 0.0075
424 541 0.0075
540 541 0.0075
412 549 0.0037
414 549 0.0093
415 549 0.0037
370 550 0.0093
375 550 0.0187
551 550 0.0187
375 551 0.0037
406 551 0.015
407 551 0.0187
550 551 0.0187
414 555 0.0168
418 555 0.015
421 555 0.0019
423 555 0.0037
564 555 0.0056
477 558 0.0262
479 558 0.028
521 560 0.0075
523 560 0.0131
524 560 0.0037
564 561 0.0112
565 561 0.0112
555 564 0.0056
561 564 0.0112
565 564 0.0037
419 565 0.0056
561 565 0.0112
564 565 0.0037
136 566 0.0075
164 566 0.015
381 566 0.0168
179 568 0.0093
380 568 0.0299
385 568 0.0336
180 573 0.0393
182 573 0.043
252 573 0.0019
244 574 0.0093
385 574 0.0093
282 575 0.0075
283 575 0.0075
139 576 0.0168
141 576 0.0056
278 576 0.0093
279 576 0.0112
283 576 0.0075
