201 1 0.0242
207 1 0.0242
208 3 0.0242
235 3 0.0364
254 3 0.0061
42 15 0.0485
107 15 0.0485
84 18 0.0121
233 18 0.0061
251 18 0.0242
187 21 0.0121
191 21 0.0121
30 25 0.0485
137 25 0.0909
207 25 0.0364
32 27 0.0121
37 27 0.0121
107 28 0.0667
108 28 0.0121
217 28 0.0485
25 30 0.0485
211 30 0.0121
214 30 0.0667
27 32 0.0121
37 32 0.0121
80 34 0.0061
81 34 0.0182
180 34 0.0303
39 35 0.0303
149 35 0.0364
152 35 0.0242
27 37 0.0121
32 37 0.0121
41 38 0.0242
85 38 0.0242
35 39 0.0303
153 39 0.0061
178 39 0.0182
72 40 0.0242
155 40 0.0242
38 41 0.0242
42 41 0.0788
99 41 0.0485
15 42 0.0485
41 42 0.0788
45 42 0.0242
42 45 0.0242
47 45 0.0667
248 45 0.0364
45 47 0.0667
110 47 0.0667
59 48 0.0242
222 48 0.0242
61 50 0.0121
170 50 0.0121
64 54 0.0303
117 54 0.0242
57 56 0.0303
112 56 0.0667
113 56 0.0424
56 57 0.0303
59 57 0.0545
64 57 0.0182
48 59 0.0242
57 59 0.0545
60 59 0.0242
59 60 0.0242
64 60 0.0242
50 61 0.0121
170 61 0.0121
54 64 0.0303
57 64 0.0182
60 64 0.0242
120 64 0.0242
119 68 0.0121
125 68 0.0121
140 69 0.0545
143 69 0.0121
181 69 0.0364
121 70 0.0424
169 70 0.0424
40 72 0.0242
224 72 0.0424
228 72 0.0121
240 74 0.0121
243 74 0.0121
34 80 0.0061
180 80 0.0061
34 81 0.0182
92 81 0.0182
114 83 0.0364
115 83 0.0485
174 83 0.0303
18 84 0.0121
234 84 0.0061
251 84 0.0242
38 85 0.0242
100 85 0.0242
90 86 0.0545
175 86 0.0364
223 86 0.0121
86 90 0.0545
228 90 0.0424
250 90 0.0667
93 91 0.0121
246 91 0.0545
256 91 0.0364
81 92 0.0182
180 92 0.0182
91 93 0.0121
255 93 0.0121
41 99 0.0485
157 99 0.0485
85 100 0.0242
103 100 0.0121
114 100 0.0424
109 102 0.0545
115 102 0.0788
174 102 0.0182
100 103 0.0121
114 103 0.0242
174 103 0.0061
127 106 0.0061
207 106 0.0061
15 107 0.0485
28 107 0.0667
108 107 0.0121
28 108 0.0121
107 108 0.0121
102 109 0.0545
110 109 0.0485
112 109 0.0485
47 110 0.0667
109 110 0.0485
159 110 0.0606
56 112 0.0667
109 112 0.0485
113 112 0.0121
56 113 0.0424
112 113 0.0121
159 113 0.0182
83 114 0.0364
100 114 0.0424
103 114 0.0242
83 115 0.0485
102 115 0.0788
225 115 0.0242
54 117 0.0242
125 117 0.0242
122 118 0.0303
132 118 0.0303
68 119 0.0121
125 119 0.0121
64 120 0.0242
125 120 0.0242
70 121 0.0424
122 121 0.0303
146 121 0.0788
118 122 0.0303
121 122 0.0303
68 125 0.0121
117 125 0.0242
119 125 0.0121
120 125 0.0242
106 127 0.0061
137 127 0.0909
138 127 0.097
201 127 0.0121
118 132 0.0303
162 132 0.0303
25 137 0.0909
127 137 0.0909
127 138 0.097
157 138 0.0485
201 138 0.0424
69 140 0.0545
143 140 0.0121
162 140 0.0364
69 143 0.0121
140 143 0.0121
242 145 0.0303
249 145 0.0303
254 145 0.0182
121 146 0.0788
162 146 0.0727
149 148 0.0182
178 148 0.0182
35 149 0.0364
148 149 0.0182
152 149 0.0121
35 152 0.0242
149 152 0.0121
153 152 0.0061
39 153 0.0061
152 153 0.0061
40 155 0.0242
250 155 0.0242
99 157 0.0485
138 157 0.0485
110 159 0.0606
113 159 0.0182
257 159 0.0364
132 162 0.0303
140 162 0.0364
146 162 0.0727
70 169 0.0424
175 169 0.0364
50 170 0.0121
61 170 0.0121
83 174 0.0303
102 174 0.0182
103 174 0.0061
86 175 0.0364
169 175 0.0364
39 178 0.0182
148 178 0.0182
34 180 0.0303
80 180 0.0061
92 180 0.0182
69 181 0.0364
250 181 0.0364
21 187 0.0121
237 187 0.0121
21 191 0.0121
234 191 0.0303
237 191 0.0485
200 199 0.0121
205 199 0.0303
225 199 0.0121
199 200 0.0121
205 200 0.0121
1 201 0.0242
127 201 0.0121
138 201 0.0424
199 205 0.0303
200 205 0.0121
227 205 0.0121
1 207 0.0242
25 207 0.0364
106 207 0.0061
3 208 0.0242
210 208 0.0242
208 210 0.0242
232 210 0.0242
30 211 0.0121
214 211 0.0121
30 214 0.0667
211 214 0.0121
215 214 0.0485
214 215 0.0485
217 215 0.0485
28 217 0.0485
215 217 0.0485
48 222 0.0242
226 222 0.0121
227 222 0.0424
86 223 0.0121
224 223 0.0121
72 224 0.0424
223 224 0.0121
228 224 0.0606
115 225 0.0242
199 225 0.0121
226 225 0.0424
222 226 0.0121
225 226 0.0424
227 226 0.0606
205 227 0.0121
222 227 0.0424
226 227 0.0606
72 228 0.0121
90 228 0.0424
224 228 0.0606
210 232 0.0242
233 232 0.0303
235 232 0.0606
18 233 0.0061
232 233 0.0303
234 233 0.0424
84 234 0.0061
191 234 0.0303
233 234 0.0424
3 235 0.0364
232 235 0.0606
236 235 0.0424
235 236 0.0424
237 236 0.0303
240 236 0.0061
187 237 0.0121
191 237 0.0485
236 237 0.0303
74 240 0.0121
236 240 0.0061
242 240 0.0242
145 242 0.0303
240 242 0.0242
243 242 0.0364
74 243 0.0121
242 243 0.0364
249 243 0.0182
91 246 0.0545
247 246 0.0545
255 246 0.0303
246 247 0.0545
248 247 0.0364
255 247 0.0121
45 248 0.0364
247 248 0.0364
145 249 0.0303
243 249 0.0182
254 249 0.0061
90 250 0.0667
155 250 0.0242
181 250 0.0364
18 251 0.0242
84 251 0.0242
3 254 0.0061
145 254 0.0182
249 254 0.0061
93 255 0.0121
246 255 0.0303
247 255 0.0121
91 256 0.0364
257 256 0.0364
159 257 0.0364
256 257 0.0364
