426 1 0.0055
695 1 0.0069
3 2 0.0082
7 2 0.0027
48 2 0.0096
653 2 0.011
677 2 0.0027
2 3 0.0082
19 3 0.0096
460 3 0.0192
5 4 0.0055
672 4 0.0055
4 5 0.0055
6 5 0.0041
695 5 0.0082
5 6 0.0041
598 6 0.0027
2 7 0.0027
8 7 0.0069
463 7 0.0027
7 8 0.0069
11 8 0.0041
464 8 0.0124
10 9 0.0151
461 9 0.0027
464 9 0.0192
9 10 0.0151
11 10 0.0165
12 10 0.0082
33 10 0.0096
8 11 0.0041
10 11 0.0165
35 11 0.011
10 12 0.0082
18 12 0.0179
27 12 0.0165
15 13 0.0096
18 13 0.0234
469 13 0.0124
22 14 0.0014
44 14 0.0165
490 14 0.0124
691 14 0.0137
13 15 0.0096
16 15 0.0041
20 15 0.0041
15 16 0.0041
18 16 0.0041
12 18 0.0179
13 18 0.0234
16 18 0.0041
3 19 0.0096
20 19 0.0041
461 19 0.0041
15 20 0.0041
19 20 0.0041
14 22 0.0014
134 22 0.0055
692 22 0.0082
24 23 0.0096
428 23 0.0082
493 23 0.0137
23 24 0.0096
25 24 0.011
596 24 0.011
24 25 0.011
113 25 0.011
212 25 0.0124
12 27 0.0165
28 27 0.0151
465 27 0.0247
27 28 0.0151
29 28 0.0069
92 28 0.0151
28 29 0.0069
30 29 0.0027
32 29 0.0124
91 29 0.0055
29 30 0.0027
31 30 0.0082
33 30 0.0041
30 31 0.0082
32 31 0.0082
84 31 0.0014
29 32 0.0124
31 32 0.0082
91 32 0.0027
10 33 0.0096
30 33 0.0041
585 33 0.0069
11 35 0.011
38 35 0.0234
43 35 0.0096
45 35 0.0179
585 35 0.0137
37 36 0.0027
67 36 0.0014
585 36 0.0055
36 37 0.0027
45 37 0.0137
61 37 0.0027
64 37 0.0288
66 37 0.022
35 38 0.0234
39 38 0.0192
45 38 0.0027
38 39 0.0192
40 39 0.0096
47 39 0.0137
56 39 0.0014
39 40 0.0096
41 40 0.0082
40 41 0.0082
42 41 0.0014
43 41 0.0055
41 42 0.0014
43 42 0.0027
35 43 0.0096
41 43 0.0055
42 43 0.0027
14 44 0.0165
288 44 0.0179
428 44 0.0137
35 45 0.0179
37 45 0.0137
38 45 0.0027
288 46 0.011
304 46 0.0082
430 46 0.0014
39 47 0.0137
48 47 0.0069
52 47 0.011
2 48 0.0096
47 48 0.0069
665 48 0.0069
304 49 0.0124
316 49 0.0192
686 49 0.0055
53 51 0.0069
316 51 0.0124
537 51 0.0041
47 52 0.011
54 52 0.0096
620 52 0.0027
51 53 0.0069
155 53 0.0124
491 53 0.0041
52 54 0.0096
58 54 0.0082
689 55 0.011
690 55 0.0124
39 56 0.0014
58 56 0.0014
54 58 0.0082
56 58 0.0014
59 58 0.0055
58 59 0.0055
62 59 0.0055
37 61 0.0027
62 61 0.0069
64 61 0.011
59 62 0.0055
61 62 0.0069
63 62 0.0096
71 62 0.011
62 63 0.0096
72 63 0.0124
74 63 0.0014
37 64 0.0288
61 64 0.011
65 64 0.0192
64 65 0.0192
75 65 0.0247
586 65 0.0041
37 66 0.022
67 66 0.0027
79 66 0.0179
36 67 0.0014
66 67 0.0027
69 68 0.0027
107 68 0.0041
68 69 0.0027
109 69 0.0055
110 69 0.0014
128 70 0.022
129 70 0.0027
586 70 0.011
623 70 0.0041
62 71 0.011
72 71 0.0041
586 71 0.0055
63 72 0.0124
71 72 0.0041
659 72 0.0069
63 74 0.0014
667 74 0.0014
65 75 0.0247
76 75 0.0179
79 75 0.0055
75 76 0.0179
77 76 0.022
78 76 0.0027
76 77 0.022
78 77 0.0151
124 77 0.0165
76 78 0.0027
77 78 0.0151
82 78 0.0041
122 78 0.0055
66 79 0.0179
75 79 0.0055
80 79 0.011
79 80 0.011
81 80 0.0069
120 80 0.0082
80 81 0.0069
82 81 0.0096
83 81 0.0014
78 82 0.0041
81 82 0.0096
83 82 0.0041
81 83 0.0014
82 83 0.0041
121 83 0.0014
31 84 0.0014
85 84 0.0041
93 84 0.0069
84 85 0.0041
88 85 0.0041
85 88 0.0041
89 88 0.0041
93 88 0.0082
95 88 0.0027
96 88 0.0096
100 88 0.0041
88 89 0.0041
90 89 0.0137
97 89 0.0165
89 90 0.0137
91 90 0.0014
92 90 0.0055
139 90 0.0151
29 91 0.0055
32 91 0.0027
90 91 0.0014
28 92 0.0151
90 92 0.0055
446 92 0.0137
84 93 0.0069
88 93 0.0082
88 95 0.0027
96 95 0.0069
98 95 0.0027
88 96 0.0096
95 96 0.0069
97 96 0.0069
98 96 0.0014
89 97 0.0165
96 97 0.0069
99 97 0.0165
95 98 0.0027
96 98 0.0014
97 99 0.0165
105 99 0.0151
88 100 0.0041
101 100 0.0096
104 100 0.0041
100 101 0.0096
102 101 0.011
111 101 0.0055
101 102 0.011
103 102 0.011
106 102 0.0069
102 103 0.011
104 103 0.0069
106 103 0.0027
100 104 0.0041
103 104 0.0069
105 104 0.0014
99 105 0.0151
104 105 0.0014
114 105 0.0124
102 106 0.0069
103 106 0.0027
112 106 0.0027
68 107 0.0041
108 107 0.0027
109 107 0.0082
107 108 0.0027
109 108 0.0069
111 108 0.0027
69 109 0.0055
107 109 0.0082
108 109 0.0069
69 110 0.0014
111 110 0.0014
112 110 0.0041
101 111 0.0055
108 111 0.0027
110 111 0.0014
112 111 0.0082
106 112 0.0027
110 112 0.0041
111 112 0.0082
25 113 0.011
509 113 0.0082
652 113 0.0069
105 114 0.0124
115 114 0.011
114 115 0.011
116 115 0.0027
119 115 0.0151
115 116 0.0027
118 116 0.0014
119 116 0.0055
537 117 0.0041
637 117 0.0041
116 118 0.0014
137 118 0.0027
115 119 0.0151
116 119 0.0055
120 119 0.0041
135 119 0.0179
200 119 0.0082
80 120 0.0082
119 120 0.0041
121 120 0.0027
83 121 0.0014
120 121 0.0027
78 122 0.0055
126 122 0.0027
124 123 0.022
127 123 0.0137
128 123 0.0041
141 123 0.0014
147 123 0.0137
77 124 0.0165
123 124 0.022
125 124 0.0179
124 125 0.0179
128 125 0.0192
122 126 0.0027
127 126 0.0096
132 126 0.0055
123 127 0.0137
126 127 0.0096
151 127 0.0165
70 128 0.022
123 128 0.0041
125 128 0.0192
129 128 0.0206
70 129 0.0027
128 129 0.0206
143 129 0.0165
126 132 0.0055
133 132 0.0027
150 132 0.0096
132 133 0.0027
150 133 0.0014
22 134 0.0055
693 134 0.0041
119 135 0.0179
213 135 0.0206
140 136 0.0069
593 136 0.0014
601 136 0.0041
118 137 0.0027
138 137 0.0027
217 137 0.0082
137 138 0.0027
139 138 0.0192
218 138 0.0234
90 139 0.0151
138 139 0.0192
353 139 0.0082
136 140 0.0069
594 140 0.0082
646 140 0.011
123 141 0.0014
142 141 0.0014
141 142 0.0014
143 142 0.0027
625 142 0.0055
129 143 0.0165
142 143 0.0027
144 143 0.0124
143 144 0.0124
623 144 0.0137
594 146 0.011
595 146 0.0041
651 146 0.0055
123 147 0.0137
148 147 0.0151
151 147 0.0165
153 147 0.0179
147 148 0.0151
162 148 0.0069
627 148 0.0096
132 150 0.0096
133 150 0.0014
194 150 0.0082
127 151 0.0165
147 151 0.0165
191 151 0.0234
147 153 0.0179
154 153 0.0179
163 153 0.0124
153 154 0.0179
156 154 0.011
158 154 0.011
182 154 0.0179
53 155 0.0124
485 155 0.0055
599 155 0.0055
154 156 0.011
157 156 0.011
174 156 0.022
180 156 0.011
156 157 0.011
167 157 0.0082
170 157 0.0027
154 158 0.011
159 158 0.0124
158 159 0.0124
160 159 0.0124
163 159 0.0124
159 160 0.0124
162 160 0.0124
148 162 0.0069
160 162 0.0124
166 162 0.0069
153 163 0.0124
159 163 0.0124
162 166 0.0069
169 166 0.011
627 166 0.0014
628 166 0.0082
157 167 0.0082
168 167 0.0069
167 168 0.0069
169 168 0.0055
166 169 0.011
168 169 0.0055
629 169 0.0041
157 170 0.0027
171 170 0.0027
172 170 0.0069
170 171 0.0027
172 171 0.0151
176 171 0.011
170 172 0.0069
171 172 0.0151
173 172 0.0151
253 172 0.0041
172 173 0.0151
174 173 0.022
253 173 0.0014
257 173 0.022
156 174 0.022
173 174 0.022
171 176 0.011
177 176 0.0096
176 177 0.0096
178 177 0.0082
177 178 0.0082
273 178 0.0165
683 178 0.0069
156 180 0.011
183 180 0.0096
182 181 0.0027
184 181 0.0014
154 182 0.0179
181 182 0.0027
187 182 0.0206
180 183 0.0096
184 183 0.0041
185 183 0.0151
181 184 0.0014
183 184 0.0041
185 184 0.0014
183 185 0.0151
184 185 0.0014
186 185 0.0124
185 186 0.0124
187 186 0.022
251 186 0.0288
258 186 0.0302
182 187 0.0206
186 187 0.022
189 188 0.0151
205 188 0.0165
188 189 0.0151
197 189 0.0137
203 190 0.0151
602 190 0.0096
609 190 0.0041
151 191 0.0234
192 191 0.0247
191 192 0.0247
193 192 0.0069
196 192 0.0165
192 193 0.0069
194 193 0.0082
150 194 0.0082
193 194 0.0082
192 196 0.0165
197 196 0.0165
189 197 0.0137
196 197 0.0165
198 197 0.0069
197 198 0.0069
199 198 0.0027
200 198 0.011
198 199 0.0027
200 199 0.0096
208 199 0.0055
119 200 0.0082
198 200 0.011
199 200 0.0096
201 200 0.0041
200 201 0.0041
209 201 0.0014
211 201 0.0014
190 203 0.0151
605 203 0.0179
615 203 0.0014
188 205 0.0165
206 205 0.0082
252 205 0.0206
205 206 0.0082
207 206 0.0041
231 206 0.0137
206 207 0.0041
208 207 0.0014
230 207 0.0069
199 208 0.0055
207 208 0.0014
209 208 0.0027
201 209 0.0014
208 209 0.0027
211 210 0.0069
214 210 0.0082
201 211 0.0014
210 211 0.0069
213 211 0.0027
25 212 0.0124
488 212 0.0055
617 212 0.0055
135 213 0.0206
211 213 0.0027
214 213 0.0247
210 214 0.0082
213 214 0.0247
217 214 0.0055
221 214 0.0137
609 215 0.0041
616 215 0.0041
137 217 0.0082
214 217 0.0055
218 217 0.0069
138 218 0.0234
217 218 0.0069
219 218 0.0206
218 219 0.0206
220 219 0.0192
354 219 0.011
219 220 0.0192
221 220 0.0027
225 220 0.0206
355 220 0.0069
214 221 0.0137
220 221 0.0027
222 221 0.0027
223 221 0.022
221 222 0.0027
223 222 0.0055
230 222 0.0014
221 223 0.022
222 223 0.0055
224 223 0.0206
223 224 0.0206
225 224 0.022
226 224 0.0055
220 225 0.0206
224 225 0.022
226 225 0.0082
359 225 0.0014
224 226 0.0055
225 226 0.0082
227 226 0.0069
226 227 0.0069
228 227 0.011
232 227 0.0082
227 228 0.011
229 228 0.0124
240 228 0.0137
228 229 0.0124
235 229 0.0096
359 229 0.0014
207 230 0.0069
222 230 0.0014
231 230 0.0096
206 231 0.0137
230 231 0.0096
232 231 0.0082
227 232 0.0082
231 232 0.0082
233 232 0.0124
232 233 0.0124
234 233 0.0082
243 233 0.0082
233 234 0.0082
252 234 0.0082
229 235 0.0096
236 235 0.0137
237 235 0.0027
235 236 0.0137
237 236 0.011
356 236 0.0014
235 237 0.0027
236 237 0.011
238 237 0.0069
237 238 0.0069
239 238 0.0069
238 239 0.0069
240 239 0.0137
351 239 0.0055
228 240 0.0137
239 240 0.0137
233 243 0.0082
244 243 0.0124
337 243 0.0082
243 244 0.0124
245 244 0.0014
340 244 0.022
341 244 0.0055
244 245 0.0014
338 245 0.0014
250 249 0.0055
338 249 0.0055
249 250 0.0055
337 250 0.0055
186 251 0.0288
252 251 0.0165
259 251 0.0165
205 252 0.0206
234 252 0.0082
251 252 0.0165
172 253 0.0041
173 253 0.0014
254 253 0.0014
253 254 0.0014
255 254 0.0027
254 255 0.0027
256 255 0.0014
265 255 0.0055
255 256 0.0014
257 256 0.0234
258 256 0.0027
264 256 0.0302
173 257 0.022
256 257 0.0234
186 258 0.0302
256 258 0.0027
259 258 0.0041
264 258 0.0288
251 259 0.0165
258 259 0.0041
260 259 0.0014
262 259 0.0137
259 260 0.0014
261 260 0.0069
271 260 0.0041
260 261 0.0069
262 261 0.0027
266 261 0.0124
259 262 0.0137
261 262 0.0027
263 262 0.0055
266 262 0.0192
262 263 0.0055
264 263 0.0055
265 263 0.0069
256 264 0.0302
258 264 0.0288
263 264 0.0055
255 265 0.0055
263 265 0.0069
266 265 0.0055
261 266 0.0124
262 266 0.0192
265 266 0.0055
267 266 0.0179
266 267 0.0179
268 267 0.0082
289 267 0.0082
267 268 0.0082
269 268 0.0055
337 268 0.0014
268 269 0.0055
270 269 0.0082
272 269 0.0014
269 270 0.0082
271 270 0.0069
260 271 0.0041
270 271 0.0069
272 271 0.0014
269 272 0.0014
271 272 0.0014
178 273 0.0165
274 273 0.0206
275 273 0.0027
273 274 0.0206
275 274 0.0027
277 274 0.0165
273 275 0.0027
274 275 0.0027
274 277 0.0165
278 277 0.0137
279 277 0.0151
277 278 0.0137
280 278 0.0014
282 278 0.0124
314 278 0.0027
610 278 0.0151
277 279 0.0151
289 279 0.0165
278 280 0.0014
287 280 0.0027
278 282 0.0124
283 282 0.0165
293 282 0.011
282 283 0.0165
285 283 0.0137
287 283 0.0137
285 284 0.0082
290 284 0.0069
283 285 0.0137
284 285 0.0082
286 285 0.0041
285 286 0.0041
287 286 0.0124
289 286 0.0069
280 287 0.0027
283 287 0.0137
286 287 0.0124
44 288 0.0179
46 288 0.011
430 288 0.0041
267 289 0.0082
279 289 0.0165
286 289 0.0069
284 290 0.0069
294 290 0.0069
282 293 0.011
294 293 0.0096
290 294 0.0069
293 294 0.0096
297 294 0.0014
294 297 0.0014
298 297 0.0014
297 298 0.0014
299 298 0.011
301 298 0.0041
323 298 0.0027
298 299 0.011
300 299 0.0069
321 299 0.0027
299 300 0.0069
301 300 0.011
318 300 0.0027
298 301 0.0041
300 301 0.011
302 301 0.0055
301 302 0.0055
303 302 0.011
305 302 0.0041
302 303 0.011
317 303 0.0027
512 303 0.0069
46 304 0.0082
49 304 0.0124
593 304 0.0082
302 305 0.0041
306 305 0.0041
308 305 0.0096
305 306 0.0041
309 306 0.0096
312 306 0.0041
305 308 0.0096
309 308 0.0137
315 308 0.0137
306 309 0.0096
308 309 0.0137
310 309 0.0082
311 309 0.0041
309 310 0.0082
314 310 0.0069
309 311 0.0041
312 311 0.0027
306 312 0.0041
311 312 0.0027
278 314 0.0027
310 314 0.0069
611 314 0.0124
308 315 0.0137
511 315 0.0151
49 316 0.0192
51 316 0.0124
503 316 0.0055
303 317 0.0027
318 317 0.0014
320 317 0.0096
578 317 0.0027
300 318 0.0027
317 318 0.0014
320 318 0.0055
317 320 0.0096
318 320 0.0055
578 320 0.0027
299 321 0.0027
323 321 0.0027
298 323 0.0027
321 323 0.0027
243 337 0.0082
250 337 0.0055
268 337 0.0014
245 338 0.0014
249 338 0.0055
339 338 0.0151
341 338 0.0055
338 339 0.0151
340 339 0.0151
244 340 0.022
339 340 0.0151
351 340 0.0055
244 341 0.0055
338 341 0.0055
239 351 0.0055
340 351 0.0055
139 353 0.0082
354 353 0.0082
357 353 0.0041
219 354 0.011
353 354 0.0082
355 354 0.0069
220 355 0.0069
354 355 0.0069
356 355 0.0041
236 356 0.0014
355 356 0.0041
361 356 0.0014
353 357 0.0041
358 357 0.0124
362 357 0.0124
357 358 0.0124
366 358 0.011
374 358 0.0192
225 359 0.0014
229 359 0.0014
356 361 0.0014
362 361 0.0137
364 361 0.011
357 362 0.0124
361 362 0.0137
364 363 0.011
375 363 0.0096
361 364 0.011
363 364 0.011
358 366 0.011
372 366 0.011
366 372 0.011
373 372 0.0041
395 372 0.0055
372 373 0.0041
374 373 0.0082
387 373 0.0027
358 374 0.0192
373 374 0.0082
375 374 0.0096
363 375 0.0096
374 375 0.0096
373 387 0.0027
389 387 0.0027
387 389 0.0027
390 389 0.0041
395 389 0.0082
389 390 0.0041
391 390 0.0041
390 391 0.0041
392 391 0.0055
394 391 0.011
391 392 0.0055
399 392 0.0069
391 394 0.011
395 394 0.0069
398 394 0.0082
372 395 0.0055
389 395 0.0082
394 395 0.0069
394 398 0.0082
399 398 0.011
405 398 0.0069
392 399 0.0069
398 399 0.011
400 399 0.0069
401 399 0.011
399 400 0.0069
401 400 0.0027
406 400 0.0027
399 401 0.011
400 401 0.0027
402 401 0.0069
401 402 0.0069
404 402 0.0069
402 404 0.0069
405 404 0.0096
406 404 0.0069
398 405 0.0069
404 405 0.0096
444 405 0.0069
400 406 0.0027
404 406 0.0069
411 406 0.0055
409 408 0.0055
412 408 0.0069
408 409 0.0055
410 409 0.0055
409 410 0.0055
411 410 0.0124
415 410 0.0192
406 411 0.0055
410 411 0.0124
422 411 0.0055
408 412 0.0069
414 412 0.0069
412 414 0.0069
415 414 0.0069
410 415 0.0192
414 415 0.0069
416 415 0.011
415 416 0.011
422 416 0.011
411 422 0.0055
416 422 0.011
423 422 0.0041
422 423 0.0041
429 423 0.0041
1 426 0.0055
680 426 0.0014
693 426 0.0082
23 428 0.0082
44 428 0.0137
430 428 0.0069
594 428 0.0014
423 429 0.0041
434 429 0.0041
46 430 0.0014
288 430 0.0041
428 430 0.0069
429 434 0.0041
435 434 0.0082
436 434 0.0027
434 435 0.0082
436 435 0.0055
439 435 0.0096
441 435 0.0014
434 436 0.0027
435 436 0.0055
437 436 0.0014
436 437 0.0014
438 437 0.0069
448 437 0.0041
437 438 0.0069
439 438 0.0124
443 438 0.0151
435 439 0.0096
438 439 0.0124
440 439 0.0069
439 440 0.0069
441 440 0.0014
443 440 0.0041
435 441 0.0014
440 441 0.0014
438 443 0.0151
440 443 0.0041
452 443 0.0096
405 444 0.0069
446 444 0.0069
92 446 0.0137
444 446 0.0069
447 446 0.0165
446 447 0.0165
448 447 0.0082
450 447 0.0261
437 448 0.0041
447 448 0.0082
449 448 0.0027
448 449 0.0027
458 449 0.0027
447 450 0.0261
451 450 0.0275
458 450 0.0082
450 451 0.0275
457 451 0.0151
468 451 0.011
443 452 0.0096
453 452 0.0137
454 452 0.0027
452 453 0.0137
454 453 0.0027
457 453 0.0096
452 454 0.0027
453 454 0.0027
451 457 0.0151
453 457 0.0096
458 457 0.0041
449 458 0.0027
450 458 0.0082
457 458 0.0041
3 460 0.0192
461 460 0.0082
462 460 0.0192
9 461 0.0027
19 461 0.0041
460 461 0.0082
460 462 0.0192
463 462 0.0014
464 462 0.022
7 463 0.0027
462 463 0.0014
8 464 0.0124
9 464 0.0192
462 464 0.022
27 465 0.0247
467 465 0.0247
465 467 0.0247
468 467 0.0165
474 467 0.0069
451 468 0.011
467 468 0.0165
475 468 0.0041
13 469 0.0124
470 469 0.0055
481 469 0.0055
469 470 0.0055
471 470 0.0055
470 471 0.0055
474 471 0.0055
467 474 0.0069
471 474 0.0055
468 475 0.0041
476 475 0.0096
477 475 0.0027
475 476 0.0096
477 476 0.0096
475 477 0.0027
476 477 0.0096
478 477 0.0055
477 478 0.0055
479 478 0.0055
478 479 0.0055
480 479 0.0027
481 479 0.0096
479 480 0.0027
481 480 0.0027
469 481 0.0055
479 481 0.0096
480 481 0.0027
155 485 0.0055
491 485 0.0041
212 488 0.0055
595 488 0.0041
14 490 0.0124
493 490 0.0165
652 490 0.011
53 491 0.0041
485 491 0.0041
23 493 0.0137
490 493 0.0165
652 493 0.0014
495 494 0.011
517 494 0.011
494 495 0.011
498 495 0.0124
497 496 0.0124
506 496 0.011
496 497 0.0124
498 497 0.0124
495 498 0.0124
497 498 0.0124
501 500 0.0027
504 500 0.0027
500 501 0.0027
504 501 0.0027
316 503 0.0055
589 503 0.0096
591 503 0.0027
500 504 0.0027
501 504 0.0027
496 506 0.011
519 506 0.011
113 509 0.0082
617 509 0.0027
693 509 0.0041
315 511 0.0151
512 511 0.0124
612 511 0.0179
303 512 0.0069
511 512 0.0124
513 512 0.0041
512 513 0.0041
514 513 0.0055
689 513 0.011
513 514 0.0055
517 514 0.0055
494 517 0.011
514 517 0.0055
518 517 0.0179
517 518 0.0179
519 518 0.0179
688 518 0.0124
506 519 0.011
518 519 0.0179
637 519 0.0041
51 537 0.0041
117 537 0.0041
317 578 0.0027
320 578 0.0027
33 585 0.0069
35 585 0.0137
36 585 0.0055
65 586 0.0041
70 586 0.011
71 586 0.0055
503 589 0.0096
591 589 0.0096
503 591 0.0027
589 591 0.0096
593 591 0.0055
136 593 0.0014
304 593 0.0082
591 593 0.0055
140 594 0.0082
146 594 0.011
428 594 0.0014
146 595 0.0041
488 595 0.0041
596 595 0.0096
24 596 0.011
595 596 0.0096
6 598 0.0027
632 598 0.0041
155 599 0.0055
686 599 0.0055
136 601 0.0041
602 601 0.0027
603 601 0.0082
190 602 0.0096
601 602 0.0027
604 602 0.0137
601 603 0.0082
604 603 0.0069
641 603 0.0082
602 604 0.0137
603 604 0.0069
605 604 0.0055
203 605 0.0179
604 605 0.0055
606 605 0.011
605 606 0.011
615 606 0.0069
619 606 0.0027
617 607 0.0014
678 607 0.0027
679 607 0.0055
190 609 0.0041
215 609 0.0041
278 610 0.0151
611 610 0.0206
630 610 0.0206
314 611 0.0124
610 611 0.0206
612 611 0.0179
634 611 0.0027
636 611 0.0027
511 612 0.0179
611 612 0.0179
203 615 0.0014
606 615 0.0069
616 615 0.0041
215 616 0.0041
615 616 0.0041
212 617 0.0055
509 617 0.0027
607 617 0.0014
606 619 0.0027
641 619 0.0027
52 620 0.0027
622 620 0.0014
620 622 0.0014
665 622 0.0069
667 622 0.0041
70 623 0.0041
144 623 0.0137
660 623 0.0082
142 625 0.0055
626 625 0.0014
627 625 0.0082
625 626 0.0014
660 626 0.0027
148 627 0.0096
166 627 0.0014
625 627 0.0082
628 627 0.0151
675 627 0.011
166 628 0.0082
627 628 0.0151
629 628 0.0137
675 628 0.0014
169 629 0.0041
628 629 0.0137
683 629 0.0082
610 630 0.0206
631 630 0.0206
634 630 0.0096
630 631 0.0206
632 631 0.0165
635 631 0.022
598 632 0.0041
631 632 0.0165
684 632 0.011
611 634 0.0027
630 634 0.0096
635 634 0.0041
631 635 0.022
634 635 0.0041
694 635 0.0165
611 636 0.0027
694 636 0.0014
117 637 0.0041
519 637 0.0041
603 641 0.0082
619 641 0.0027
646 641 0.0041
140 646 0.011
641 646 0.0041
651 646 0.0055
146 651 0.0055
646 651 0.0055
113 652 0.0069
490 652 0.011
493 652 0.0014
2 653 0.011
654 653 0.0165
662 653 0.0069
653 654 0.0165
655 654 0.0206
677 654 0.011
654 655 0.0206
656 655 0.0124
661 655 0.0069
655 656 0.0124
657 656 0.011
663 656 0.0082
656 657 0.011
658 657 0.0069
671 657 0.011
657 658 0.0069
659 658 0.0055
72 659 0.0069
658 659 0.0055
660 659 0.0041
676 659 0.0027
623 660 0.0082
626 660 0.0027
659 660 0.0041
655 661 0.0069
662 661 0.0055
653 662 0.0069
661 662 0.0055
656 663 0.0082
664 663 0.0082
663 664 0.0082
665 664 0.0096
666 664 0.0082
48 665 0.0069
622 665 0.0069
664 665 0.0096
664 666 0.0082
667 666 0.0069
74 667 0.0014
622 667 0.0041
666 667 0.0069
657 671 0.011
672 671 0.0082
673 671 0.0124
680 671 0.0069
4 672 0.0055
671 672 0.0082
682 672 0.0137
671 673 0.0124
674 673 0.0151
676 673 0.0014
673 674 0.0151
675 674 0.0082
676 674 0.0055
627 675 0.011
628 675 0.0014
674 675 0.0082
659 676 0.0027
673 676 0.0014
674 676 0.0055
2 677 0.0027
654 677 0.011
678 677 0.0069
607 678 0.0027
677 678 0.0069
679 678 0.011
607 679 0.0055
678 679 0.011
680 679 0.0096
426 680 0.0014
671 680 0.0069
679 680 0.0096
672 682 0.0137
683 682 0.0165
684 682 0.0124
178 683 0.0069
629 683 0.0082
682 683 0.0165
632 684 0.011
682 684 0.0124
49 686 0.0055
599 686 0.0055
518 688 0.0124
689 688 0.0124
55 689 0.011
513 689 0.011
688 689 0.0124
55 690 0.0124
691 690 0.0165
692 690 0.0027
14 691 0.0137
690 691 0.0165
692 691 0.0151
22 692 0.0082
690 692 0.0027
691 692 0.0151
693 692 0.0137
694 692 0.011
134 693 0.0041
426 693 0.0082
509 693 0.0041
692 693 0.0137
635 694 0.0165
636 694 0.0014
692 694 0.011
695 694 0.0151
1 695 0.0069
5 695 0.0082
694 695 0.0151
