875 1 0.0026
876 1 0.0018
5 2 0.0018
18 2 0.0115
594 2 0.0088
2 5 0.0018
6 5 0.0088
18 5 0.0115
5 6 0.0088
7 6 0.0062
49 6 0.0159
6 7 0.0062
20 7 0.0062
11 10 0.0026
552 10 0.0035
10 11 0.0026
543 11 0.0026
329 13 0.0123
330 13 0.0141
540 13 0.015
957 15 0.0062
958 15 0.0062
332 17 0.007
529 17 0.0026
535 17 0.0035
2 18 0.0115
5 18 0.0115
7 20 0.0062
24 20 0.0018
84 20 0.0088
462 21 0.0026
989 21 0.0026
20 24 0.0018
106 24 0.0018
28 26 0.0035
515 26 0.0026
877 26 0.007
26 28 0.0035
31 28 0.0062
523 28 0.0018
111 29 0.0106
851 29 0.0088
852 29 0.0026
31 30 0.0079
39 30 0.0026
877 30 0.0044
28 31 0.0062
30 31 0.0079
631 31 0.0062
35 33 0.0018
525 33 0.0026
631 33 0.0053
36 34 0.007
76 34 0.0062
84 34 0.0035
33 35 0.0018
523 35 0.0026
631 35 0.0053
34 36 0.007
72 36 0.0088
73 36 0.0044
72 37 0.0115
91 37 0.0018
228 37 0.0141
98 38 0.0018
124 38 0.0062
228 38 0.007
30 39 0.0026
42 39 0.0026
39 42 0.0026
43 42 0.0009
525 42 0.0044
42 43 0.0009
525 43 0.0009
994 46 0.0009
995 46 0.0009
6 49 0.0159
56 49 0.0159
49 56 0.0159
57 56 0.0106
321 56 0.0132
56 57 0.0106
67 57 0.0106
283 58 0.0026
902 58 0.0035
61 60 0.0035
67 60 0.0123
84 60 0.0079
60 61 0.0035
77 61 0.0035
139 64 0.0035
618 64 0.0035
57 67 0.0106
60 67 0.0123
68 67 0.0097
67 68 0.0097
77 68 0.0123
574 68 0.0106
70 69 0.0088
77 69 0.0088
69 70 0.0088
78 70 0.0044
81 70 0.0026
36 72 0.0088
37 72 0.0115
1091 72 0.0018
36 73 0.0044
74 73 0.0009
79 73 0.0026
73 74 0.0009
76 74 0.0009
85 75 0.0115
435 75 0.0062
947 75 0.0115
34 76 0.0062
74 76 0.0009
77 76 0.0035
78 76 0.0053
61 77 0.0035
68 77 0.0123
69 77 0.0088
76 77 0.0035
70 78 0.0044
76 78 0.0053
79 78 0.0053
73 79 0.0026
78 79 0.0053
82 79 0.0018
1091 79 0.0062
70 81 0.0026
348 81 0.0035
79 82 0.0018
367 82 0.0053
435 82 0.0026
141 83 0.0026
435 83 0.0018
20 84 0.0088
34 84 0.0035
60 84 0.0079
75 85 0.0115
442 85 0.0106
947 85 0.0009
37 91 0.0018
92 91 0.0044
228 91 0.0167
1091 91 0.0088
91 92 0.0044
93 92 0.0026
98 92 0.0009
92 93 0.0026
94 93 0.0026
112 93 0.0062
93 94 0.0026
96 94 0.0035
114 94 0.007
94 96 0.0035
97 96 0.0035
96 97 0.0035
945 97 0.0035
38 98 0.0018
92 98 0.0009
100 99 0.0018
126 99 0.0009
99 100 0.0018
101 100 0.0053
156 100 0.0026
100 101 0.0053
102 101 0.0062
101 102 0.0062
103 102 0.0026
115 102 0.007
160 102 0.0088
102 103 0.0026
116 103 0.0026
24 106 0.0018
223 106 0.0018
108 107 0.0018
230 107 0.0018
107 108 0.0018
233 108 0.0018
248 110 0.0018
468 110 0.0018
29 111 0.0106
864 111 0.0106
93 112 0.0062
114 112 0.007
94 114 0.007
112 114 0.007
115 114 0.0079
102 115 0.007
114 115 0.0079
116 115 0.007
103 116 0.0026
115 116 0.007
117 116 0.0035
116 117 0.0035
119 117 0.0035
945 117 0.0079
117 119 0.0035
120 119 0.0009
188 119 0.0053
119 120 0.0009
121 120 0.0115
122 120 0.0018
148 120 0.0018
188 120 0.0132
120 121 0.0115
122 121 0.0132
159 121 0.0053
173 121 0.0035
120 122 0.0018
121 122 0.0132
166 122 0.0079
180 122 0.0018
38 124 0.0062
125 124 0.0097
206 124 0.0079
124 125 0.0097
126 125 0.0062
207 125 0.0026
99 126 0.0009
125 126 0.0062
127 126 0.0079
126 127 0.0079
129 127 0.0079
156 127 0.0018
158 127 0.0141
452 128 0.0044
465 128 0.0106
952 128 0.0053
127 129 0.0079
130 129 0.0044
173 129 0.0044
210 129 0.0009
129 130 0.0044
131 130 0.0026
219 130 0.0088
130 131 0.0026
132 131 0.0053
198 131 0.0018
131 132 0.0053
133 132 0.0079
193 132 0.0088
219 132 0.0062
132 133 0.0079
134 133 0.0097
212 133 0.0062
133 134 0.0097
135 134 0.0079
229 134 0.0062
134 135 0.0079
137 135 0.0053
200 135 0.0053
333 136 0.0035
567 136 0.0088
634 136 0.0079
135 137 0.0053
200 137 0.0009
262 137 0.0035
333 138 0.0018
644 138 0.0053
645 138 0.0079
64 139 0.0035
141 139 0.0035
348 139 0.0079
309 140 0.0053
435 140 0.0079
627 140 0.007
947 140 0.0115
83 141 0.0026
139 141 0.0035
627 141 0.0053
143 142 0.0079
442 142 0.0009
947 142 0.0097
142 143 0.0079
144 143 0.0053
374 143 0.0018
143 144 0.0053
145 144 0.0097
945 144 0.0035
144 145 0.0097
146 145 0.007
1045 145 0.007
145 146 0.007
147 146 0.0106
433 146 0.0026
146 147 0.0106
148 147 0.0088
701 147 0.0062
120 148 0.0018
147 148 0.0088
149 148 0.0132
338 148 0.0079
352 148 0.0018
701 148 0.0141
148 149 0.0132
150 149 0.0088
180 149 0.0035
149 150 0.0088
189 150 0.0079
468 150 0.0079
635 151 0.0009
1015 151 0.0018
357 152 0.0106
468 152 0.0132
469 152 0.0018
183 153 0.0018
187 153 0.0026
291 153 0.0044
360 153 0.0106
617 155 0.0009
622 155 0.0009
100 156 0.0026
127 156 0.0018
157 156 0.0106
160 156 0.0115
156 157 0.0106
158 157 0.0079
160 157 0.0018
127 158 0.0141
157 158 0.0079
159 158 0.0053
121 159 0.0053
158 159 0.0053
102 160 0.0088
156 160 0.0115
157 160 0.0018
459 164 0.0044
460 164 0.0053
632 164 0.0088
122 166 0.0079
167 166 0.0079
171 166 0.0062
166 167 0.0079
169 167 0.007
454 168 0.0062
455 168 0.0062
625 168 0.0044
167 169 0.007
170 169 0.0062
171 169 0.0026
179 169 0.0018
169 170 0.0062
179 170 0.0088
198 170 0.0035
203 170 0.0026
166 171 0.0062
169 171 0.0026
180 171 0.0009
191 171 0.0009
375 172 0.0141
376 172 0.015
647 172 0.007
121 173 0.0035
129 173 0.0044
186 176 0.0053
365 176 0.007
366 176 0.0044
365 178 0.0062
397 178 0.0062
169 179 0.0018
170 179 0.0088
192 179 0.0044
203 179 0.0009
122 180 0.0018
149 180 0.0035
171 180 0.0009
384 181 0.0018
385 181 0.0009
388 181 0.0035
153 183 0.0018
343 183 0.0044
345 183 0.0018
176 186 0.0053
341 186 0.0035
364 186 0.0009
153 187 0.0026
342 187 0.0123
359 187 0.0159
119 188 0.0053
120 188 0.0132
701 188 0.0159
150 189 0.0079
190 189 0.0053
248 189 0.0018
189 190 0.0053
191 190 0.0018
252 190 0.0044
171 191 0.0009
190 191 0.0018
179 192 0.0044
252 192 0.007
259 192 0.0009
132 193 0.0088
194 193 0.0044
200 193 0.0035
193 194 0.0044
196 194 0.0009
198 194 0.0062
381 195 0.0044
430 195 0.0009
740 195 0.0018
194 196 0.0009
203 196 0.0009
131 198 0.0018
170 198 0.0035
194 198 0.0062
202 199 0.0035
749 199 0.0035
135 200 0.0053
137 200 0.0009
193 200 0.0035
199 202 0.0035
428 202 0.0035
170 203 0.0026
179 203 0.0009
196 203 0.0009
553 204 0.0026
987 204 0.0026
124 206 0.0079
207 206 0.007
223 206 0.0035
125 207 0.0026
206 207 0.007
209 207 0.0035
207 209 0.0035
210 209 0.0026
213 209 0.007
129 210 0.0009
209 210 0.0026
211 210 0.0053
210 211 0.0053
212 211 0.0097
213 211 0.0097
133 212 0.0062
211 212 0.0097
219 212 0.0079
209 213 0.007
211 213 0.0097
226 213 0.0053
130 219 0.0088
132 219 0.0062
212 219 0.0079
222 221 0.0079
987 221 0.0088
221 222 0.0079
382 222 0.007
106 223 0.0018
206 223 0.0035
226 223 0.0009
225 224 0.0079
984 224 0.0088
224 225 0.0079
983 225 0.007
213 226 0.0053
223 226 0.0009
227 226 0.0035
226 227 0.0035
229 227 0.0035
37 228 0.0141
38 228 0.007
91 228 0.0167
134 229 0.0062
227 229 0.0035
241 229 0.0018
107 230 0.0018
231 230 0.0053
233 230 0.0026
230 231 0.0053
234 231 0.0053
108 233 0.0018
230 233 0.0026
234 233 0.0053
231 234 0.0053
233 234 0.0053
761 236 0.0026
828 236 0.0026
229 241 0.0018
242 241 0.007
282 241 0.0044
241 242 0.007
253 242 0.0026
279 242 0.0106
601 246 0.0053
783 246 0.0097
784 246 0.0044
793 246 0.0053
110 248 0.0018
189 248 0.0018
468 248 0.0044
190 252 0.0044
192 252 0.007
255 252 0.0035
242 253 0.0026
280 253 0.0026
252 255 0.0035
264 255 0.0035
995 258 0.0053
996 258 0.0053
192 259 0.0009
262 259 0.0009
137 262 0.0035
259 262 0.0009
263 262 0.0053
262 263 0.0053
264 263 0.0079
273 263 0.007
255 264 0.0035
263 264 0.0079
265 264 0.0053
264 265 0.0053
266 265 0.0079
271 265 0.0018
265 266 0.0079
267 266 0.0053
271 266 0.0018
266 267 0.0053
268 267 0.0035
269 267 0.0044
297 267 0.0044
267 268 0.0035
299 268 0.0035
267 269 0.0044
270 269 0.0035
278 269 0.0088
269 270 0.0035
969 270 0.0035
265 271 0.0018
266 271 0.0018
263 273 0.007
278 273 0.0044
287 273 0.0035
290 273 0.0009
269 278 0.0088
273 278 0.0044
967 278 0.0035
242 279 0.0106
280 279 0.0026
281 279 0.0044
282 279 0.0018
253 280 0.0026
279 280 0.0026
279 281 0.0044
286 281 0.0044
241 282 0.0044
279 282 0.0018
285 282 0.0018
58 283 0.0026
1029 283 0.0026
282 285 0.0018
286 285 0.0079
290 285 0.0053
281 286 0.0044
285 286 0.0079
287 286 0.0026
273 287 0.0035
286 287 0.0026
290 287 0.007
273 290 0.0009
285 290 0.0053
287 290 0.007
153 291 0.0044
300 291 0.0035
297 292 0.0018
299 292 0.0009
571 296 0.0009
573 296 0.0018
603 296 0.0088
633 296 0.0132
267 297 0.0044
292 297 0.0018
492 297 0.0053
333 298 0.0018
639 298 0.0018
1056 298 0.0044
268 299 0.0035
292 299 0.0009
492 299 0.0053
291 300 0.0035
301 300 0.0035
304 300 0.0079
300 301 0.0035
306 301 0.0035
300 304 0.0079
305 304 0.0097
308 304 0.0009
304 305 0.0097
306 305 0.0053
308 305 0.007
301 306 0.0035
305 306 0.0053
307 306 0.0009
306 307 0.0009
392 307 0.0009
304 308 0.0009
305 308 0.007
351 308 0.0053
140 309 0.0053
434 309 0.0044
311 310 0.0026
458 310 0.0018
310 311 0.0026
312 311 0.0044
457 311 0.0053
459 311 0.007
311 312 0.0044
313 312 0.0026
454 312 0.0079
312 313 0.0026
314 313 0.0044
636 313 0.0009
313 314 0.0044
315 314 0.0115
641 314 0.0097
314 315 0.0115
316 315 0.007
648 315 0.0053
315 316 0.007
474 316 0.0035
550 316 0.0088
568 316 0.0044
318 317 0.0026
480 317 0.0044
568 317 0.0009
317 318 0.0026
319 318 0.0088
489 318 0.0053
318 319 0.0088
484 319 0.0053
954 319 0.0026
56 321 0.0132
322 321 0.0132
321 322 0.0132
323 322 0.015
1105 322 0.0009
322 323 0.015
324 323 0.0106
602 323 0.0035
323 324 0.0106
325 324 0.0035
600 324 0.015
324 325 0.0035
326 325 0.0035
325 326 0.0035
327 326 0.0053
610 326 0.0009
326 327 0.0053
542 327 0.0088
544 327 0.0035
1119 327 0.0115
708 328 0.0018
765 328 0.0097
1119 328 0.007
13 329 0.0123
761 329 0.0062
765 329 0.007
13 330 0.0141
332 330 0.0088
527 330 0.0115
17 332 0.007
330 332 0.0088
334 332 0.0097
136 333 0.0035
138 333 0.0018
298 333 0.0018
567 333 0.0053
332 334 0.0097
335 334 0.0053
538 334 0.0035
334 335 0.0053
336 335 0.0053
335 336 0.0053
838 336 0.0053
148 338 0.0079
339 338 0.0018
369 338 0.007
338 339 0.0018
340 339 0.0009
339 340 0.0009
341 340 0.0079
353 340 0.0035
673 340 0.0018
186 341 0.0035
340 341 0.0079
342 341 0.007
187 342 0.0123
341 342 0.007
343 342 0.0079
183 343 0.0044
342 343 0.0079
345 343 0.0079
183 345 0.0018
343 345 0.0079
346 345 0.0053
345 346 0.0053
347 346 0.0088
368 346 0.0026
346 347 0.0088
349 347 0.0053
351 347 0.0044
81 348 0.0035
139 348 0.0079
574 348 0.0106
347 349 0.0053
368 349 0.0053
308 351 0.0053
347 351 0.0044
389 351 0.0018
148 352 0.0018
355 352 0.0053
358 352 0.0018
340 353 0.0035
358 353 0.0044
352 355 0.0053
358 355 0.0079
469 355 0.0088
357 356 0.0026
469 356 0.0018
152 357 0.0106
356 357 0.0026
360 357 0.007
352 358 0.0018
353 358 0.0044
355 358 0.0079
187 359 0.0159
360 359 0.0167
153 360 0.0106
357 360 0.007
359 360 0.0167
387 362 0.007
673 362 0.0026
704 362 0.0088
364 363 0.0079
388 363 0.0115
704 363 0.0115
186 364 0.0009
363 364 0.0079
365 364 0.0097
176 365 0.007
178 365 0.0062
364 365 0.0097
366 365 0.0018
176 366 0.0044
365 366 0.0018
720 366 0.0018
82 367 0.0053
374 367 0.0018
442 367 0.0088
346 368 0.0026
349 368 0.0053
720 368 0.0018
338 369 0.007
370 369 0.0088
383 369 0.0035
433 369 0.0053
369 370 0.0088
371 370 0.007
433 370 0.0009
370 371 0.007
438 371 0.0062
948 371 0.0106
373 372 0.007
399 372 0.0044
450 372 0.0079
948 372 0.007
372 373 0.007
452 373 0.0053
738 373 0.0062
143 374 0.0018
367 374 0.0018
172 375 0.0141
738 375 0.0062
952 375 0.007
172 376 0.015
377 376 0.0062
470 376 0.0132
376 377 0.0062
378 377 0.0053
471 377 0.0018
377 378 0.0053
421 378 0.0097
652 378 0.007
380 379 0.0026
429 379 0.0062
652 379 0.0062
379 380 0.0026
381 380 0.0026
429 380 0.0018
473 380 0.0035
195 381 0.0044
380 381 0.0026
429 381 0.0053
473 381 0.0018
740 381 0.0044
222 382 0.007
812 382 0.0106
825 382 0.0026
369 383 0.0035
384 383 0.0018
948 383 0.0062
181 384 0.0018
383 384 0.0018
387 384 0.0044
181 385 0.0009
388 385 0.0018
362 387 0.007
384 387 0.0044
388 387 0.0018
181 388 0.0035
363 388 0.0115
385 388 0.0018
387 388 0.0018
397 388 0.0044
704 388 0.0018
351 389 0.0018
407 389 0.0018
950 389 0.0026
391 390 0.0035
424 390 0.0044
951 390 0.0035
390 391 0.0035
392 391 0.0026
424 391 0.0035
307 392 0.0009
391 392 0.0026
428 392 0.0009
178 397 0.0062
388 397 0.0044
398 397 0.0026
397 398 0.0026
400 398 0.0062
402 398 0.0026
372 399 0.0044
409 399 0.0062
411 399 0.0026
416 399 0.0044
398 400 0.0062
401 400 0.0062
404 400 0.0044
400 401 0.0062
404 401 0.0035
405 401 0.0062
398 402 0.0026
406 402 0.0035
400 404 0.0044
401 404 0.0035
409 404 0.007
411 404 0.0026
401 405 0.0062
406 405 0.0088
407 405 0.0018
402 406 0.0035
405 406 0.0088
407 406 0.0044
389 407 0.0018
405 407 0.0018
406 407 0.0044
399 409 0.0062
404 409 0.007
399 411 0.0026
404 411 0.0026
418 414 0.0026
420 414 0.0044
950 414 0.0009
399 416 0.0044
417 416 0.007
418 416 0.0053
416 417 0.007
421 417 0.0079
647 417 0.007
414 418 0.0026
416 418 0.0053
419 418 0.0088
418 419 0.0088
420 419 0.007
423 419 0.0053
414 420 0.0044
419 420 0.007
951 420 0.0053
378 421 0.0097
417 421 0.0079
422 421 0.0097
421 422 0.0097
425 422 0.0097
419 423 0.0053
424 423 0.0035
427 423 0.0053
390 424 0.0044
391 424 0.0035
423 424 0.0035
422 425 0.0097
427 425 0.0079
429 425 0.0088
423 427 0.0053
425 427 0.0079
428 427 0.0053
202 428 0.0035
392 428 0.0009
427 428 0.0053
379 429 0.0062
380 429 0.0018
381 429 0.0053
425 429 0.0088
749 429 0.0079
195 430 0.0009
431 430 0.0018
749 430 0.0035
430 431 0.0018
834 431 0.0018
983 431 0.0044
146 433 0.0026
369 433 0.0053
370 433 0.0009
309 434 0.0044
446 434 0.0053
75 435 0.0062
82 435 0.0026
83 435 0.0018
140 435 0.0079
627 435 0.0009
437 436 0.0009
1061 436 0.0018
436 437 0.0009
438 437 0.0009
440 437 0.0026
371 438 0.0062
437 438 0.0009
448 438 0.0044
437 440 0.0026
441 440 0.0044
516 440 0.0044
440 441 0.0044
443 441 0.0018
447 441 0.0035
1061 441 0.0044
85 442 0.0106
142 442 0.0009
367 442 0.0088
441 443 0.0018
1061 443 0.0018
509 445 0.0018
511 445 0.0018
434 446 0.0053
447 446 0.0009
1045 446 0.0053
441 447 0.0035
446 447 0.0009
516 447 0.0053
1045 447 0.0009
438 448 0.0044
449 448 0.0053
448 449 0.0053
450 449 0.0053
640 449 0.0009
372 450 0.0079
449 450 0.0053
451 450 0.0018
450 451 0.0018
460 451 0.0009
128 452 0.0044
373 452 0.0053
453 452 0.0044
452 453 0.0044
460 453 0.007
625 453 0.0018
168 454 0.0062
312 454 0.0079
625 454 0.0079
632 454 0.0009
168 455 0.0062
456 455 0.0062
455 456 0.0062
464 456 0.0062
474 456 0.0062
311 457 0.0053
458 457 0.0026
640 457 0.0018
310 458 0.0018
457 458 0.0026
164 459 0.0044
311 459 0.007
640 459 0.0035
164 460 0.0053
451 460 0.0009
453 460 0.007
499 461 0.0018
501 461 0.0009
21 462 0.0026
517 462 0.0018
518 462 0.0053
456 464 0.0062
465 464 0.0115
477 464 0.0044
128 465 0.0106
464 465 0.0115
466 465 0.0176
465 466 0.0176
467 466 0.0088
470 466 0.0106
466 467 0.0088
956 467 0.0097
110 468 0.0018
150 468 0.0079
152 468 0.0132
248 468 0.0044
469 468 0.0141
152 469 0.0018
355 469 0.0088
356 469 0.0018
468 469 0.0141
376 470 0.0132
466 470 0.0106
471 470 0.0009
377 471 0.0018
470 471 0.0009
380 473 0.0035
381 473 0.0018
316 474 0.0035
456 474 0.0062
955 474 0.0035
477 475 0.0053
488 475 0.0088
955 475 0.0026
464 477 0.0044
475 477 0.0053
317 480 0.0044
484 480 0.0044
319 484 0.0053
480 484 0.0044
487 486 0.0053
488 486 0.0035
954 486 0.0009
486 487 0.0053
510 487 0.0035
954 487 0.0009
475 488 0.0088
486 488 0.0035
956 488 0.0132
318 489 0.0053
490 489 0.0062
489 490 0.0062
491 490 0.0106
493 490 0.007
490 491 0.0106
500 491 0.007
954 491 0.0062
297 492 0.0053
299 492 0.0053
490 493 0.007
494 493 0.0088
564 493 0.0009
493 494 0.0088
495 494 0.007
556 494 0.0044
494 495 0.007
496 495 0.0053
556 495 0.0009
495 496 0.0053
497 496 0.0044
543 496 0.0088
496 497 0.0044
957 497 0.0035
461 499 0.0018
500 499 0.0044
501 499 0.0053
491 500 0.007
499 500 0.0044
959 500 0.0106
461 501 0.0009
499 501 0.0053
502 501 0.0035
501 502 0.0035
503 502 0.0026
507 502 0.0106
959 502 0.0115
502 503 0.0026
504 503 0.0035
503 504 0.0035
505 504 0.0062
507 504 0.0106
504 505 0.0062
954 505 0.0009
988 505 0.0044
509 506 0.015
511 506 0.0106
519 506 0.0106
502 507 0.0106
504 507 0.0106
508 507 0.0097
507 508 0.0097
509 508 0.0123
957 508 0.0018
445 509 0.0018
506 509 0.015
508 509 0.0123
487 510 0.0035
956 510 0.0044
445 511 0.0018
506 511 0.0106
515 511 0.0053
520 511 0.0035
26 515 0.0026
511 515 0.0053
517 515 0.007
440 516 0.0044
447 516 0.0053
1045 516 0.0044
462 517 0.0018
515 517 0.007
988 517 0.0044
462 518 0.0053
877 518 0.0018
989 518 0.0026
506 519 0.0106
520 519 0.0026
526 519 0.007
511 520 0.0035
519 520 0.0026
666 522 0.0062
670 522 0.007
28 523 0.0018
35 523 0.0026
33 525 0.0026
42 525 0.0044
43 525 0.0009
519 526 0.007
527 526 0.0079
958 526 0.0053
330 527 0.0115
526 527 0.0079
529 527 0.0026
17 529 0.0026
527 529 0.0026
17 535 0.0035
538 535 0.0035
334 538 0.0035
535 538 0.0035
13 540 0.015
541 540 0.0018
543 540 0.0185
958 540 0.007
540 541 0.0018
543 541 0.0123
552 541 0.0097
327 542 0.0088
545 542 0.0009
552 542 0.007
11 543 0.0026
496 543 0.0088
540 543 0.0185
541 543 0.0123
327 544 0.0035
545 544 0.0062
609 544 0.0053
542 545 0.0009
544 545 0.0062
546 545 0.0044
545 546 0.0044
547 546 0.007
554 546 0.0035
546 547 0.007
548 547 0.007
551 547 0.0079
547 548 0.007
549 548 0.0079
554 548 0.007
548 549 0.0079
550 549 0.0106
561 549 0.0106
316 550 0.0088
549 550 0.0106
558 550 0.0009
547 551 0.0079
607 551 0.007
608 551 0.007
10 552 0.0035
541 552 0.0097
542 552 0.007
204 553 0.0026
792 553 0.0026
546 554 0.0035
548 554 0.007
555 554 0.0035
554 555 0.0035
556 555 0.0026
562 555 0.0062
564 555 0.0018
494 556 0.0044
495 556 0.0009
555 556 0.0026
567 557 0.0079
645 557 0.007
646 557 0.0009
716 557 0.0035
550 558 0.0009
561 558 0.0009
549 561 0.0106
558 561 0.0009
562 561 0.0088
555 562 0.0062
561 562 0.0088
566 562 0.0018
493 564 0.0009
555 564 0.0018
562 566 0.0018
568 566 0.0026
136 567 0.0088
333 567 0.0053
557 567 0.0079
646 567 0.0044
316 568 0.0044
317 568 0.0009
566 568 0.0026
571 569 0.0009
620 569 0.0009
296 571 0.0009
569 571 0.0009
573 571 0.0026
296 573 0.0018
571 573 0.0026
628 573 0.0088
633 573 0.0123
68 574 0.0106
348 574 0.0106
620 576 0.0009
621 576 0.0009
582 581 0.0018
1105 581 0.0018
581 582 0.0018
583 582 0.0026
1103 582 0.0044
1105 582 0.0035
582 583 0.0026
584 583 0.0009
1104 583 0.0009
583 584 0.0009
585 584 0.0009
584 585 0.0009
591 585 0.0167
599 585 0.015
635 588 0.0035
638 588 0.0009
1015 588 0.0018
585 591 0.0167
592 591 0.0194
658 591 0.0026
661 591 0.0035
1093 591 0.0026
591 592 0.0194
654 592 0.0026
1095 592 0.0159
1095 593 0.015
1097 593 0.0062
1102 593 0.0167
2 594 0.0088
1102 594 0.0088
585 599 0.015
600 599 0.0194
665 599 0.0088
324 600 0.015
599 600 0.0194
695 600 0.0123
246 601 0.0053
876 601 0.0018
878 601 0.0009
885 601 0.0097
323 602 0.0035
603 602 0.0035
296 603 0.0088
602 603 0.0035
604 603 0.0044
603 604 0.0044
605 604 0.0009
646 604 0.0026
604 605 0.0009
606 605 0.0018
605 606 0.0018
607 606 0.0044
608 606 0.0035
551 607 0.007
606 607 0.0044
716 607 0.0044
551 608 0.007
606 608 0.0035
609 608 0.0044
544 609 0.0053
608 609 0.0044
610 609 0.0018
326 610 0.0009
609 610 0.0018
155 617 0.0009
623 617 0.0026
728 617 0.0044
64 618 0.0035
620 618 0.0035
569 620 0.0009
576 620 0.0009
618 620 0.0035
621 620 0.0097
628 620 0.0018
576 621 0.0009
620 621 0.0097
622 621 0.0018
628 621 0.0123
638 621 0.0062
155 622 0.0009
621 622 0.0018
623 622 0.0035
617 623 0.0026
622 623 0.0035
637 623 0.007
1015 623 0.0044
168 625 0.0044
453 625 0.0018
454 625 0.0079
632 625 0.0106
140 627 0.007
141 627 0.0053
435 627 0.0009
573 628 0.0088
620 628 0.0018
621 628 0.0123
31 631 0.0062
33 631 0.0053
35 631 0.0053
164 632 0.0088
454 632 0.0009
625 632 0.0106
296 633 0.0132
573 633 0.0123
634 633 0.0088
136 634 0.0079
633 634 0.0088
635 634 0.0053
638 634 0.007
1056 634 0.0009
151 635 0.0009
588 635 0.0035
634 635 0.0053
1015 635 0.0079
313 636 0.0009
637 636 0.0018
623 637 0.007
636 637 0.0018
728 637 0.0044
588 638 0.0009
621 638 0.0062
634 638 0.007
298 639 0.0018
1056 639 0.0026
449 640 0.0009
457 640 0.0018
459 640 0.0035
314 641 0.0097
644 641 0.0106
644 642 0.0044
648 642 0.0053
138 644 0.0053
641 644 0.0106
642 644 0.0044
138 645 0.0079
557 645 0.007
716 645 0.0053
557 646 0.0009
567 646 0.0044
604 646 0.0026
172 647 0.007
417 647 0.007
738 647 0.0062
315 648 0.0053
642 648 0.0053
378 652 0.007
379 652 0.0062
592 654 0.0026
657 654 0.0026
695 656 0.0044
702 656 0.0009
705 656 0.0026
654 657 0.0026
658 657 0.0026
591 658 0.0026
657 658 0.0026
591 661 0.0035
662 661 0.0009
665 661 0.0018
661 662 0.0009
675 662 0.0009
599 665 0.0088
661 665 0.0018
666 665 0.0062
522 666 0.0062
665 666 0.0062
522 670 0.007
671 670 0.0062
702 670 0.0018
670 671 0.0062
672 671 0.007
686 671 0.0097
671 672 0.007
682 672 0.007
340 673 0.0018
362 673 0.0026
662 675 0.0009
676 675 0.0018
678 675 0.0044
675 676 0.0018
677 676 0.007
731 676 0.0044
676 677 0.007
678 677 0.0079
688 677 0.0106
675 678 0.0044
677 678 0.0079
679 678 0.0026
678 679 0.0026
680 679 0.0018
679 680 0.0018
681 680 0.0009
688 680 0.0035
680 681 0.0009
682 681 0.0026
690 681 0.0035
672 682 0.007
681 682 0.0026
683 682 0.0088
682 683 0.0088
684 683 0.0079
687 683 0.007
683 684 0.0079
686 684 0.0062
687 684 0.0009
671 686 0.0097
684 686 0.0062
706 686 0.0062
683 687 0.007
684 687 0.0009
693 687 0.0053
677 688 0.0106
680 688 0.0035
689 688 0.0097
688 689 0.0097
690 689 0.0044
1108 689 0.0044
681 690 0.0035
689 690 0.0044
693 690 0.0106
727 690 0.0044
693 691 0.0079
718 691 0.0018
724 691 0.0106
687 693 0.0053
690 693 0.0106
691 693 0.0079
600 695 0.0123
656 695 0.0044
696 695 0.0123
695 696 0.0123
697 696 0.0167
699 696 0.0035
696 697 0.0167
698 697 0.0141
699 697 0.0018
697 698 0.0141
700 698 0.0097
705 698 0.0018
709 698 0.0062
710 698 0.0079
696 699 0.0035
697 699 0.0018
700 699 0.0009
698 700 0.0097
699 700 0.0009
1120 700 0.0088
147 701 0.0062
148 701 0.0141
188 701 0.0159
656 702 0.0009
670 702 0.0018
812 703 0.0009
834 703 0.0018
362 704 0.0088
363 704 0.0115
388 704 0.0018
656 705 0.0026
698 705 0.0018
686 706 0.0062
718 706 0.0053
328 708 0.0018
709 708 0.007
1120 708 0.0044
698 709 0.0062
708 709 0.007
713 709 0.0062
698 710 0.0079
711 710 0.0062
717 710 0.0115
710 711 0.0062
712 711 0.0062
711 712 0.0062
715 712 0.0009
763 712 0.0044
709 713 0.0062
715 713 0.0018
765 713 0.0035
712 715 0.0009
713 715 0.0018
557 716 0.0035
607 716 0.0044
645 716 0.0053
710 717 0.0115
718 717 0.0088
778 717 0.0088
691 718 0.0018
706 718 0.0053
717 718 0.0088
719 718 0.0088
718 719 0.0088
723 719 0.007
778 719 0.0044
366 720 0.0018
368 720 0.0018
742 721 0.0097
753 721 0.0026
778 721 0.007
719 723 0.007
724 723 0.007
691 724 0.0106
723 724 0.007
725 724 0.0062
724 725 0.0062
726 725 0.007
1111 725 0.0035
725 726 0.007
727 726 0.0079
1111 726 0.0053
690 727 0.0044
726 727 0.0079
729 727 0.0026
617 728 0.0044
637 728 0.0044
727 729 0.0026
732 729 0.0026
676 731 0.0044
1108 731 0.0044
729 732 0.0026
733 732 0.0026
732 733 0.0026
734 733 0.0115
747 733 0.0079
733 734 0.0115
735 734 0.0115
734 735 0.0115
736 735 0.0115
735 736 0.0115
737 736 0.0167
767 736 0.0044
736 737 0.0167
774 737 0.0018
775 737 0.007
1113 737 0.0115
373 738 0.0062
375 738 0.0062
647 738 0.0062
790 739 0.0009
857 739 0.0132
1113 739 0.0115
195 740 0.0018
381 740 0.0044
825 740 0.0018
742 741 0.0123
751 741 0.0018
754 741 0.007
807 741 0.0097
857 741 0.007
721 742 0.0097
741 742 0.0123
751 742 0.0123
733 747 0.0079
748 747 0.0106
756 747 0.0018
747 748 0.0106
758 748 0.0018
887 748 0.0079
199 749 0.0035
429 749 0.0079
430 749 0.0035
741 751 0.0018
742 751 0.0123
766 751 0.0097
721 753 0.0026
754 753 0.0035
741 754 0.007
753 754 0.0035
1111 754 0.0044
747 756 0.0018
758 756 0.0018
748 758 0.0018
756 758 0.0018
236 761 0.0026
329 761 0.0062
762 761 0.0097
761 762 0.0097
828 762 0.0088
712 763 0.0044
766 763 0.0044
328 765 0.0097
329 765 0.007
713 765 0.0035
751 766 0.0097
763 766 0.0044
810 766 0.0044
736 767 0.0044
768 767 0.0018
774 767 0.0018
767 768 0.0018
769 768 0.0009
777 768 0.0035
768 769 0.0009
770 769 0.0026
782 769 0.0044
769 770 0.0026
881 770 0.0026
737 774 0.0018
767 774 0.0018
775 774 0.0044
737 775 0.007
774 775 0.0044
777 775 0.0018
768 777 0.0035
775 777 0.0018
1067 777 0.0009
717 778 0.0088
719 778 0.0044
721 778 0.007
783 779 0.0018
790 779 0.0079
1067 779 0.0053
769 782 0.0044
874 782 0.0018
1067 782 0.007
246 783 0.0097
779 783 0.0018
790 783 0.0123
246 784 0.0044
785 784 0.0088
851 784 0.0035
784 785 0.0088
786 785 0.0062
798 785 0.007
785 786 0.0062
787 786 0.0053
855 786 0.007
786 787 0.0053
788 787 0.0053
829 787 0.0062
787 788 0.0053
789 788 0.0035
797 788 0.0009
788 789 0.0035
844 789 0.0026
846 789 0.0053
739 790 0.0009
779 790 0.0079
783 790 0.0123
793 790 0.0018
553 792 0.0026
987 792 0.0026
246 793 0.0053
790 793 0.0018
794 793 0.0026
793 794 0.0026
795 794 0.0097
803 794 0.0062
794 795 0.0097
796 795 0.0123
798 795 0.0018
795 796 0.0123
797 796 0.0044
798 796 0.0097
961 796 0.0123
788 797 0.0009
796 797 0.0044
823 797 0.0026
785 798 0.007
795 798 0.0018
796 798 0.0097
806 799 0.0009
857 799 0.0018
806 802 0.0044
809 802 0.0035
794 803 0.0062
806 803 0.0062
799 806 0.0009
802 806 0.0044
803 806 0.0062
741 807 0.0097
809 807 0.0044
813 807 0.0044
802 809 0.0035
807 809 0.0044
818 809 0.0088
766 810 0.0044
814 810 0.0044
382 812 0.0106
703 812 0.0009
983 812 0.0123
807 813 0.0044
814 813 0.0062
815 813 0.0009
810 814 0.0044
813 814 0.0062
815 814 0.0009
813 815 0.0009
814 815 0.0009
809 818 0.0088
819 818 0.0123
961 818 0.0026
818 819 0.0123
822 819 0.0123
819 822 0.0123
823 822 0.0026
961 822 0.0159
797 823 0.0026
822 823 0.0026
382 825 0.0026
740 825 0.0018
236 828 0.0026
762 828 0.0088
833 828 0.0053
787 829 0.0062
830 829 0.0079
832 829 0.0018
846 829 0.0053
829 830 0.0079
831 830 0.0062
832 830 0.0097
830 831 0.0062
1018 831 0.007
829 832 0.0018
830 832 0.0097
1007 832 0.007
828 833 0.0053
836 833 0.0053
431 834 0.0018
703 834 0.0018
983 834 0.0044
833 836 0.0053
838 836 0.0053
336 838 0.0053
836 838 0.0053
840 839 0.0062
844 839 0.0062
839 840 0.0062
841 840 0.0018
849 840 0.0035
840 841 0.0018
843 841 0.0018
841 843 0.0018
1001 843 0.0009
1022 843 0.0044
789 844 0.0026
839 844 0.0062
846 844 0.0106
850 844 0.0018
789 846 0.0053
829 846 0.0053
844 846 0.0106
847 846 0.0053
846 847 0.0053
850 847 0.0053
840 849 0.0035
850 849 0.0026
844 850 0.0018
847 850 0.0053
849 850 0.0026
29 851 0.0088
784 851 0.0035
855 851 0.0097
864 851 0.0026
29 852 0.0026
853 852 0.0026
852 853 0.0026
889 853 0.0026
786 855 0.007
851 855 0.0097
856 855 0.0088
855 856 0.0088
858 856 0.0097
739 857 0.0132
741 857 0.007
799 857 0.0018
887 857 0.0079
856 858 0.0097
859 858 0.0123
871 858 0.0018
858 859 0.0123
860 859 0.0053
872 859 0.0062
859 860 0.0053
861 860 0.0053
866 860 0.0115
860 861 0.0053
869 861 0.0097
960 861 0.0035
111 864 0.0106
851 864 0.0026
865 864 0.007
864 865 0.007
866 865 0.0079
860 866 0.0115
865 866 0.0079
867 866 0.0026
866 867 0.0026
869 867 0.0035
861 869 0.0097
867 869 0.0035
870 869 0.007
869 870 0.007
903 870 0.0062
858 871 0.0018
872 871 0.0088
1023 871 0.0053
1027 871 0.0053
859 872 0.0062
871 872 0.0088
873 872 0.0035
872 873 0.0035
1027 873 0.0026
782 874 0.0018
875 874 0.0026
1067 874 0.0044
1 875 0.0026
874 875 0.0026
876 875 0.0044
1 876 0.0018
601 876 0.0018
875 876 0.0044
881 876 0.0053
885 876 0.0106
26 877 0.007
30 877 0.0044
518 877 0.0018
601 878 0.0009
885 878 0.0009
1064 879 0.0009
1065 879 0.0035
1068 879 0.0018
770 881 0.0026
876 881 0.0053
886 881 0.0018
885 882 0.0018
886 882 0.0018
601 885 0.0097
876 885 0.0106
878 885 0.0009
882 885 0.0018
881 886 0.0018
882 886 0.0018
748 887 0.0079
857 887 0.0079
853 889 0.0026
890 889 0.0097
896 889 0.0115
889 890 0.0097
891 890 0.0053
898 890 0.0159
890 891 0.0053
892 891 0.0018
894 891 0.0018
909 891 0.0053
891 892 0.0018
894 892 0.0018
891 894 0.0018
892 894 0.0018
889 896 0.0115
903 896 0.0115
890 898 0.0159
899 898 0.0194
904 898 0.0026
898 899 0.0194
900 899 0.0035
902 899 0.0097
903 899 0.0044
899 900 0.0035
960 900 0.0035
58 902 0.0035
899 902 0.0097
1029 902 0.0123
870 903 0.0062
896 903 0.0115
899 903 0.0044
898 904 0.0026
905 904 0.0026
904 905 0.0026
1029 905 0.0026
909 908 0.0026
914 908 0.0026
891 909 0.0053
908 909 0.0026
910 909 0.0026
916 909 0.0123
909 910 0.0026
911 910 0.0026
910 911 0.0026
917 911 0.0026
908 914 0.0026
916 914 0.0026
909 916 0.0123
914 916 0.0026
917 916 0.0088
911 917 0.0026
916 917 0.0088
1048 917 0.0053
920 919 0.0035
930 919 0.0035
919 920 0.0035
921 920 0.0035
920 921 0.0035
922 921 0.0009
924 921 0.0053
921 922 0.0009
924 922 0.0009
921 924 0.0053
922 924 0.0009
930 924 0.0035
919 930 0.0035
924 930 0.0035
1052 940 0.0026
1055 940 0.0026
944 943 0.0035
1064 943 0.0035
943 944 0.0035
1064 944 0.0018
1065 944 0.0009
97 945 0.0035
117 945 0.0079
144 945 0.0035
75 947 0.0115
85 947 0.0009
140 947 0.0115
142 947 0.0097
371 948 0.0106
372 948 0.007
383 948 0.0062
389 950 0.0026
414 950 0.0009
951 950 0.0044
390 951 0.0035
420 951 0.0053
950 951 0.0044
128 952 0.0053
375 952 0.007
319 954 0.0026
486 954 0.0009
487 954 0.0009
491 954 0.0062
505 954 0.0009
474 955 0.0035
475 955 0.0026
467 956 0.0097
488 956 0.0132
510 956 0.0044
15 957 0.0062
497 957 0.0035
508 957 0.0018
15 958 0.0062
526 958 0.0053
540 958 0.007
500 959 0.0106
502 959 0.0115
861 960 0.0035
900 960 0.0035
796 961 0.0123
818 961 0.0026
822 961 0.0159
278 967 0.0035
969 967 0.0035
270 969 0.0035
967 969 0.0035
225 983 0.007
431 983 0.0044
812 983 0.0123
834 983 0.0044
224 984 0.0088
987 984 0.0088
204 987 0.0026
221 987 0.0088
792 987 0.0026
984 987 0.0088
505 988 0.0044
517 988 0.0044
21 989 0.0026
518 989 0.0026
994 993 0.0053
996 993 0.0053
46 994 0.0009
993 994 0.0053
995 994 0.0035
46 995 0.0009
258 995 0.0053
994 995 0.0035
258 996 0.0053
993 996 0.0053
843 1001 0.0009
1008 1001 0.0009
832 1007 0.007
1008 1007 0.0044
1016 1007 0.0053
1001 1008 0.0009
1007 1008 0.0044
1009 1008 0.0026
1008 1009 0.0026
1010 1009 0.0053
1012 1009 0.0018
1009 1010 0.0053
1012 1010 0.0018
1024 1010 0.0026
1009 1012 0.0018
1010 1012 0.0018
151 1015 0.0018
588 1015 0.0018
623 1015 0.0044
635 1015 0.0079
1007 1016 0.0053
1021 1016 0.0053
831 1018 0.007
1019 1018 0.0115
1021 1018 0.0009
1022 1018 0.0018
1018 1019 0.0115
1021 1019 0.007
1022 1019 0.007
1016 1021 0.0053
1018 1021 0.0009
1019 1021 0.007
843 1022 0.0044
1018 1022 0.0018
1019 1022 0.007
871 1023 0.0053
1024 1023 0.0026
1028 1023 0.0018
1010 1024 0.0026
1023 1024 0.0026
871 1027 0.0053
873 1027 0.0026
1028 1027 0.0018
1023 1028 0.0018
1027 1028 0.0018
283 1029 0.0026
902 1029 0.0123
905 1029 0.0026
1032 1029 0.0053
1029 1032 0.0053
1041 1032 0.0053
1032 1041 0.0053
1044 1041 0.0053
1041 1044 0.0053
1048 1044 0.0053
145 1045 0.007
446 1045 0.0053
447 1045 0.0009
516 1045 0.0044
917 1048 0.0053
1044 1048 0.0053
1050 1049 0.0018
1052 1049 0.0018
1049 1050 0.0018
1053 1050 0.0018
940 1052 0.0026
1049 1052 0.0018
1054 1052 0.0053
1050 1053 0.0018
1054 1053 0.0018
1057 1053 0.0044
1052 1054 0.0053
1053 1054 0.0018
1055 1054 0.0079
940 1055 0.0026
1054 1055 0.0079
1057 1055 0.0044
298 1056 0.0044
634 1056 0.0009
639 1056 0.0026
1053 1057 0.0044
1055 1057 0.0044
436 1061 0.0018
441 1061 0.0044
443 1061 0.0018
879 1064 0.0009
943 1064 0.0035
944 1064 0.0018
879 1065 0.0035
944 1065 0.0009
1068 1065 0.0018
777 1067 0.0009
779 1067 0.0053
782 1067 0.007
874 1067 0.0044
879 1068 0.0018
1065 1068 0.0018
72 1091 0.0018
79 1091 0.0062
91 1091 0.0088
591 1093 0.0026
1097 1093 0.0026
592 1095 0.0159
593 1095 0.015
1097 1095 0.0053
593 1097 0.0062
1093 1097 0.0026
1095 1097 0.0053
1104 1097 0.0026
593 1102 0.0167
594 1102 0.0088
1103 1102 0.007
582 1103 0.0044
1102 1103 0.007
1104 1103 0.0044
583 1104 0.0009
1097 1104 0.0026
1103 1104 0.0044
322 1105 0.0009
581 1105 0.0018
582 1105 0.0035
689 1108 0.0044
731 1108 0.0044
725 1111 0.0035
726 1111 0.0053
754 1111 0.0044
737 1113 0.0115
739 1113 0.0115
327 1119 0.0115
328 1119 0.007
1120 1119 0.0053
700 1120 0.0088
708 1120 0.0044
1119 1120 0.0053
