8 1 0.0054
21 1 0.0014
22 1 0.0041
25 1 0.0095
6 5 0.0027
12 5 0.0041
5 6 0.0027
7 6 0.0068
11 6 0.0109
6 7 0.0068
8 7 0.0122
10 7 0.0041
1 8 0.0054
7 8 0.0122
9 8 0.019
8 9 0.019
10 9 0.0054
19 9 0.0149
21 9 0.0041
7 10 0.0041
9 10 0.0054
6 11 0.0109
16 11 0.0122
5 12 0.0041
15 12 0.0054
14 13 0.0054
46 13 0.0041
13 14 0.0054
15 14 0.0109
17 14 0.0149
12 15 0.0054
14 15 0.0109
16 15 0.0041
11 16 0.0122
15 16 0.0041
17 16 0.0204
18 16 0.0204
14 17 0.0149
16 17 0.0204
40 17 0.0149
16 18 0.0204
19 18 0.019
9 19 0.0149
18 19 0.019
24 19 0.0027
1 21 0.0014
9 21 0.0041
1 22 0.0041
23 22 0.0054
22 23 0.0054
30 23 0.0068
19 24 0.0027
38 24 0.0041
1 25 0.0095
26 25 0.0122
30 25 0.0176
25 26 0.0122
27 26 0.0109
26 27 0.0109
28 27 0.0149
378 27 0.0054
27 28 0.0149
29 28 0.0122
378 28 0.0014
28 29 0.0122
33 29 0.038
56 29 0.0054
231 29 0.0231
23 30 0.0068
25 30 0.0176
31 30 0.0149
30 31 0.0149
33 31 0.0149
29 33 0.038
31 33 0.0149
34 33 0.0326
33 34 0.0326
35 34 0.0041
39 34 0.038
34 35 0.0041
36 35 0.0041
35 36 0.0041
39 36 0.0434
43 36 0.0393
42 37 0.038
45 37 0.0393
24 38 0.0041
39 38 0.0149
41 38 0.0204
34 39 0.038
36 39 0.0434
38 39 0.0149
17 40 0.0149
41 40 0.0366
46 40 0.0312
38 41 0.0204
40 41 0.0366
42 41 0.0366
37 42 0.038
41 42 0.0366
52 42 0.0054
36 43 0.0393
44 43 0.0339
59 43 0.0041
43 44 0.0339
45 44 0.0353
66 44 0.0461
37 45 0.0393
44 45 0.0353
53 45 0.0027
67 45 0.0041
13 46 0.0041
40 46 0.0312
47 46 0.0041
48 46 0.0204
46 47 0.0041
52 47 0.0014
77 47 0.0014
46 48 0.0204
51 48 0.0204
48 51 0.0204
80 51 0.0095
330 51 0.0095
42 52 0.0054
47 52 0.0014
53 52 0.0027
45 53 0.0027
52 53 0.0027
29 56 0.0054
57 56 0.0041
61 56 0.0041
62 56 0.0027
56 57 0.0041
59 57 0.0041
43 59 0.0041
57 59 0.0041
56 61 0.0041
62 61 0.0027
56 62 0.0027
61 62 0.0027
66 65 0.0163
76 65 0.0163
44 66 0.0461
65 66 0.0163
70 66 0.0461
45 67 0.0041
68 67 0.0014
77 67 0.0014
67 68 0.0014
69 68 0.0366
80 68 0.0339
68 69 0.0366
70 69 0.0353
66 70 0.0461
69 70 0.0353
83 70 0.0366
72 71 0.0027
88 71 0.0041
71 72 0.0027
73 72 0.0068
88 72 0.0109
72 73 0.0068
74 73 0.0081
73 74 0.0081
75 74 0.0122
92 74 0.0027
74 75 0.0122
76 75 0.0136
251 75 0.0054
65 76 0.0163
75 76 0.0136
249 76 0.0095
47 77 0.0014
67 77 0.0014
51 80 0.0095
68 80 0.0339
81 80 0.019
84 80 0.0054
80 81 0.019
82 81 0.0176
81 82 0.0176
83 82 0.0041
301 82 0.0122
70 83 0.0366
82 83 0.0041
88 83 0.0054
91 83 0.0244
80 84 0.0054
85 84 0.0054
84 85 0.0054
304 85 0.0041
311 85 0.0081
486 86 0.0068
495 86 0.0014
625 86 0.0095
71 88 0.0041
72 88 0.0109
83 88 0.0054
91 90 0.0027
98 90 0.0027
83 91 0.0244
90 91 0.0027
101 91 0.0285
74 92 0.0027
93 92 0.0054
96 92 0.0068
92 93 0.0054
99 93 0.0068
95 94 0.0109
100 94 0.0122
94 95 0.0109
96 95 0.0041
247 95 0.0041
92 96 0.0068
95 96 0.0041
97 96 0.0014
96 97 0.0014
251 97 0.0027
90 98 0.0027
99 98 0.0122
101 98 0.0163
93 99 0.0068
98 99 0.0122
100 99 0.0041
94 100 0.0122
99 100 0.0041
104 100 0.0176
91 101 0.0285
98 101 0.0163
102 101 0.0258
106 101 0.0244
113 101 0.0149
101 102 0.0258
103 102 0.0095
104 102 0.0231
102 103 0.0095
104 103 0.0027
106 103 0.0027
141 103 0.0014
100 104 0.0176
102 104 0.0231
103 104 0.0027
141 105 0.0041
142 105 0.0014
101 106 0.0244
103 106 0.0027
107 106 0.0204
106 107 0.0204
122 107 0.0231
141 107 0.0122
110 109 0.0136
301 109 0.0109
308 109 0.0068
109 110 0.0136
111 110 0.0041
117 110 0.019
110 111 0.0041
115 111 0.0041
101 113 0.0149
114 113 0.0244
131 113 0.0217
113 114 0.0244
115 114 0.0095
139 114 0.019
111 115 0.0041
114 115 0.0095
118 115 0.0149
110 117 0.019
118 117 0.0176
308 117 0.0041
309 117 0.0027
115 118 0.0149
117 118 0.0176
119 118 0.0068
118 119 0.0068
120 119 0.0027
121 119 0.0109
119 120 0.0027
121 120 0.0054
318 120 0.0014
119 121 0.0109
120 121 0.0054
309 121 0.0041
107 122 0.0231
123 122 0.019
142 122 0.0109
122 123 0.019
124 123 0.0081
143 123 0.0122
123 124 0.0081
125 124 0.0054
129 124 0.0149
124 125 0.0054
126 125 0.0014
127 125 0.0081
125 126 0.0014
127 126 0.0041
137 126 0.0014
125 127 0.0081
126 127 0.0041
128 127 0.0081
127 128 0.0081
129 128 0.0109
137 128 0.0068
124 129 0.0149
128 129 0.0109
130 129 0.0136
129 130 0.0136
150 130 0.0176
153 130 0.0068
113 131 0.0217
132 131 0.0027
133 131 0.0258
131 132 0.0027
133 132 0.0027
131 133 0.0258
132 133 0.0027
134 133 0.0217
133 134 0.0217
135 134 0.0136
140 134 0.0095
134 135 0.0136
136 135 0.0136
135 136 0.0136
137 136 0.0041
150 136 0.019
126 137 0.0014
128 137 0.0068
136 137 0.0041
114 139 0.019
155 139 0.0204
322 139 0.0054
134 140 0.0095
164 140 0.0081
103 141 0.0014
105 141 0.0041
107 141 0.0122
142 141 0.0041
105 142 0.0014
122 142 0.0109
141 142 0.0041
143 142 0.0027
123 143 0.0122
142 143 0.0027
144 143 0.0081
143 144 0.0081
146 144 0.0014
147 144 0.0054
144 146 0.0014
189 146 0.0014
259 146 0.0041
144 147 0.0054
148 147 0.0068
147 148 0.0068
149 148 0.0027
192 148 0.0095
148 149 0.0027
192 149 0.0041
130 150 0.0176
136 150 0.019
151 150 0.0136
150 151 0.0136
152 151 0.0027
166 151 0.0095
151 152 0.0027
153 152 0.0054
169 152 0.0014
130 153 0.0068
152 153 0.0054
139 155 0.0204
156 155 0.0014
159 155 0.0231
155 156 0.0014
157 156 0.0027
158 156 0.0054
156 157 0.0027
158 157 0.0149
447 157 0.0109
156 158 0.0054
157 158 0.0149
159 158 0.019
163 158 0.0041
155 159 0.0231
158 159 0.019
162 159 0.0299
162 161 0.0081
164 161 0.0068
159 162 0.0299
161 162 0.0081
163 162 0.0054
456 162 0.0136
158 163 0.0041
162 163 0.0054
140 164 0.0081
161 164 0.0068
166 165 0.0163
182 165 0.0149
151 166 0.0095
165 166 0.0163
168 166 0.0109
166 168 0.0109
169 168 0.0027
172 168 0.0095
152 169 0.0014
168 169 0.0027
710 170 0.0122
723 170 0.0122
168 172 0.0095
174 172 0.0122
176 172 0.0041
172 174 0.0122
175 174 0.0027
177 174 0.0163
174 175 0.0027
176 175 0.0054
177 175 0.0095
172 176 0.0041
175 176 0.0054
199 176 0.0041
201 176 0.0054
174 177 0.0163
175 177 0.0095
178 177 0.0109
177 178 0.0109
179 178 0.0081
201 178 0.0014
178 179 0.0081
180 179 0.0081
179 180 0.0081
181 180 0.0163
468 180 0.0068
180 181 0.0163
182 181 0.0163
463 181 0.0149
165 182 0.0149
181 182 0.0163
375 184 0.0136
400 184 0.0081
501 184 0.0041
723 184 0.0163
146 189 0.0014
190 189 0.0027
189 190 0.0027
191 190 0.0204
235 190 0.0217
190 191 0.0204
192 191 0.0068
193 191 0.0122
148 192 0.0095
149 192 0.0041
191 192 0.0068
191 193 0.0122
194 193 0.0054
218 193 0.019
193 194 0.0054
196 194 0.0054
194 196 0.0054
197 196 0.0027
198 196 0.0095
196 197 0.0027
198 197 0.0014
196 198 0.0095
197 198 0.0014
199 198 0.0068
176 199 0.0041
198 199 0.0068
200 199 0.0095
199 200 0.0095
201 200 0.0136
202 200 0.0027
176 201 0.0054
178 201 0.0014
200 201 0.0136
202 201 0.0095
200 202 0.0027
201 202 0.0095
203 202 0.0054
202 203 0.0054
204 203 0.0081
205 203 0.0149
203 204 0.0081
205 204 0.0027
206 204 0.0041
203 205 0.0149
204 205 0.0027
206 205 0.0014
209 205 0.0081
204 206 0.0041
205 206 0.0014
207 206 0.0041
216 206 0.0014
206 207 0.0041
208 207 0.0068
216 207 0.0068
207 208 0.0068
209 208 0.0149
217 208 0.0176
205 209 0.0081
208 209 0.0149
210 209 0.0054
209 210 0.0054
219 210 0.0109
695 210 0.0176
212 211 0.0258
695 211 0.0244
211 212 0.0258
213 212 0.0122
217 212 0.0122
212 213 0.0122
278 213 0.0122
206 216 0.0014
207 216 0.0068
217 216 0.0041
208 217 0.0176
212 217 0.0122
216 217 0.0041
193 218 0.019
219 218 0.0204
224 218 0.0054
210 219 0.0109
218 219 0.0204
220 219 0.019
219 220 0.019
221 220 0.0231
265 220 0.0136
220 221 0.0231
222 221 0.0244
225 221 0.0054
228 221 0.0068
221 222 0.0244
229 222 0.019
265 222 0.0041
218 224 0.0054
225 224 0.0054
221 225 0.0054
224 225 0.0054
226 225 0.0041
225 226 0.0041
227 226 0.0014
228 226 0.0014
226 227 0.0014
426 227 0.0014
221 228 0.0068
226 228 0.0014
439 228 0.0041
222 229 0.019
230 229 0.0285
261 229 0.0163
229 230 0.0285
438 230 0.0027
439 230 0.0326
29 231 0.0231
232 231 0.0339
710 231 0.0149
231 232 0.0339
233 232 0.0285
238 232 0.0149
249 232 0.0095
232 233 0.0285
234 233 0.0231
242 233 0.0068
233 234 0.0231
235 234 0.0258
237 234 0.0014
190 235 0.0217
234 235 0.0258
237 235 0.0081
377 235 0.0258
234 237 0.0014
235 237 0.0081
259 237 0.0054
232 238 0.0149
240 238 0.0149
238 240 0.0149
241 240 0.0109
253 240 0.0027
240 241 0.0109
242 241 0.0109
247 241 0.0095
233 242 0.0068
241 242 0.0109
243 242 0.0027
245 242 0.0014
242 243 0.0027
244 243 0.0041
257 243 0.0054
258 243 0.0041
243 244 0.0041
245 244 0.0041
248 244 0.0095
242 245 0.0014
244 245 0.0041
246 245 0.0068
245 246 0.0068
247 246 0.0041
248 246 0.0068
95 247 0.0041
241 247 0.0095
246 247 0.0041
244 248 0.0095
246 248 0.0068
255 248 0.0014
76 249 0.0095
232 249 0.0095
250 249 0.0068
249 250 0.0068
251 250 0.0041
252 250 0.0041
75 251 0.0054
97 251 0.0027
250 251 0.0041
250 252 0.0041
253 252 0.0027
240 253 0.0027
252 253 0.0027
248 255 0.0014
257 255 0.0014
243 257 0.0054
255 257 0.0014
260 257 0.0027
243 258 0.0041
259 258 0.0027
260 258 0.0081
146 259 0.0041
237 259 0.0054
258 259 0.0027
260 259 0.0041
257 260 0.0027
258 260 0.0081
259 260 0.0041
229 261 0.0163
262 261 0.0136
428 261 0.0014
261 262 0.0136
263 262 0.0081
266 262 0.0149
262 263 0.0081
264 263 0.0041
266 263 0.0027
263 264 0.0041
273 264 0.0136
276 264 0.0163
220 265 0.0136
222 265 0.0041
277 265 0.0081
262 266 0.0149
263 266 0.0027
267 266 0.0109
266 267 0.0109
268 267 0.0054
270 267 0.0163
267 268 0.0054
269 268 0.0068
268 269 0.0068
271 269 0.0095
267 270 0.0163
271 270 0.0176
269 271 0.0095
270 271 0.0176
290 271 0.0122
264 273 0.0136
276 273 0.0027
697 273 0.0095
275 274 0.0014
697 274 0.0027
274 275 0.0014
285 275 0.0081
697 275 0.0109
264 276 0.0163
273 276 0.0027
277 276 0.0122
265 277 0.0081
276 277 0.0122
278 277 0.0136
213 278 0.0122
277 278 0.0136
279 278 0.0068
281 278 0.0081
278 279 0.0068
280 279 0.0068
279 280 0.0068
695 280 0.0054
278 281 0.0081
283 281 0.0081
281 283 0.0081
285 283 0.0081
275 285 0.0081
283 285 0.0081
271 290 0.0122
297 290 0.0122
290 297 0.0122
698 297 0.0122
82 301 0.0122
109 301 0.0109
303 301 0.0054
301 303 0.0054
305 303 0.0014
308 303 0.0014
85 304 0.0041
307 304 0.0027
303 305 0.0014
306 305 0.0014
305 306 0.0014
307 306 0.0041
314 306 0.0068
304 307 0.0027
306 307 0.0041
311 307 0.0081
109 308 0.0068
117 308 0.0041
303 308 0.0014
117 309 0.0027
121 309 0.0041
85 311 0.0081
307 311 0.0081
313 311 0.0095
313 312 0.0176
334 312 0.0176
311 313 0.0095
312 313 0.0176
314 313 0.0176
306 314 0.0068
313 314 0.0176
315 314 0.0095
314 315 0.0095
316 315 0.0095
323 315 0.0176
315 316 0.0095
317 316 0.0081
316 317 0.0081
321 317 0.0068
327 317 0.0081
120 318 0.0014
322 318 0.0014
321 320 0.0027
322 320 0.0027
446 320 0.0068
317 321 0.0068
320 321 0.0027
329 321 0.0027
139 322 0.0054
318 322 0.0014
320 322 0.0027
315 323 0.0176
324 323 0.019
325 323 0.0027
326 323 0.0014
327 323 0.0041
323 324 0.019
325 324 0.0081
326 324 0.0231
371 324 0.0095
323 325 0.0027
324 325 0.0081
380 325 0.0041
323 326 0.0014
324 326 0.0231
347 326 0.0204
317 327 0.0081
323 327 0.0041
329 327 0.0027
321 329 0.0027
327 329 0.0027
51 330 0.0095
340 330 0.0095
332 331 0.0204
337 331 0.0014
340 331 0.0176
331 332 0.0204
333 332 0.0176
337 332 0.0014
332 333 0.0176
334 333 0.0258
343 333 0.0231
312 334 0.0176
333 334 0.0258
335 334 0.0258
334 335 0.0258
347 335 0.019
348 335 0.0244
331 337 0.0014
332 337 0.0014
330 340 0.0095
331 340 0.0176
341 340 0.0068
340 341 0.0068
342 341 0.0109
655 341 0.0027
341 342 0.0109
344 342 0.0122
333 343 0.0231
344 343 0.0244
342 344 0.0122
343 344 0.0244
345 344 0.0027
354 344 0.0176
344 345 0.0027
348 345 0.0014
326 347 0.0204
335 347 0.019
365 347 0.019
335 348 0.0244
345 348 0.0014
349 348 0.0176
355 348 0.0217
348 349 0.0176
357 349 0.0176
352 351 0.0244
356 351 0.0231
351 352 0.0244
353 352 0.0136
630 352 0.0095
352 353 0.0136
354 353 0.0136
344 354 0.0176
353 354 0.0136
651 354 0.0027
348 355 0.0217
356 355 0.0136
515 355 0.0068
351 356 0.0231
355 356 0.0136
531 356 0.0109
349 357 0.0176
361 357 0.0176
357 361 0.0176
362 361 0.0122
513 361 0.0176
361 362 0.0122
363 362 0.0081
535 362 0.0027
362 363 0.0081
364 363 0.0054
559 363 0.0014
363 364 0.0054
365 364 0.0149
366 364 0.0081
347 365 0.019
364 365 0.0149
367 365 0.0054
364 366 0.0081
373 366 0.0163
382 366 0.0122
365 367 0.0054
368 367 0.0095
369 367 0.0027
367 368 0.0095
369 368 0.0095
367 369 0.0027
368 369 0.0095
370 369 0.0054
369 370 0.0054
371 370 0.0041
324 371 0.0095
370 371 0.0041
390 371 0.0041
366 373 0.0163
388 373 0.0149
184 375 0.0136
376 375 0.0163
682 375 0.0014
375 376 0.0163
377 376 0.0217
421 376 0.0136
235 377 0.0258
376 377 0.0217
426 377 0.0231
477 377 0.0136
27 378 0.0054
28 378 0.0014
402 378 0.0014
665 379 0.0149
680 379 0.0149
325 380 0.0041
450 380 0.0027
408 381 0.0068
413 381 0.0041
366 382 0.0122
384 382 0.0122
382 384 0.0122
386 384 0.0176
511 384 0.0095
384 386 0.0176
394 386 0.0095
488 386 0.0068
425 387 0.0041
440 387 0.0054
473 387 0.0109
373 388 0.0149
389 388 0.0041
392 388 0.0095
388 389 0.0041
390 389 0.0095
396 389 0.0041
371 390 0.0041
389 390 0.0095
391 390 0.0041
390 391 0.0041
404 391 0.0054
388 392 0.0095
394 392 0.0095
386 394 0.0095
392 394 0.0095
389 396 0.0041
397 396 0.0054
396 397 0.0054
398 397 0.0149
404 397 0.0054
416 397 0.0041
397 398 0.0149
407 398 0.0163
420 398 0.0081
184 400 0.0081
715 400 0.0041
723 400 0.0027
378 402 0.0014
710 402 0.0014
501 403 0.0041
715 403 0.0041
391 404 0.0054
397 404 0.0054
405 404 0.0122
404 405 0.0122
407 405 0.0122
398 407 0.0163
405 407 0.0122
408 407 0.0054
381 408 0.0068
407 408 0.0054
410 408 0.0109
408 410 0.0109
411 410 0.0109
413 410 0.0081
414 410 0.0109
410 411 0.0109
412 411 0.0081
414 411 0.0014
411 412 0.0081
413 412 0.0027
459 412 0.0041
381 413 0.0041
410 413 0.0081
412 413 0.0027
410 414 0.0109
411 414 0.0014
415 414 0.0081
414 415 0.0081
472 415 0.0068
473 415 0.0081
474 415 0.0068
397 416 0.0041
419 416 0.0027
418 417 0.0041
682 417 0.0054
417 418 0.0041
424 418 0.0041
416 419 0.0027
420 419 0.0027
398 420 0.0081
419 420 0.0027
425 420 0.0041
376 421 0.0136
422 421 0.0176
424 421 0.0095
461 421 0.0027
421 422 0.0176
423 422 0.0109
477 422 0.0054
422 423 0.0109
461 423 0.0068
625 423 0.0027
418 424 0.0041
421 424 0.0095
659 424 0.0041
682 424 0.0095
387 425 0.0041
420 425 0.0041
227 426 0.0014
377 426 0.0231
427 426 0.0204
426 427 0.0204
428 427 0.0217
438 427 0.0231
491 427 0.019
261 428 0.0014
427 428 0.0217
429 428 0.019
428 429 0.019
558 429 0.0204
230 438 0.0027
427 438 0.0231
439 438 0.0271
228 439 0.0041
230 439 0.0326
438 439 0.0271
387 440 0.0054
479 440 0.0054
476 444 0.0068
486 444 0.0068
320 446 0.0068
447 446 0.0081
450 446 0.0081
157 447 0.0109
446 447 0.0081
448 447 0.0122
447 448 0.0122
450 448 0.0041
454 448 0.0068
495 449 0.0122
503 449 0.0122
380 450 0.0027
446 450 0.0081
448 450 0.0041
452 451 0.0204
503 451 0.0149
517 451 0.0014
714 451 0.0014
451 452 0.0204
453 452 0.0217
714 452 0.0054
452 453 0.0217
517 453 0.0014
680 453 0.0149
714 453 0.0027
448 454 0.0068
455 454 0.0054
454 455 0.0054
456 455 0.0068
162 456 0.0136
455 456 0.0068
457 456 0.0081
456 457 0.0081
458 457 0.0095
457 458 0.0095
459 458 0.0081
412 459 0.0041
458 459 0.0081
462 459 0.0109
421 461 0.0027
423 461 0.0068
658 461 0.0027
459 462 0.0109
463 462 0.019
464 462 0.0149
181 463 0.0149
462 463 0.019
464 463 0.0027
462 464 0.0149
463 464 0.0027
466 464 0.0109
464 466 0.0109
469 466 0.0122
180 468 0.0068
470 468 0.0081
466 469 0.0122
470 469 0.0122
472 469 0.0068
468 470 0.0081
469 470 0.0122
471 470 0.0027
470 471 0.0027
472 471 0.0068
474 471 0.0095
475 471 0.0054
415 472 0.0068
469 472 0.0068
471 472 0.0068
387 473 0.0109
415 473 0.0081
474 473 0.0095
415 474 0.0068
471 474 0.0095
473 474 0.0095
471 475 0.0054
479 475 0.0054
444 476 0.0068
625 476 0.0054
377 477 0.0136
422 477 0.0054
478 477 0.0068
477 478 0.0068
623 478 0.0068
440 479 0.0054
475 479 0.0054
623 480 0.0068
628 480 0.0068
495 483 0.0149
628 483 0.0054
657 483 0.0217
86 486 0.0068
444 486 0.0068
386 488 0.0068
504 488 0.0068
427 491 0.019
645 491 0.0176
86 495 0.0014
449 495 0.0122
483 495 0.0149
503 500 0.0014
661 500 0.0027
184 501 0.0041
403 501 0.0041
632 502 0.0041
661 502 0.0014
691 502 0.0068
449 503 0.0122
451 503 0.0149
500 503 0.0014
488 504 0.0068
507 504 0.0068
504 507 0.0068
510 507 0.0068
507 510 0.0068
511 510 0.0095
720 510 0.0014
384 511 0.0095
510 511 0.0095
361 513 0.0176
514 513 0.0176
534 513 0.0176
513 514 0.0176
515 514 0.0109
516 514 0.0095
520 514 0.0149
355 515 0.0068
514 515 0.0109
516 515 0.0027
514 516 0.0095
515 516 0.0027
523 516 0.0041
451 517 0.0014
453 517 0.0014
525 518 0.0014
529 518 0.0041
531 518 0.0027
514 520 0.0149
521 520 0.0122
549 520 0.0163
520 521 0.0122
522 521 0.0027
524 521 0.0081
521 522 0.0027
523 522 0.0014
516 523 0.0041
522 523 0.0014
524 523 0.0014
521 524 0.0081
523 524 0.0014
525 524 0.0054
518 525 0.0014
524 525 0.0054
527 525 0.0081
525 527 0.0081
528 527 0.0149
550 527 0.0054
527 528 0.0149
529 528 0.0054
556 528 0.0163
518 529 0.0041
528 529 0.0054
530 529 0.0136
639 529 0.0068
529 530 0.0136
531 530 0.0068
638 530 0.0217
356 531 0.0109
518 531 0.0027
530 531 0.0068
513 534 0.0176
535 534 0.0014
539 534 0.0149
362 535 0.0027
534 535 0.0014
539 538 0.0014
541 538 0.0027
534 539 0.0149
538 539 0.0014
540 539 0.0176
539 540 0.0176
541 540 0.0014
544 540 0.0204
538 541 0.0027
540 541 0.0014
542 541 0.0054
541 542 0.0054
543 542 0.0081
544 542 0.0149
542 543 0.0081
545 543 0.0027
559 543 0.0014
720 543 0.0014
540 544 0.0204
542 544 0.0149
545 544 0.0122
543 545 0.0027
544 545 0.0122
546 545 0.0081
545 546 0.0081
547 546 0.0176
585 546 0.0081
546 547 0.0176
551 547 0.019
520 549 0.0163
550 549 0.0204
551 549 0.0027
527 550 0.0054
549 550 0.0204
551 550 0.0258
555 550 0.0244
547 551 0.019
549 551 0.0027
550 551 0.0258
552 551 0.0014
551 552 0.0014
553 552 0.0054
554 552 0.0027
552 553 0.0054
554 553 0.0122
555 553 0.0109
552 554 0.0027
553 554 0.0122
582 554 0.0081
550 555 0.0244
553 555 0.0109
556 555 0.0122
528 556 0.0163
555 556 0.0122
557 556 0.0027
556 557 0.0027
626 557 0.0027
429 558 0.0204
717 558 0.0081
719 558 0.0109
363 559 0.0014
543 559 0.0014
566 565 0.0122
568 565 0.0041
719 565 0.0176
565 566 0.0122
699 566 0.0122
565 568 0.0041
569 568 0.0041
568 569 0.0041
719 569 0.0054
554 582 0.0081
583 582 0.0081
582 583 0.0081
586 583 0.0122
593 583 0.0027
546 585 0.0081
586 585 0.0122
590 585 0.0027
583 586 0.0122
585 586 0.0122
585 590 0.0027
591 590 0.0081
595 590 0.0041
590 591 0.0081
593 591 0.0027
596 591 0.0041
583 593 0.0027
591 593 0.0027
590 595 0.0041
596 595 0.0041
591 596 0.0041
595 596 0.0041
478 623 0.0068
480 623 0.0068
86 625 0.0095
423 625 0.0027
476 625 0.0054
557 626 0.0027
635 626 0.0027
480 628 0.0068
483 628 0.0054
352 630 0.0095
631 630 0.0027
638 630 0.0136
630 631 0.0027
633 631 0.0027
502 632 0.0041
645 632 0.0285
657 632 0.0231
631 633 0.0027
634 633 0.0027
637 633 0.0068
633 634 0.0027
635 634 0.0027
626 635 0.0027
634 635 0.0027
636 635 0.0068
635 636 0.0068
637 636 0.0149
639 636 0.0068
633 637 0.0068
636 637 0.0149
638 637 0.0149
530 638 0.0217
630 638 0.0136
637 638 0.0149
529 639 0.0068
636 639 0.0068
491 645 0.0176
632 645 0.0285
691 645 0.0285
354 651 0.0027
655 651 0.0027
341 655 0.0027
651 655 0.0027
483 657 0.0217
632 657 0.0231
461 658 0.0027
659 658 0.0041
424 659 0.0041
658 659 0.0041
500 661 0.0027
502 661 0.0014
663 661 0.0014
666 661 0.0081
692 661 0.0068
661 663 0.0014
665 663 0.0149
666 663 0.0176
379 665 0.0149
663 665 0.0149
661 666 0.0081
663 666 0.0176
692 666 0.0258
700 666 0.0081
379 680 0.0149
453 680 0.0149
375 682 0.0014
417 682 0.0054
424 682 0.0095
502 691 0.0068
645 691 0.0285
692 691 0.0258
661 692 0.0068
666 692 0.0258
691 692 0.0258
210 695 0.0176
211 695 0.0244
280 695 0.0054
273 697 0.0095
274 697 0.0027
275 697 0.0109
297 698 0.0122
699 698 0.0122
566 699 0.0122
698 699 0.0122
666 700 0.0081
708 700 0.0122
709 700 0.0027
700 708 0.0122
709 708 0.0027
717 708 0.0081
700 709 0.0027
708 709 0.0027
170 710 0.0122
231 710 0.0149
402 710 0.0014
451 714 0.0014
452 714 0.0054
453 714 0.0027
400 715 0.0041
403 715 0.0041
558 717 0.0081
708 717 0.0081
558 719 0.0109
565 719 0.0176
569 719 0.0054
510 720 0.0014
543 720 0.0014
170 723 0.0122
184 723 0.0163
400 723 0.0027
