3 2 0.0053
4 2 0.0021
5 2 0.0042
6 2 0.0063
24 2 0.0085
650 2 0.0095
2 3 0.0053
7 3 0.0042
2 4 0.0021
401 4 0.0011
2 5 0.0042
402 5 0.0063
403 5 0.0011
2 6 0.0063
13 6 0.0053
16 6 0.0116
3 7 0.0042
8 7 0.0042
9 7 0.0053
7 8 0.0042
9 8 0.0032
394 8 0.0021
7 9 0.0053
8 9 0.0032
10 9 0.0032
9 10 0.0032
11 10 0.0137
72 10 0.0116
10 11 0.0137
12 11 0.0021
70 11 0.0169
11 12 0.0021
13 12 0.0053
68 12 0.0085
6 13 0.0053
12 13 0.0053
6 16 0.0116
17 16 0.0011
21 16 0.0137
16 17 0.0011
19 17 0.0011
17 19 0.0011
20 19 0.0243
67 19 0.0222
19 20 0.0243
21 20 0.0137
25 20 0.0222
16 21 0.0137
20 21 0.0137
2 24 0.0085
25 24 0.0116
26 24 0.0021
20 25 0.0222
24 25 0.0116
26 25 0.0021
27 25 0.0127
24 26 0.0021
25 26 0.0021
25 27 0.0127
29 27 0.0127
27 29 0.0127
31 29 0.0021
32 29 0.0159
29 31 0.0021
32 31 0.0021
29 32 0.0159
31 32 0.0021
33 32 0.0127
32 33 0.0127
34 33 0.019
37 33 0.0053
33 34 0.019
35 34 0.0063
42 34 0.0116
34 35 0.0063
54 35 0.0074
33 37 0.0053
38 37 0.018
1028 37 0.0116
37 38 0.018
39 38 0.0201
1030 38 0.0011
38 39 0.0201
41 39 0.0201
39 41 0.0201
42 41 0.0233
43 41 0.0021
34 42 0.0116
41 42 0.0233
43 42 0.0211
44 42 0.0011
41 43 0.0021
42 43 0.0211
113 43 0.0296
120 43 0.019
42 44 0.0011
48 44 0.0011
280 45 0.0011
728 45 0.0011
44 48 0.0011
49 48 0.0063
1062 48 0.0042
48 49 0.0063
50 49 0.0116
53 49 0.0042
49 50 0.0116
51 50 0.0106
50 51 0.0106
52 51 0.0169
80 51 0.0053
51 52 0.0169
53 52 0.0053
56 52 0.0095
63 52 0.0211
49 53 0.0042
52 53 0.0053
35 54 0.0074
56 54 0.0074
52 56 0.0095
54 56 0.0074
57 56 0.0011
56 57 0.0011
59 57 0.0011
57 59 0.0011
60 59 0.0032
62 59 0.0053
59 60 0.0032
61 60 0.0233
69 60 0.019
60 61 0.0233
62 61 0.0085
64 61 0.0243
59 62 0.0053
61 62 0.0085
63 62 0.0021
52 63 0.0211
62 63 0.0021
64 63 0.0243
61 64 0.0243
63 64 0.0243
19 67 0.0222
68 67 0.0222
12 68 0.0085
67 68 0.0222
69 68 0.019
60 69 0.019
68 69 0.019
70 69 0.0116
11 70 0.0169
69 70 0.0116
71 70 0.0042
70 71 0.0042
72 71 0.0116
74 71 0.0063
10 72 0.0116
71 72 0.0116
71 74 0.0063
75 74 0.0085
78 74 0.0137
74 75 0.0085
76 75 0.0116
415 75 0.0021
75 76 0.0116
77 76 0.0042
416 76 0.0063
76 77 0.0042
78 77 0.0137
81 77 0.0085
74 78 0.0137
77 78 0.0137
51 80 0.0053
81 80 0.0116
86 80 0.0053
77 81 0.0085
80 81 0.0116
82 81 0.0021
81 82 0.0021
83 82 0.0032
82 83 0.0032
84 83 0.0074
86 83 0.0032
83 84 0.0074
85 84 0.0074
84 85 0.0074
86 85 0.0095
688 85 0.0011
80 86 0.0053
83 86 0.0032
85 86 0.0095
89 87 0.0042
1062 87 0.0042
87 89 0.0042
91 89 0.0063
93 89 0.0032
89 91 0.0063
92 91 0.0032
111 91 0.0127
665 91 0.0032
670 91 0.0116
91 92 0.0032
93 92 0.0074
663 92 0.0053
89 93 0.0032
92 93 0.0074
94 93 0.0053
93 94 0.0053
95 94 0.0021
662 94 0.0063
94 95 0.0021
694 95 0.0011
97 96 0.0095
120 96 0.0159
123 96 0.018
96 97 0.0095
98 97 0.0053
105 97 0.0159
97 98 0.0053
102 98 0.0053
98 102 0.0053
103 102 0.0021
1073 102 0.0085
102 103 0.0021
104 103 0.0053
1073 103 0.0085
103 104 0.0053
109 104 0.0106
110 104 0.0042
97 105 0.0159
106 105 0.0148
108 105 0.0085
105 106 0.0148
107 106 0.0032
109 106 0.0106
106 107 0.0032
108 107 0.0053
130 107 0.0011
105 108 0.0085
107 108 0.0053
124 108 0.0021
104 109 0.0106
106 109 0.0106
104 110 0.0042
111 110 0.0127
679 110 0.0074
91 111 0.0127
110 111 0.0127
43 113 0.0296
114 113 0.0032
1053 113 0.0254
113 114 0.0032
115 114 0.0011
1030 114 0.0011
114 115 0.0011
1028 115 0.0042
1054 115 0.0021
118 117 0.0095
698 117 0.0148
1053 117 0.0254
117 118 0.0095
119 118 0.0011
121 118 0.0074
118 119 0.0011
120 119 0.0021
43 120 0.019
96 120 0.0159
119 120 0.0021
118 121 0.0074
122 121 0.0063
121 122 0.0063
123 122 0.0148
128 122 0.0074
96 123 0.018
122 123 0.0148
124 123 0.0021
108 124 0.0021
123 124 0.0021
122 128 0.0074
129 128 0.0085
150 128 0.0106
128 129 0.0085
141 129 0.0085
147 129 0.0116
107 130 0.0011
132 130 0.0011
130 132 0.0011
137 132 0.0021
139 132 0.0042
159 135 0.0095
792 135 0.0095
132 137 0.0021
139 137 0.0021
132 139 0.0042
137 139 0.0021
140 139 0.0042
149 139 0.0021
139 140 0.0042
141 140 0.0085
142 140 0.0085
146 140 0.0169
149 140 0.0095
129 141 0.0085
140 141 0.0085
142 141 0.0032
140 142 0.0085
141 142 0.0032
143 142 0.0085
142 143 0.0085
144 143 0.0021
146 143 0.0032
147 143 0.0011
143 144 0.0021
145 144 0.0021
144 145 0.0021
146 145 0.0127
626 145 0.0095
140 146 0.0169
143 146 0.0032
145 146 0.0127
129 147 0.0116
143 147 0.0011
158 147 0.0095
139 149 0.0021
140 149 0.0095
676 149 0.0063
128 150 0.0106
151 150 0.0063
152 150 0.0074
150 151 0.0063
702 151 0.0042
710 151 0.0011
150 152 0.0074
153 152 0.0042
158 152 0.0127
152 153 0.0042
162 153 0.0042
147 158 0.0095
152 158 0.0127
160 158 0.0106
135 159 0.0095
970 159 0.0095
158 160 0.0106
161 160 0.0063
631 160 0.0032
160 161 0.0063
162 161 0.0085
186 161 0.0011
153 162 0.0042
161 162 0.0085
163 162 0.0011
166 162 0.0011
162 163 0.0011
164 163 0.0011
163 164 0.0011
716 164 0.0063
744 164 0.0042
162 166 0.0011
167 166 0.0053
170 166 0.0032
166 167 0.0053
169 167 0.0053
167 169 0.0053
186 169 0.0106
187 169 0.0127
166 170 0.0032
171 170 0.0021
175 170 0.0063
170 171 0.0021
173 171 0.0063
750 171 0.0032
171 173 0.0063
236 173 0.0063
170 175 0.0063
176 175 0.0085
187 175 0.0095
175 176 0.0085
180 176 0.0085
176 180 0.0085
181 180 0.0095
229 180 0.0063
180 181 0.0095
182 181 0.0053
224 181 0.0032
181 182 0.0053
183 182 0.0074
193 182 0.0011
182 183 0.0074
184 183 0.0159
190 183 0.0116
183 184 0.0159
187 184 0.0148
186 185 0.0085
188 185 0.0095
161 186 0.0011
169 186 0.0106
185 186 0.0085
169 187 0.0127
175 187 0.0095
184 187 0.0148
185 188 0.0095
189 188 0.0116
193 188 0.0011
188 189 0.0116
190 189 0.0116
183 190 0.0116
189 190 0.0116
182 193 0.0011
188 193 0.0011
197 196 0.0032
198 196 0.0032
196 197 0.0032
209 197 0.0032
196 198 0.0032
199 198 0.0042
204 198 0.0085
198 199 0.0042
207 199 0.0042
198 204 0.0085
205 204 0.0042
209 204 0.0032
204 205 0.0042
207 205 0.0042
199 207 0.0042
205 207 0.0042
197 209 0.0032
204 209 0.0032
181 224 0.0032
225 224 0.0063
232 224 0.0021
224 225 0.0063
232 225 0.0063
180 229 0.0063
231 229 0.0063
229 231 0.0063
232 231 0.0032
246 231 0.0021
224 232 0.0021
225 232 0.0063
231 232 0.0032
173 236 0.0063
237 236 0.0053
238 236 0.0063
236 237 0.0053
238 237 0.0063
243 237 0.0063
236 238 0.0063
237 238 0.0063
239 238 0.0021
240 238 0.0095
330 238 0.0063
238 239 0.0021
240 239 0.0021
238 240 0.0095
239 240 0.0021
256 240 0.0063
237 243 0.0063
244 243 0.0032
246 243 0.0021
243 244 0.0032
253 244 0.0011
256 244 0.0053
231 246 0.0021
243 246 0.0021
244 253 0.0011
262 253 0.0011
240 256 0.0063
244 256 0.0053
257 256 0.0042
256 257 0.0042
329 257 0.0042
859 261 0.0032
957 261 0.0032
253 262 0.0011
263 262 0.0053
329 262 0.0074
262 263 0.0053
264 263 0.0021
328 263 0.0085
263 264 0.0021
265 264 0.0011
267 264 0.0042
264 265 0.0011
266 265 0.0011
265 266 0.0011
267 266 0.0063
270 266 0.0042
264 267 0.0042
266 267 0.0063
268 267 0.0074
267 268 0.0074
269 268 0.0042
283 268 0.0021
268 269 0.0042
270 269 0.0042
266 270 0.0042
269 270 0.0042
45 280 0.0011
457 280 0.0042
805 280 0.0063
268 283 0.0021
285 283 0.0063
326 283 0.0095
660 284 0.0095
723 284 0.0095
283 285 0.0063
286 285 0.0095
302 285 0.0169
285 286 0.0095
294 286 0.0095
286 294 0.0095
307 294 0.0095
285 302 0.0169
304 302 0.0169
302 304 0.0169
305 304 0.0063
324 304 0.0095
304 305 0.0063
306 305 0.0011
307 305 0.0042
305 306 0.0011
307 306 0.0042
308 306 0.0021
294 307 0.0095
305 307 0.0042
306 307 0.0042
306 308 0.0021
309 308 0.0053
319 308 0.0085
308 309 0.0053
310 309 0.0053
309 310 0.0053
321 310 0.0053
434 311 0.0106
737 311 0.0042
743 311 0.0053
603 313 0.0021
1082 313 0.0021
856 318 0.0085
858 318 0.0063
869 318 0.0042
959 318 0.0063
962 318 0.0053
308 319 0.0085
320 319 0.0085
325 319 0.0053
319 320 0.0085
321 320 0.0085
310 321 0.0053
320 321 0.0085
375 321 0.0021
304 324 0.0095
325 324 0.0085
337 324 0.0127
319 325 0.0053
324 325 0.0085
343 325 0.0085
283 326 0.0095
328 326 0.0095
263 328 0.0085
326 328 0.0095
338 328 0.0127
257 329 0.0042
262 329 0.0074
330 329 0.0085
238 330 0.0063
329 330 0.0085
331 330 0.0095
330 331 0.0095
332 331 0.0106
338 331 0.0127
331 332 0.0106
333 332 0.0137
767 332 0.0106
332 333 0.0137
334 333 0.0106
346 333 0.0106
333 334 0.0106
335 334 0.0032
336 334 0.0148
334 335 0.0032
336 335 0.0011
339 335 0.0011
334 336 0.0148
335 336 0.0011
337 336 0.0127
324 337 0.0127
336 337 0.0127
338 337 0.0137
328 338 0.0127
331 338 0.0127
337 338 0.0137
335 339 0.0011
341 339 0.0011
339 341 0.0011
342 341 0.0063
343 341 0.0085
341 342 0.0063
354 342 0.0063
325 343 0.0085
341 343 0.0085
333 346 0.0106
347 346 0.0074
774 346 0.0106
346 347 0.0074
348 347 0.0032
351 347 0.0116
347 348 0.0032
349 348 0.0011
350 348 0.0053
348 349 0.0011
350 349 0.0127
814 349 0.0106
348 350 0.0053
349 350 0.0127
351 350 0.0127
819 350 0.0011
347 351 0.0116
350 351 0.0127
352 351 0.0085
351 352 0.0085
354 352 0.0085
342 354 0.0063
352 354 0.0085
355 354 0.0074
354 355 0.0074
356 355 0.0042
358 355 0.0021
355 356 0.0042
836 356 0.0042
1027 357 0.0285
1033 357 0.0032
1035 357 0.0243
355 358 0.0021
368 358 0.0042
842 358 0.0074
358 368 0.0042
371 368 0.0042
859 370 0.0053
957 370 0.0053
368 371 0.0042
372 371 0.0116
374 371 0.0063
371 372 0.0116
373 372 0.0032
389 372 0.0074
372 373 0.0032
374 373 0.0032
371 374 0.0063
373 374 0.0032
375 374 0.0021
321 375 0.0021
374 375 0.0021
372 389 0.0074
842 389 0.0074
8 394 0.0021
395 394 0.0032
410 394 0.0063
394 395 0.0032
396 395 0.0042
395 396 0.0042
397 396 0.0032
410 396 0.0063
396 397 0.0032
398 397 0.0032
400 397 0.0148
401 397 0.0074
397 398 0.0032
399 398 0.0032
398 399 0.0032
400 399 0.0116
409 399 0.0127
415 399 0.0063
397 400 0.0148
399 400 0.0116
404 400 0.0169
4 401 0.0011
397 401 0.0074
402 401 0.0053
5 402 0.0063
401 402 0.0053
403 402 0.0021
5 403 0.0011
402 403 0.0021
400 404 0.0169
405 404 0.0021
406 404 0.0169
409 404 0.0021
404 405 0.0021
407 405 0.019
650 405 0.0159
404 406 0.0169
408 406 0.018
405 407 0.019
408 407 0.0201
406 408 0.018
407 408 0.0201
428 408 0.0085
652 408 0.0106
399 409 0.0127
404 409 0.0021
429 409 0.0095
394 410 0.0063
396 410 0.0063
75 415 0.0021
399 415 0.0063
416 415 0.0095
76 416 0.0063
415 416 0.0095
417 416 0.0042
416 417 0.0042
418 417 0.0032
417 418 0.0032
422 418 0.0032
418 422 0.0032
424 422 0.0053
435 422 0.0011
422 424 0.0053
425 424 0.0053
431 424 0.0074
424 425 0.0053
426 425 0.0106
433 425 0.0085
425 426 0.0106
427 426 0.0116
431 426 0.0095
439 426 0.0127
426 427 0.0116
428 427 0.0063
440 427 0.0042
408 428 0.0085
427 428 0.0063
453 428 0.0106
1036 428 0.0021
409 429 0.0095
431 429 0.0095
424 431 0.0074
426 431 0.0095
429 431 0.0095
425 433 0.0085
435 433 0.0011
438 433 0.0063
311 434 0.0106
719 434 0.0106
422 435 0.0011
433 435 0.0011
433 438 0.0063
439 438 0.0021
469 438 0.0032
426 439 0.0127
438 439 0.0021
445 439 0.0095
427 440 0.0042
441 440 0.0021
446 440 0.0074
440 441 0.0021
443 441 0.0021
441 443 0.0021
453 443 0.0021
439 445 0.0095
446 445 0.0137
466 445 0.0032
440 446 0.0074
445 446 0.0137
447 446 0.0116
446 447 0.0116
448 447 0.0116
467 447 0.0116
447 448 0.0116
452 448 0.0116
465 448 0.0074
448 452 0.0116
453 452 0.0106
454 452 0.0106
428 453 0.0106
443 453 0.0021
452 453 0.0106
1036 453 0.0021
452 454 0.0106
456 454 0.0085
712 454 0.0011
454 456 0.0085
458 456 0.0095
486 456 0.0063
280 457 0.0042
810 457 0.0053
1088 457 0.0106
456 458 0.0095
459 458 0.0095
481 458 0.0074
458 459 0.0095
460 459 0.0032
480 459 0.0053
459 460 0.0032
461 460 0.0063
462 460 0.0021
460 461 0.0063
462 461 0.0053
465 461 0.0063
460 462 0.0021
461 462 0.0053
463 462 0.0021
462 463 0.0021
464 463 0.0074
474 463 0.0042
463 464 0.0074
465 464 0.0063
473 464 0.0085
448 465 0.0074
461 465 0.0063
464 465 0.0063
445 466 0.0032
467 466 0.0021
468 466 0.0063
447 467 0.0116
466 467 0.0021
468 467 0.0116
471 467 0.0021
466 468 0.0063
467 468 0.0116
470 468 0.0042
438 469 0.0032
470 469 0.0042
688 469 0.0011
694 469 0.0021
468 470 0.0042
469 470 0.0042
694 470 0.0042
697 470 0.0042
467 471 0.0021
473 471 0.0032
473 472 0.0063
474 472 0.0042
464 473 0.0085
471 473 0.0032
472 473 0.0063
463 474 0.0042
472 474 0.0042
477 476 0.0074
697 476 0.0085
476 477 0.0074
479 477 0.0074
477 479 0.0074
480 479 0.0053
648 479 0.0095
459 480 0.0053
479 480 0.0053
508 480 0.0074
458 481 0.0074
483 481 0.0074
481 483 0.0074
484 483 0.0074
493 483 0.0074
483 484 0.0074
485 484 0.0074
492 484 0.0074
484 485 0.0074
493 485 0.0053
772 485 0.0053
456 486 0.0063
487 486 0.0095
492 486 0.0021
486 487 0.0095
488 487 0.0095
492 487 0.0137
487 488 0.0095
489 488 0.0106
491 488 0.0106
488 489 0.0106
490 489 0.0106
489 490 0.0106
723 490 0.0042
759 490 0.0053
488 491 0.0106
763 491 0.0106
484 492 0.0074
486 492 0.0021
487 492 0.0137
770 492 0.0106
483 493 0.0074
485 493 0.0053
494 493 0.0074
511 493 0.0032
493 494 0.0074
495 494 0.0085
511 494 0.0021
794 494 0.0074
494 495 0.0085
496 495 0.0116
869 495 0.0021
495 496 0.0116
856 496 0.0106
507 497 0.0053
792 497 0.0042
883 497 0.0011
537 503 0.0011
957 503 0.0011
497 507 0.0053
536 507 0.0106
805 507 0.0063
1088 507 0.0116
480 508 0.0074
509 508 0.0106
518 508 0.0169
508 509 0.0106
510 509 0.0021
517 509 0.0074
509 510 0.0021
515 510 0.0011
493 511 0.0032
494 511 0.0021
792 512 0.0053
1009 512 0.0053
510 515 0.0011
516 515 0.0085
517 515 0.0063
515 516 0.0085
524 516 0.0095
509 517 0.0074
515 517 0.0063
508 518 0.0169
519 518 0.0137
647 518 0.0042
518 519 0.0137
520 519 0.0021
522 519 0.0169
519 520 0.0021
521 520 0.0053
568 520 0.0021
520 521 0.0053
522 521 0.0106
552 521 0.0042
519 522 0.0169
521 522 0.0106
523 522 0.0201
522 523 0.0201
524 523 0.0148
551 523 0.0148
516 524 0.0095
523 524 0.0148
526 524 0.0042
524 526 0.0042
528 526 0.0011
529 526 0.0063
526 528 0.0011
530 528 0.0011
526 529 0.0063
530 529 0.0053
538 529 0.0085
528 530 0.0011
529 530 0.0053
532 530 0.0032
530 532 0.0032
533 532 0.0021
538 532 0.0063
532 533 0.0021
535 533 0.0021
533 535 0.0021
1092 535 0.0021
507 536 0.0106
771 536 0.0116
792 536 0.019
503 537 0.0011
640 537 0.0021
843 537 0.0011
959 537 0.0011
962 537 0.0085
529 538 0.0085
532 538 0.0063
539 538 0.0074
538 539 0.0074
540 539 0.0021
566 539 0.0106
539 540 0.0021
541 540 0.0021
540 541 0.0021
542 541 0.0021
556 541 0.0053
541 542 0.0021
556 542 0.0021
523 551 0.0148
552 551 0.0095
566 551 0.0106
521 552 0.0042
551 552 0.0095
553 552 0.0042
552 553 0.0042
554 553 0.0053
558 553 0.0106
553 554 0.0053
556 554 0.0053
541 556 0.0053
542 556 0.0021
554 556 0.0053
562 556 0.0085
674 557 0.0042
816 557 0.0042
553 558 0.0106
561 558 0.0106
776 560 0.0042
834 560 0.0063
846 560 0.0042
1083 560 0.0063
558 561 0.0106
562 561 0.0085
573 561 0.0011
556 562 0.0085
561 562 0.0085
539 566 0.0106
551 566 0.0106
520 568 0.0021
570 568 0.0063
619 568 0.0053
568 570 0.0063
573 570 0.0063
561 573 0.0011
570 573 0.0063
574 573 0.0042
573 574 0.0042
575 574 0.0032
577 574 0.0085
574 575 0.0032
580 575 0.0032
574 577 0.0085
579 577 0.0053
618 577 0.0063
577 579 0.0053
580 579 0.0095
582 579 0.0032
575 580 0.0032
579 580 0.0095
841 580 0.0053
579 582 0.0032
613 582 0.0021
628 582 0.0042
841 582 0.0053
607 583 0.0032
841 583 0.0032
313 603 0.0021
1082 603 0.0021
583 607 0.0032
609 607 0.0074
631 607 0.0032
607 609 0.0074
610 609 0.0074
630 609 0.0074
609 610 0.0074
611 610 0.0063
627 610 0.0063
610 611 0.0063
612 611 0.0053
615 611 0.0085
611 612 0.0053
613 612 0.0063
628 612 0.0042
582 613 0.0021
612 613 0.0063
615 613 0.0032
611 615 0.0085
613 615 0.0032
616 615 0.0021
627 615 0.0011
615 616 0.0021
617 616 0.0011
616 617 0.0011
618 617 0.0042
619 617 0.0021
577 618 0.0063
617 618 0.0042
619 618 0.0074
568 619 0.0053
617 619 0.0021
618 619 0.0074
621 620 0.0063
644 620 0.0074
620 621 0.0063
623 621 0.0063
621 623 0.0063
624 623 0.0074
623 624 0.0074
626 624 0.0074
145 626 0.0095
624 626 0.0074
627 626 0.0042
637 626 0.0127
610 627 0.0063
615 627 0.0011
626 627 0.0042
582 628 0.0042
612 628 0.0042
609 630 0.0074
631 630 0.0074
160 631 0.0032
607 631 0.0032
630 631 0.0074
626 637 0.0127
641 637 0.0127
537 640 0.0021
962 640 0.0021
637 641 0.0127
642 641 0.0095
672 641 0.0085
641 642 0.0095
643 642 0.0074
647 642 0.0032
642 643 0.0074
644 643 0.0074
620 644 0.0074
643 644 0.0074
518 647 0.0042
642 647 0.0032
656 647 0.0074
665 647 0.0063
479 648 0.0095
651 648 0.0011
1096 648 0.0116
2 650 0.0095
405 650 0.0159
1097 650 0.0053
648 651 0.0011
1096 651 0.0063
1098 651 0.0042
408 652 0.0106
1097 652 0.0053
1099 652 0.0042
662 653 0.0011
697 653 0.0074
1098 653 0.0095
655 654 0.0095
674 654 0.0074
1099 654 0.0074
654 655 0.0095
657 655 0.0106
701 655 0.0106
647 656 0.0074
659 656 0.0085
655 657 0.0106
712 657 0.0011
1103 657 0.0085
659 658 0.0148
663 658 0.0042
665 658 0.0042
1098 658 0.0148
656 659 0.0085
658 659 0.0148
1096 659 0.0159
284 660 0.0095
718 660 0.0032
1104 660 0.0053
94 662 0.0063
653 662 0.0011
663 662 0.0085
92 663 0.0053
658 663 0.0042
662 663 0.0085
91 665 0.0032
647 665 0.0063
658 665 0.0042
706 669 0.0053
1104 669 0.0053
91 670 0.0116
671 670 0.0127
670 671 0.0127
672 671 0.0032
684 671 0.0085
641 672 0.0085
671 672 0.0032
676 672 0.0063
557 674 0.0042
654 674 0.0074
1099 674 0.0021
149 676 0.0063
672 676 0.0063
110 679 0.0074
682 679 0.0074
679 682 0.0074
684 682 0.0085
671 684 0.0085
682 684 0.0085
85 688 0.0011
469 688 0.0011
95 694 0.0011
469 694 0.0021
470 694 0.0042
470 697 0.0042
476 697 0.0085
653 697 0.0074
117 698 0.0148
700 698 0.0137
732 698 0.018
757 699 0.0042
816 699 0.0042
698 700 0.0137
708 700 0.0116
710 700 0.0011
655 701 0.0106
706 701 0.0053
757 701 0.0042
151 702 0.0042
703 702 0.0011
714 702 0.0063
702 703 0.0011
705 703 0.0074
715 703 0.0095
703 705 0.0074
707 705 0.0063
720 705 0.0085
669 706 0.0053
701 706 0.0053
705 707 0.0063
708 707 0.0116
724 707 0.0127
700 708 0.0116
707 708 0.0116
151 710 0.0011
700 710 0.0011
454 712 0.0011
657 712 0.0011
702 714 0.0063
715 714 0.0021
716 714 0.0095
703 715 0.0095
714 715 0.0021
716 715 0.0127
164 716 0.0063
714 716 0.0095
715 716 0.0127
660 718 0.0032
719 718 0.0106
737 718 0.0063
434 719 0.0106
718 719 0.0106
705 720 0.0085
721 720 0.0063
739 720 0.0074
720 721 0.0063
724 721 0.0063
284 723 0.0095
490 723 0.0042
726 723 0.0053
1094 723 0.0085
707 724 0.0127
721 724 0.0063
725 724 0.0116
724 725 0.0116
730 725 0.0116
723 726 0.0053
728 726 0.0053
45 728 0.0011
726 728 0.0053
743 728 0.0032
725 730 0.0116
731 730 0.0127
733 730 0.0063
730 731 0.0127
732 731 0.0254
779 731 0.0201
698 732 0.018
731 732 0.0254
1050 732 0.0063
730 733 0.0063
734 733 0.0106
738 733 0.0095
733 734 0.0106
773 734 0.0106
311 737 0.0042
718 737 0.0063
743 737 0.0011
733 738 0.0095
739 738 0.0116
742 738 0.0159
720 739 0.0074
738 739 0.0116
740 739 0.0137
739 740 0.0137
741 740 0.0042
744 740 0.0085
740 741 0.0042
742 741 0.0042
738 742 0.0159
741 742 0.0042
767 742 0.0106
311 743 0.0053
728 743 0.0032
737 743 0.0011
164 744 0.0042
740 744 0.0085
746 744 0.0032
744 746 0.0032
747 746 0.0042
750 746 0.0085
746 747 0.0042
748 747 0.0042
747 748 0.0042
749 748 0.0042
748 749 0.0042
750 749 0.0042
171 750 0.0032
746 750 0.0085
749 750 0.0042
834 752 0.0032
1077 752 0.0063
1081 752 0.0021
699 757 0.0042
701 757 0.0042
490 759 0.0053
760 759 0.0053
759 760 0.0053
761 760 0.0053
760 761 0.0053
763 761 0.0053
491 763 0.0106
761 763 0.0053
770 763 0.0042
332 767 0.0106
742 767 0.0106
492 770 0.0106
763 770 0.0042
771 770 0.0053
536 771 0.0116
770 771 0.0053
772 771 0.0137
485 772 0.0053
771 772 0.0137
794 772 0.0032
1047 772 0.0116
734 773 0.0106
774 773 0.0106
790 773 0.0074
346 774 0.0106
773 774 0.0106
560 776 0.0042
777 776 0.0021
1079 776 0.0116
1090 776 0.0095
776 777 0.0021
1083 777 0.0021
731 779 0.0201
780 779 0.0233
1049 779 0.0021
779 780 0.0233
781 780 0.0159
1048 780 0.0063
780 781 0.0159
782 781 0.0053
795 781 0.0106
1040 781 0.0211
781 782 0.0053
785 782 0.0053
970 783 0.0095
1090 783 0.0095
782 785 0.0053
787 785 0.0053
785 787 0.0053
788 787 0.0032
791 787 0.0011
787 788 0.0032
789 788 0.0063
790 788 0.0021
788 789 0.0063
790 789 0.0106
802 789 0.0032
773 790 0.0074
788 790 0.0021
789 790 0.0106
787 791 0.0011
804 791 0.0021
135 792 0.0095
497 792 0.0042
512 792 0.0053
536 792 0.019
796 793 0.0053
806 793 0.0042
494 794 0.0074
772 794 0.0032
840 794 0.0074
781 795 0.0106
796 795 0.0063
1019 795 0.0137
793 796 0.0053
795 796 0.0063
797 796 0.0095
1019 796 0.0021
796 797 0.0095
798 797 0.0127
913 797 0.0063
797 798 0.0127
799 798 0.0095
806 798 0.0063
798 799 0.0095
800 799 0.0116
801 799 0.0116
799 800 0.0116
801 800 0.0021
802 800 0.0085
799 801 0.0116
800 801 0.0021
807 801 0.0085
789 802 0.0032
800 802 0.0085
804 802 0.0042
791 804 0.0021
802 804 0.0042
806 804 0.0011
280 805 0.0063
507 805 0.0063
793 806 0.0042
798 806 0.0063
804 806 0.0011
801 807 0.0085
808 807 0.018
811 807 0.0169
807 808 0.018
809 808 0.0116
838 808 0.0042
808 809 0.0116
811 809 0.0032
815 809 0.0053
822 809 0.0011
457 810 0.0053
1080 810 0.0053
807 811 0.0169
809 811 0.0032
813 811 0.0127
811 813 0.0127
814 813 0.0116
349 814 0.0106
813 814 0.0116
817 814 0.0148
809 815 0.0053
817 815 0.0042
557 816 0.0042
699 816 0.0042
814 817 0.0148
815 817 0.0042
818 817 0.0095
817 818 0.0095
819 818 0.0042
822 818 0.0148
350 819 0.0011
818 819 0.0042
820 819 0.0063
819 820 0.0063
821 820 0.0169
827 820 0.0095
820 821 0.0169
822 821 0.0127
829 821 0.0053
809 822 0.0011
818 822 0.0148
821 822 0.0127
820 827 0.0095
831 827 0.0095
821 829 0.0053
830 829 0.0042
829 830 0.0042
831 830 0.0116
837 830 0.0063
827 831 0.0095
830 831 0.0116
833 831 0.0095
884 831 0.0116
831 833 0.0095
836 833 0.0095
560 834 0.0063
752 834 0.0032
847 834 0.0021
356 836 0.0042
833 836 0.0095
849 836 0.0042
830 837 0.0063
838 837 0.0063
808 838 0.0042
837 838 0.0063
913 838 0.0116
794 840 0.0074
856 840 0.0074
1101 840 0.0042
580 841 0.0053
582 841 0.0053
583 841 0.0032
358 842 0.0074
389 842 0.0074
537 843 0.0011
844 843 0.0011
1101 843 0.0032
843 844 0.0011
846 844 0.0011
560 846 0.0042
844 846 0.0011
847 846 0.0021
834 847 0.0021
846 847 0.0021
836 849 0.0042
850 849 0.0021
884 849 0.0074
849 850 0.0021
853 850 0.0021
850 853 0.0021
880 853 0.0032
894 853 0.0063
318 856 0.0085
496 856 0.0106
840 856 0.0074
318 858 0.0063
859 858 0.0053
1093 858 0.0085
261 859 0.0032
370 859 0.0053
858 859 0.0053
1092 859 0.0032
318 869 0.0042
495 869 0.0021
1093 869 0.0011
872 871 0.0063
873 871 0.0021
894 871 0.0032
871 872 0.0063
873 872 0.0085
892 872 0.0095
871 873 0.0021
872 873 0.0085
874 873 0.0053
873 874 0.0053
933 874 0.0106
961 874 0.0042
877 876 0.0063
894 876 0.0021
896 876 0.0032
876 877 0.0063
878 877 0.0053
880 877 0.0063
877 878 0.0053
880 878 0.0021
882 878 0.0021
853 880 0.0032
877 880 0.0063
878 880 0.0021
878 882 0.0021
884 882 0.0095
885 882 0.0159
896 882 0.0085
497 883 0.0011
1088 883 0.0021
831 884 0.0116
849 884 0.0074
882 884 0.0095
882 885 0.0159
886 885 0.0116
901 885 0.0095
885 886 0.0116
887 886 0.0116
886 887 0.0116
888 887 0.0085
891 887 0.0148
887 888 0.0085
889 888 0.0095
931 888 0.0063
888 889 0.0095
932 889 0.0095
887 891 0.0148
892 891 0.0095
896 891 0.0063
872 892 0.0095
891 892 0.0095
853 894 0.0063
871 894 0.0032
876 894 0.0021
876 896 0.0032
882 896 0.0085
891 896 0.0063
885 901 0.0095
903 901 0.0137
908 901 0.0032
901 903 0.0137
905 903 0.0137
903 905 0.0137
907 905 0.0137
905 907 0.0137
908 907 0.0063
909 907 0.0127
901 908 0.0032
907 908 0.0063
909 908 0.0021
907 909 0.0127
908 909 0.0021
910 909 0.0095
909 910 0.0095
911 910 0.0074
925 910 0.0116
910 911 0.0074
912 911 0.0074
926 911 0.0053
911 912 0.0074
924 912 0.0063
927 912 0.0042
797 913 0.0063
838 913 0.0116
914 913 0.0085
913 914 0.0085
915 914 0.0063
1013 914 0.0011
914 915 0.0063
916 915 0.0063
915 916 0.0063
918 916 0.0063
916 918 0.0063
921 918 0.0063
918 921 0.0063
922 921 0.0053
925 921 0.0127
921 922 0.0053
923 922 0.0085
1004 922 0.0021
922 923 0.0085
924 923 0.0032
990 923 0.0042
912 924 0.0063
923 924 0.0032
925 924 0.0106
910 925 0.0116
921 925 0.0127
924 925 0.0106
911 926 0.0053
928 926 0.0063
912 927 0.0042
928 927 0.0074
930 927 0.0053
926 928 0.0063
927 928 0.0074
929 928 0.0063
928 929 0.0063
930 929 0.0148
931 929 0.0137
927 930 0.0053
929 930 0.0148
936 930 0.0127
888 931 0.0063
929 931 0.0137
932 931 0.0148
889 932 0.0095
931 932 0.0148
933 932 0.0169
874 933 0.0106
932 933 0.0169
934 933 0.0053
933 934 0.0053
939 934 0.0053
930 936 0.0127
937 936 0.0106
983 936 0.0011
936 937 0.0106
938 937 0.0053
942 937 0.0042
937 938 0.0053
939 938 0.0053
934 939 0.0053
938 939 0.0053
937 942 0.0042
943 942 0.0042
942 943 0.0042
944 943 0.0085
946 943 0.0032
943 944 0.0085
981 944 0.0085
943 946 0.0032
947 946 0.0011
981 946 0.0053
946 947 0.0011
977 947 0.0021
1076 947 0.0042
261 957 0.0032
370 957 0.0053
503 957 0.0011
318 959 0.0063
537 959 0.0011
1101 959 0.0042
874 961 0.0042
968 961 0.0042
318 962 0.0053
537 962 0.0085
640 962 0.0021
961 968 0.0042
981 968 0.0063
1076 968 0.0011
159 970 0.0095
783 970 0.0095
947 977 0.0021
1076 977 0.0021
944 981 0.0085
946 981 0.0053
968 981 0.0063
936 983 0.0011
984 983 0.0021
985 983 0.0042
983 984 0.0021
985 984 0.0021
983 985 0.0042
984 985 0.0021
991 985 0.0011
923 990 0.0042
991 990 0.0095
1007 990 0.0042
985 991 0.0011
990 991 0.0095
992 991 0.0074
991 992 0.0074
1006 992 0.0074
922 1004 0.0021
1006 1004 0.0021
992 1006 0.0074
1004 1006 0.0021
1007 1006 0.0042
990 1007 0.0042
1006 1007 0.0042
512 1009 0.0053
1080 1009 0.0042
914 1013 0.0011
1018 1013 0.0011
1013 1018 0.0011
1019 1018 0.0106
1020 1018 0.0085
795 1019 0.0137
796 1019 0.0021
1018 1019 0.0106
1018 1020 0.0085
1021 1020 0.0085
1020 1021 0.0085
1025 1021 0.0085
1021 1025 0.0085
1027 1025 0.0085
357 1027 0.0285
1025 1027 0.0085
1034 1027 0.019
37 1028 0.0116
115 1028 0.0042
1034 1028 0.0127
38 1030 0.0011
114 1030 0.0011
357 1033 0.0032
1034 1033 0.0053
1035 1033 0.0011
1027 1034 0.019
1028 1034 0.0127
1033 1034 0.0053
357 1035 0.0243
1033 1035 0.0011
1042 1035 0.0063
1100 1035 0.0211
428 1036 0.0021
453 1036 0.0021
781 1040 0.0211
1100 1040 0.0211
1035 1042 0.0063
1043 1042 0.0063
1054 1042 0.0074
1042 1043 0.0063
1044 1043 0.0021
1052 1043 0.0032
1043 1044 0.0021
1046 1044 0.0021
1044 1046 0.0021
1051 1046 0.0032
772 1047 0.0116
1079 1047 0.0116
780 1048 0.0063
1049 1048 0.0053
779 1049 0.0021
1048 1049 0.0053
1051 1049 0.0032
732 1050 0.0063
1051 1050 0.0074
1046 1051 0.0032
1049 1051 0.0032
1050 1051 0.0074
1043 1052 0.0032
1054 1052 0.0042
113 1053 0.0254
117 1053 0.0254
1054 1053 0.0011
115 1054 0.0021
1042 1054 0.0074
1052 1054 0.0042
1053 1054 0.0011
48 1062 0.0042
87 1062 0.0042
102 1073 0.0085
103 1073 0.0085
947 1076 0.0042
968 1076 0.0011
977 1076 0.0021
752 1077 0.0063
1081 1077 0.0063
776 1079 0.0116
1047 1079 0.0116
810 1080 0.0053
1009 1080 0.0042
752 1081 0.0021
1077 1081 0.0063
1083 1081 0.0032
313 1082 0.0021
603 1082 0.0021
560 1083 0.0063
777 1083 0.0021
1081 1083 0.0032
457 1088 0.0106
507 1088 0.0116
883 1088 0.0021
776 1090 0.0095
783 1090 0.0095
535 1092 0.0021
859 1092 0.0032
1093 1092 0.0063
858 1093 0.0085
869 1093 0.0011
1092 1093 0.0063
723 1094 0.0085
1103 1094 0.0085
648 1096 0.0116
651 1096 0.0063
659 1096 0.0159
650 1097 0.0053
652 1097 0.0053
651 1098 0.0042
653 1098 0.0095
658 1098 0.0148
652 1099 0.0042
654 1099 0.0074
674 1099 0.0021
1035 1100 0.0211
1040 1100 0.0211
840 1101 0.0042
843 1101 0.0032
959 1101 0.0042
657 1103 0.0085
1094 1103 0.0085
1104 1103 0.0116
660 1104 0.0053
669 1104 0.0053
1103 1104 0.0116
