2 1 0.0141
12 1 0.0019
606 1 0.0028
618 1 0.0009
621 1 0.0103
636 1 0.0056
1 2 0.0141
3 2 0.0113
12 2 0.0019
2 3 0.0113
4 3 0.0047
34 3 0.0169
3 4 0.0047
42 4 0.0047
1 12 0.0019
2 12 0.0019
15 14 0.0113
23 14 0.0169
42 14 0.0047
14 15 0.0113
16 15 0.0113
15 16 0.0113
17 16 0.0113
16 17 0.0113
1097 17 0.0113
14 23 0.0169
24 23 0.0169
23 24 0.0169
25 24 0.0159
24 25 0.0159
26 25 0.0131
1096 25 0.0019
25 26 0.0131
27 26 0.0197
58 26 0.0056
26 27 0.0197
62 27 0.0038
85 27 0.015
3 34 0.0169
38 34 0.0169
34 38 0.0169
39 38 0.0103
290 38 0.0169
38 39 0.0103
40 39 0.0075
611 39 0.0019
39 40 0.0075
46 40 0.0075
4 42 0.0047
14 42 0.0047
40 46 0.0075
47 46 0.0066
97 46 0.015
46 47 0.0066
48 47 0.0066
47 48 0.0066
100 48 0.0066
51 50 0.0028
53 50 0.0038
50 51 0.0028
55 51 0.0028
50 53 0.0038
55 53 0.0038
51 55 0.0028
53 55 0.0038
56 55 0.0019
101 55 0.0028
55 56 0.0019
61 56 0.0019
26 58 0.0056
59 58 0.0019
62 58 0.0028
58 59 0.0019
60 59 0.0028
76 59 0.0056
59 60 0.0028
61 60 0.0009
77 60 0.0047
56 61 0.0019
60 61 0.0009
1100 61 0.0075
1103 61 0.0028
27 62 0.0038
58 62 0.0028
64 63 0.0028
87 63 0.0019
63 64 0.0028
65 64 0.0038
111 64 0.0056
64 65 0.0038
66 65 0.0056
76 65 0.0028
65 66 0.0056
67 66 0.0028
78 66 0.0113
115 66 0.0103
66 67 0.0028
79 67 0.0019
70 69 0.0084
1095 69 0.0028
1097 69 0.0122
69 70 0.0084
71 70 0.0084
70 71 0.0084
72 71 0.0066
158 71 0.0159
71 72 0.0066
73 72 0.0047
166 72 0.0122
72 73 0.0047
169 73 0.0047
59 76 0.0056
65 76 0.0028
77 76 0.0075
60 77 0.0047
76 77 0.0075
78 77 0.0056
66 78 0.0113
77 78 0.0056
79 78 0.0047
67 79 0.0019
78 79 0.0047
80 79 0.0019
79 80 0.0019
1092 80 0.0019
1093 80 0.0047
82 81 0.0019
133 81 0.0084
1093 81 0.0056
81 82 0.0019
83 82 0.0159
84 82 0.0019
133 82 0.0169
82 83 0.0159
84 83 0.0122
114 83 0.0141
124 83 0.0009
82 84 0.0019
83 84 0.0122
116 84 0.0084
128 84 0.0056
27 85 0.015
86 85 0.0113
146 85 0.0141
85 86 0.0113
87 86 0.0075
147 86 0.0028
63 87 0.0019
86 87 0.0075
88 87 0.0103
87 88 0.0103
89 88 0.0066
111 88 0.0019
113 88 0.0169
88 89 0.0066
90 89 0.0056
122 89 0.0019
149 89 0.0009
89 90 0.0056
91 90 0.0028
156 90 0.0094
90 91 0.0028
92 91 0.0056
143 91 0.0019
91 92 0.0056
93 92 0.0094
138 92 0.0094
156 92 0.0075
92 93 0.0094
94 93 0.0103
151 93 0.0056
93 94 0.0103
95 94 0.0113
163 94 0.0075
94 95 0.0113
96 95 0.0094
144 95 0.0066
95 96 0.0094
145 96 0.0019
214 96 0.0066
46 97 0.015
98 97 0.0141
97 98 0.0141
99 98 0.0122
616 98 0.0009
98 99 0.0122
660 99 0.0066
675 99 0.0197
48 100 0.0066
101 100 0.0113
273 100 0.015
675 100 0.0216
55 101 0.0028
100 101 0.0113
102 101 0.0131
101 102 0.0131
103 102 0.0122
1100 102 0.0038
102 103 0.0122
104 103 0.0113
431 103 0.0075
1092 103 0.0028
103 104 0.0113
105 104 0.015
425 104 0.0028
104 105 0.015
106 105 0.0075
132 105 0.0122
105 106 0.0075
107 106 0.0131
132 106 0.0075
307 106 0.0084
324 106 0.0084
106 107 0.0131
108 107 0.0122
128 107 0.0056
107 108 0.0122
134 108 0.0056
333 108 0.0131
316 109 0.0047
335 109 0.0047
1090 109 0.0084
252 110 0.0056
318 110 0.0075
1090 110 0.0066
64 111 0.0056
88 111 0.0019
112 111 0.015
115 111 0.0131
111 112 0.015
113 112 0.0122
115 112 0.0019
88 113 0.0169
112 113 0.0122
114 113 0.015
83 114 0.0141
113 114 0.015
66 115 0.0103
111 115 0.0131
112 115 0.0019
84 116 0.0084
117 116 0.0094
123 116 0.0038
116 117 0.0094
118 117 0.0103
121 117 0.0056
117 118 0.0103
119 118 0.0038
122 118 0.0047
118 119 0.0038
120 119 0.0047
121 119 0.0047
127 119 0.0019
119 120 0.0047
127 120 0.0075
140 120 0.0038
143 120 0.0047
117 121 0.0056
119 121 0.0047
129 121 0.0047
136 121 0.0038
89 122 0.0019
118 122 0.0047
123 122 0.0019
116 123 0.0038
122 123 0.0019
124 123 0.0009
83 124 0.0009
123 124 0.0009
119 127 0.0019
120 127 0.0075
137 127 0.0028
141 127 0.0009
84 128 0.0056
107 128 0.0056
129 128 0.0075
130 128 0.0019
121 129 0.0047
128 129 0.0075
130 129 0.0019
128 130 0.0019
129 130 0.0019
105 132 0.0122
106 132 0.0075
133 132 0.015
81 133 0.0084
82 133 0.0169
132 133 0.015
108 134 0.0056
135 134 0.0038
201 134 0.0009
134 135 0.0038
136 135 0.0075
205 135 0.0066
121 136 0.0038
135 136 0.0075
137 136 0.0028
127 137 0.0028
136 137 0.0028
205 137 0.0047
211 137 0.0009
92 138 0.0094
139 138 0.0056
144 138 0.0047
138 139 0.0056
140 139 0.0009
143 139 0.0075
120 140 0.0038
139 140 0.0009
141 140 0.0009
127 141 0.0009
140 141 0.0009
91 143 0.0019
120 143 0.0047
139 143 0.0075
95 144 0.0066
138 144 0.0047
145 144 0.0028
96 145 0.0019
144 145 0.0028
85 146 0.0141
147 146 0.0075
159 146 0.0113
86 147 0.0028
146 147 0.0075
148 147 0.0038
147 148 0.0038
149 148 0.0028
152 148 0.0075
89 149 0.0009
148 149 0.0028
150 149 0.0056
149 150 0.0056
151 150 0.0094
152 150 0.0084
156 150 0.0009
93 151 0.0056
150 151 0.0094
156 151 0.0084
148 152 0.0075
150 152 0.0084
161 152 0.0056
90 156 0.0094
92 156 0.0075
150 156 0.0009
151 156 0.0084
71 158 0.0159
159 158 0.0169
164 158 0.0056
146 159 0.0113
158 159 0.0169
160 159 0.0103
159 160 0.0103
161 160 0.0056
164 160 0.0028
168 160 0.0019
152 161 0.0056
160 161 0.0056
162 161 0.0066
161 162 0.0066
163 162 0.0066
175 162 0.0066
94 163 0.0075
162 163 0.0066
190 163 0.0075
158 164 0.0056
160 164 0.0028
167 164 0.0019
72 166 0.0122
167 166 0.0131
164 167 0.0019
166 167 0.0131
168 167 0.0009
170 167 0.0084
160 168 0.0019
167 168 0.0009
73 169 0.0047
170 169 0.0056
167 170 0.0084
169 170 0.0056
172 170 0.0019
170 172 0.0019
173 172 0.0047
178 172 0.0019
172 173 0.0047
174 173 0.0056
178 173 0.0047
173 174 0.0056
175 174 0.0028
179 174 0.0019
162 175 0.0066
174 175 0.0028
181 175 0.0028
172 178 0.0019
173 178 0.0047
179 178 0.0019
174 179 0.0019
178 179 0.0019
175 181 0.0028
183 181 0.0028
181 183 0.0028
185 183 0.0028
183 185 0.0028
190 185 0.0028
163 190 0.0075
185 190 0.0028
191 190 0.0038
190 191 0.0038
192 191 0.0009
230 191 0.0056
191 192 0.0009
193 192 0.0028
195 192 0.0019
230 192 0.0084
241 192 0.0075
192 193 0.0028
236 193 0.0028
192 195 0.0019
230 195 0.0019
134 201 0.0009
1090 201 0.0009
135 205 0.0066
137 205 0.0047
209 205 0.0009
205 209 0.0009
252 209 0.0009
137 211 0.0009
214 211 0.0009
96 214 0.0066
211 214 0.0009
215 214 0.0047
214 215 0.0047
216 215 0.0066
226 215 0.0103
215 216 0.0066
217 216 0.0066
216 217 0.0066
218 217 0.0019
224 217 0.0094
217 218 0.0019
219 218 0.0066
224 218 0.0094
218 219 0.0066
220 219 0.0028
222 219 0.0056
253 219 0.0038
219 220 0.0028
260 220 0.0028
219 222 0.0056
234 222 0.0056
217 224 0.0094
218 224 0.0094
215 226 0.0103
227 226 0.0009
234 226 0.0056
251 226 0.0056
226 227 0.0009
228 227 0.0019
247 227 0.0047
227 228 0.0019
247 228 0.0047
249 228 0.0019
191 230 0.0056
192 230 0.0084
195 230 0.0019
222 234 0.0056
226 234 0.0056
193 236 0.0028
241 236 0.0028
192 241 0.0075
236 241 0.0028
242 241 0.0038
241 242 0.0038
243 242 0.0028
251 242 0.0075
242 243 0.0028
245 243 0.0028
243 245 0.0028
247 245 0.0038
248 245 0.0009
251 245 0.0047
227 247 0.0047
228 247 0.0047
245 247 0.0038
248 247 0.0038
245 248 0.0009
247 248 0.0038
249 248 0.0019
228 249 0.0019
248 249 0.0019
226 251 0.0056
242 251 0.0075
245 251 0.0047
110 252 0.0056
209 252 0.0009
262 252 0.0028
219 253 0.0038
260 253 0.0028
220 260 0.0028
253 260 0.0028
252 262 0.0028
263 262 0.0028
266 262 0.0066
262 263 0.0028
268 263 0.0028
262 266 0.0066
267 266 0.0056
272 266 0.0056
266 267 0.0056
268 267 0.0028
272 267 0.0019
263 268 0.0028
267 268 0.0028
266 272 0.0056
267 272 0.0019
323 272 0.0028
100 273 0.015
274 273 0.015
426 273 0.0122
273 274 0.015
275 274 0.0066
684 274 0.0094
274 275 0.0066
276 275 0.0009
427 275 0.0038
275 276 0.0009
277 276 0.0047
694 276 0.0009
276 277 0.0047
278 277 0.0103
440 277 0.0009
453 277 0.0028
277 278 0.0103
279 278 0.0056
452 278 0.0084
454 278 0.0038
278 279 0.0056
280 279 0.0056
448 279 0.0084
279 280 0.0056
281 280 0.0056
692 280 0.0019
280 281 0.0056
282 281 0.0103
439 281 0.0009
700 281 0.0056
281 282 0.0103
283 282 0.0084
439 282 0.0019
706 282 0.0094
282 283 0.0084
450 283 0.0019
706 283 0.0019
707 283 0.0028
476 284 0.0038
486 284 0.0028
579 284 0.0047
605 284 0.0038
707 284 0.0009
286 285 0.0103
488 285 0.0038
605 285 0.0056
285 286 0.0103
287 286 0.0084
503 286 0.0103
286 287 0.0084
288 287 0.0038
505 287 0.0038
287 288 0.0038
495 288 0.0038
38 290 0.0169
291 290 0.0169
625 290 0.0103
290 291 0.0169
292 291 0.015
613 291 0.0084
291 292 0.015
293 292 0.0113
626 292 0.0028
292 293 0.0113
294 293 0.0066
613 293 0.0028
631 293 0.0019
293 294 0.0066
295 294 0.0066
294 295 0.0066
296 295 0.0122
641 295 0.0047
295 296 0.0122
640 296 0.0131
1105 296 0.0113
649 297 0.0066
1091 297 0.0084
1105 297 0.0103
299 298 0.0159
570 298 0.015
571 298 0.0066
1091 298 0.0075
298 299 0.0159
863 299 0.0169
301 300 0.0131
856 300 0.0084
863 300 0.0169
300 301 0.0131
302 301 0.0019
552 301 0.0103
301 302 0.0019
934 302 0.0019
106 307 0.0084
308 307 0.0075
352 307 0.0094
307 308 0.0075
309 308 0.0084
341 308 0.0094
308 309 0.0084
310 309 0.0131
326 309 0.0094
309 310 0.0131
311 310 0.0122
346 310 0.0019
310 311 0.0122
312 311 0.0075
327 311 0.0038
311 312 0.0075
313 312 0.0075
339 312 0.0047
312 313 0.0075
314 313 0.0056
339 313 0.0019
349 313 0.0019
313 314 0.0056
315 314 0.0019
316 314 0.0141
348 314 0.0047
314 315 0.0019
316 315 0.0178
317 315 0.0131
348 315 0.0009
109 316 0.0047
314 316 0.0141
315 316 0.0178
315 317 0.0131
318 317 0.015
351 317 0.0009
110 318 0.0075
317 318 0.015
319 318 0.0075
351 318 0.015
318 319 0.0075
320 319 0.0047
323 319 0.0038
319 320 0.0047
350 320 0.0047
272 323 0.0028
319 323 0.0038
106 324 0.0084
325 324 0.0103
329 324 0.0009
324 325 0.0103
326 325 0.0009
330 325 0.0056
334 325 0.0019
309 326 0.0094
325 326 0.0009
327 326 0.0075
311 327 0.0038
326 327 0.0075
328 327 0.0028
327 328 0.0028
337 328 0.0019
324 329 0.0009
330 329 0.0009
325 330 0.0056
329 330 0.0009
333 330 0.0038
108 333 0.0131
330 333 0.0038
335 333 0.0084
325 334 0.0019
335 334 0.0028
109 335 0.0047
333 335 0.0084
334 335 0.0028
328 337 0.0019
339 337 0.0019
312 339 0.0047
313 339 0.0019
337 339 0.0019
308 341 0.0094
342 341 0.0075
346 341 0.0009
341 342 0.0075
343 342 0.0084
369 342 0.0094
342 343 0.0084
344 343 0.0038
370 343 0.0056
343 344 0.0038
345 344 0.0075
347 344 0.0028
344 345 0.0075
348 345 0.0009
350 345 0.0094
310 346 0.0019
341 346 0.0009
344 347 0.0028
348 347 0.0009
349 347 0.0009
314 348 0.0047
315 348 0.0009
345 348 0.0009
347 348 0.0009
313 349 0.0019
347 349 0.0009
320 350 0.0047
345 350 0.0094
351 350 0.0131
317 351 0.0009
318 351 0.015
350 351 0.0131
307 352 0.0094
353 352 0.0075
365 352 0.0075
425 352 0.0056
352 353 0.0075
354 353 0.0047
425 353 0.0019
353 354 0.0047
430 354 0.0075
1106 354 0.0094
356 355 0.0094
382 355 0.0047
444 355 0.0122
1107 355 0.0075
355 356 0.0094
357 356 0.0094
446 356 0.0094
356 357 0.0094
358 357 0.0066
405 357 0.0056
357 358 0.0066
359 358 0.0075
466 358 0.0113
358 359 0.0075
360 359 0.0038
468 359 0.0084
359 360 0.0038
361 360 0.0047
470 360 0.0056
360 361 0.0047
362 361 0.0066
413 361 0.0019
421 361 0.0075
361 362 0.0066
363 362 0.0047
420 362 0.0047
362 363 0.0047
422 363 0.0009
473 363 0.0028
352 365 0.0075
366 365 0.0047
1106 365 0.0019
365 366 0.0047
369 366 0.0056
370 367 0.0038
395 367 0.0028
342 369 0.0094
366 369 0.0056
370 369 0.0028
343 370 0.0056
367 370 0.0038
369 370 0.0028
378 370 0.0047
372 371 0.0019
416 371 0.0028
371 372 0.0019
416 372 0.0047
419 372 0.0019
370 378 0.0047
379 378 0.0028
383 378 0.0084
378 379 0.0028
385 379 0.0028
355 382 0.0047
397 382 0.0103
404 382 0.0141
378 383 0.0084
384 383 0.0056
389 383 0.0075
383 384 0.0056
385 384 0.0047
389 384 0.0019
390 384 0.0009
379 385 0.0028
384 385 0.0047
391 385 0.0009
383 389 0.0075
384 389 0.0019
395 389 0.0028
397 389 0.0009
384 390 0.0009
391 390 0.0038
392 390 0.0019
385 391 0.0009
390 391 0.0038
392 391 0.0019
390 392 0.0019
391 392 0.0019
367 395 0.0028
389 395 0.0028
382 397 0.0103
389 397 0.0009
399 397 0.0084
397 399 0.0084
400 399 0.0047
404 399 0.0028
399 400 0.0047
402 400 0.0028
411 400 0.0028
400 402 0.0028
408 402 0.0019
382 404 0.0141
399 404 0.0028
405 404 0.0084
406 404 0.0103
357 405 0.0056
404 405 0.0084
413 405 0.0056
404 406 0.0103
407 406 0.0075
411 406 0.0019
406 407 0.0075
408 407 0.0019
414 407 0.0084
415 407 0.0047
402 408 0.0019
407 408 0.0019
400 411 0.0028
406 411 0.0019
361 413 0.0019
405 413 0.0056
414 413 0.0084
407 414 0.0084
413 414 0.0084
415 414 0.0009
417 414 0.0066
407 415 0.0047
414 415 0.0009
416 415 0.0028
371 416 0.0028
372 416 0.0047
415 416 0.0028
414 417 0.0066
419 417 0.0019
421 417 0.0038
372 419 0.0019
417 419 0.0019
362 420 0.0047
421 420 0.0028
422 420 0.0009
361 421 0.0075
417 421 0.0038
420 421 0.0028
363 422 0.0009
420 422 0.0009
104 425 0.0028
352 425 0.0056
353 425 0.0019
273 426 0.0122
427 426 0.0075
437 426 0.0075
275 427 0.0038
426 427 0.0075
428 427 0.0038
434 427 0.0075
427 428 0.0038
429 428 0.0047
428 429 0.0047
430 429 0.0066
432 429 0.0075
440 429 0.0019
354 430 0.0075
429 430 0.0066
441 430 0.0141
453 430 0.0019
103 431 0.0075
432 431 0.0019
437 431 0.0056
429 432 0.0075
431 432 0.0019
433 432 0.0066
432 433 0.0066
434 433 0.0103
435 433 0.0019
438 433 0.0019
427 434 0.0075
433 434 0.0103
435 434 0.0019
433 435 0.0019
434 435 0.0019
426 437 0.0075
431 437 0.0056
438 437 0.0009
433 438 0.0019
437 438 0.0009
281 439 0.0009
282 439 0.0019
277 440 0.0009
429 440 0.0019
430 441 0.0141
442 441 0.0066
453 441 0.0084
441 442 0.0066
443 442 0.0056
442 443 0.0056
444 443 0.0066
355 444 0.0122
443 444 0.0066
445 444 0.0047
444 445 0.0047
446 445 0.0028
454 445 0.0009
356 446 0.0094
445 446 0.0028
447 446 0.0056
446 447 0.0056
448 447 0.0084
454 447 0.0056
279 448 0.0084
447 448 0.0084
449 448 0.0084
448 449 0.0084
450 449 0.0075
283 450 0.0019
449 450 0.0075
451 450 0.0047
450 451 0.0047
459 451 0.0094
476 451 0.0056
278 452 0.0084
453 452 0.0094
277 453 0.0028
430 453 0.0019
441 453 0.0084
452 453 0.0094
278 454 0.0038
445 454 0.0009
447 454 0.0056
451 459 0.0094
460 459 0.0075
459 460 0.0075
461 460 0.0094
465 460 0.0103
460 461 0.0094
462 461 0.0028
468 461 0.0056
461 462 0.0028
482 462 0.0028
460 465 0.0103
466 465 0.0113
358 466 0.0113
465 466 0.0113
359 468 0.0084
461 468 0.0056
470 468 0.0019
360 470 0.0056
468 470 0.0019
471 470 0.0028
470 471 0.0028
473 471 0.0028
363 473 0.0028
471 473 0.0028
284 476 0.0038
451 476 0.0056
477 476 0.0075
476 477 0.0075
478 477 0.0038
486 477 0.0028
477 478 0.0038
482 478 0.0038
462 482 0.0028
478 482 0.0038
284 486 0.0028
477 486 0.0028
285 488 0.0038
489 488 0.0038
488 489 0.0038
495 489 0.0038
288 495 0.0038
489 495 0.0038
286 503 0.0103
504 503 0.0038
508 503 0.0056
503 504 0.0038
505 504 0.0038
287 505 0.0038
504 505 0.0038
503 508 0.0056
516 508 0.0056
508 516 0.0056
517 516 0.0047
516 517 0.0047
518 517 0.0075
588 517 0.0019
517 518 0.0075
519 518 0.0028
588 518 0.0113
518 519 0.0028
520 519 0.0009
589 519 0.0009
519 520 0.0009
521 520 0.0047
568 520 0.0066
520 521 0.0047
522 521 0.0038
532 521 0.0094
521 522 0.0038
523 522 0.0094
525 522 0.0019
529 522 0.0019
522 523 0.0094
525 523 0.0094
522 525 0.0019
523 525 0.0094
526 525 0.0066
525 526 0.0066
527 526 0.0009
529 526 0.0028
530 526 0.0066
526 527 0.0009
531 527 0.0009
522 529 0.0019
526 529 0.0028
526 530 0.0066
531 530 0.0056
527 531 0.0009
530 531 0.0056
532 531 0.0038
521 532 0.0094
531 532 0.0038
533 532 0.0047
532 533 0.0047
534 533 0.0047
533 534 0.0047
544 534 0.0047
534 544 0.0047
545 544 0.0066
551 544 0.0122
544 545 0.0066
547 545 0.0056
545 547 0.0056
549 547 0.0056
547 549 0.0056
557 549 0.0056
544 551 0.0122
552 551 0.0178
568 551 0.0047
301 552 0.0103
551 552 0.0178
553 552 0.0066
552 553 0.0066
554 553 0.0056
553 554 0.0056
557 554 0.0056
549 557 0.0056
554 557 0.0056
520 568 0.0066
551 568 0.0047
569 568 0.0122
568 569 0.0122
570 569 0.0141
582 569 0.0009
298 570 0.015
569 570 0.0141
298 571 0.0066
572 571 0.0066
571 572 0.0066
573 572 0.0047
648 572 0.0103
572 573 0.0047
574 573 0.0038
573 574 0.0038
575 574 0.0075
584 574 0.0028
574 575 0.0075
576 575 0.0075
581 575 0.0084
575 576 0.0075
577 576 0.0056
584 576 0.0122
576 577 0.0056
578 577 0.0084
594 577 0.0131
577 578 0.0084
579 578 0.0066
593 578 0.0009
284 579 0.0047
578 579 0.0066
591 579 0.0009
575 581 0.0084
646 581 0.0038
647 581 0.0113
569 582 0.0009
584 582 0.0009
574 584 0.0028
576 584 0.0122
582 584 0.0009
585 584 0.0066
584 585 0.0066
586 585 0.0084
589 585 0.0009
585 586 0.0084
587 586 0.0122
595 586 0.0122
596 586 0.0047
586 587 0.0122
588 587 0.0084
600 587 0.0028
517 588 0.0019
518 588 0.0113
587 588 0.0084
519 589 0.0009
585 589 0.0009
579 591 0.0009
593 591 0.0009
578 593 0.0009
591 593 0.0009
594 593 0.0028
577 594 0.0131
593 594 0.0028
595 594 0.0094
586 595 0.0122
594 595 0.0094
599 595 0.0113
586 596 0.0047
597 596 0.0009
600 596 0.0028
596 597 0.0009
598 597 0.0019
597 598 0.0019
599 598 0.0038
605 598 0.0028
595 599 0.0113
598 599 0.0038
605 599 0.0122
587 600 0.0028
596 600 0.0028
284 605 0.0038
285 605 0.0056
598 605 0.0028
599 605 0.0122
1 606 0.0028
622 606 0.0028
39 611 0.0019
613 611 0.0019
291 613 0.0084
293 613 0.0028
611 613 0.0019
614 613 0.0019
613 614 0.0019
615 614 0.0028
616 614 0.0038
614 615 0.0028
616 615 0.0019
98 616 0.0009
614 616 0.0038
615 616 0.0019
1 618 0.0009
621 618 0.0009
1 621 0.0103
618 621 0.0009
622 621 0.0084
606 622 0.0028
621 622 0.0084
623 622 0.0047
622 623 0.0047
625 623 0.0056
290 625 0.0103
623 625 0.0056
626 625 0.0056
292 626 0.0028
625 626 0.0056
627 626 0.0028
631 626 0.0038
626 627 0.0028
628 627 0.0019
627 628 0.0019
631 628 0.0028
630 629 0.0019
634 629 0.0009
629 630 0.0019
632 630 0.0122
639 630 0.0113
293 631 0.0019
626 631 0.0038
628 631 0.0028
630 632 0.0122
633 632 0.0075
729 632 0.0038
632 633 0.0075
634 633 0.0075
629 634 0.0009
633 634 0.0075
635 634 0.0056
634 635 0.0056
636 635 0.0056
1 636 0.0056
635 636 0.0056
630 639 0.0113
640 639 0.0141
737 639 0.0113
296 640 0.0131
639 640 0.0141
766 640 0.0131
295 641 0.0047
709 641 0.0047
643 642 0.0094
688 642 0.0019
689 642 0.0066
709 642 0.0047
642 643 0.0094
644 643 0.0103
650 643 0.0009
705 643 0.0094
643 644 0.0103
645 644 0.0084
649 644 0.0047
644 645 0.0084
646 645 0.0103
647 645 0.0047
581 646 0.0038
645 646 0.0103
701 646 0.0019
703 646 0.0075
581 647 0.0113
645 647 0.0047
648 647 0.0094
572 648 0.0103
647 648 0.0094
649 648 0.0038
297 649 0.0066
644 649 0.0047
648 649 0.0038
643 650 0.0009
1105 650 0.0019
99 660 0.0066
661 660 0.0038
667 660 0.0019
660 661 0.0038
662 661 0.0047
661 662 0.0047
663 662 0.0028
680 662 0.0056
682 662 0.0019
662 663 0.0028
664 663 0.0038
682 663 0.0056
663 664 0.0038
665 664 0.0075
686 664 0.0009
696 664 0.0056
664 665 0.0075
686 665 0.0009
691 665 0.0113
693 665 0.0047
660 667 0.0019
669 667 0.0019
667 669 0.0019
676 669 0.0019
671 670 0.0019
677 670 0.0009
670 671 0.0019
672 671 0.0047
678 671 0.0056
671 672 0.0047
673 672 0.0009
674 672 0.0056
684 672 0.0075
672 673 0.0009
674 673 0.0028
680 673 0.0009
672 674 0.0056
673 674 0.0028
681 674 0.0094
685 674 0.0103
99 675 0.0197
100 675 0.0216
676 675 0.0066
669 676 0.0019
675 676 0.0066
677 676 0.0038
670 677 0.0009
676 677 0.0038
678 677 0.0056
671 678 0.0056
677 678 0.0056
662 680 0.0056
673 680 0.0009
681 680 0.0075
674 681 0.0094
680 681 0.0075
683 681 0.0019
662 682 0.0019
663 682 0.0056
696 682 0.0009
681 683 0.0019
685 683 0.0028
274 684 0.0094
672 684 0.0075
685 684 0.0084
674 685 0.0103
683 685 0.0028
684 685 0.0084
664 686 0.0009
665 686 0.0009
642 688 0.0019
689 688 0.0028
642 689 0.0066
688 689 0.0028
690 689 0.0038
704 689 0.0009
689 690 0.0038
691 690 0.0066
696 690 0.0038
697 690 0.0009
665 691 0.0113
690 691 0.0066
692 691 0.0056
280 692 0.0019
691 692 0.0056
695 692 0.0028
665 693 0.0047
694 693 0.0019
695 693 0.0038
276 694 0.0009
693 694 0.0019
692 695 0.0028
693 695 0.0038
664 696 0.0056
682 696 0.0009
690 696 0.0038
690 697 0.0009
699 697 0.0009
704 697 0.0028
697 699 0.0009
700 699 0.0019
703 699 0.0028
281 700 0.0056
699 700 0.0019
701 700 0.0075
702 700 0.0056
646 701 0.0019
700 701 0.0075
702 701 0.0009
708 701 0.0047
700 702 0.0056
701 702 0.0009
703 702 0.0038
646 703 0.0075
699 703 0.0028
702 703 0.0038
704 703 0.0066
689 704 0.0009
697 704 0.0028
703 704 0.0066
705 704 0.0084
643 705 0.0094
704 705 0.0084
282 706 0.0094
283 706 0.0019
708 706 0.0066
283 707 0.0028
284 707 0.0009
708 707 0.0009
701 708 0.0047
706 708 0.0066
707 708 0.0009
641 709 0.0047
642 709 0.0047
632 729 0.0038
737 729 0.0038
733 732 0.0019
735 732 0.0019
732 733 0.0019
735 733 0.0019
732 735 0.0019
733 735 0.0019
639 737 0.0113
729 737 0.0038
738 737 0.0038
768 737 0.0009
737 738 0.0038
739 738 0.0038
738 739 0.0038
740 739 0.0047
747 739 0.0019
776 739 0.0066
739 740 0.0047
741 740 0.0084
777 740 0.0028
740 741 0.0084
742 741 0.0075
741 742 0.0075
743 742 0.0075
777 742 0.0084
786 742 0.0019
742 743 0.0075
744 743 0.0094
754 743 0.0009
759 743 0.0103
743 744 0.0094
755 744 0.0094
739 747 0.0019
748 747 0.0009
747 748 0.0009
749 748 0.0028
751 748 0.0047
748 749 0.0028
750 749 0.0028
749 750 0.0028
751 750 0.0066
761 750 0.0028
748 751 0.0047
750 751 0.0066
752 751 0.0047
751 752 0.0047
753 752 0.0056
752 753 0.0056
754 753 0.0056
761 753 0.0066
743 754 0.0009
753 754 0.0056
755 754 0.0075
744 755 0.0094
754 755 0.0075
756 755 0.0084
755 756 0.0084
757 756 0.0094
756 757 0.0094
759 757 0.0047
760 757 0.0038
743 759 0.0103
757 759 0.0047
786 759 0.0047
757 760 0.0038
764 760 0.0028
750 761 0.0028
753 761 0.0066
762 761 0.0028
761 762 0.0028
764 762 0.0103
808 762 0.0075
764 763 0.0066
798 763 0.0019
804 763 0.0094
760 764 0.0028
762 764 0.0103
763 764 0.0066
640 766 0.0131
768 766 0.0131
737 768 0.0009
766 768 0.0131
769 768 0.0056
774 768 0.0047
768 769 0.0056
770 769 0.0066
772 769 0.0131
769 770 0.0066
771 770 0.0038
772 770 0.0019
770 771 0.0038
779 771 0.0019
783 771 0.0019
791 771 0.0131
792 771 0.0075
769 772 0.0131
770 772 0.0019
773 772 0.0103
772 773 0.0103
790 773 0.0103
1091 773 0.0113
768 774 0.0047
775 774 0.0066
785 774 0.0009
774 775 0.0066
776 775 0.0056
739 776 0.0066
775 776 0.0056
777 776 0.0056
784 776 0.0009
740 777 0.0028
742 777 0.0084
776 777 0.0056
778 777 0.0047
784 777 0.0019
777 778 0.0047
779 778 0.0019
785 778 0.0019
771 779 0.0019
778 779 0.0019
780 779 0.0047
779 780 0.0047
781 780 0.0047
783 780 0.0047
787 780 0.0047
780 781 0.0047
783 781 0.0019
788 781 0.0019
771 783 0.0019
780 783 0.0047
781 783 0.0019
776 784 0.0009
777 784 0.0019
774 785 0.0009
778 785 0.0019
742 786 0.0019
759 786 0.0047
787 786 0.0019
780 787 0.0047
786 787 0.0019
788 787 0.0019
781 788 0.0019
787 788 0.0019
773 790 0.0103
791 790 0.0113
771 791 0.0131
790 791 0.0113
795 791 0.015
771 792 0.0075
793 792 0.0225
797 792 0.0141
792 793 0.0225
794 793 0.0178
851 793 0.0056
793 794 0.0178
796 794 0.0009
859 794 0.0159
791 795 0.015
796 795 0.0019
863 795 0.0122
794 796 0.0009
795 796 0.0019
792 797 0.0141
798 797 0.0028
800 797 0.0178
763 798 0.0019
797 798 0.0028
799 798 0.0056
798 799 0.0056
800 799 0.0056
803 799 0.0047
797 800 0.0178
799 800 0.0056
801 800 0.0169
800 801 0.0169
803 801 0.0009
823 801 0.0178
839 801 0.0028
799 803 0.0047
801 803 0.0009
804 803 0.0066
834 803 0.0047
763 804 0.0094
803 804 0.0066
805 804 0.0113
804 805 0.0113
806 805 0.0141
835 805 0.0019
837 805 0.0009
805 806 0.0141
807 806 0.015
806 807 0.015
808 807 0.0113
838 807 0.0103
762 808 0.0075
807 808 0.0113
809 808 0.0028
808 809 0.0028
810 809 0.0028
809 810 0.0028
813 810 0.0038
810 813 0.0038
814 813 0.0038
813 814 0.0038
815 814 0.0122
829 814 0.0094
814 815 0.0122
816 815 0.0122
815 816 0.0122
817 816 0.0122
816 817 0.0122
818 817 0.0206
867 817 0.0075
817 818 0.0206
819 818 0.0178
874 818 0.0047
875 818 0.0019
818 819 0.0178
820 819 0.0197
882 819 0.0009
819 820 0.0197
821 820 0.0178
883 820 0.0122
820 821 0.0178
822 821 0.0066
831 821 0.0084
905 821 0.0047
821 822 0.0066
823 822 0.0019
833 822 0.0178
840 822 0.0066
917 822 0.015
801 823 0.0178
822 823 0.0019
833 823 0.0206
814 829 0.0094
830 829 0.0122
845 829 0.0038
829 830 0.0122
831 830 0.0084
849 830 0.0028
821 831 0.0084
830 831 0.0084
822 833 0.0178
823 833 0.0206
855 833 0.0141
803 834 0.0047
839 834 0.0028
805 835 0.0019
836 835 0.0009
835 836 0.0009
837 836 0.0028
841 836 0.0047
805 837 0.0009
836 837 0.0028
838 837 0.0047
807 838 0.0103
837 838 0.0047
841 838 0.0122
801 839 0.0028
834 839 0.0028
840 839 0.0066
822 840 0.0066
839 840 0.0066
842 840 0.0066
836 841 0.0047
838 841 0.0122
842 841 0.0066
840 842 0.0066
841 842 0.0066
829 845 0.0038
846 845 0.0028
845 846 0.0028
849 846 0.0028
830 849 0.0028
846 849 0.0028
793 851 0.0056
852 851 0.0047
851 852 0.0047
853 852 0.0038
852 853 0.0038
854 853 0.0028
853 854 0.0028
860 854 0.0066
865 854 0.0028
833 855 0.0141
860 855 0.0131
300 856 0.0084
857 856 0.0113
859 856 0.0113
934 856 0.0084
856 857 0.0113
858 857 0.0122
857 858 0.0122
939 858 0.0066
952 858 0.0047
794 859 0.0159
856 859 0.0113
861 859 0.0038
854 860 0.0066
855 860 0.0131
866 860 0.0131
859 861 0.0038
864 861 0.0038
299 863 0.0169
300 863 0.0169
795 863 0.0122
861 864 0.0038
865 864 0.0028
854 865 0.0028
864 865 0.0028
866 865 0.0066
860 866 0.0131
865 866 0.0066
920 866 0.0056
817 867 0.0075
868 867 0.0047
874 867 0.0019
867 868 0.0047
869 868 0.0056
868 869 0.0056
870 869 0.0028
885 869 0.0094
869 870 0.0028
1008 870 0.0028
818 874 0.0047
867 874 0.0019
875 874 0.0019
818 875 0.0019
874 875 0.0019
878 877 0.0047
885 877 0.0122
992 877 0.0056
877 878 0.0047
886 878 0.0019
892 878 0.0075
819 882 0.0009
883 882 0.0009
820 883 0.0122
882 883 0.0009
892 883 0.0103
869 885 0.0094
877 885 0.0122
992 885 0.0019
878 886 0.0019
887 886 0.0075
892 886 0.0103
886 887 0.0075
888 887 0.0075
887 888 0.0075
889 888 0.0047
904 888 0.0131
888 889 0.0047
890 889 0.0047
889 890 0.0047
891 890 0.0047
890 891 0.0047
960 891 0.0084
963 891 0.0028
878 892 0.0075
883 892 0.0103
886 892 0.0103
896 892 0.0094
892 896 0.0094
897 896 0.0075
906 896 0.0009
896 897 0.0075
898 897 0.0056
907 897 0.0009
897 898 0.0056
899 898 0.0122
912 898 0.0056
898 899 0.0122
900 899 0.0084
904 899 0.0084
899 900 0.0084
901 900 0.0019
904 900 0.0094
931 900 0.0159
900 901 0.0019
932 901 0.0019
888 904 0.0131
899 904 0.0084
900 904 0.0094
821 905 0.0047
906 905 0.0028
916 905 0.0019
896 906 0.0009
905 906 0.0028
907 906 0.0009
897 907 0.0009
906 907 0.0009
910 909 0.0028
916 909 0.0019
909 910 0.0028
911 910 0.0019
915 910 0.0141
919 910 0.0075
910 911 0.0019
912 911 0.0056
915 911 0.0084
898 912 0.0056
911 912 0.0056
910 915 0.0141
911 915 0.0084
916 915 0.0047
905 916 0.0019
909 916 0.0019
915 916 0.0047
822 917 0.015
919 917 0.0084
922 917 0.0056
910 919 0.0075
917 919 0.0084
926 919 0.0131
866 920 0.0056
923 920 0.0056
917 922 0.0056
923 922 0.0056
920 923 0.0056
922 923 0.0056
919 926 0.0131
927 926 0.0131
926 927 0.0131
931 927 0.0131
900 931 0.0159
927 931 0.0131
932 931 0.0019
901 932 0.0019
931 932 0.0019
302 934 0.0019
856 934 0.0084
935 934 0.0056
934 935 0.0056
936 935 0.0066
935 936 0.0066
939 936 0.0066
858 939 0.0066
936 939 0.0066
941 940 0.0019
945 940 0.0019
940 941 0.0019
945 941 0.0019
940 945 0.0019
941 945 0.0019
858 952 0.0047
954 952 0.0047
952 954 0.0047
955 954 0.0075
965 954 0.0019
954 955 0.0075
965 955 0.0075
891 960 0.0084
966 960 0.0084
891 963 0.0028
966 963 0.0028
954 965 0.0019
955 965 0.0075
966 965 0.0047
960 966 0.0084
963 966 0.0028
965 966 0.0047
968 967 0.0028
971 967 0.0066
981 967 0.0103
967 968 0.0028
969 968 0.0028
968 969 0.0028
1027 969 0.0028
967 971 0.0066
973 971 0.0066
971 973 0.0066
974 973 0.0084
983 973 0.0028
973 974 0.0084
975 974 0.0056
983 974 0.0019
974 975 0.0056
976 975 0.0084
990 975 0.0019
975 976 0.0084
977 976 0.0056
990 976 0.0019
976 977 0.0056
978 977 0.0075
985 977 0.0141
977 978 0.0075
988 978 0.0075
967 981 0.0103
984 981 0.0103
973 983 0.0028
974 983 0.0019
981 984 0.0103
985 984 0.0094
977 985 0.0141
984 985 0.0094
986 985 0.0038
985 986 0.0038
988 986 0.0056
989 986 0.0009
978 988 0.0075
986 988 0.0056
989 988 0.0047
986 989 0.0009
988 989 0.0047
1042 989 0.0028
975 990 0.0019
976 990 0.0019
877 992 0.0056
885 992 0.0019
993 992 0.0009
999 992 0.0047
992 993 0.0009
1001 993 0.0009
992 999 0.0047
1000 999 0.0075
1001 999 0.0019
999 1000 0.0075
1001 1000 0.0084
993 1001 0.0009
999 1001 0.0019
1000 1001 0.0084
1002 1001 0.0066
1007 1001 0.0019
1001 1002 0.0066
1013 1002 0.0113
1014 1002 0.0038
1001 1007 0.0019
1012 1007 0.0019
1013 1007 0.0056
870 1008 0.0028
1009 1008 0.0038
1012 1008 0.0075
1008 1009 0.0038
1017 1009 0.0028
1022 1009 0.0075
1014 1010 0.0038
1022 1010 0.0038
1007 1012 0.0019
1008 1012 0.0075
1013 1012 0.0103
1002 1013 0.0113
1007 1013 0.0056
1012 1013 0.0103
1002 1014 0.0038
1010 1014 0.0038
1009 1017 0.0028
1018 1017 0.0028
1017 1018 0.0028
1023 1018 0.0028
1009 1022 0.0075
1010 1022 0.0038
1023 1022 0.0028
1018 1023 0.0028
1022 1023 0.0028
969 1027 0.0028
1028 1027 0.0047
1034 1027 0.0084
1027 1028 0.0047
1036 1028 0.0047
1030 1029 0.0019
1032 1029 0.0019
1029 1030 0.0019
1032 1030 0.0019
1029 1032 0.0019
1030 1032 0.0019
1027 1034 0.0084
1042 1034 0.0084
1028 1036 0.0047
1037 1036 0.0047
1036 1037 0.0047
1042 1037 0.0047
989 1042 0.0028
1034 1042 0.0084
1037 1042 0.0047
1048 1047 0.0028
1053 1047 0.0028
1047 1048 0.0028
1049 1048 0.0028
1055 1048 0.0066
1048 1049 0.0028
1050 1049 0.0028
1049 1050 0.0028
1056 1050 0.0028
1047 1053 0.0028
1055 1053 0.0028
1048 1055 0.0066
1053 1055 0.0028
1056 1055 0.0028
1050 1056 0.0028
1055 1056 0.0028
109 1090 0.0084
110 1090 0.0066
201 1090 0.0009
297 1091 0.0084
298 1091 0.0075
773 1091 0.0113
80 1092 0.0019
103 1092 0.0028
80 1093 0.0047
81 1093 0.0056
69 1095 0.0028
1096 1095 0.0009
1098 1095 0.0047
25 1096 0.0019
1095 1096 0.0009
17 1097 0.0113
69 1097 0.0122
1098 1097 0.0056
1095 1098 0.0047
1097 1098 0.0056
61 1100 0.0075
102 1100 0.0038
1101 1100 0.0028
1100 1101 0.0028
1103 1101 0.0028
61 1103 0.0028
1101 1103 0.0028
296 1105 0.0113
297 1105 0.0103
650 1105 0.0019
354 1106 0.0094
365 1106 0.0019
1107 1106 0.0066
355 1107 0.0075
1106 1107 0.0066
