9 2 0.003
225 2 0.0482
229 2 0.0151
231 2 0.006
308 2 0.0331
2 9 0.003
10 9 0.006
225 9 0.012
9 10 0.006
11 10 0.003
103 10 0.012
10 11 0.003
92 11 0.003
215 22 0.0783
298 22 0.0422
367 22 0.0331
108 23 0.003
198 23 0.003
199 23 0.009
337 25 0.006
362 25 0.006
36 35 0.006
335 35 0.0813
415 35 0.0723
35 36 0.006
37 36 0.006
439 36 0.0151
36 37 0.006
336 37 0.0753
439 37 0.0843
40 38 0.0873
340 38 0.0873
38 40 0.0873
396 40 0.0873
264 42 0.0753
265 42 0.0873
393 42 0.009
265 43 0.0392
393 43 0.0392
45 44 0.0181
313 44 0.009
315 44 0.006
319 44 0.0211
44 45 0.0181
285 45 0.0181
278 48 0.006
280 48 0.0181
392 48 0.0271
280 49 0.0211
281 49 0.009
284 49 0.0151
61 53 0.009
64 53 0.0301
151 53 0.0181
128 55 0.0271
141 55 0.0361
182 55 0.0301
59 57 0.0181
176 57 0.0181
57 59 0.0181
61 59 0.006
62 59 0.0271
53 61 0.009
59 61 0.006
62 61 0.0181
59 62 0.0271
61 62 0.0181
63 62 0.0301
62 63 0.0301
64 63 0.0301
53 64 0.0301
63 64 0.0301
219 66 0.0211
221 66 0.0211
291 73 0.0181
301 73 0.012
447 73 0.006
92 75 0.0151
127 75 0.0151
210 80 0.009
211 80 0.009
384 80 0.0211
84 82 0.012
453 82 0.012
82 84 0.012
460 84 0.012
11 92 0.003
75 92 0.0151
95 92 0.0211
92 95 0.0211
100 95 0.009
123 95 0.0211
99 98 0.009
203 98 0.012
205 98 0.0241
98 99 0.009
130 99 0.012
209 99 0.0241
95 100 0.009
101 100 0.009
103 100 0.0211
100 101 0.009
121 101 0.003
142 101 0.0151
103 102 0.0241
142 102 0.006
236 102 0.0331
10 103 0.012
100 103 0.0211
102 103 0.0241
105 104 0.0151
182 104 0.0301
184 104 0.0241
104 105 0.0151
106 105 0.0301
138 105 0.0241
105 106 0.0301
139 106 0.006
182 106 0.0211
109 107 0.0211
143 107 0.0301
201 107 0.012
23 108 0.003
112 108 0.012
388 108 0.006
107 109 0.0211
184 109 0.0211
141 111 0.0331
143 111 0.0241
174 111 0.006
108 112 0.012
143 112 0.0151
200 112 0.0181
132 114 0.0331
146 114 0.0241
150 114 0.006
116 115 0.0392
121 115 0.012
146 115 0.0241
115 116 0.0392
119 116 0.0482
177 116 0.006
116 119 0.0482
120 119 0.0271
242 119 0.0211
269 119 0.0422
119 120 0.0271
121 120 0.0181
236 120 0.0181
101 121 0.003
115 121 0.012
120 121 0.0181
95 123 0.0211
128 123 0.0271
131 123 0.0151
125 124 0.0151
127 124 0.0271
199 124 0.0211
124 125 0.0151
126 125 0.009
198 125 0.003
125 126 0.009
127 126 0.009
75 127 0.0151
124 127 0.0271
126 127 0.009
55 128 0.0271
123 128 0.0271
99 130 0.012
131 130 0.0241
139 130 0.009
123 131 0.0151
130 131 0.0241
209 131 0.006
114 132 0.0331
150 132 0.0271
208 132 0.003
105 138 0.0241
139 138 0.0181
202 138 0.003
106 139 0.006
130 139 0.009
138 139 0.0181
55 141 0.0361
111 141 0.0331
174 141 0.0301
101 142 0.0151
102 142 0.006
236 142 0.0241
107 143 0.0301
111 143 0.0241
112 143 0.0151
114 146 0.0241
115 146 0.0241
114 150 0.006
132 150 0.0271
151 150 0.0181
53 151 0.0181
150 151 0.0181
111 174 0.006
141 174 0.0301
199 174 0.0211
57 176 0.0181
392 176 0.0181
116 177 0.006
277 177 0.006
55 182 0.0301
104 182 0.0301
106 182 0.0211
104 184 0.0241
109 184 0.0211
187 185 0.006
188 185 0.0211
324 185 0.012
185 187 0.006
188 187 0.0151
378 187 0.006
185 188 0.0211
187 188 0.0151
329 188 0.0211
191 190 0.0301
317 190 0.0723
401 190 0.0813
190 191 0.0301
314 191 0.0211
401 191 0.006
23 198 0.003
125 198 0.003
23 199 0.009
124 199 0.0211
174 199 0.0211
112 200 0.0181
201 200 0.0211
386 200 0.0181
387 200 0.0151
107 201 0.012
200 201 0.0211
202 201 0.0151
138 202 0.003
201 202 0.0151
203 202 0.009
98 203 0.012
202 203 0.009
204 203 0.0241
203 204 0.0241
210 204 0.006
214 204 0.0331
98 205 0.0241
206 205 0.006
207 205 0.0331
205 206 0.006
207 206 0.0211
213 206 0.012
205 207 0.0331
206 207 0.0211
208 207 0.009
132 208 0.003
207 208 0.009
209 208 0.0151
99 209 0.0241
131 209 0.006
208 209 0.0151
80 210 0.009
204 210 0.006
214 210 0.0181
80 211 0.009
212 211 0.009
211 212 0.009
384 212 0.009
206 213 0.012
389 213 0.006
391 213 0.0211
204 214 0.0331
210 214 0.0181
391 214 0.012
22 215 0.0783
216 215 0.0422
224 215 0.0331
215 216 0.0422
217 216 0.0422
216 217 0.0422
218 217 0.0512
237 217 0.006
217 218 0.0512
232 218 0.0422
237 218 0.006
66 219 0.0211
280 219 0.0211
406 219 0.0271
222 220 0.0181
406 220 0.012
448 220 0.003
66 221 0.0211
222 221 0.012
283 221 0.006
220 222 0.0181
221 222 0.012
448 222 0.003
215 224 0.0331
309 224 0.0331
2 225 0.0482
9 225 0.012
226 225 0.0512
225 226 0.0512
228 226 0.0422
229 226 0.006
228 227 0.0602
260 227 0.0602
226 228 0.0422
227 228 0.0602
244 228 0.0331
2 229 0.0151
226 229 0.006
231 229 0.006
2 231 0.006
229 231 0.006
218 232 0.0422
233 232 0.0422
232 233 0.0422
358 233 0.0422
102 236 0.0331
120 236 0.0181
142 236 0.0241
217 237 0.006
218 237 0.006
242 240 0.003
244 240 0.003
119 242 0.0211
240 242 0.003
275 242 0.0271
228 244 0.0331
240 244 0.003
264 244 0.0392
248 246 0.0422
298 246 0.0422
246 248 0.0422
249 248 0.0422
248 249 0.0422
250 249 0.0422
249 250 0.0422
251 250 0.0542
370 250 0.009
250 251 0.0542
293 251 0.0542
227 260 0.0602
350 260 0.0602
42 264 0.0753
244 264 0.0392
340 264 0.0873
42 265 0.0873
43 265 0.0392
317 265 0.0753
268 267 0.0181
275 267 0.0271
318 267 0.0181
267 268 0.0181
274 268 0.0181
315 268 0.006
119 269 0.0422
272 269 0.0512
274 269 0.006
269 272 0.0512
274 272 0.0271
276 272 0.0331
268 274 0.0181
269 274 0.006
272 274 0.0271
242 275 0.0271
267 275 0.0271
393 275 0.0271
272 276 0.0331
277 276 0.0452
279 276 0.009
177 277 0.006
276 277 0.0452
278 277 0.0361
48 278 0.006
277 278 0.0361
279 278 0.0211
392 278 0.0331
276 279 0.009
278 279 0.0211
315 279 0.009
48 280 0.0181
49 280 0.0211
219 280 0.0211
281 280 0.006
49 281 0.009
280 281 0.006
297 282 0.0422
370 282 0.0422
221 283 0.006
290 283 0.009
49 284 0.0151
285 284 0.006
290 284 0.012
45 285 0.0181
284 285 0.006
375 285 0.0151
358 288 0.0422
361 288 0.0422
283 290 0.009
284 290 0.012
73 291 0.0181
292 291 0.009
295 291 0.006
291 292 0.009
301 292 0.009
251 293 0.0542
370 293 0.0542
291 295 0.006
447 295 0.006
282 297 0.0422
361 297 0.0422
22 298 0.0422
246 298 0.0422
73 301 0.012
292 301 0.009
322 301 0.003
375 301 0.006
2 308 0.0331
309 308 0.0331
224 309 0.0331
308 309 0.0331
44 313 0.009
314 313 0.0151
191 314 0.0211
313 314 0.0151
318 314 0.003
44 315 0.006
268 315 0.006
279 315 0.009
190 317 0.0723
265 317 0.0753
318 317 0.0241
267 318 0.0181
314 318 0.003
317 318 0.0241
44 319 0.0211
320 319 0.0331
408 319 0.006
319 320 0.0331
401 320 0.0723
408 320 0.0843
322 321 0.012
323 321 0.009
411 321 0.0241
301 322 0.003
321 322 0.012
375 322 0.0181
321 323 0.009
374 323 0.009
185 324 0.012
326 324 0.006
374 324 0.003
324 326 0.006
333 326 0.006
379 326 0.0151
328 327 0.006
333 327 0.006
379 327 0.0151
327 328 0.006
379 328 0.0151
437 328 0.006
188 329 0.0211
377 329 0.012
437 329 0.006
374 332 0.0151
378 332 0.006
416 332 0.0241
326 333 0.006
327 333 0.006
35 335 0.0813
377 335 0.0301
432 335 0.006
439 335 0.0813
37 336 0.0753
339 336 0.0693
440 336 0.0211
25 337 0.006
427 337 0.009
440 337 0.0181
336 339 0.0693
343 339 0.0693
38 340 0.0873
264 340 0.0873
342 341 0.0873
399 341 0.0873
341 342 0.0873
402 342 0.0873
339 343 0.0693
344 343 0.0331
402 343 0.0873
343 344 0.0331
345 344 0.0301
441 344 0.012
344 345 0.0301
357 345 0.0241
441 345 0.003
260 350 0.0602
357 350 0.0602
345 357 0.0241
350 357 0.0602
359 357 0.0331
233 358 0.0422
288 358 0.0422
357 359 0.0331
364 359 0.0331
288 361 0.0422
297 361 0.0422
25 362 0.006
441 362 0.006
359 364 0.0331
372 364 0.0331
22 367 0.0331
444 367 0.0331
372 369 0.0331
444 369 0.0331
250 370 0.009
282 370 0.0422
293 370 0.0542
364 372 0.0331
369 372 0.0331
323 374 0.009
324 374 0.003
332 374 0.0151
285 375 0.0151
301 375 0.006
322 375 0.0181
329 377 0.012
335 377 0.0301
378 377 0.0151
416 377 0.006
418 377 0.0331
423 377 0.006
425 377 0.009
428 377 0.0301
432 377 0.009
433 377 0.006
434 377 0.009
187 378 0.006
332 378 0.006
377 378 0.0151
326 379 0.0151
327 379 0.0151
328 379 0.0151
80 384 0.0211
212 384 0.009
386 384 0.009
200 386 0.0181
384 386 0.009
387 386 0.006
200 387 0.0151
386 387 0.006
388 387 0.006
108 388 0.006
387 388 0.006
213 389 0.006
391 389 0.006
213 391 0.0211
214 391 0.012
389 391 0.006
48 392 0.0271
176 392 0.0181
278 392 0.0331
404 392 0.012
42 393 0.009
43 393 0.0392
275 393 0.0271
40 396 0.0873
399 396 0.0873
341 399 0.0873
396 399 0.0873
190 401 0.0813
191 401 0.006
320 401 0.0723
342 402 0.0873
343 402 0.0873
392 404 0.012
406 404 0.012
219 406 0.0271
220 406 0.012
404 406 0.012
319 408 0.006
320 408 0.0843
409 408 0.0753
408 409 0.0753
410 409 0.0753
409 410 0.0753
411 410 0.0753
321 411 0.0241
410 411 0.0753
413 411 0.0723
411 413 0.0723
415 413 0.0723
35 415 0.0723
413 415 0.0723
332 416 0.0241
377 416 0.006
418 416 0.0331
377 418 0.0331
416 418 0.0331
377 423 0.006
426 423 0.006
377 425 0.009
426 425 0.0181
430 425 0.0301
423 426 0.006
425 426 0.0181
427 426 0.009
337 427 0.009
426 427 0.009
377 428 0.0301
430 428 0.0301
425 430 0.0301
428 430 0.0301
335 432 0.006
377 432 0.009
377 433 0.006
434 433 0.006
377 434 0.009
433 434 0.006
328 437 0.006
329 437 0.006
36 439 0.0151
37 439 0.0843
335 439 0.0813
336 440 0.0211
337 440 0.0181
344 441 0.012
345 441 0.003
362 441 0.006
367 444 0.0331
369 444 0.0331
73 447 0.006
295 447 0.006
220 448 0.003
222 448 0.003
453 452 0.006
457 452 0.006
82 453 0.012
452 453 0.006
454 453 0.012
457 453 0.006
453 454 0.012
460 454 0.012
452 457 0.006
453 457 0.006
84 460 0.012
454 460 0.012
