19 1 0.0024
279 1 0.0456
292 1 0.0144
294 1 0.0048
383 1 0.0312
7 2 0.012
612 2 0.012
5 4 0.012
581 4 0.012
4 5 0.012
7 5 0.012
2 7 0.012
5 7 0.012
1 19 0.0024
20 19 0.0096
279 19 0.0144
19 20 0.0096
21 20 0.0048
280 20 0.0024
20 21 0.0048
22 21 0.0096
157 21 0.0168
21 22 0.0096
134 22 0.0096
258 37 0.0408
476 37 0.0408
307 38 0.0048
472 38 0.0048
417 47 0.0216
460 47 0.0216
61 60 0.0048
415 60 0.0576
547 60 0.0504
60 61 0.0048
62 61 0.0048
574 61 0.012
61 62 0.0048
416 62 0.0408
574 62 0.048
65 63 0.0504
419 63 0.0504
63 65 0.0504
519 65 0.0504
350 67 0.0384
351 67 0.048
517 67 0.0072
351 68 0.0408
391 68 0.0144
517 68 0.024
351 69 0.0528
391 69 0.0048
393 69 0.0456
71 70 0.012
389 70 0.0024
390 70 0.012
400 70 0.012
70 71 0.012
375 71 0.012
367 74 0.0096
369 74 0.0168
514 74 0.0192
369 75 0.0216
370 75 0.012
468 75 0.0216
510 77 0.0048
512 77 0.0048
89 81 0.0072
94 81 0.0168
108 81 0.0072
89 88 0.0072
91 88 0.0168
224 88 0.0072
81 89 0.0072
88 89 0.0072
90 89 0.0168
89 90 0.0168
91 90 0.024
93 90 0.024
88 91 0.0168
90 91 0.024
98 91 0.0048
90 93 0.024
98 93 0.0288
81 94 0.0168
96 94 0.0192
94 96 0.0192
99 96 0.0216
91 98 0.0048
93 98 0.0288
99 98 0.0312
100 98 0.0072
96 99 0.0216
98 99 0.0312
101 99 0.0072
98 100 0.0072
101 100 0.0072
99 101 0.0072
100 101 0.0072
264 103 0.0024
268 103 0.0024
81 108 0.0072
220 108 0.012
263 108 0.0024
377 112 0.024
381 112 0.0192
592 112 0.0048
139 114 0.0096
184 114 0.0096
247 119 0.0048
248 119 0.0072
499 119 0.0144
126 124 0.0096
601 124 0.0096
124 126 0.0096
610 126 0.0096
22 134 0.0096
149 134 0.0096
149 137 0.0096
494 137 0.0096
139 138 0.0072
494 138 0.0072
114 139 0.0096
138 139 0.0072
495 139 0.0192
153 142 0.0144
180 142 0.0144
495 142 0.0216
134 149 0.0096
137 149 0.0096
151 150 0.0048
240 150 0.0096
242 150 0.0168
150 151 0.0048
186 151 0.0264
246 151 0.0336
246 152 0.0144
471 152 0.0144
142 153 0.0144
154 153 0.024
157 153 0.0312
153 154 0.024
155 154 0.0072
179 154 0.0144
154 155 0.0072
157 155 0.012
314 155 0.0024
21 157 0.0168
153 157 0.0312
155 157 0.012
159 158 0.024
162 158 0.0144
467 158 0.0312
158 159 0.024
160 159 0.0024
196 159 0.0192
159 160 0.0024
162 160 0.0024
158 162 0.0144
160 162 0.0024
201 162 0.0096
164 163 0.0144
169 163 0.0048
212 163 0.0072
163 164 0.0144
165 164 0.0216
167 164 0.0048
164 165 0.0216
166 165 0.024
171 165 0.0144
165 166 0.024
167 166 0.0144
172 166 0.0072
164 167 0.0048
166 167 0.0144
238 167 0.0072
163 169 0.0048
171 169 0.0048
165 171 0.0144
169 171 0.0048
172 171 0.0072
166 172 0.0072
171 172 0.0072
176 175 0.0216
179 175 0.0072
214 175 0.012
175 176 0.0216
177 176 0.0336
225 176 0.0096
176 177 0.0336
178 177 0.0288
322 177 0.0192
358 177 0.024
177 178 0.0288
179 178 0.024
314 178 0.012
154 179 0.0144
175 179 0.0072
178 179 0.024
142 180 0.0144
185 180 0.0288
188 180 0.0216
182 181 0.0144
184 181 0.0192
234 181 0.0168
181 182 0.0144
183 182 0.0072
233 182 0.0048
182 183 0.0072
184 183 0.0072
114 184 0.0096
181 184 0.0192
183 184 0.0072
180 185 0.0288
195 185 0.0264
151 186 0.0264
187 186 0.0336
201 186 0.0144
467 186 0.0312
186 187 0.0336
188 187 0.0192
471 187 0.012
180 188 0.0216
187 188 0.0192
215 189 0.0192
216 189 0.0144
245 189 0.0024
185 195 0.0264
196 195 0.024
210 195 0.0192
159 196 0.0192
195 196 0.024
210 196 0.0024
198 197 0.012
269 197 0.0048
592 197 0.0048
197 198 0.012
592 198 0.012
162 201 0.0096
186 201 0.0144
239 201 0.0024
203 202 0.0048
381 202 0.0072
496 202 0.0144
202 203 0.0048
496 203 0.0048
405 207 0.0096
407 207 0.0096
195 210 0.0192
196 210 0.0024
211 210 0.0144
210 211 0.0144
212 211 0.0024
234 211 0.0096
163 212 0.0072
211 212 0.0024
213 212 0.012
212 213 0.012
236 213 0.012
175 214 0.012
215 214 0.012
189 215 0.0192
214 215 0.012
216 215 0.0048
189 216 0.0144
215 216 0.0048
257 216 0.0072
219 217 0.0264
257 217 0.0264
217 219 0.0264
220 219 0.0192
263 219 0.0024
511 219 0.0432
108 220 0.012
219 220 0.0192
223 220 0.0048
512 221 0.0048
515 221 0.0048
220 223 0.0048
511 223 0.0312
512 223 0.024
88 224 0.0072
514 224 0.0072
176 225 0.0096
226 225 0.0288
515 225 0.0168
225 226 0.0288
366 226 0.0288
285 227 0.0072
384 227 0.0144
385 227 0.0048
182 233 0.0048
234 233 0.0048
181 234 0.0168
211 234 0.0096
233 234 0.0048
236 235 0.012
237 235 0.0192
501 235 0.012
502 235 0.0048
213 236 0.012
235 236 0.012
238 236 0.0168
235 237 0.0192
238 237 0.0072
239 237 0.0096
167 238 0.0072
236 238 0.0168
237 238 0.0072
201 239 0.0024
237 239 0.0096
240 239 0.0144
150 240 0.0096
239 240 0.0144
241 240 0.0264
240 241 0.0264
247 241 0.0048
256 241 0.0336
150 242 0.0168
243 242 0.0048
244 242 0.024
242 243 0.0048
244 243 0.0264
255 243 0.0192
242 244 0.024
243 244 0.0264
245 244 0.0144
189 245 0.0024
244 245 0.0144
246 245 0.0192
151 246 0.0336
152 246 0.0144
245 246 0.0192
119 247 0.0048
241 247 0.0048
256 247 0.012
119 248 0.0072
251 248 0.0072
289 249 0.0048
302 249 0.0048
252 250 0.0312
341 250 0.0504
470 250 0.0168
248 251 0.0072
499 251 0.0072
250 252 0.0312
253 252 0.0312
252 253 0.0312
288 253 0.0168
388 253 0.0312
243 255 0.0192
507 255 0.0048
509 255 0.0264
241 256 0.0336
247 256 0.012
509 256 0.0192
216 257 0.0072
217 257 0.0264
510 257 0.0168
37 258 0.0408
342 258 0.0408
261 260 0.0048
318 260 0.0048
260 261 0.0048
318 261 0.0048
108 263 0.0024
219 263 0.0024
103 264 0.0024
369 264 0.024
534 264 0.0288
266 265 0.0024
269 265 0.0192
534 265 0.0144
265 266 0.0024
272 266 0.0096
593 266 0.0048
103 268 0.0024
269 268 0.0072
372 268 0.0024
197 269 0.0048
265 269 0.0192
268 269 0.0072
272 269 0.0024
266 272 0.0096
269 272 0.0024
593 272 0.0048
274 273 0.0048
278 273 0.0048
273 274 0.0048
278 274 0.0144
341 274 0.0072
273 278 0.0048
274 278 0.0144
288 278 0.0072
1 279 0.0456
19 279 0.0144
280 279 0.0528
20 280 0.0024
279 280 0.0528
281 280 0.0168
291 280 0.0288
280 281 0.0168
285 281 0.0072
292 281 0.0072
284 283 0.0144
287 283 0.0144
283 284 0.0144
287 284 0.0048
388 284 0.0072
227 285 0.0072
281 285 0.0072
283 287 0.0144
284 287 0.0048
288 287 0.0072
253 288 0.0168
278 288 0.0072
287 288 0.0072
249 289 0.0048
302 289 0.0048
291 290 0.0432
427 290 0.0432
280 291 0.0288
290 291 0.0432
326 291 0.0264
1 292 0.0144
281 292 0.0072
294 292 0.0048
1 294 0.0048
292 294 0.0048
249 302 0.0048
289 302 0.0048
38 307 0.0048
472 307 0.0048
155 314 0.0024
178 314 0.012
320 314 0.0072
260 318 0.0048
261 318 0.0048
314 320 0.0072
321 320 0.0096
320 321 0.0096
322 321 0.0096
327 321 0.0024
177 322 0.0192
321 322 0.0096
364 322 0.012
291 326 0.0264
327 326 0.0288
321 327 0.0024
326 327 0.0288
350 327 0.0288
250 341 0.0504
274 341 0.0072
342 341 0.0408
258 342 0.0408
341 342 0.0408
427 344 0.0432
442 344 0.0432
67 350 0.0384
327 350 0.0288
419 350 0.0504
67 351 0.048
68 351 0.0408
69 351 0.0528
357 356 0.0168
364 356 0.0096
392 356 0.0192
356 357 0.0168
363 357 0.012
389 357 0.0024
390 357 0.0168
177 358 0.024
361 358 0.0312
363 358 0.0048
358 361 0.0312
363 361 0.0192
365 361 0.0288
357 363 0.012
358 363 0.0048
361 363 0.0192
322 364 0.012
356 364 0.0096
517 364 0.0144
361 365 0.0288
366 365 0.0384
368 365 0.0072
226 366 0.0288
365 366 0.0384
367 366 0.0264
74 367 0.0096
366 367 0.0264
368 367 0.0216
514 367 0.0144
365 368 0.0072
367 368 0.0216
390 368 0.012
74 369 0.0168
75 369 0.0216
264 369 0.024
370 369 0.0048
75 370 0.012
369 370 0.0048
372 370 0.0048
268 372 0.0024
370 372 0.0048
376 372 0.0096
71 375 0.012
468 375 0.012
484 375 0.0168
372 376 0.0096
468 376 0.012
112 377 0.024
378 377 0.0096
379 377 0.012
377 378 0.0096
381 378 0.0072
377 379 0.012
592 379 0.012
112 381 0.0192
202 381 0.0072
378 381 0.0072
484 381 0.0192
1 383 0.0312
384 383 0.0072
386 383 0.0216
227 384 0.0144
383 384 0.0072
385 384 0.0048
227 385 0.0048
384 385 0.0048
383 386 0.0216
388 386 0.0216
253 388 0.0312
284 388 0.0072
386 388 0.0216
70 389 0.0024
357 389 0.0024
394 389 0.0216
395 389 0.012
70 390 0.012
357 390 0.0168
368 390 0.012
68 391 0.0144
69 391 0.0048
392 391 0.0072
356 392 0.0192
391 392 0.0072
394 392 0.0288
69 393 0.0456
394 393 0.0336
399 393 0.048
389 394 0.0216
392 394 0.0288
393 394 0.0336
389 395 0.012
396 395 0.012
395 396 0.012
397 396 0.0336
400 396 0.012
537 396 0.0048
396 397 0.0336
526 397 0.048
537 397 0.0456
393 399 0.048
526 399 0.048
70 400 0.012
396 400 0.012
403 401 0.0096
404 401 0.0216
541 401 0.0288
401 403 0.0096
484 403 0.0192
496 403 0.0072
401 404 0.0216
483 404 0.0192
207 405 0.0096
487 405 0.0072
207 407 0.0096
414 407 0.0048
488 407 0.0168
409 408 0.0048
414 408 0.0048
488 408 0.012
408 409 0.0048
410 409 0.0096
488 409 0.0168
409 410 0.0096
486 410 0.0192
570 410 0.0072
483 413 0.0216
487 413 0.0024
548 413 0.0264
407 414 0.0048
408 414 0.0048
60 415 0.0576
486 415 0.0264
574 415 0.0432
62 416 0.0408
418 416 0.0528
575 416 0.0336
47 417 0.0216
562 417 0.0048
575 417 0.0288
416 418 0.0528
422 418 0.0528
63 419 0.0504
350 419 0.0504
421 420 0.0504
522 420 0.0504
420 421 0.0504
528 421 0.0504
418 422 0.0528
423 422 0.0432
528 422 0.0504
422 423 0.0432
424 423 0.024
577 423 0.0264
423 424 0.024
449 424 0.0192
578 424 0.0024
290 427 0.0432
344 427 0.0432
434 433 0.0048
437 433 0.0048
433 434 0.0048
437 434 0.0048
433 437 0.0048
434 437 0.0048
344 442 0.0432
449 442 0.0432
424 449 0.0192
442 449 0.0432
452 449 0.0216
449 452 0.0216
461 452 0.0216
47 460 0.0216
578 460 0.0216
452 461 0.0216
479 461 0.0216
158 467 0.0312
186 467 0.0312
75 468 0.0216
375 468 0.012
376 468 0.012
250 470 0.0168
475 470 0.0168
152 471 0.0144
187 471 0.012
38 472 0.0048
307 472 0.0048
470 475 0.0168
485 475 0.0168
37 476 0.0408
485 476 0.048
588 476 0.0048
478 477 0.0216
582 477 0.0216
477 478 0.0216
479 478 0.0216
461 479 0.0216
478 479 0.0216
404 483 0.0192
413 483 0.0216
375 484 0.0168
381 484 0.0192
403 484 0.0192
475 485 0.0168
476 485 0.048
588 485 0.0288
410 486 0.0192
415 486 0.0264
487 486 0.012
492 486 0.0072
548 486 0.0336
552 486 0.0048
558 486 0.0024
560 486 0.0192
563 486 0.0072
405 487 0.0072
413 487 0.0024
486 487 0.012
407 488 0.0168
408 488 0.012
409 488 0.0168
486 492 0.0072
570 492 0.0072
137 494 0.0096
138 494 0.0072
495 494 0.0192
139 495 0.0192
142 495 0.0216
494 495 0.0192
202 496 0.0144
203 496 0.0048
403 496 0.0072
119 499 0.0144
251 499 0.0072
501 499 0.0048
235 501 0.012
499 501 0.0048
502 501 0.0048
235 502 0.0048
501 502 0.0048
255 507 0.0048
509 507 0.0048
255 509 0.0264
256 509 0.0192
507 509 0.0048
77 510 0.0048
257 510 0.0168
511 510 0.0096
219 511 0.0432
223 511 0.0312
510 511 0.0096
77 512 0.0048
221 512 0.0048
223 512 0.024
515 512 0.024
74 514 0.0192
224 514 0.0072
367 514 0.0144
530 514 0.012
221 515 0.0048
225 515 0.0168
512 515 0.024
67 517 0.0072
68 517 0.024
364 517 0.0144
65 519 0.0504
522 519 0.0504
420 522 0.0504
519 522 0.0504
397 526 0.048
399 526 0.048
421 528 0.0504
422 528 0.0504
514 530 0.012
532 530 0.012
530 532 0.012
534 532 0.012
264 534 0.0288
265 534 0.0144
532 534 0.012
396 537 0.0048
397 537 0.0456
538 537 0.0384
537 538 0.0384
539 538 0.0384
538 539 0.0384
541 539 0.0384
401 541 0.0288
539 541 0.0384
545 541 0.0504
541 545 0.0504
547 545 0.0504
60 547 0.0504
545 547 0.0504
413 548 0.0264
486 548 0.0336
552 548 0.0048
486 552 0.0048
548 552 0.0048
486 558 0.0024
561 558 0.0024
486 560 0.0192
561 560 0.0096
565 560 0.0072
558 561 0.0024
560 561 0.0096
562 561 0.0048
417 562 0.0048
561 562 0.0048
486 563 0.0072
565 563 0.0072
560 565 0.0072
563 565 0.0072
410 570 0.0072
492 570 0.0072
61 574 0.012
62 574 0.048
415 574 0.0432
575 574 0.0024
416 575 0.0336
417 575 0.0288
574 575 0.0024
423 577 0.0264
578 577 0.0264
424 578 0.0024
460 578 0.0216
577 578 0.0264
4 581 0.012
612 581 0.012
477 582 0.0216
584 582 0.0216
582 584 0.0216
588 584 0.0216
476 588 0.0048
485 588 0.0288
584 588 0.0216
112 592 0.0048
197 592 0.0048
198 592 0.012
379 592 0.012
266 593 0.0048
272 593 0.0048
601 600 0.0048
605 600 0.0048
124 601 0.0096
600 601 0.0048
602 601 0.0096
605 601 0.0048
601 602 0.0096
610 602 0.0096
600 605 0.0048
601 605 0.0048
126 610 0.0096
602 610 0.0096
2 612 0.012
581 612 0.012
