35 1 0.0051
153 1 0.0254
157 1 0.0152
3 2 0.066
39 2 0.066
2 3 0.066
177 3 0.066
25 6 0.0254
86 6 0.0558
177 6 0.0812
96 8 0.0406
178 8 0.0406
10 9 0.0254
12 9 0.1066
148 9 0.0761
9 10 0.0254
77 10 0.0203
9 12 0.1066
186 12 0.0863
192 12 0.0761
185 16 0.0863
186 16 0.0711
195 16 0.0102
20 18 0.1015
69 18 0.0254
115 18 0.0711
18 20 0.1015
185 20 0.1015
23 22 0.0305
144 22 0.0102
176 22 0.0051
178 22 0.066
193 22 0.0863
22 23 0.0305
168 23 0.0203
171 23 0.0051
6 25 0.0254
174 25 0.0254
218 26 0.0051
219 26 0.0051
28 27 0.1066
35 27 0.0914
157 27 0.0102
27 28 0.1066
157 28 0.0305
173 28 0.1117
173 29 0.0812
218 29 0.0812
71 34 0.0457
184 34 0.0203
188 34 0.0508
194 34 0.0457
1 35 0.0051
27 35 0.0914
39 35 0.0812
165 36 0.0355
205 36 0.0355
111 37 0.066
113 37 0.0102
115 37 0.0508
114 38 0.0203
175 38 0.0152
2 39 0.066
35 39 0.0812
79 39 0.1523
123 40 0.0102
129 40 0.0102
168 46 0.0051
223 46 0.0051
172 52 0.0254
174 52 0.0254
65 53 0.0406
182 53 0.0508
202 53 0.0355
60 54 0.0406
203 54 0.0406
181 55 0.0203
199 55 0.0102
202 55 0.0355
123 59 0.1066
132 59 0.0102
220 59 0.1218
54 60 0.0406
221 60 0.0406
161 62 0.0355
215 62 0.0355
66 64 0.0051
179 64 0.0203
180 64 0.0102
53 65 0.0406
114 65 0.0102
115 65 0.0558
64 66 0.0051
81 66 0.0051
18 69 0.0254
70 69 0.0254
69 70 0.0254
75 70 0.0254
34 71 0.0457
145 71 0.0508
70 75 0.0254
185 75 0.0406
195 75 0.0102
10 77 0.0203
78 77 0.0355
190 77 0.0102
77 78 0.0355
190 78 0.0457
191 78 0.0558
39 79 0.1523
81 79 0.1472
99 80 0.0305
112 80 0.0254
151 80 0.0305
66 81 0.0051
79 81 0.1472
82 81 0.1371
81 82 0.1371
167 82 0.0102
200 82 0.1523
199 83 0.0102
223 83 0.0102
6 86 0.0558
88 86 0.0305
121 86 0.0203
86 88 0.0305
180 88 0.0254
177 89 0.0406
179 89 0.0254
180 89 0.0406
107 93 0.0102
113 93 0.0305
164 93 0.0457
194 94 0.0051
210 94 0.0051
148 95 0.0914
165 95 0.0914
8 96 0.0406
188 96 0.0355
194 97 0.0152
217 97 0.0152
80 99 0.0305
112 99 0.0355
190 99 0.0305
224 99 0.0051
159 101 0.0508
215 101 0.0508
162 103 0.0102
164 103 0.0457
206 103 0.0305
162 104 0.0812
164 104 0.0863
93 107 0.0102
164 107 0.0102
110 109 0.0102
111 109 0.0152
109 110 0.0102
111 110 0.0355
175 110 0.0152
37 111 0.066
109 111 0.0152
110 111 0.0355
113 111 0.0457
80 112 0.0254
99 112 0.0355
224 112 0.0305
37 113 0.0102
93 113 0.0305
111 113 0.0457
38 114 0.0203
65 114 0.0102
115 114 0.0355
18 115 0.0711
37 115 0.0508
65 115 0.0558
114 115 0.0355
223 118 0.0203
224 118 0.0203
86 121 0.0203
162 121 0.066
167 121 0.0914
40 123 0.0102
59 123 0.1066
124 123 0.1218
123 124 0.1218
125 124 0.0051
126 124 0.132
124 125 0.0051
126 125 0.1117
201 125 0.1015
124 126 0.132
125 126 0.1117
127 126 0.0964
126 127 0.0964
129 127 0.0102
203 127 0.0812
40 129 0.0102
127 129 0.0102
59 132 0.0102
219 132 0.0609
220 132 0.0761
135 134 0.0711
219 134 0.0711
134 135 0.0711
140 135 0.0711
135 140 0.0711
141 140 0.0152
218 140 0.0914
140 141 0.0152
142 141 0.0152
141 142 0.0152
146 142 0.0152
22 144 0.0102
168 144 0.0102
193 144 0.0254
71 145 0.0508
193 145 0.0558
142 146 0.0152
201 146 0.0152
9 148 0.0761
95 148 0.0914
150 148 0.0508
148 150 0.0508
151 150 0.0508
80 151 0.0305
150 151 0.0508
152 151 0.0457
151 152 0.0457
183 152 0.0102
194 152 0.0508
1 153 0.0254
173 153 0.0254
1 157 0.0152
27 157 0.0102
28 157 0.0305
101 159 0.0508
208 159 0.0355
215 159 0.0102
62 161 0.0355
194 161 0.0355
103 162 0.0102
104 162 0.0812
121 162 0.066
93 164 0.0457
103 164 0.0457
104 164 0.0863
107 164 0.0102
165 164 0.132
36 165 0.0355
95 165 0.0914
164 165 0.132
82 167 0.0102
121 167 0.0914
200 167 0.1066
23 168 0.0203
46 168 0.0051
144 168 0.0102
23 171 0.0051
176 171 0.0051
52 172 0.0254
181 172 0.0051
182 172 0.0355
28 173 0.1117
29 173 0.0812
153 173 0.0254
25 174 0.0254
52 174 0.0254
38 175 0.0152
110 175 0.0152
22 176 0.0051
171 176 0.0051
178 176 0.0152
3 177 0.066
6 177 0.0812
89 177 0.0406
8 178 0.0406
22 178 0.066
176 178 0.0152
64 179 0.0203
89 179 0.0254
64 180 0.0102
88 180 0.0254
89 180 0.0406
55 181 0.0203
172 181 0.0051
182 181 0.0305
53 182 0.0508
172 182 0.0355
181 182 0.0305
152 183 0.0102
184 183 0.0051
34 184 0.0203
183 184 0.0051
194 184 0.0102
16 185 0.0863
20 185 0.1015
75 185 0.0406
12 186 0.0863
16 186 0.0711
192 186 0.0102
34 188 0.0508
96 188 0.0355
211 188 0.0102
77 190 0.0102
78 190 0.0457
99 190 0.0305
78 191 0.0558
192 191 0.0609
12 192 0.0761
186 192 0.0102
191 192 0.0609
22 193 0.0863
144 193 0.0254
145 193 0.0558
34 194 0.0457
94 194 0.0051
97 194 0.0152
152 194 0.0508
161 194 0.0355
184 194 0.0102
210 194 0.0254
217 194 0.0102
16 195 0.0102
75 195 0.0102
205 197 0.0355
206 197 0.0305
55 199 0.0102
83 199 0.0102
223 199 0.0254
82 200 0.1523
167 200 0.1066
201 200 0.1218
125 201 0.1015
146 201 0.0152
200 201 0.1218
53 202 0.0355
55 202 0.0355
54 203 0.0406
127 203 0.0812
208 203 0.0355
36 205 0.0355
197 205 0.0355
103 206 0.0305
197 206 0.0305
159 208 0.0355
203 208 0.0355
94 210 0.0051
194 210 0.0254
211 210 0.0152
188 211 0.0102
210 211 0.0152
62 215 0.0355
101 215 0.0508
159 215 0.0102
97 217 0.0152
194 217 0.0102
26 218 0.0051
29 218 0.0812
140 218 0.0914
26 219 0.0051
132 219 0.0609
134 219 0.0711
59 220 0.1218
132 220 0.0761
221 220 0.0406
60 221 0.0406
220 221 0.0406
46 223 0.0051
83 223 0.0102
118 223 0.0203
199 223 0.0254
99 224 0.0051
112 224 0.0305
118 224 0.0203
