2 1 0.0024
3 1 0.0043
16 1 0.0014
33 1 0.0005
35 1 0.001
65 1 0.001
66 1 0.0077
1636 1 0.0116
1 2 0.0024
35 2 0.0014
67 2 0.0005
1 3 0.0043
10 3 0.0034
5 4 0.0154
1633 4 0.0159
4 5 0.0154
6 5 0.0034
9 5 0.0077
14 5 0.0169
5 6 0.0034
7 6 0.0019
915 6 0.001
6 7 0.0019
518 7 0.0019
5 9 0.0077
10 9 0.0053
12 9 0.0029
3 10 0.0034
9 10 0.0053
11 10 0.0014
10 11 0.0014
16 11 0.001
9 12 0.0029
13 12 0.0024
12 13 0.0024
15 13 0.0048
32 13 0.0019
5 14 0.0169
15 14 0.0154
915 14 0.001
13 15 0.0048
14 15 0.0154
18 15 0.013
1 16 0.0014
11 16 0.001
15 18 0.013
19 18 0.0096
967 18 0.0096
18 19 0.0096
20 19 0.0068
977 19 0.0024
19 20 0.0068
21 20 0.0082
913 20 0.001
20 21 0.0082
913 21 0.0087
23 22 0.0072
497 22 0.0077
971 22 0.0068
22 23 0.0072
316 23 0.0043
475 23 0.0072
26 25 0.0096
30 25 0.0005
967 25 0.0087
25 26 0.0096
27 26 0.0014
31 26 0.0116
26 27 0.0014
30 27 0.0005
970 27 0.0024
29 28 0.0005
40 28 0.0005
970 28 0.0014
28 29 0.0005
316 29 0.0005
970 29 0.0014
25 30 0.0005
27 30 0.0005
26 31 0.0116
39 31 0.0087
970 31 0.0043
13 32 0.0019
33 32 0.0005
967 32 0.0005
1 33 0.0005
32 33 0.0005
1 35 0.001
2 35 0.0014
37 36 0.0145
47 36 0.0149
36 37 0.0145
38 37 0.0145
37 38 0.0145
41 38 0.0116
815 38 0.0034
31 39 0.0087
40 39 0.0082
28 40 0.0005
39 40 0.0082
41 40 0.0072
38 41 0.0116
40 41 0.0072
42 41 0.0087
41 42 0.0087
43 42 0.0072
91 42 0.0135
42 43 0.0072
44 43 0.0068
43 44 0.0068
45 44 0.0072
320 44 0.0019
44 45 0.0072
46 45 0.0058
968 45 0.001
45 46 0.0058
112 46 0.0072
115 46 0.001
36 47 0.0149
49 47 0.0154
49 48 0.0034
815 48 0.0029
47 49 0.0154
48 49 0.0034
50 49 0.0116
49 50 0.0116
51 50 0.0058
69 50 0.0053
50 51 0.0058
52 51 0.0092
60 51 0.0029
51 52 0.0092
54 52 0.0106
1077 52 0.001
54 53 0.0058
1075 53 0.0019
1077 53 0.0034
52 54 0.0106
53 54 0.0058
59 54 0.0092
58 57 0.0068
97 57 0.0068
57 58 0.0068
59 58 0.0058
105 58 0.001
54 59 0.0092
58 59 0.0058
1074 59 0.0096
51 60 0.0029
61 60 0.0029
60 61 0.0029
72 61 0.0005
1076 61 0.0039
63 62 0.0082
73 62 0.0019
1074 62 0.0068
62 63 0.0082
64 63 0.0063
74 63 0.0014
63 64 0.0063
76 64 0.001
82 64 0.0077
1 65 0.001
66 65 0.0019
68 65 0.0005
1 66 0.0077
65 66 0.0019
67 66 0.0072
2 67 0.0005
66 67 0.0072
68 67 0.0063
65 68 0.0005
67 68 0.0063
69 68 0.0053
50 69 0.0053
68 69 0.0053
61 72 0.0005
1076 72 0.001
62 73 0.0019
74 73 0.0014
63 74 0.0014
73 74 0.0014
64 76 0.001
77 76 0.001
76 77 0.001
82 77 0.001
64 82 0.0077
77 82 0.001
83 82 0.0058
82 83 0.0058
84 83 0.0048
106 83 0.0053
83 84 0.0048
85 84 0.0053
88 84 0.0106
84 85 0.0053
87 85 0.0053
85 87 0.0053
1308 87 0.0053
84 88 0.0106
108 88 0.0077
1288 88 0.0024
149 89 0.0034
1289 89 0.0034
42 91 0.0135
92 91 0.0005
95 91 0.0154
111 91 0.0005
91 92 0.0005
93 92 0.001
92 93 0.001
94 93 0.0029
95 93 0.0014
93 94 0.0029
96 94 0.0058
97 94 0.0024
91 95 0.0154
93 95 0.0014
96 95 0.0174
94 96 0.0058
95 96 0.0174
103 96 0.001
126 96 0.0096
57 97 0.0068
94 97 0.0024
98 97 0.0039
97 98 0.0039
100 98 0.0029
105 98 0.0014
98 100 0.0029
101 100 0.0043
102 100 0.001
100 101 0.0043
102 101 0.0024
104 101 0.0043
100 102 0.001
101 102 0.0024
104 102 0.0005
96 103 0.001
108 103 0.0005
101 104 0.0043
102 104 0.0005
106 104 0.0029
58 105 0.001
98 105 0.0014
83 106 0.0053
104 106 0.0029
108 106 0.0019
109 107 0.001
137 107 0.0014
1306 107 0.0029
88 108 0.0077
103 108 0.0005
106 108 0.0019
109 108 0.0043
107 109 0.001
108 109 0.0043
1298 109 0.0058
91 111 0.0005
122 111 0.001
46 112 0.0072
113 112 0.0034
123 112 0.0072
112 113 0.0034
114 113 0.0014
127 113 0.0014
113 114 0.0014
115 114 0.0014
118 114 0.0005
46 115 0.001
114 115 0.0014
116 115 0.0014
118 115 0.0019
115 116 0.0014
117 116 0.0029
322 116 0.001
116 117 0.0029
118 117 0.0019
120 117 0.0005
114 118 0.0005
115 118 0.0019
117 118 0.0019
117 120 0.0005
327 120 0.0005
111 122 0.001
123 122 0.0024
124 122 0.001
112 123 0.0072
122 123 0.0024
124 123 0.001
127 123 0.0087
122 124 0.001
123 124 0.001
126 125 0.0169
130 125 0.0174
96 126 0.0096
125 126 0.0169
133 126 0.0106
113 127 0.0014
123 127 0.0087
128 127 0.0072
127 128 0.0072
130 128 0.0082
1085 128 0.0005
332 129 0.0034
1083 129 0.0019
1087 129 0.0039
125 130 0.0174
128 130 0.0082
131 130 0.0096
195 130 0.0005
130 131 0.0096
194 131 0.0096
126 133 0.0106
134 133 0.0034
186 133 0.0145
133 134 0.0034
135 134 0.0019
137 134 0.0019
134 135 0.0019
1081 135 0.0014
137 136 0.0039
1306 136 0.0034
107 137 0.0014
134 137 0.0019
136 137 0.0039
1304 138 0.0034
1305 138 0.0024
1306 138 0.0029
144 139 0.0087
1294 139 0.0072
1304 139 0.0048
141 140 0.001
142 140 0.0024
1305 140 0.0039
140 141 0.001
1284 141 0.001
140 142 0.0024
143 142 0.0014
145 142 0.0053
172 142 0.0043
142 143 0.0014
161 143 0.0034
813 143 0.0053
139 144 0.0087
145 144 0.0068
148 144 0.0014
142 145 0.0053
144 145 0.0068
150 145 0.0019
144 148 0.0014
149 148 0.0014
89 149 0.0034
148 149 0.0014
157 149 0.0005
158 149 0.0005
145 150 0.0019
151 150 0.0014
154 150 0.0039
150 151 0.0014
1316 151 0.0014
150 154 0.0039
155 154 0.0029
157 154 0.0005
154 155 0.0029
1312 155 0.0039
1316 155 0.0005
159 156 0.0029
805 156 0.0014
1315 156 0.001
149 157 0.0005
154 157 0.0005
149 158 0.0005
159 158 0.0019
810 158 0.001
1314 158 0.0014
156 159 0.0029
158 159 0.0019
810 159 0.0034
143 161 0.0034
162 161 0.0014
184 161 0.0014
161 162 0.0014
163 162 0.0048
167 162 0.0029
162 163 0.0048
164 163 0.0034
181 163 0.001
163 164 0.0034
165 164 0.0014
166 164 0.0053
164 165 0.0014
794 165 0.0029
1333 165 0.001
164 166 0.0053
798 166 0.0034
1321 166 0.0043
162 167 0.0029
169 167 0.0029
167 169 0.0029
170 169 0.0029
169 170 0.0029
1319 170 0.0029
142 172 0.0043
174 172 0.0019
813 172 0.0068
172 174 0.0019
175 174 0.0024
174 175 0.0024
177 175 0.0068
192 175 0.0039
183 176 0.0082
813 176 0.0077
175 177 0.0068
178 177 0.0014
181 177 0.0048
177 178 0.0014
179 178 0.0029
180 178 0.001
178 179 0.0029
206 179 0.0014
791 179 0.001
178 180 0.001
791 180 0.001
163 181 0.001
177 181 0.0048
182 181 0.0063
181 182 0.0063
183 182 0.0077
184 182 0.001
176 183 0.0082
182 183 0.0077
184 183 0.0029
161 184 0.0014
182 184 0.001
183 184 0.0029
186 185 0.001
1081 185 0.0024
1284 185 0.001
133 186 0.0145
185 186 0.001
187 186 0.0111
1081 186 0.0043
186 187 0.0111
188 187 0.0024
190 187 0.0121
187 188 0.0024
189 188 0.0014
195 188 0.0005
188 189 0.0014
190 189 0.0116
202 189 0.0096
187 190 0.0121
189 190 0.0116
191 190 0.0039
190 191 0.0039
192 191 0.0053
1286 191 0.001
175 192 0.0039
191 192 0.0053
1286 192 0.001
194 193 0.0111
215 193 0.0116
1078 193 0.0029
131 194 0.0096
193 194 0.0111
1078 194 0.001
130 195 0.0005
188 195 0.0005
189 202 0.0096
203 202 0.0096
202 203 0.0096
205 203 0.0096
206 203 0.0034
203 205 0.0096
211 205 0.0096
179 206 0.0014
203 206 0.0034
208 206 0.0014
206 208 0.0014
209 208 0.0014
208 209 0.0014
789 209 0.0014
205 211 0.0096
212 211 0.0063
214 211 0.0029
211 212 0.0063
213 212 0.0068
786 212 0.0039
212 213 0.0068
774 213 0.0053
777 213 0.0029
211 214 0.0029
224 214 0.0029
193 215 0.0116
219 215 0.0116
1080 215 0.0053
217 216 0.0063
335 216 0.0048
1080 216 0.0039
216 217 0.0063
218 217 0.0058
276 217 0.0048
1042 217 0.0072
217 218 0.0058
219 218 0.0058
253 218 0.0043
215 219 0.0116
218 219 0.0058
220 219 0.0101
219 220 0.0101
221 220 0.0063
226 220 0.0101
220 221 0.0063
222 221 0.0019
224 221 0.0039
221 222 0.0019
223 222 0.0019
814 222 0.0043
222 223 0.0019
1511 223 0.0019
214 224 0.0029
221 224 0.0039
1509 224 0.0005
220 226 0.0101
242 226 0.0034
814 226 0.0092
228 227 0.0058
814 227 0.0092
1506 227 0.0029
227 228 0.0058
229 228 0.0019
235 228 0.0034
228 229 0.0019
230 229 0.0019
229 230 0.0019
774 230 0.0019
235 233 0.0019
769 233 0.0019
228 235 0.0034
233 235 0.0019
236 235 0.001
235 236 0.001
238 236 0.0024
239 236 0.0039
236 238 0.0024
1591 238 0.0024
236 239 0.0039
240 239 0.0063
241 239 0.0019
239 240 0.0063
749 240 0.0039
751 240 0.0019
239 241 0.0019
760 241 0.0019
226 242 0.0034
243 242 0.0014
245 242 0.0053
242 243 0.0014
244 243 0.0014
243 244 0.0014
245 244 0.0014
242 245 0.0053
244 245 0.0014
246 245 0.0034
245 246 0.0034
247 246 0.0014
258 246 0.0029
246 247 0.0014
248 247 0.0048
725 247 0.0039
247 248 0.0048
734 248 0.0048
250 249 0.0039
252 249 0.0014
262 249 0.0029
249 250 0.0039
251 250 0.0024
252 250 0.001
250 251 0.0024
721 251 0.0024
249 252 0.0014
250 252 0.001
218 253 0.0043
257 253 0.0019
1113 253 0.0019
253 257 0.0019
258 257 0.0043
269 257 0.0019
246 258 0.0029
257 258 0.0043
259 258 0.0029
258 259 0.0029
260 259 0.0058
262 259 0.0034
259 260 0.0058
261 260 0.0063
1121 260 0.0048
260 261 0.0063
1121 261 0.001
1203 261 0.0048
249 262 0.0029
259 262 0.0034
714 263 0.0063
1203 263 0.0072
1374 263 0.0063
265 264 0.0024
269 264 0.0005
1099 264 0.0014
264 265 0.0024
266 265 0.001
1099 265 0.001
265 266 0.001
1118 266 0.001
1119 266 0.0024
268 267 0.0019
286 267 0.0024
267 268 0.0019
1118 268 0.0014
257 269 0.0019
264 269 0.0005
270 269 0.0029
269 270 0.0029
271 270 0.0024
1120 270 0.0058
270 271 0.0024
272 271 0.0014
1121 271 0.0005
271 272 0.0014
1120 272 0.0058
1121 272 0.0043
711 273 0.0043
1201 273 0.0058
1202 273 0.001
275 274 0.0014
1118 274 0.0014
1119 274 0.0034
274 275 0.0014
1120 275 0.0024
1201 275 0.0005
217 276 0.0048
277 276 0.0029
1043 276 0.0005
1045 276 0.0043
276 277 0.0029
278 277 0.0034
279 277 0.0019
277 278 0.0034
279 278 0.0014
280 278 0.0024
277 279 0.0019
278 279 0.0014
369 279 0.001
278 280 0.0024
1108 280 0.0058
1516 280 0.0039
282 281 0.0058
1108 281 0.0077
1111 281 0.0063
281 282 0.0058
1104 282 0.0005
1105 282 0.0068
1097 283 0.0019
1098 283 0.001
1106 283 0.0005
286 285 0.0014
287 285 0.0039
1097 285 0.0014
267 286 0.0024
285 286 0.0014
1118 286 0.0019
1123 286 0.0019
285 287 0.0039
291 287 0.0019
1096 287 0.0024
402 288 0.001
1096 288 0.0019
313 289 0.001
1125 289 0.0014
291 290 0.001
300 290 0.001
1125 290 0.001
287 291 0.0019
290 291 0.001
292 291 0.0034
1124 291 0.0024
291 292 0.0034
1123 292 0.0029
1122 293 0.001
1149 293 0.0005
1151 293 0.0019
1151 294 0.0029
1152 294 0.0034
296 295 0.0043
1197 295 0.0043
295 296 0.0043
708 296 0.0048
1200 296 0.0039
966 298 0.0029
1124 298 0.0024
1150 298 0.0039
301 299 0.0053
966 299 0.0039
1147 299 0.0058
290 300 0.001
301 300 0.001
966 300 0.0024
299 301 0.0053
300 301 0.001
1145 301 0.0039
1147 304 0.0063
1200 304 0.0077
1488 304 0.001
306 305 0.0039
313 305 0.0043
305 306 0.0039
307 306 0.0029
308 306 0.0053
1145 306 0.0014
306 307 0.0029
308 307 0.001
312 307 0.0014
306 308 0.0053
307 308 0.001
315 308 0.0039
315 309 0.0058
1145 309 0.0058
307 312 0.0014
313 312 0.0014
289 313 0.001
305 313 0.0043
312 313 0.0014
1125 313 0.0019
1126 313 0.0019
308 315 0.0039
309 315 0.0058
454 315 0.0068
1154 315 0.0039
23 316 0.0043
29 316 0.0005
317 316 0.0034
316 317 0.0034
318 317 0.0005
322 317 0.0024
317 318 0.0005
968 318 0.0005
44 320 0.0019
968 320 0.0019
116 322 0.001
317 322 0.0024
325 322 0.0029
480 323 0.0034
482 323 0.0014
969 323 0.0014
322 325 0.0029
326 325 0.0024
325 326 0.0024
327 326 0.0039
328 326 0.0048
120 327 0.0005
326 327 0.0039
1087 327 0.0029
326 328 0.0048
329 328 0.0039
1009 328 0.0024
328 329 0.0039
330 329 0.0053
333 329 0.0029
329 330 0.0053
331 330 0.0048
330 331 0.0048
332 331 0.0039
333 331 0.0014
1090 331 0.0005
129 332 0.0034
331 332 0.0039
1088 332 0.0019
329 333 0.0029
331 333 0.0014
1031 333 0.0034
1091 333 0.0029
348 334 0.001
1031 334 0.0034
1033 334 0.0048
216 335 0.0048
336 335 0.0039
1041 335 0.0005
335 336 0.0039
337 336 0.001
1089 336 0.0053
336 337 0.001
1088 337 0.0029
1089 337 0.0034
1092 337 0.0014
1033 338 0.0068
1035 338 0.0053
1041 338 0.0039
340 339 0.0068
486 339 0.0068
1009 339 0.0034
339 340 0.0068
1004 340 0.0082
1012 340 0.001
342 341 0.0043
343 341 0.001
1003 341 0.0029
341 342 0.0043
343 342 0.0063
348 342 0.0053
341 343 0.001
342 343 0.0063
1030 343 0.0048
347 344 0.0058
1029 344 0.001
1030 344 0.0053
347 345 0.0034
352 345 0.001
362 345 0.0048
347 346 0.0048
1040 346 0.0043
344 347 0.0058
345 347 0.0034
346 347 0.0048
334 348 0.001
342 348 0.0053
1034 348 0.0068
350 349 0.0019
1038 349 0.0005
1044 349 0.001
349 350 0.0019
1043 350 0.0014
353 351 0.0019
366 351 0.001
1038 351 0.0014
345 352 0.001
353 352 0.0005
363 352 0.0019
351 353 0.0019
352 353 0.0005
354 353 0.0029
353 354 0.0029
355 354 0.0029
356 354 0.0014
354 355 0.0029
356 355 0.0014
363 355 0.0043
1017 355 0.0029
354 356 0.0014
355 356 0.0014
357 356 0.0014
356 357 0.0014
366 357 0.0005
367 357 0.001
1017 357 0.0019
1018 357 0.0024
362 358 0.0072
1017 358 0.0068
1022 358 0.0024
360 359 0.0048
1022 359 0.0014
1024 359 0.0029
359 360 0.0048
361 360 0.0068
364 360 0.0053
360 361 0.0068
362 361 0.0072
1029 361 0.001
345 362 0.0048
358 362 0.0072
361 362 0.0072
363 362 0.0048
352 363 0.0019
355 363 0.0043
362 363 0.0048
360 364 0.0053
1016 364 0.0034
1024 364 0.0014
1027 364 0.0034
492 365 0.0058
494 365 0.0034
1013 365 0.001
1014 365 0.0072
351 366 0.001
357 366 0.0005
357 367 0.001
370 367 0.0014
1046 368 0.0005
1049 368 0.001
1051 368 0.0019
279 369 0.001
371 369 0.001
1517 369 0.0024
367 370 0.0014
373 370 0.0014
1049 370 0.0024
1050 370 0.0024
1051 370 0.0024
369 371 0.001
1047 371 0.0019
1052 371 0.0024
1517 371 0.0034
1020 372 0.0048
1021 372 0.001
1026 372 0.0034
370 373 0.0014
1018 373 0.0063
1020 373 0.0048
381 374 0.0019
1048 374 0.0029
1055 374 0.0024
1056 374 0.0024
376 375 0.0005
379 375 0.0014
1055 375 0.0024
375 376 0.0005
377 376 0.0014
1102 376 0.0014
376 377 0.0014
378 377 0.0019
389 377 0.0029
377 378 0.0019
386 378 0.0014
375 379 0.0014
1053 379 0.0019
496 380 0.0019
1026 380 0.0014
374 381 0.0019
922 381 0.0106
1056 381 0.001
1057 381 0.0072
1061 381 0.0034
383 382 0.001
1061 382 0.0034
1064 382 0.0019
382 383 0.001
384 383 0.001
1066 383 0.0029
383 384 0.001
414 384 0.0024
1067 384 0.001
391 385 0.0014
396 385 0.0043
1060 385 0.0024
378 386 0.0014
387 386 0.001
386 387 0.001
388 387 0.0039
389 387 0.0053
387 388 0.0039
1516 388 0.0034
377 389 0.0029
387 389 0.0053
1103 389 0.0048
403 390 0.0034
406 390 0.0029
1094 390 0.0005
1101 390 0.001
1102 390 0.0034
385 391 0.0014
392 391 0.0034
398 391 0.0014
391 392 0.0034
395 392 0.0039
397 394 0.0014
1093 394 0.001
392 395 0.0039
396 395 0.0058
397 395 0.0053
385 396 0.0043
395 396 0.0058
397 396 0.001
1491 396 0.0043
394 397 0.0014
395 397 0.0053
396 397 0.001
1492 397 0.0019
391 398 0.0014
400 398 0.0029
1100 398 0.0019
407 399 0.0014
412 399 0.001
1093 399 0.001
1094 399 0.0014
398 400 0.0029
1093 400 0.0014
1101 400 0.0019
402 401 0.001
403 401 0.0043
1103 401 0.0029
288 402 0.001
401 402 0.001
1095 402 0.0024
390 403 0.0034
401 403 0.0043
1095 403 0.0043
390 406 0.0029
1094 406 0.0014
1095 406 0.0019
399 407 0.0014
1127 407 0.0019
409 408 0.0005
412 408 0.0019
1127 408 0.0039
1128 408 0.0024
408 409 0.0005
1127 409 0.0005
399 412 0.001
408 412 0.0019
435 412 0.0005
384 414 0.0024
415 414 0.0087
496 414 0.0058
414 415 0.0087
507 415 0.0121
1071 415 0.0096
434 416 0.013
1067 416 0.0072
1071 416 0.0121
423 417 0.0029
923 417 0.0058
1064 417 0.0082
923 418 0.0068
924 418 0.0039
1059 418 0.0024
931 419 0.0082
1489 419 0.0058
1621 419 0.0106
929 420 0.0058
931 420 0.0053
1489 420 0.0039
435 421 0.0005
448 421 0.0048
1497 421 0.0063
1504 421 0.0019
417 423 0.0029
424 423 0.001
1612 423 0.0014
423 424 0.001
431 424 0.0039
1600 424 0.001
1606 424 0.001
426 425 0.0034
1618 425 0.0039
425 426 0.0034
936 426 0.001
951 426 0.0034
1618 426 0.001
428 427 0.0058
429 427 0.0014
932 427 0.0024
934 427 0.001
427 428 0.0058
947 428 0.0096
951 428 0.0063
427 429 0.0014
940 429 0.0063
947 429 0.0082
469 430 0.0014
963 430 0.0029
964 430 0.0019
424 431 0.0039
432 431 0.0014
1600 431 0.0014
1601 431 0.0039
431 432 0.0014
962 432 0.0005
1610 432 0.0024
1603 433 0.0087
1605 433 0.0082
416 434 0.013
1605 434 0.0063
1614 434 0.0014
1626 434 0.0063
412 435 0.0005
421 435 0.0005
452 435 0.0014
437 436 0.0092
440 436 0.0068
1621 436 0.0106
436 437 0.0092
438 437 0.0034
463 437 0.0053
437 438 0.0034
439 438 0.0014
819 438 0.0029
438 439 0.0014
817 439 0.0058
827 439 0.0063
1465 439 0.001
436 440 0.0068
441 440 0.0019
443 440 0.0043
440 441 0.0019
821 441 0.0029
822 441 0.0005
459 442 0.0014
821 442 0.0024
1465 442 0.0005
440 443 0.0043
444 443 0.001
449 443 0.0029
443 444 0.001
446 444 0.0005
825 445 0.0058
1135 445 0.0072
1140 445 0.0039
1143 445 0.0111
444 446 0.0005
450 446 0.001
1132 446 0.0014
1133 446 0.001
1130 447 0.0087
1136 447 0.0092
421 448 0.0048
449 448 0.0063
452 448 0.0029
443 449 0.0029
448 449 0.0063
450 449 0.0029
446 450 0.001
449 450 0.0029
451 450 0.0024
450 451 0.0024
452 451 0.0043
1129 451 0.0024
435 452 0.0014
448 452 0.0029
451 452 0.0043
1128 452 0.001
454 453 0.0005
455 453 0.0029
1139 453 0.0024
315 454 0.0068
453 454 0.0005
1144 454 0.0077
453 455 0.0029
1142 455 0.0024
1144 455 0.0058
1143 456 0.0106
1144 456 0.0106
459 458 0.0063
823 458 0.0082
1481 458 0.0014
442 459 0.0014
458 459 0.0063
826 459 0.0043
437 463 0.0053
938 463 0.0048
701 464 0.001
817 464 0.001
472 466 0.0063
701 466 0.0058
702 466 0.001
574 468 0.001
702 468 0.0005
1450 468 0.0019
430 469 0.0014
954 469 0.0024
958 469 0.0034
472 471 0.0082
589 471 0.0082
958 471 0.0072
466 472 0.0063
471 472 0.0082
585 472 0.0014
560 473 0.0082
1603 473 0.0087
1611 473 0.0077
606 474 0.0063
1599 474 0.0048
1611 474 0.0048
23 475 0.0072
476 475 0.0024
478 475 0.0043
475 476 0.0024
502 476 0.0024
475 478 0.0043
480 478 0.0063
487 478 0.0014
480 479 0.0092
482 479 0.0029
483 479 0.0087
323 480 0.0034
478 480 0.0063
479 480 0.0092
482 481 0.001
483 481 0.0029
485 481 0.0014
323 482 0.0014
479 482 0.0029
481 482 0.001
479 483 0.0087
481 483 0.0029
486 483 0.0063
481 485 0.0014
969 485 0.001
339 486 0.0068
483 486 0.0063
490 486 0.0048
491 486 0.0068
478 487 0.0014
490 487 0.0019
490 488 0.001
999 488 0.0014
495 489 0.0058
999 489 0.0063
486 490 0.0048
487 490 0.0019
488 490 0.001
1001 490 0.0019
486 491 0.0068
492 491 0.0048
920 491 0.0024
365 492 0.0058
491 492 0.0048
493 492 0.0024
492 493 0.0024
494 493 0.0034
919 493 0.0024
365 494 0.0034
493 494 0.0034
1027 494 0.0034
489 495 0.0058
496 495 0.0072
919 495 0.0019
380 496 0.0019
414 496 0.0058
495 496 0.0072
22 497 0.0077
503 497 0.0068
912 497 0.0005
500 499 0.0072
503 499 0.0068
499 500 0.0072
501 500 0.0019
513 500 0.0048
500 501 0.0019
502 501 0.0101
990 501 0.0077
476 502 0.0024
501 502 0.0101
503 502 0.0082
504 502 0.0072
497 503 0.0068
499 503 0.0068
502 503 0.0082
502 504 0.0072
999 504 0.0072
506 505 0.0082
508 505 0.0068
989 505 0.0106
505 506 0.0082
514 506 0.0029
1375 506 0.0063
415 507 0.0121
547 507 0.0096
1375 507 0.0087
505 508 0.0068
509 508 0.0053
514 508 0.001
508 509 0.0053
991 509 0.0019
995 509 0.0029
996 509 0.0019
997 509 0.0019
511 510 0.0005
527 510 0.0058
994 510 0.0048
510 511 0.0005
529 511 0.001
500 513 0.0048
911 513 0.0072
994 513 0.0019
506 514 0.0029
508 514 0.001
516 514 0.0014
544 515 0.0029
1377 515 0.0024
1378 515 0.0024
514 516 0.0014
517 516 0.0005
997 516 0.0005
516 517 0.0005
541 517 0.001
7 518 0.0019
520 518 0.0019
518 520 0.0019
521 520 0.0019
914 520 0.0043
520 521 0.0019
974 521 0.0019
523 522 0.001
972 522 0.0005
974 522 0.0019
976 522 0.0024
522 523 0.001
524 523 0.0014
1639 523 0.0029
523 524 0.0014
525 524 0.0014
983 524 0.0034
524 525 0.0014
526 525 0.001
527 525 0.0029
525 526 0.001
527 526 0.0082
911 526 0.0068
510 527 0.0058
525 527 0.0029
526 527 0.0082
528 527 0.0063
527 528 0.0063
529 528 0.0039
533 528 0.0068
511 529 0.001
528 529 0.0039
530 529 0.0024
529 530 0.0024
531 530 0.0024
537 530 0.0039
998 530 0.001
530 531 0.0024
987 531 0.0019
1381 531 0.001
1382 531 0.0029
528 533 0.0068
534 533 0.001
535 533 0.0082
533 534 0.001
535 534 0.0048
537 534 0.0034
533 535 0.0082
534 535 0.0048
983 535 0.0058
983 536 0.0082
984 536 0.001
1650 536 0.0068
530 537 0.0039
534 537 0.0034
538 537 0.0029
537 538 0.0029
985 538 0.0024
986 538 0.0029
517 541 0.001
542 541 0.0029
544 541 0.0014
541 542 0.0029
543 542 0.0039
998 542 0.0005
542 543 0.0039
622 543 0.0029
630 543 0.0019
631 543 0.0029
515 544 0.0029
541 544 0.0014
622 544 0.0053
623 544 0.001
1379 544 0.0043
546 545 0.0019
903 545 0.0005
1379 545 0.0029
545 546 0.0019
549 546 0.0029
1376 546 0.0034
507 547 0.0096
548 547 0.0063
551 547 0.0024
547 548 0.0063
549 548 0.0039
558 548 0.0039
546 549 0.0029
548 549 0.0039
550 549 0.0005
549 550 0.0005
570 550 0.0024
1387 550 0.0034
547 551 0.0024
553 551 0.0019
553 552 0.0053
556 552 0.0005
1072 552 0.0039
551 553 0.0019
552 553 0.0053
1071 553 0.0077
1073 555 0.0053
1415 555 0.001
1625 555 0.0068
552 556 0.0005
1072 556 0.0005
548 558 0.0039
562 558 0.0024
904 558 0.0048
561 559 0.0077
1414 559 0.0048
1602 559 0.0053
473 560 0.0082
572 560 0.0063
1420 560 0.001
1602 560 0.0058
559 561 0.0077
904 561 0.0068
1415 561 0.0005
558 562 0.0024
1387 562 0.0019
1413 562 0.0029
1405 563 0.0024
1413 563 0.0034
1414 563 0.0034
613 564 0.0048
1405 564 0.0039
1439 564 0.0005
566 565 0.0024
618 565 0.0029
1404 565 0.0019
565 566 0.0024
567 566 0.0019
568 566 0.0019
566 567 0.0019
569 567 0.0029
571 567 0.0034
566 568 0.0019
569 568 0.0005
619 568 0.0024
899 568 0.001
567 569 0.0029
568 569 0.0005
570 569 0.0034
1403 569 0.001
550 570 0.0024
569 570 0.0034
1403 570 0.001
567 571 0.0034
1387 571 0.0039
560 572 0.0063
573 572 0.0014
1406 572 0.0053
572 573 0.0014
1418 573 0.0034
1421 573 0.0014
468 574 0.001
581 574 0.0014
1459 574 0.0029
576 575 0.0014
578 575 0.0029
1459 575 0.0024
575 576 0.0014
577 576 0.0019
578 576 0.0019
576 577 0.0019
1454 577 0.0019
1456 577 0.0014
575 578 0.0029
576 578 0.0019
1453 578 0.0039
1454 578 0.0029
583 579 0.0014
1453 579 0.0019
574 581 0.0014
582 581 0.0048
586 581 0.0058
1450 581 0.0019
1451 581 0.0029
581 582 0.0048
1452 582 0.001
1458 582 0.0063
579 583 0.0014
588 583 0.0005
1452 583 0.0024
472 585 0.0014
586 585 0.0043
589 585 0.0063
581 586 0.0058
585 586 0.0043
587 586 0.0019
586 587 0.0019
1451 587 0.0014
583 588 0.0005
591 588 0.0014
1451 588 0.001
1452 588 0.0005
471 589 0.0082
585 589 0.0063
590 589 0.0053
589 590 0.0053
596 590 0.0058
588 591 0.0014
837 591 0.0019
595 593 0.0068
837 593 0.0029
838 593 0.0019
846 593 0.0005
847 593 0.0019
593 595 0.0068
596 595 0.0068
601 595 0.0092
590 596 0.0058
595 596 0.0068
597 596 0.0005
596 597 0.0005
599 597 0.0014
700 597 0.0024
599 598 0.0029
606 598 0.0048
965 598 0.0014
597 599 0.0014
598 599 0.0029
600 599 0.0048
599 600 0.0048
603 600 0.0005
700 600 0.0058
595 601 0.0092
700 601 0.0058
848 601 0.0053
1588 601 0.0019
603 602 0.0005
700 602 0.0024
1588 602 0.0014
600 603 0.0005
602 603 0.0005
698 605 0.0034
699 605 0.001
856 605 0.0019
474 606 0.0063
598 606 0.0048
607 606 0.0048
606 607 0.0048
608 607 0.0029
965 607 0.0024
607 608 0.0029
1445 608 0.0024
610 609 0.001
648 609 0.001
885 609 0.0043
1522 609 0.0014
609 610 0.001
660 610 0.0029
885 610 0.0039
1521 610 0.0019
564 613 0.0048
1407 613 0.0043
1408 613 0.0019
616 614 0.0034
621 614 0.001
1430 614 0.0048
898 615 0.0043
1431 615 0.0058
1432 615 0.0019
1440 615 0.0005
614 616 0.0034
617 616 0.0029
1428 616 0.0039
1443 616 0.0034
616 617 0.0029
1396 617 0.0014
1444 617 0.001
565 618 0.0029
619 618 0.0043
898 618 0.0048
568 619 0.0024
618 619 0.0043
620 619 0.0014
619 620 0.0014
898 620 0.0058
899 620 0.0039
614 621 0.001
899 621 0.0024
900 621 0.001
543 622 0.0029
544 622 0.0053
623 622 0.0034
632 622 0.001
544 623 0.001
622 623 0.0034
635 623 0.0019
626 624 0.0014
910 624 0.0029
1383 624 0.0029
627 625 0.0058
1384 625 0.0043
1789 625 0.001
624 626 0.0014
627 626 0.0014
628 626 0.0005
631 626 0.0039
1384 626 0.0043
625 627 0.0058
626 627 0.0014
628 627 0.0039
626 628 0.0005
627 628 0.0039
629 628 0.001
630 628 0.0014
628 629 0.001
632 629 0.0014
1663 629 0.0029
543 630 0.0019
628 630 0.0014
543 631 0.0029
626 631 0.0039
910 631 0.0005
622 632 0.001
629 632 0.0014
633 632 0.0029
632 633 0.0029
906 633 0.0039
908 633 0.0043
635 634 0.0019
906 634 0.0029
907 634 0.0005
623 635 0.0019
634 635 0.0019
903 635 0.0014
905 638 0.0005
1399 638 0.0014
1661 638 0.0043
1662 638 0.0014
1394 639 0.001
1395 639 0.0048
1669 639 0.0019
1795 639 0.0029
1797 639 0.0014
641 640 0.0125
645 640 0.0068
1412 640 0.0072
640 641 0.0125
642 641 0.0019
896 641 0.0101
1411 641 0.0005
641 642 0.0019
645 642 0.0014
688 643 0.0029
891 643 0.0039
891 644 0.0039
893 644 0.0068
896 644 0.0072
1441 644 0.0005
640 645 0.0068
642 645 0.0014
646 645 0.0068
689 645 0.0014
645 646 0.0068
647 646 0.0029
665 646 0.0082
646 647 0.0029
651 647 0.0043
1628 647 0.001
609 648 0.001
649 648 0.0029
1628 648 0.0014
648 649 0.0029
885 649 0.0029
647 651 0.0043
652 651 0.0019
654 651 0.0019
651 652 0.0019
670 652 0.0024
651 654 0.0019
656 654 0.0043
1525 654 0.0029
661 655 0.0029
869 655 0.0014
1536 655 0.001
1537 655 0.0024
654 656 0.0043
658 656 0.0043
656 658 0.0043
660 658 0.0043
610 660 0.0029
658 660 0.0043
1521 660 0.001
1523 660 0.0024
655 661 0.0029
1543 661 0.0034
858 662 0.0077
861 662 0.0029
1542 662 0.0053
861 663 0.001
862 663 0.0005
867 664 0.0043
1553 664 0.0005
1554 664 0.0053
646 665 0.0082
666 665 0.0058
689 665 0.0058
665 666 0.0058
667 666 0.0039
670 666 0.0024
666 667 0.0039
668 667 0.001
687 667 0.0034
688 667 0.0014
667 668 0.001
682 668 0.001
652 670 0.0024
666 670 0.0024
674 670 0.0014
1527 670 0.0014
1528 671 0.0005
1555 671 0.0024
1562 671 0.0034
884 672 0.0043
1561 672 0.0043
870 673 0.0043
1558 673 0.0024
1559 673 0.0043
670 674 0.0014
675 674 0.001
676 674 0.0029
674 675 0.001
676 675 0.0029
677 675 0.0014
674 676 0.0029
675 676 0.0029
675 677 0.0014
1527 677 0.0014
1529 677 0.0039
875 678 0.0019
1529 678 0.0014
1575 678 0.0019
1678 680 0.0019
1815 680 0.0019
668 682 0.001
683 682 0.0024
687 682 0.0005
682 683 0.0024
684 683 0.0029
687 683 0.0058
683 684 0.0029
685 684 0.0014
687 684 0.001
684 685 0.0014
1807 685 0.0014
667 687 0.0034
682 687 0.0005
683 687 0.0058
684 687 0.001
643 688 0.0029
667 688 0.0014
689 688 0.0039
690 688 0.0005
645 689 0.0014
665 689 0.0058
688 689 0.0039
688 690 0.0005
889 690 0.001
886 691 0.0014
1444 691 0.0039
1677 691 0.0019
870 695 0.0048
871 695 0.0048
697 696 0.0034
874 696 0.0024
1576 696 0.0043
696 697 0.0034
1577 697 0.001
1581 697 0.0019
605 698 0.0034
699 698 0.001
1547 698 0.0068
1550 698 0.0043
605 699 0.001
698 699 0.001
597 700 0.0024
600 700 0.0058
601 700 0.0058
602 700 0.0024
464 701 0.001
466 701 0.0058
704 701 0.0005
942 701 0.0024
1459 701 0.0024
466 702 0.001
468 702 0.0005
701 704 0.0005
1456 704 0.0005
1152 706 0.0029
1198 706 0.0024
296 708 0.0048
1177 708 0.0034
1196 708 0.001
1170 709 0.0043
1176 709 0.0058
1182 709 0.001
1182 710 0.0024
1183 710 0.0014
1184 710 0.0005
273 711 0.0043
712 711 0.0014
1196 711 0.0024
711 712 0.0014
714 712 0.0068
1190 712 0.0024
1191 712 0.0068
263 714 0.0063
712 714 0.0068
716 715 0.0029
1184 715 0.001
1211 715 0.0014
715 716 0.0029
1212 716 0.0029
719 718 0.0029
1374 718 0.0029
718 719 0.0029
729 719 0.0029
1185 719 0.0039
1204 719 0.0019
721 720 0.0024
1374 720 0.0029
251 721 0.0024
720 721 0.0024
247 725 0.0039
726 725 0.0034
725 726 0.0034
1205 726 0.0029
739 727 0.0005
744 727 0.0034
1204 727 0.0039
1205 727 0.001
719 729 0.0029
730 729 0.0029
1206 729 0.001
1219 729 0.001
729 730 0.0029
1204 730 0.0014
1220 730 0.0024
1224 730 0.001
734 731 0.0063
735 731 0.0024
831 731 0.0063
733 732 0.0019
831 732 0.001
1279 732 0.0005
732 733 0.0019
743 733 0.0068
831 733 0.0077
248 734 0.0048
731 734 0.0063
735 734 0.001
731 735 0.0024
734 735 0.001
736 735 0.001
735 736 0.001
1279 736 0.001
742 737 0.0058
833 737 0.0019
1279 737 0.0034
1592 737 0.0024
727 739 0.0005
740 739 0.001
739 740 0.001
741 740 0.0053
745 740 0.0058
1278 740 0.0029
1281 740 0.001
740 741 0.0053
743 741 0.0058
737 742 0.0058
743 742 0.0063
1278 742 0.0043
733 743 0.0068
741 743 0.0058
742 743 0.0063
727 744 0.0034
1281 744 0.0005
1282 744 0.0043
740 745 0.0058
746 745 0.0048
833 745 0.0005
745 746 0.0048
1280 746 0.0063
1282 746 0.001
240 749 0.0039
754 749 0.0039
240 751 0.0019
752 751 0.0014
760 751 0.0039
751 752 0.0014
762 752 0.0014
749 754 0.0039
755 754 0.0014
756 754 0.0058
754 755 0.0014
757 755 0.0058
1591 755 0.0039
754 756 0.0058
757 756 0.0058
755 757 0.0058
756 757 0.0058
832 758 0.0014
1230 758 0.0014
241 760 0.0019
751 760 0.0039
761 760 0.0014
760 761 0.0014
762 761 0.0014
752 762 0.0014
761 762 0.0014
233 769 0.0019
771 769 0.0019
769 771 0.0019
775 771 0.0019
213 774 0.0053
230 774 0.0019
775 774 0.0019
778 774 0.0005
771 775 0.0019
774 775 0.0019
213 777 0.0029
778 777 0.0005
780 777 0.0039
774 778 0.0005
777 778 0.0005
1359 778 0.0014
777 780 0.0039
783 780 0.0039
1350 780 0.0034
782 781 0.001
1350 781 0.0034
1362 781 0.0048
781 782 0.001
1362 782 0.001
780 783 0.0039
784 783 0.0029
786 783 0.0034
783 784 0.0029
785 784 0.0019
1352 784 0.0024
1355 784 0.0024
784 785 0.0019
1351 785 0.001
1352 785 0.0019
1356 785 0.001
212 786 0.0039
783 786 0.0034
787 786 0.0029
786 787 0.0029
1353 787 0.001
1593 787 0.0014
209 789 0.0014
1593 789 0.0029
1594 789 0.001
179 791 0.001
180 791 0.001
795 793 0.0024
1333 793 0.0024
165 794 0.0029
795 794 0.0024
796 794 0.0029
793 795 0.0024
794 795 0.0024
1328 795 0.001
1333 795 0.001
794 796 0.0029
798 796 0.0034
800 796 0.0029
166 798 0.0034
796 798 0.0034
799 798 0.0034
798 799 0.0034
800 799 0.0029
806 799 0.0014
807 799 0.001
796 800 0.0029
799 800 0.0029
801 800 0.0024
800 801 0.0024
807 801 0.001
1326 801 0.001
806 803 0.001
1321 803 0.001
156 805 0.0014
808 805 0.0019
799 806 0.0014
803 806 0.001
799 807 0.001
801 807 0.001
805 808 0.0019
810 808 0.0019
158 810 0.001
159 810 0.0034
808 810 0.0019
143 813 0.0053
172 813 0.0068
176 813 0.0077
222 814 0.0043
226 814 0.0092
227 814 0.0092
38 815 0.0034
48 815 0.0029
439 817 0.0058
464 817 0.001
1466 817 0.0043
438 819 0.0029
821 819 0.0029
441 821 0.0029
442 821 0.0024
819 821 0.0029
822 821 0.0063
823 821 0.001
1465 821 0.0019
441 822 0.0005
821 822 0.0063
823 822 0.0116
824 822 0.0068
458 823 0.0082
821 823 0.001
822 823 0.0116
1153 823 0.0014
822 824 0.0068
825 824 0.0082
1137 824 0.0019
445 825 0.0058
824 825 0.0082
1138 825 0.0106
459 826 0.0043
827 826 0.0043
439 827 0.0063
826 827 0.0043
1466 827 0.0014
731 831 0.0063
732 831 0.001
733 831 0.0077
758 832 0.0014
1242 832 0.0014
737 833 0.0019
745 833 0.0005
1278 833 0.001
591 837 0.0019
593 837 0.0029
838 837 0.0005
593 838 0.0019
837 838 0.0005
839 838 0.001
838 839 0.001
843 839 0.0029
845 839 0.0014
841 840 0.0019
845 840 0.001
856 840 0.0005
840 841 0.0019
842 841 0.0024
846 841 0.0034
850 841 0.001
841 842 0.0024
843 842 0.0029
845 842 0.0029
839 843 0.0029
842 843 0.0029
839 845 0.0014
840 845 0.001
842 845 0.0029
593 846 0.0005
841 846 0.0034
847 846 0.0043
593 847 0.0019
846 847 0.0043
848 847 0.0068
601 848 0.0053
847 848 0.0068
849 848 0.001
848 849 0.001
850 849 0.001
841 850 0.001
849 850 0.001
605 856 0.0019
840 856 0.0005
863 856 0.0029
662 858 0.0077
859 858 0.0053
1547 858 0.0048
858 859 0.0053
860 859 0.0063
1547 859 0.0034
859 860 0.0063
861 860 0.0014
862 860 0.0043
662 861 0.0029
663 861 0.001
860 861 0.0014
663 862 0.0005
860 862 0.0043
863 862 0.0034
856 863 0.0029
862 863 0.0034
864 863 0.0019
863 864 0.0019
866 864 0.0019
864 866 0.0019
1538 866 0.0019
1540 866 0.0024
664 867 0.0043
1552 867 0.0048
655 869 0.0014
1544 869 0.001
1545 869 0.0029
673 870 0.0043
695 870 0.0048
695 871 0.0048
874 871 0.0019
1576 871 0.0063
1577 872 0.001
1579 872 0.001
696 874 0.0024
871 874 0.0019
1580 874 0.0005
678 875 0.0019
1564 875 0.0024
1575 875 0.0029
877 876 0.0034
879 876 0.001
1564 876 0.0019
876 877 0.0034
879 877 0.0034
876 879 0.001
877 879 0.0034
880 879 0.0019
879 880 0.0019
881 880 0.0019
884 880 0.0024
880 881 0.0019
882 881 0.0024
884 881 0.0014
1578 881 0.0019
881 882 0.0024
883 882 0.0024
1818 882 0.0014
882 883 0.0024
1630 883 0.001
1755 883 0.0039
672 884 0.0043
880 884 0.0024
881 884 0.0014
1576 884 0.0034
609 885 0.0043
610 885 0.0039
649 885 0.0029
691 886 0.0014
887 886 0.0043
889 886 0.0024
886 887 0.0043
888 887 0.001
1444 887 0.0029
887 888 0.001
889 888 0.001
690 889 0.001
886 889 0.0024
888 889 0.001
643 891 0.0039
644 891 0.0039
644 893 0.0068
1428 893 0.0053
1434 893 0.0005
1443 893 0.0058
895 894 0.0014
897 894 0.0005
1436 894 0.0005
894 895 0.0014
896 895 0.0024
1411 895 0.0005
641 896 0.0101
644 896 0.0072
895 896 0.0024
894 897 0.0005
1409 897 0.001
615 898 0.0043
618 898 0.0048
620 898 0.0058
568 899 0.001
620 899 0.0039
621 899 0.0024
621 900 0.001
1396 900 0.001
545 903 0.0005
635 903 0.0014
905 903 0.0005
558 904 0.0048
561 904 0.0068
1414 904 0.0014
638 905 0.0005
903 905 0.0005
633 906 0.0039
634 906 0.0029
907 906 0.0024
634 907 0.0005
906 907 0.0024
908 907 0.0014
633 908 0.0043
907 908 0.0014
1659 908 0.0024
624 910 0.0029
631 910 0.0005
1380 910 0.0019
513 911 0.0072
526 911 0.0068
497 912 0.0005
913 912 0.0014
972 912 0.0005
20 913 0.001
21 913 0.0087
912 913 0.0014
971 913 0.0072
520 914 0.0043
976 914 0.0039
979 914 0.0039
6 915 0.001
14 915 0.001
493 919 0.0024
495 919 0.0019
491 920 0.0024
1001 920 0.0019
1014 921 0.0039
1015 921 0.0019
1016 921 0.0043
381 922 0.0106
923 922 0.0092
1057 922 0.001
417 923 0.0058
418 923 0.0068
922 923 0.0092
418 924 0.0039
925 924 0.0024
929 924 0.0058
924 925 0.0024
927 925 0.0024
925 927 0.0024
1618 927 0.0024
420 929 0.0058
924 929 0.0058
419 931 0.0082
420 931 0.0053
932 931 0.0024
427 932 0.0024
931 932 0.0024
427 934 0.001
936 934 0.001
426 936 0.001
934 936 0.001
941 937 0.0005
942 937 0.001
463 938 0.0048
940 938 0.0048
429 940 0.0063
938 940 0.0048
941 940 0.001
937 941 0.0005
940 941 0.001
948 941 0.0019
701 942 0.0024
937 942 0.001
943 942 0.0029
942 943 0.0029
944 943 0.0048
948 943 0.0034
943 944 0.0048
945 944 0.0048
944 945 0.0048
949 945 0.0048
428 947 0.0096
429 947 0.0082
948 947 0.0039
941 948 0.0019
943 948 0.0034
947 948 0.0039
945 949 0.0048
950 949 0.0029
952 949 0.0024
949 950 0.0029
951 950 0.0024
426 951 0.0034
428 951 0.0063
950 951 0.0024
949 952 0.0024
954 952 0.0024
469 954 0.0024
952 954 0.0024
469 958 0.0034
471 958 0.0072
1599 958 0.0063
432 962 0.0005
963 962 0.0014
964 962 0.0014
1610 962 0.0005
430 963 0.0029
962 963 0.0014
1599 963 0.001
430 964 0.0019
962 964 0.0014
598 965 0.0014
607 965 0.0024
1522 965 0.0005
298 966 0.0029
299 966 0.0039
300 966 0.0024
18 967 0.0096
25 967 0.0087
32 967 0.0005
45 968 0.001
318 968 0.0005
320 968 0.0019
323 969 0.0014
485 969 0.001
27 970 0.0024
28 970 0.0014
29 970 0.0014
31 970 0.0043
22 971 0.0068
913 971 0.0072
522 972 0.0005
912 972 0.0005
521 974 0.0019
522 974 0.0019
522 976 0.0024
914 976 0.0039
979 976 0.001
19 977 0.0024
979 977 0.0024
914 979 0.0039
976 979 0.001
977 979 0.0024
524 983 0.0034
535 983 0.0058
536 983 0.0082
984 983 0.0048
536 984 0.001
983 984 0.0048
985 984 0.0034
538 985 0.0024
984 985 0.0034
1651 985 0.0005
538 986 0.0029
987 986 0.0014
1654 986 0.001
531 987 0.0019
986 987 0.0014
505 989 0.0106
990 989 0.0092
991 989 0.0029
501 990 0.0077
989 990 0.0092
992 990 0.001
509 991 0.0019
989 991 0.0029
992 991 0.0005
990 992 0.001
991 992 0.0005
994 993 0.0024
995 993 0.0024
510 994 0.0048
513 994 0.0019
993 994 0.0024
509 995 0.0029
993 995 0.0024
509 996 0.0019
997 996 0.001
509 997 0.0019
516 997 0.0005
996 997 0.001
530 998 0.001
542 998 0.0005
488 999 0.0014
489 999 0.0063
504 999 0.0072
490 1001 0.0019
920 1001 0.0019
341 1003 0.0029
1004 1003 0.0039
1010 1003 0.0005
340 1004 0.0082
1003 1004 0.0039
1005 1004 0.0005
1012 1004 0.0029
1004 1005 0.0005
1015 1005 0.0005
328 1009 0.0024
339 1009 0.0034
1010 1009 0.0005
1003 1010 0.0005
1009 1010 0.0005
340 1012 0.001
1004 1012 0.0029
1013 1012 0.0014
365 1013 0.001
1012 1013 0.0014
1014 1013 0.0029
365 1014 0.0072
921 1014 0.0039
1013 1014 0.0029
921 1015 0.0019
1005 1015 0.0005
1016 1015 0.001
364 1016 0.0034
921 1016 0.0043
1015 1016 0.001
355 1017 0.0029
357 1017 0.0019
358 1017 0.0068
1018 1017 0.0058
357 1018 0.0024
373 1018 0.0063
1017 1018 0.0058
1019 1018 0.0029
1018 1019 0.0029
1021 1019 0.0024
372 1020 0.0048
373 1020 0.0048
1021 1020 0.0034
372 1021 0.001
1019 1021 0.0024
1020 1021 0.0034
1023 1021 0.001
358 1022 0.0024
359 1022 0.0014
1023 1022 0.0005
1021 1023 0.001
1022 1023 0.0005
359 1024 0.0029
364 1024 0.0014
1025 1024 0.001
1024 1025 0.001
1026 1025 0.0014
372 1026 0.0034
380 1026 0.0014
1025 1026 0.0014
364 1027 0.0034
494 1027 0.0034
344 1029 0.001
361 1029 0.001
343 1030 0.0048
344 1030 0.0053
333 1031 0.0034
334 1031 0.0034
334 1033 0.0048
338 1033 0.0068
1034 1033 0.0014
348 1034 0.0068
1033 1034 0.0014
1037 1034 0.0082
338 1035 0.0053
1036 1035 0.0014
1037 1035 0.0063
1035 1036 0.0014
1037 1036 0.0043
1039 1036 0.001
1040 1036 0.0039
1034 1037 0.0082
1035 1037 0.0063
1036 1037 0.0043
349 1038 0.0005
351 1038 0.0014
1039 1038 0.0014
1036 1039 0.001
1038 1039 0.0014
1040 1039 0.0019
346 1040 0.0043
1036 1040 0.0039
1039 1040 0.0019
335 1041 0.0005
338 1041 0.0039
1042 1041 0.0068
1044 1041 0.0014
217 1042 0.0072
1041 1042 0.0068
276 1043 0.0005
350 1043 0.0014
1044 1043 0.0048
1045 1043 0.001
1046 1043 0.0005
349 1044 0.001
1041 1044 0.0014
1043 1044 0.0048
1045 1044 0.0053
276 1045 0.0043
1043 1045 0.001
1044 1045 0.0053
368 1046 0.0005
1043 1046 0.0005
1047 1046 0.0014
371 1047 0.0019
1046 1047 0.0014
1048 1047 0.0024
374 1048 0.0029
1047 1048 0.0024
1050 1048 0.0024
1052 1048 0.0029
368 1049 0.001
370 1049 0.0024
1050 1049 0.0014
370 1050 0.0024
1048 1050 0.0024
1049 1050 0.0014
1056 1050 0.0005
368 1051 0.0019
370 1051 0.0024
371 1052 0.0024
1048 1052 0.0029
1053 1052 0.0034
1055 1052 0.0039
379 1053 0.0019
1052 1053 0.0034
1054 1053 0.001
1053 1054 0.001
1515 1054 0.001
374 1055 0.0024
375 1055 0.0024
1052 1055 0.0039
374 1056 0.0024
381 1056 0.001
1050 1056 0.0005
381 1057 0.0072
922 1057 0.001
1058 1057 0.0053
1057 1058 0.0053
1060 1058 0.0058
418 1059 0.0024
1060 1059 0.0029
385 1060 0.0024
1058 1060 0.0058
1059 1060 0.0029
381 1061 0.0034
382 1061 0.0034
382 1064 0.0019
417 1064 0.0082
1065 1064 0.0058
1064 1065 0.0058
1066 1065 0.0063
383 1066 0.0029
1065 1066 0.0063
1067 1066 0.0058
384 1067 0.001
416 1067 0.0072
1066 1067 0.0058
415 1071 0.0096
416 1071 0.0121
553 1071 0.0077
552 1072 0.0039
556 1072 0.0005
1073 1072 0.0048
555 1073 0.0053
1072 1073 0.0048
59 1074 0.0096
62 1074 0.0068
1075 1074 0.0024
53 1075 0.0019
1074 1075 0.0024
61 1076 0.0039
72 1076 0.001
1077 1076 0.0019
52 1077 0.001
53 1077 0.0034
1076 1077 0.0019
193 1078 0.0029
194 1078 0.001
1079 1078 0.0014
1078 1079 0.0014
1080 1079 0.001
215 1080 0.0053
216 1080 0.0039
1079 1080 0.001
135 1081 0.0014
185 1081 0.0024
186 1081 0.0043
129 1083 0.0019
1085 1083 0.0005
1087 1083 0.001
128 1085 0.0005
1083 1085 0.0005
129 1087 0.0039
327 1087 0.0029
1083 1087 0.001
332 1088 0.0019
337 1088 0.0029
1090 1088 0.001
1092 1088 0.001
336 1089 0.0053
337 1089 0.0034
1091 1089 0.0034
331 1090 0.0005
1088 1090 0.001
333 1091 0.0029
1089 1091 0.0034
337 1092 0.0014
1088 1092 0.001
394 1093 0.001
399 1093 0.001
400 1093 0.0014
1094 1093 0.0014
390 1094 0.0005
399 1094 0.0014
406 1094 0.0014
1093 1094 0.0014
402 1095 0.0024
403 1095 0.0043
406 1095 0.0019
287 1096 0.0024
288 1096 0.0019
1097 1096 0.0029
1105 1096 0.0024
283 1097 0.0019
285 1097 0.0014
1096 1097 0.0029
1098 1097 0.0014
283 1098 0.001
1097 1098 0.0014
264 1099 0.0014
265 1099 0.001
398 1100 0.0019
1101 1100 0.0034
1102 1100 0.0019
390 1101 0.001
400 1101 0.0019
1100 1101 0.0034
376 1102 0.0014
390 1102 0.0034
1100 1102 0.0019
389 1103 0.0048
401 1103 0.0029
1104 1103 0.0048
282 1104 0.0005
1103 1104 0.0048
1105 1104 0.0063
282 1105 0.0068
1096 1105 0.0024
1104 1105 0.0063
1106 1105 0.0029
283 1106 0.0005
1105 1106 0.0029
1111 1106 0.0019
280 1108 0.0058
281 1108 0.0077
1109 1108 0.0014
1108 1109 0.0014
1115 1109 0.0014
281 1111 0.0063
1106 1111 0.0019
1112 1111 0.0039
1111 1112 0.0039
1113 1112 0.0019
1115 1112 0.0014
253 1113 0.0019
1112 1113 0.0019
1109 1115 0.0014
1112 1115 0.0014
266 1118 0.001
268 1118 0.0014
274 1118 0.0014
286 1118 0.0019
266 1119 0.0024
274 1119 0.0034
1120 1119 0.0024
270 1120 0.0058
272 1120 0.0058
275 1120 0.0024
1119 1120 0.0024
260 1121 0.0048
261 1121 0.001
271 1121 0.0005
272 1121 0.0043
293 1122 0.001
1123 1122 0.0014
286 1123 0.0019
292 1123 0.0029
1122 1123 0.0014
1124 1123 0.0034
291 1124 0.0024
298 1124 0.0024
1123 1124 0.0034
289 1125 0.0014
290 1125 0.001
313 1125 0.0019
313 1126 0.0019
1127 1126 0.0024
407 1127 0.0019
408 1127 0.0039
409 1127 0.0005
1126 1127 0.0024
408 1128 0.0024
452 1128 0.001
1129 1128 0.0039
451 1129 0.0024
1128 1129 0.0039
1130 1129 0.0053
1139 1129 0.0029
447 1130 0.0087
1129 1130 0.0053
1131 1130 0.0039
1130 1131 0.0039
1132 1131 0.0019
1136 1131 0.0014
446 1132 0.0014
1131 1132 0.0019
446 1133 0.001
1134 1133 0.0019
1137 1133 0.001
1133 1134 0.0019
1135 1134 0.0029
1137 1134 0.0019
445 1135 0.0072
1134 1135 0.0029
1136 1135 0.0072
1137 1135 0.0029
447 1136 0.0092
1131 1136 0.0014
1135 1136 0.0072
824 1137 0.0019
1133 1137 0.001
1134 1137 0.0019
1135 1137 0.0029
825 1138 0.0106
1153 1138 0.0034
1157 1138 0.0068
453 1139 0.0024
1129 1139 0.0029
445 1140 0.0039
1141 1140 0.0019
1142 1140 0.0043
1140 1141 0.0019
1142 1141 0.001
455 1142 0.0024
1140 1142 0.0043
1141 1142 0.001
445 1143 0.0111
456 1143 0.0106
454 1144 0.0077
455 1144 0.0058
456 1144 0.0106
1155 1144 0.001
301 1145 0.0039
306 1145 0.0014
309 1145 0.0058
299 1147 0.0058
304 1147 0.0063
1148 1147 0.0048
1150 1147 0.0043
1147 1148 0.0048
1149 1148 0.0019
1152 1148 0.0068
293 1149 0.0005
1148 1149 0.0019
1151 1149 0.0024
298 1150 0.0039
1147 1150 0.0043
293 1151 0.0019
294 1151 0.0029
1149 1151 0.0024
294 1152 0.0034
706 1152 0.0029
1148 1152 0.0068
823 1153 0.0014
1138 1153 0.0034
1483 1153 0.0014
315 1154 0.0039
1155 1154 0.0024
1488 1154 0.001
1144 1155 0.001
1154 1155 0.0024
1589 1155 0.001
1138 1157 0.0068
1589 1157 0.0014
1590 1157 0.0048
1479 1158 0.0024
1590 1158 0.0024
1166 1160 0.0019
1590 1160 0.0019
1160 1166 0.0019
1167 1166 0.0043
1178 1166 0.0019
1166 1167 0.0043
1168 1167 0.0043
1167 1168 0.0043
1170 1168 0.0058
1171 1168 0.001
709 1170 0.0043
1168 1170 0.0058
1171 1170 0.001
1168 1171 0.001
1170 1171 0.001
709 1176 0.0058
1177 1176 0.0048
1178 1176 0.0034
708 1177 0.0034
1176 1177 0.0048
1178 1177 0.001
1166 1178 0.0019
1176 1178 0.0034
1177 1178 0.001
709 1182 0.001
710 1182 0.0024
1183 1182 0.001
710 1183 0.0014
1182 1183 0.001
710 1184 0.0005
715 1184 0.001
1186 1184 0.0092
1188 1184 0.0087
719 1185 0.0039
1186 1185 0.0063
1190 1185 0.0019
1184 1186 0.0092
1185 1186 0.0063
1187 1186 0.0024
1186 1187 0.0024
1189 1187 0.0019
1184 1188 0.0087
1189 1188 0.0082
1187 1189 0.0019
1188 1189 0.0082
1191 1189 0.0058
712 1190 0.0024
1185 1190 0.0019
712 1191 0.0068
1189 1191 0.0058
1192 1191 0.0005
1191 1192 0.0005
1194 1192 0.0005
1192 1194 0.0005
1195 1194 0.001
1196 1194 0.0019
1194 1195 0.001
1196 1195 0.0014
708 1196 0.001
711 1196 0.0024
1194 1196 0.0019
1195 1196 0.0014
295 1197 0.0043
1198 1197 0.0024
1200 1197 0.0043
1201 1197 0.0024
706 1198 0.0024
1197 1198 0.0024
296 1200 0.0039
304 1200 0.0077
1197 1200 0.0043
1488 1200 0.0024
273 1201 0.0058
275 1201 0.0005
1197 1201 0.0024
1202 1201 0.0058
273 1202 0.001
1201 1202 0.0058
1203 1202 0.0048
261 1203 0.0048
263 1203 0.0072
1202 1203 0.0048
719 1204 0.0019
727 1204 0.0039
730 1204 0.0014
1205 1204 0.0043
726 1205 0.0029
727 1205 0.001
1204 1205 0.0043
729 1206 0.001
1207 1206 0.0039
1210 1206 0.0024
1206 1207 0.0039
1209 1207 0.0039
1207 1209 0.0039
1210 1209 0.0014
1211 1209 0.0019
1206 1210 0.0024
1209 1210 0.0014
1213 1210 0.0005
715 1211 0.0014
1209 1211 0.0019
1212 1211 0.0039
716 1212 0.0029
1211 1212 0.0039
1213 1212 0.0005
1210 1213 0.0005
1212 1213 0.0005
1216 1215 0.0019
1217 1215 0.001
1225 1215 0.0005
1215 1216 0.0019
1217 1216 0.001
1219 1216 0.0005
1215 1217 0.001
1216 1217 0.001
729 1219 0.001
1216 1219 0.0005
1225 1219 0.0019
730 1220 0.0024
1224 1220 0.0024
730 1224 0.001
1220 1224 0.0024
1225 1224 0.001
1215 1225 0.0005
1219 1225 0.0019
1224 1225 0.001
758 1230 0.0014
1242 1230 0.0014
832 1242 0.0014
1230 1242 0.0014
740 1278 0.0029
742 1278 0.0043
833 1278 0.001
732 1279 0.0005
736 1279 0.001
737 1279 0.0034
1592 1279 0.001
746 1280 0.0063
1281 1280 0.0019
1282 1280 0.0058
740 1281 0.001
744 1281 0.0005
1280 1281 0.0019
744 1282 0.0043
746 1282 0.001
1280 1282 0.0058
141 1284 0.001
185 1284 0.001
191 1286 0.001
192 1286 0.001
88 1288 0.0024
1289 1288 0.0024
1307 1288 0.0053
89 1289 0.0034
1288 1289 0.0024
1290 1289 0.0063
1289 1290 0.0063
1294 1290 0.0063
139 1294 0.0072
1290 1294 0.0063
1299 1294 0.0063
109 1298 0.0058
1299 1298 0.0082
1302 1298 0.0019
1294 1299 0.0063
1298 1299 0.0082
1300 1299 0.0014
1299 1300 0.0014
1302 1300 0.0014
1298 1302 0.0019
1300 1302 0.0014
138 1304 0.0034
139 1304 0.0048
1305 1304 0.0039
138 1305 0.0024
140 1305 0.0039
1304 1305 0.0039
107 1306 0.0029
136 1306 0.0034
138 1306 0.0029
1288 1307 0.0053
1308 1307 0.0053
87 1308 0.0053
1307 1308 0.0053
155 1312 0.0039
1313 1312 0.0043
1314 1312 0.0019
1312 1313 0.0043
1314 1313 0.0019
1315 1313 0.0024
1316 1313 0.0039
158 1314 0.0014
1312 1314 0.0019
1313 1314 0.0019
156 1315 0.001
1313 1315 0.0024
1316 1315 0.001
151 1316 0.0014
155 1316 0.0005
1313 1316 0.0039
1315 1316 0.001
170 1319 0.0029
1321 1319 0.0029
166 1321 0.0043
803 1321 0.001
1319 1321 0.0029
801 1326 0.001
1328 1326 0.001
795 1328 0.001
1326 1328 0.001
165 1333 0.001
793 1333 0.0024
795 1333 0.001
780 1350 0.0034
781 1350 0.0034
1351 1350 0.0014
1360 1350 0.0014
785 1351 0.001
1350 1351 0.0014
1352 1351 0.0029
784 1352 0.0024
785 1352 0.0019
1351 1352 0.0029
787 1353 0.001
1355 1353 0.001
784 1355 0.0024
1353 1355 0.001
1356 1355 0.001
785 1356 0.001
1355 1356 0.001
778 1359 0.0014
1360 1359 0.0014
1362 1359 0.0034
1350 1360 0.0014
1359 1360 0.0014
781 1362 0.0048
782 1362 0.001
1359 1362 0.0034
263 1374 0.0063
718 1374 0.0029
720 1374 0.0029
506 1375 0.0063
507 1375 0.0087
1376 1375 0.0019
546 1376 0.0034
1375 1376 0.0019
1377 1376 0.001
515 1377 0.0024
1376 1377 0.001
1378 1377 0.001
515 1378 0.0024
1377 1378 0.001
1379 1378 0.001
544 1379 0.0043
545 1379 0.0029
1378 1379 0.001
910 1380 0.0019
1381 1380 0.0024
531 1381 0.001
1380 1381 0.0024
1383 1381 0.0039
531 1382 0.0029
1383 1382 0.0024
624 1383 0.0029
1381 1383 0.0039
1382 1383 0.0024
625 1384 0.0043
626 1384 0.0043
550 1387 0.0034
562 1387 0.0019
571 1387 0.0039
639 1394 0.001
1395 1394 0.0043
1396 1394 0.0005
1397 1394 0.0019
639 1395 0.0048
1394 1395 0.0043
1396 1395 0.0019
617 1396 0.0014
900 1396 0.001
1394 1396 0.0005
1395 1396 0.0019
1797 1396 0.0005
1394 1397 0.0019
1398 1397 0.0005
1795 1397 0.001
1397 1398 0.0005
1399 1398 0.0005
638 1399 0.0014
1398 1399 0.0005
1662 1399 0.0005
569 1403 0.001
570 1403 0.001
565 1404 0.0019
1405 1404 0.0005
1440 1404 0.001
563 1405 0.0024
564 1405 0.0039
1404 1405 0.0005
1406 1405 0.0019
572 1406 0.0053
1405 1406 0.0019
1407 1406 0.0077
613 1407 0.0043
1406 1407 0.0077
1417 1407 0.0029
613 1408 0.0019
1409 1408 0.0053
1410 1408 0.0058
897 1409 0.001
1408 1409 0.0053
1436 1409 0.0039
1408 1410 0.0058
1411 1410 0.0029
1412 1410 0.0087
641 1411 0.0005
895 1411 0.0005
1410 1411 0.0029
1412 1411 0.001
640 1412 0.0072
1410 1412 0.0087
1411 1412 0.001
562 1413 0.0029
563 1413 0.0034
559 1414 0.0048
563 1414 0.0034
904 1414 0.0014
555 1415 0.001
561 1415 0.0005
1407 1417 0.0029
1422 1417 0.0024
573 1418 0.0034
1419 1418 0.0029
1418 1419 0.0029
1421 1419 0.0034
560 1420 0.001
1421 1420 0.0014
573 1421 0.0014
1419 1421 0.0034
1420 1421 0.0014
1417 1422 0.0024
1448 1422 0.0024
616 1428 0.0039
893 1428 0.0053
1429 1428 0.0048
1428 1429 0.0048
1430 1429 0.0048
1433 1429 0.0063
614 1430 0.0048
1429 1430 0.0048
1431 1430 0.0063
615 1431 0.0058
1430 1431 0.0063
615 1432 0.0019
1433 1432 0.0024
1429 1433 0.0063
1432 1433 0.0024
1434 1433 0.0034
893 1434 0.0005
1433 1434 0.0034
1435 1434 0.0029
1439 1434 0.001
1434 1435 0.0029
1436 1435 0.0029
894 1436 0.0005
1409 1436 0.0039
1435 1436 0.0029
564 1439 0.0005
1434 1439 0.001
615 1440 0.0005
1404 1440 0.001
644 1441 0.0005
1442 1441 0.0019
1444 1441 0.001
1441 1442 0.0019
1443 1442 0.0058
1444 1442 0.0063
616 1443 0.0034
893 1443 0.0058
1442 1443 0.0058
617 1444 0.001
691 1444 0.0039
887 1444 0.0029
1441 1444 0.001
1442 1444 0.0063
608 1445 0.0024
1446 1445 0.0039
1448 1445 0.001
1445 1446 0.0039
1448 1446 0.0039
1422 1448 0.0024
1445 1448 0.001
1446 1448 0.0039
468 1450 0.0019
581 1450 0.0019
581 1451 0.0029
587 1451 0.0014
588 1451 0.001
582 1452 0.001
583 1452 0.0024
588 1452 0.0005
1458 1452 0.0029
578 1453 0.0039
579 1453 0.0019
1455 1453 0.0014
577 1454 0.0019
578 1454 0.0029
1455 1454 0.0024
1453 1455 0.0014
1454 1455 0.0024
1456 1455 0.0005
577 1456 0.0014
704 1456 0.0005
1455 1456 0.0005
1466 1457 0.0024
1473 1457 0.0024
582 1458 0.0063
1452 1458 0.0029
1459 1458 0.0068
574 1459 0.0029
575 1459 0.0024
701 1459 0.0024
1458 1459 0.0068
439 1465 0.001
442 1465 0.0005
821 1465 0.0019
817 1466 0.0043
827 1466 0.0014
1457 1466 0.0024
1457 1473 0.0024
1474 1473 0.0024
1473 1474 0.0024
1479 1474 0.0024
1158 1479 0.0024
1474 1479 0.0024
458 1481 0.0014
1482 1481 0.0014
1481 1482 0.0014
1483 1482 0.0014
1153 1483 0.0014
1482 1483 0.0014
304 1488 0.001
1154 1488 0.001
1200 1488 0.0024
419 1489 0.0058
420 1489 0.0039
1490 1489 0.0048
1497 1489 0.0068
1489 1490 0.0048
1491 1490 0.0019
1496 1490 0.0014
1498 1490 0.0005
396 1491 0.0043
1490 1491 0.0019
1499 1491 0.0019
397 1492 0.0019
1493 1492 0.001
1500 1492 0.0034
1492 1493 0.001
1494 1493 0.001
1501 1493 0.001
1503 1493 0.001
1493 1494 0.001
1495 1494 0.001
1498 1494 0.0005
1502 1494 0.0034
1494 1495 0.001
1496 1495 0.001
1502 1495 0.0024
1490 1496 0.0014
1495 1496 0.001
1497 1496 0.0029
421 1497 0.0063
1489 1497 0.0068
1496 1497 0.0029
1490 1498 0.0005
1494 1498 0.0005
1499 1498 0.0005
1501 1498 0.0005
1491 1499 0.0019
1498 1499 0.0005
1500 1499 0.0029
1492 1500 0.0034
1499 1500 0.0029
1501 1500 0.0019
1493 1501 0.001
1498 1501 0.0005
1500 1501 0.0019
1494 1502 0.0034
1495 1502 0.0024
1503 1502 0.001
1504 1502 0.0019
1493 1503 0.001
1502 1503 0.001
421 1504 0.0019
1502 1504 0.0019
227 1506 0.0029
1511 1506 0.0029
1509 1508 0.001
1510 1508 0.001
224 1509 0.0005
1508 1509 0.001
1510 1509 0.0019
1508 1510 0.001
1509 1510 0.0019
1511 1510 0.0005
223 1511 0.0019
1506 1511 0.0029
1510 1511 0.0005
1054 1515 0.001
1517 1515 0.0014
280 1516 0.0039
388 1516 0.0034
369 1517 0.0024
371 1517 0.0034
1515 1517 0.0014
610 1521 0.0019
660 1521 0.001
1522 1521 0.0005
609 1522 0.0014
965 1522 0.0005
1521 1522 0.0005
660 1523 0.0024
1524 1523 0.0029
1523 1524 0.0029
1525 1524 0.0043
1538 1524 0.0019
654 1525 0.0029
1524 1525 0.0043
1526 1525 0.001
1536 1525 0.0034
1525 1526 0.001
1527 1526 0.0014
1533 1526 0.0024
670 1527 0.0014
677 1527 0.0014
1526 1527 0.0014
1528 1527 0.0043
671 1528 0.0005
1527 1528 0.0043
1529 1528 0.0039
1534 1528 0.001
677 1529 0.0039
678 1529 0.0014
1528 1529 0.0039
1526 1533 0.0024
1534 1533 0.001
1536 1533 0.001
1528 1534 0.001
1533 1534 0.001
655 1536 0.001
1525 1536 0.0034
1533 1536 0.001
1537 1536 0.0034
655 1537 0.0024
1536 1537 0.0034
1538 1537 0.0034
866 1538 0.0019
1524 1538 0.0019
1537 1538 0.0034
866 1540 0.0024
1541 1540 0.0029
1540 1541 0.0029
1542 1541 0.0029
1543 1541 0.0029
662 1542 0.0053
1541 1542 0.0029
1543 1542 0.0048
661 1543 0.0034
1541 1543 0.0029
1542 1543 0.0048
1544 1543 0.0053
869 1544 0.001
1543 1544 0.0053
1545 1544 0.0063
869 1545 0.0029
1544 1545 0.0063
1546 1545 0.0029
1545 1546 0.0029
1553 1546 0.0024
1554 1546 0.0058
698 1547 0.0068
858 1547 0.0048
859 1547 0.0034
1548 1547 0.0014
1547 1548 0.0014
1549 1548 0.001
1548 1549 0.001
1550 1549 0.0024
1551 1549 0.001
698 1550 0.0043
1549 1550 0.0024
1551 1550 0.0014
1584 1550 0.0034
1549 1551 0.001
1550 1551 0.0014
867 1552 0.0048
1580 1552 0.001
1583 1552 0.0063
664 1553 0.0005
1546 1553 0.0024
1557 1553 0.001
664 1554 0.0053
1546 1554 0.0058
671 1555 0.0024
1556 1555 0.001
1559 1555 0.0039
1555 1556 0.001
1558 1556 0.0005
1553 1557 0.001
1558 1557 0.0014
673 1558 0.0024
1556 1558 0.0005
1557 1558 0.0014
673 1559 0.0043
1555 1559 0.0039
1560 1559 0.0058
1559 1560 0.0058
1561 1560 0.0063
672 1561 0.0043
1560 1561 0.0063
1562 1561 0.0043
671 1562 0.0034
1561 1562 0.0043
1564 1562 0.0019
875 1564 0.0024
876 1564 0.0019
1562 1564 0.0019
1565 1564 0.0024
1564 1565 0.0024
1566 1565 0.0043
1817 1565 0.0034
1565 1566 0.0043
1567 1566 0.0058
1820 1566 0.001
1566 1567 0.0058
1568 1567 0.001
1575 1567 0.0024
1820 1567 0.0063
1567 1568 0.001
1569 1568 0.0014
1570 1568 0.0029
1568 1569 0.0014
1570 1569 0.001
1568 1570 0.0029
1569 1570 0.001
1571 1570 0.0014
1570 1571 0.0014
1572 1571 0.001
1738 1571 0.0014
1820 1571 0.0048
1571 1572 0.001
1817 1572 0.001
678 1575 0.0019
875 1575 0.0029
1567 1575 0.0024
696 1576 0.0043
871 1576 0.0063
884 1576 0.0034
1577 1576 0.0014
697 1577 0.001
872 1577 0.001
1576 1577 0.0014
1579 1577 0.0014
881 1578 0.0019
1629 1578 0.0014
872 1579 0.001
1577 1579 0.0014
874 1580 0.0005
1552 1580 0.001
1581 1580 0.0019
1582 1580 0.0024
697 1581 0.0019
1580 1581 0.0019
1582 1581 0.0024
1580 1582 0.0024
1581 1582 0.0024
1583 1582 0.0024
1552 1583 0.0063
1582 1583 0.0024
1584 1583 0.0034
1550 1584 0.0034
1583 1584 0.0034
601 1588 0.0019
602 1588 0.0014
1155 1589 0.001
1157 1589 0.0014
1157 1590 0.0048
1158 1590 0.0024
1160 1590 0.0019
238 1591 0.0024
755 1591 0.0039
1592 1591 0.001
737 1592 0.0024
1279 1592 0.001
1591 1592 0.001
787 1593 0.0014
789 1593 0.0029
1594 1593 0.001
789 1594 0.001
1593 1594 0.001
474 1599 0.0048
958 1599 0.0063
963 1599 0.001
424 1600 0.001
431 1600 0.0014
431 1601 0.0039
1604 1601 0.0034
1606 1601 0.001
1608 1601 0.0005
559 1602 0.0053
560 1602 0.0058
433 1603 0.0087
473 1603 0.0087
1604 1603 0.0053
1601 1604 0.0034
1603 1604 0.0053
1605 1604 0.0014
433 1605 0.0082
434 1605 0.0063
1604 1605 0.0014
424 1606 0.001
1601 1606 0.001
1601 1608 0.0005
1610 1608 0.0005
432 1610 0.0024
962 1610 0.0005
1608 1610 0.0005
1611 1610 0.0024
473 1611 0.0077
474 1611 0.0048
1610 1611 0.0024
423 1612 0.0014
1614 1612 0.0014
434 1614 0.0014
1612 1614 0.0014
425 1618 0.0039
426 1618 0.001
927 1618 0.0024
419 1621 0.0106
436 1621 0.0106
1624 1623 0.0014
1626 1623 0.001
1623 1624 0.0014
1625 1624 0.0014
555 1625 0.0068
1624 1625 0.0014
1626 1625 0.0077
434 1626 0.0063
1623 1626 0.001
1625 1626 0.0077
647 1628 0.001
648 1628 0.0014
1578 1629 0.0014
1630 1629 0.0029
1631 1629 0.001
883 1630 0.001
1629 1630 0.0029
1631 1630 0.001
1755 1630 0.0029
1629 1631 0.001
1630 1631 0.001
4 1633 0.0159
1635 1633 0.0159
1633 1635 0.0159
1636 1635 0.0159
1 1636 0.0116
1635 1636 0.0159
1637 1636 0.0039
1636 1637 0.0039
1638 1637 0.0039
1637 1638 0.0039
1639 1638 0.0101
1647 1638 0.0058
523 1639 0.0029
1638 1639 0.0101
1640 1639 0.0106
1639 1640 0.0106
1650 1640 0.0072
1787 1640 0.0087
1652 1641 0.0029
1653 1641 0.0039
1787 1641 0.0072
1638 1647 0.0058
1652 1647 0.0029
1792 1647 0.0024
1649 1648 0.0024
1792 1648 0.0024
1648 1649 0.0024
1664 1649 0.0048
1674 1649 0.0019
536 1650 0.0068
1640 1650 0.0072
985 1651 0.0005
1787 1651 0.001
1641 1652 0.0029
1647 1652 0.0029
1641 1653 0.0039
1654 1653 0.0039
986 1654 0.001
1653 1654 0.0039
1655 1654 0.0024
1654 1655 0.0024
1788 1655 0.0024
1658 1657 0.0029
1664 1657 0.0034
1788 1657 0.0048
1657 1658 0.0029
1659 1658 0.0024
1791 1658 0.0039
908 1659 0.0024
1658 1659 0.0024
1661 1659 0.0043
1662 1659 0.0024
1795 1659 0.0014
638 1661 0.0043
1659 1661 0.0043
638 1662 0.0014
1399 1662 0.0005
1659 1662 0.0024
629 1663 0.0029
1790 1663 0.001
1791 1663 0.0043
1649 1664 0.0048
1657 1664 0.0034
1665 1664 0.0029
1664 1665 0.0029
1666 1665 0.0058
1670 1665 0.0024
1665 1666 0.0058
1667 1666 0.0048
1680 1666 0.0034
1666 1667 0.0048
1668 1667 0.0034
1678 1667 0.001
1667 1668 0.0034
1669 1668 0.0005
1671 1668 0.0024
639 1669 0.0019
1668 1669 0.0005
1797 1669 0.0005
1665 1670 0.0024
1671 1670 0.0024
1668 1671 0.0024
1670 1671 0.0024
1649 1674 0.0019
1675 1674 0.0024
1696 1674 0.0048
1674 1675 0.0024
1676 1675 0.0024
1675 1676 0.0024
1801 1676 0.0068
1802 1676 0.0039
691 1677 0.0019
1807 1677 0.0014
680 1678 0.0019
1667 1678 0.001
1679 1678 0.0034
1678 1679 0.0034
1723 1679 0.0019
1735 1679 0.001
1666 1680 0.0034
1681 1680 0.0048
1696 1680 0.001
1680 1681 0.0048
1682 1681 0.0039
1696 1681 0.0063
1681 1682 0.0039
1683 1682 0.0024
1735 1682 0.001
1682 1683 0.0024
1697 1683 0.0024
1685 1684 0.0053
1691 1684 0.0034
1802 1684 0.0024
1684 1685 0.0053
1686 1685 0.0058
1685 1686 0.0058
1687 1686 0.0058
1686 1687 0.0058
1688 1687 0.0063
1687 1688 0.0063
1689 1688 0.0029
1722 1688 0.0029
1688 1689 0.0029
1691 1689 0.0029
1684 1691 0.0034
1689 1691 0.0029
1674 1696 0.0048
1680 1696 0.001
1681 1696 0.0063
1683 1697 0.0024
1698 1697 0.0043
1701 1697 0.0014
1697 1698 0.0043
1699 1698 0.0024
1754 1698 0.0072
1698 1699 0.0024
1700 1699 0.0029
1708 1699 0.0058
1699 1700 0.0029
1819 1700 0.0024
1697 1701 0.0014
1702 1701 0.0072
1801 1701 0.0053
1701 1702 0.0072
1703 1702 0.0087
1754 1702 0.001
1702 1703 0.0087
1704 1703 0.0048
1754 1703 0.0087
1703 1704 0.0048
1705 1704 0.0048
1704 1705 0.0048
1706 1705 0.0068
1716 1705 0.0063
1705 1706 0.0068
1707 1706 0.0082
1713 1706 0.001
1706 1707 0.0082
1715 1707 0.0096
1763 1707 0.001
1699 1708 0.0058
1709 1708 0.0034
1749 1708 0.0029
1708 1709 0.0034
1710 1709 0.0034
1709 1710 0.0034
1753 1710 0.0029
1706 1713 0.001
1762 1713 0.001
1707 1715 0.0096
1745 1715 0.0068
1764 1715 0.0024
1705 1716 0.0063
1717 1716 0.0058
1806 1716 0.0039
1716 1717 0.0058
1806 1717 0.0005
1823 1717 0.0048
1719 1718 0.0039
1823 1718 0.0053
1824 1718 0.001
1718 1719 0.0039
1742 1719 0.0014
1745 1719 0.0058
1688 1722 0.0029
1806 1722 0.0029
1679 1723 0.0019
1724 1723 0.001
1737 1723 0.0034
1723 1724 0.001
1818 1724 0.001
1679 1735 0.001
1682 1735 0.001
1723 1737 0.0034
1738 1737 0.0024
1815 1737 0.0034
1571 1738 0.0014
1737 1738 0.0024
1815 1738 0.0014
1719 1742 0.0014
1743 1742 0.0019
1742 1743 0.0019
1746 1743 0.0019
1715 1745 0.0068
1719 1745 0.0058
1746 1745 0.0043
1743 1746 0.0019
1745 1746 0.0043
1747 1746 0.0029
1746 1747 0.0029
1748 1747 0.0029
1747 1748 0.0029
1766 1748 0.0039
1771 1748 0.0005
1708 1749 0.0029
1771 1749 0.0029
1710 1753 0.0029
1819 1753 0.0024
1698 1754 0.0072
1702 1754 0.001
1703 1754 0.0087
883 1755 0.0039
1630 1755 0.0029
1819 1755 0.0005
1777 1757 0.001
1825 1757 0.0014
1825 1760 0.0024
1826 1760 0.001
1834 1760 0.001
1713 1762 0.001
1763 1762 0.001
1707 1763 0.001
1762 1763 0.001
1764 1763 0.0024
1715 1764 0.0024
1763 1764 0.0024
1748 1766 0.0039
1767 1766 0.0096
1772 1766 0.0014
1782 1766 0.0039
1766 1767 0.0096
1768 1767 0.0096
1767 1768 0.0096
1769 1768 0.0111
1770 1768 0.001
1768 1769 0.0111
1770 1769 0.0111
1768 1770 0.001
1769 1770 0.0111
1841 1770 0.0058
1844 1770 0.0034
1748 1771 0.0005
1749 1771 0.0029
1772 1771 0.0048
1776 1771 0.0005
1766 1772 0.0014
1771 1772 0.0048
1773 1772 0.0068
1778 1772 0.0024
1772 1773 0.0068
1774 1773 0.0106
1778 1773 0.0058
1773 1774 0.0106
1775 1774 0.0106
1774 1775 0.0106
1841 1775 0.0101
1771 1776 0.0005
1777 1776 0.0048
1778 1776 0.0058
1757 1777 0.001
1776 1777 0.0048
1832 1777 0.0063
1772 1778 0.0024
1773 1778 0.0058
1776 1778 0.0058
1766 1782 0.0039
1783 1782 0.0034
1782 1783 0.0034
1784 1783 0.001
1785 1783 0.0019
1783 1784 0.001
1852 1784 0.001
1783 1785 0.0019
1844 1785 0.0019
1640 1787 0.0087
1641 1787 0.0072
1651 1787 0.001
1655 1788 0.0024
1657 1788 0.0048
1789 1788 0.0019
625 1789 0.001
1788 1789 0.0019
1790 1789 0.0034
1663 1790 0.001
1789 1790 0.0034
1791 1790 0.0048
1658 1791 0.0039
1663 1791 0.0043
1790 1791 0.0048
1647 1792 0.0024
1648 1792 0.0024
639 1795 0.0029
1397 1795 0.001
1659 1795 0.0014
639 1797 0.0014
1396 1797 0.0005
1669 1797 0.0005
1676 1801 0.0068
1701 1801 0.0053
1802 1801 0.001
1676 1802 0.0039
1684 1802 0.0024
1801 1802 0.001
1716 1806 0.0039
1717 1806 0.0005
1722 1806 0.0029
685 1807 0.0014
1677 1807 0.0014
680 1815 0.0019
1737 1815 0.0034
1738 1815 0.0014
1565 1817 0.0034
1572 1817 0.001
1818 1817 0.0019
882 1818 0.0014
1724 1818 0.001
1817 1818 0.0019
1819 1818 0.0005
1700 1819 0.0024
1753 1819 0.0024
1755 1819 0.0005
1818 1819 0.0005
1566 1820 0.001
1567 1820 0.0063
1571 1820 0.0048
1717 1823 0.0048
1718 1823 0.0053
1824 1823 0.0019
1718 1824 0.001
1823 1824 0.0019
1757 1825 0.0014
1760 1825 0.0024
1826 1825 0.0043
1760 1826 0.001
1825 1826 0.0043
1833 1826 0.0029
1777 1832 0.0063
1833 1832 0.0014
1837 1832 0.0039
1826 1833 0.0029
1832 1833 0.0014
1834 1833 0.001
1760 1834 0.001
1833 1834 0.001
1832 1837 0.0039
1838 1837 0.0039
1837 1838 0.0039
1841 1838 0.0039
1770 1841 0.0058
1775 1841 0.0101
1838 1841 0.0039
1770 1844 0.0034
1785 1844 0.0019
1852 1844 0.001
1784 1852 0.001
1844 1852 0.001
