7 3 0.0032
9 3 0.0065
25 3 0.0024
80 3 0.0041
157 3 0.0016
158 3 0.0122
709 3 0.013
8 5 0.0057
675 5 0.0057
3 7 0.0032
80 7 0.0008
159 7 0.0016
5 8 0.0057
10 8 0.0016
52 8 0.0122
679 8 0.0008
701 8 0.0016
3 9 0.0065
17 9 0.0065
8 10 0.0016
52 10 0.0065
699 10 0.0041
12 11 0.0194
706 11 0.0186
11 12 0.0194
13 12 0.0073
16 12 0.0138
22 12 0.0194
12 13 0.0073
14 13 0.0049
134 13 0.0016
13 14 0.0049
813 14 0.0049
12 16 0.0138
17 16 0.0097
19 16 0.0049
9 17 0.0065
16 17 0.0097
18 17 0.0024
17 18 0.0024
25 18 0.0016
16 19 0.0049
21 19 0.0041
527 20 0.0024
539 20 0.0024
19 21 0.0041
23 21 0.0041
12 22 0.0194
23 22 0.017
134 22 0.0016
21 23 0.0041
22 23 0.017
31 23 0.0122
3 25 0.0024
18 25 0.0016
1098 26 0.0081
1099 26 0.0105
1108 26 0.0016
1102 29 0.0049
1105 29 0.0049
23 31 0.0122
33 31 0.013
44 31 0.0097
31 33 0.013
35 33 0.0089
133 33 0.0032
207 34 0.0016
916 34 0.0008
918 34 0.0032
33 35 0.0089
37 35 0.0113
132 35 0.0016
56 36 0.0016
213 36 0.0041
239 36 0.0016
35 37 0.0113
132 37 0.0113
41 40 0.0122
132 40 0.0105
779 40 0.0122
40 41 0.0122
540 41 0.0089
737 41 0.0138
31 44 0.0097
46 44 0.0113
47 44 0.0008
213 45 0.0065
245 45 0.0113
918 45 0.0041
44 46 0.0113
47 46 0.0024
98 46 0.0113
44 47 0.0008
46 47 0.0024
50 47 0.0008
49 48 0.0016
247 48 0.0016
48 49 0.0016
213 49 0.0016
47 50 0.0008
98 50 0.0016
8 52 0.0122
10 52 0.0065
679 52 0.0049
36 56 0.0016
62 56 0.0065
938 56 0.0041
59 58 0.0113
1027 58 0.0065
1064 58 0.0041
58 59 0.0113
60 59 0.0024
61 59 0.0081
59 60 0.0024
1027 60 0.0057
1028 60 0.0024
59 61 0.0081
62 61 0.0065
1028 61 0.0008
56 62 0.0065
61 62 0.0065
391 70 0.0024
1062 70 0.0024
391 71 0.0024
1062 71 0.0024
350 76 0.0089
913 76 0.0089
3 80 0.0041
7 80 0.0008
83 80 0.0024
368 81 0.0065
373 81 0.0065
676 82 0.0016
701 82 0.0016
80 83 0.0024
84 83 0.017
119 83 0.0203
83 84 0.017
88 84 0.017
84 88 0.017
105 88 0.0097
214 88 0.0097
951 92 0.0049
953 92 0.0065
1009 92 0.0073
95 94 0.0057
96 94 0.0065
401 94 0.0049
94 95 0.0057
401 95 0.0016
1056 95 0.0032
94 96 0.0065
97 96 0.0113
1004 96 0.0057
96 97 0.0113
1003 97 0.0113
46 98 0.0113
50 98 0.0016
105 98 0.0089
100 99 0.0016
964 99 0.0041
1004 99 0.0065
99 100 0.0016
101 100 0.0016
100 101 0.0016
1001 101 0.0089
1004 101 0.0113
962 103 0.0097
970 103 0.0089
972 103 0.0081
972 104 0.0041
973 104 0.0032
88 105 0.0097
98 105 0.0089
110 105 0.0097
108 107 0.0041
961 107 0.0073
962 107 0.0122
107 108 0.0041
973 108 0.0032
105 110 0.0097
111 110 0.0122
210 110 0.0162
110 111 0.0122
113 111 0.013
305 112 0.0089
874 112 0.0089
111 113 0.013
118 113 0.0113
542 113 0.0008
117 116 0.0016
514 116 0.0089
993 116 0.0065
116 117 0.0016
514 117 0.0032
996 117 0.0008
113 118 0.0113
263 118 0.013
266 118 0.0008
83 119 0.0203
121 119 0.0211
121 120 0.0065
1210 120 0.0057
119 121 0.0211
120 121 0.0065
122 121 0.0138
121 122 0.0138
124 122 0.0057
169 122 0.0073
258 123 0.0024
986 123 0.0032
122 124 0.0057
125 124 0.0113
143 124 0.0049
124 125 0.0113
128 125 0.0016
129 125 0.0138
847 126 0.0032
977 126 0.0057
984 126 0.0016
736 127 0.0065
977 127 0.0008
980 127 0.0081
125 128 0.0016
129 128 0.0113
141 128 0.0089
125 129 0.0138
128 129 0.0113
1210 129 0.0016
132 130 0.0008
779 130 0.0008
35 132 0.0016
37 132 0.0113
40 132 0.0105
130 132 0.0008
33 133 0.0032
816 133 0.0049
818 133 0.0008
13 134 0.0016
22 134 0.0016
140 139 0.0081
221 139 0.0081
139 140 0.0081
141 140 0.0073
246 140 0.0008
128 141 0.0089
140 141 0.0073
151 141 0.017
671 142 0.0024
770 142 0.0057
832 142 0.0089
124 143 0.0049
144 143 0.0049
143 144 0.0049
145 144 0.0041
144 145 0.0041
146 145 0.0041
145 146 0.0041
151 146 0.0041
141 151 0.017
146 151 0.0041
152 151 0.0122
151 152 0.0122
153 152 0.0146
175 152 0.0032
152 153 0.0146
154 153 0.0113
177 153 0.0024
153 154 0.0113
181 154 0.0024
192 154 0.0146
626 155 0.0057
662 155 0.0057
3 157 0.0016
158 157 0.0032
166 157 0.0008
3 158 0.0122
157 158 0.0032
159 158 0.0113
7 159 0.0016
158 159 0.0113
166 159 0.0089
164 160 0.0008
165 160 0.0016
163 161 0.0041
705 161 0.0041
161 163 0.0041
164 163 0.0024
664 163 0.0073
160 164 0.0008
163 164 0.0024
174 164 0.0008
160 165 0.0016
167 165 0.0097
1069 165 0.0089
157 166 0.0008
159 166 0.0089
169 166 0.0073
165 167 0.0097
168 167 0.0122
174 167 0.0049
167 168 0.0122
681 168 0.0122
122 169 0.0073
166 169 0.0073
174 172 0.0065
663 172 0.0113
664 172 0.0105
164 174 0.0008
167 174 0.0049
172 174 0.0065
152 175 0.0032
177 175 0.0024
178 176 0.0032
711 176 0.0032
153 177 0.0024
175 177 0.0024
176 178 0.0032
658 178 0.0008
663 178 0.0049
154 181 0.0024
182 181 0.0024
181 182 0.0024
192 182 0.0024
726 183 0.0081
742 183 0.0081
735 188 0.0105
782 188 0.0105
154 192 0.0146
182 192 0.0024
193 192 0.0105
192 193 0.0105
194 193 0.0065
249 193 0.013
193 194 0.0065
197 194 0.0065
194 197 0.0065
200 197 0.0024
203 197 0.0097
926 198 0.0024
940 198 0.0032
525 199 0.0057
526 199 0.0049
527 199 0.0049
197 200 0.0024
1211 200 0.0024
197 203 0.0097
204 203 0.0081
254 203 0.0122
203 204 0.0081
206 204 0.0049
1211 204 0.0024
824 205 0.0162
844 205 0.0154
204 206 0.0049
208 206 0.0016
256 206 0.0024
34 207 0.0016
239 207 0.0024
875 207 0.0049
206 208 0.0016
313 208 0.0016
110 210 0.0162
211 210 0.0041
224 210 0.0162
262 210 0.0008
210 211 0.0041
217 211 0.0032
214 212 0.0008
1210 212 0.0024
36 213 0.0041
45 213 0.0065
49 213 0.0016
855 213 0.0041
88 214 0.0097
212 214 0.0008
1210 214 0.0113
211 217 0.0032
218 217 0.0024
217 218 0.0024
219 218 0.0008
224 218 0.0041
218 219 0.0008
225 219 0.0008
139 221 0.0081
226 221 0.0081
210 224 0.0162
218 224 0.0041
225 224 0.0146
219 225 0.0008
224 225 0.0146
241 225 0.0024
274 225 0.0097
221 226 0.0081
231 226 0.0073
246 226 0.0016
820 229 0.0065
956 229 0.0065
698 230 0.0041
762 230 0.0041
226 231 0.0073
232 231 0.0097
233 231 0.0016
231 232 0.0097
233 232 0.0065
244 232 0.0122
231 233 0.0016
232 233 0.0065
234 233 0.0024
241 233 0.0008
233 234 0.0024
235 234 0.0008
251 234 0.0041
234 235 0.0008
260 235 0.0008
258 236 0.0113
986 236 0.0105
988 236 0.0113
36 239 0.0016
207 239 0.0024
855 239 0.0049
225 241 0.0024
233 241 0.0008
260 241 0.0008
825 242 0.0024
857 242 0.0016
232 244 0.0122
249 244 0.0105
251 244 0.0049
45 245 0.0113
247 245 0.0122
140 246 0.0008
226 246 0.0016
48 247 0.0016
245 247 0.0122
933 247 0.0097
844 248 0.0057
864 248 0.0016
930 248 0.0065
193 249 0.013
244 249 0.0105
250 249 0.0032
254 249 0.0057
249 250 0.0032
251 250 0.0032
234 251 0.0041
244 251 0.0049
250 251 0.0032
203 254 0.0122
249 254 0.0057
255 254 0.0057
260 254 0.0024
254 255 0.0057
256 255 0.0024
295 255 0.0016
299 255 0.0049
206 256 0.0024
255 256 0.0024
123 258 0.0024
236 258 0.0113
988 258 0.0008
992 258 0.0065
235 260 0.0008
241 260 0.0008
254 260 0.0024
210 262 0.0008
275 262 0.0024
118 263 0.013
264 263 0.0057
276 263 0.013
263 264 0.0057
265 264 0.0024
281 264 0.0024
264 265 0.0024
266 265 0.0032
268 265 0.0032
118 266 0.0008
265 266 0.0032
268 266 0.0016
268 267 0.0008
271 267 0.0008
549 267 0.0024
265 268 0.0032
266 268 0.0016
267 268 0.0008
267 271 0.0008
556 271 0.0008
864 272 0.0024
950 272 0.0016
274 273 0.0089
277 273 0.0016
280 273 0.0113
225 274 0.0097
273 274 0.0089
262 275 0.0024
276 275 0.0089
277 275 0.0057
263 276 0.013
275 276 0.0089
277 276 0.0016
281 276 0.0138
273 277 0.0016
275 277 0.0057
276 277 0.0016
278 277 0.0008
277 278 0.0008
279 278 0.0024
281 278 0.0041
278 279 0.0024
280 279 0.0146
288 279 0.0178
273 280 0.0113
279 280 0.0146
290 280 0.0041
264 281 0.0024
276 281 0.0138
278 281 0.0041
282 281 0.0122
281 282 0.0122
287 282 0.013
284 283 0.0016
564 283 0.0024
283 284 0.0016
556 284 0.0024
609 285 0.0041
665 285 0.0146
927 285 0.013
746 286 0.0016
967 286 0.0016
282 287 0.013
288 287 0.0154
289 287 0.0016
279 288 0.0178
287 288 0.0154
289 288 0.0057
371 288 0.0016
287 289 0.0016
288 289 0.0057
400 289 0.0032
280 290 0.0041
291 290 0.0041
360 290 0.0089
290 291 0.0041
292 291 0.0057
295 291 0.0024
291 292 0.0057
294 292 0.0016
359 292 0.0032
381 293 0.0081
474 293 0.0057
881 293 0.0016
292 294 0.0016
295 294 0.0049
297 294 0.0024
255 295 0.0016
291 295 0.0024
294 295 0.0049
294 297 0.0024
298 297 0.0065
301 297 0.0049
297 298 0.0065
299 298 0.0089
300 298 0.0016
255 299 0.0049
298 299 0.0089
300 299 0.0097
298 300 0.0016
299 300 0.0097
309 300 0.0073
297 301 0.0049
302 301 0.0008
304 301 0.0065
301 302 0.0008
303 302 0.0008
343 302 0.0024
302 303 0.0008
359 303 0.0008
301 304 0.0065
306 304 0.0024
310 304 0.0081
341 304 0.0089
112 305 0.0089
877 305 0.0089
304 306 0.0024
307 306 0.0073
1206 306 0.0105
306 307 0.0073
328 307 0.0073
300 309 0.0073
310 309 0.0097
312 309 0.0065
304 310 0.0081
309 310 0.0097
311 310 0.0073
310 311 0.0073
312 311 0.0016
314 311 0.0049
309 312 0.0065
311 312 0.0016
313 312 0.0041
208 313 0.0016
312 313 0.0041
323 313 0.0024
311 314 0.0049
323 314 0.0049
313 323 0.0024
314 323 0.0049
324 323 0.0032
323 324 0.0032
325 324 0.0032
324 325 0.0032
326 325 0.0073
1194 325 0.0032
325 326 0.0073
1200 326 0.0065
307 328 0.0073
329 328 0.0081
328 329 0.0081
330 329 0.0065
358 329 0.0089
329 330 0.0065
331 330 0.0049
358 330 0.0008
330 331 0.0049
332 331 0.0049
331 332 0.0049
333 332 0.0024
354 332 0.0016
332 333 0.0024
334 333 0.0041
335 333 0.0073
333 334 0.0041
1183 334 0.0041
333 335 0.0073
1187 335 0.0097
1192 335 0.0016
304 341 0.0089
342 341 0.0032
1206 341 0.013
341 342 0.0032
344 342 0.0024
302 343 0.0024
344 343 0.0049
345 343 0.0008
342 344 0.0024
343 344 0.0049
345 344 0.0081
343 345 0.0008
344 345 0.0081
346 345 0.0065
345 346 0.0065
347 346 0.0113
348 346 0.0041
346 347 0.0113
349 347 0.0162
367 347 0.0073
346 348 0.0041
356 348 0.0162
1206 348 0.0113
347 349 0.0162
351 349 0.0041
354 349 0.0113
76 350 0.0089
957 350 0.0065
1042 350 0.0016
349 351 0.0041
352 351 0.0065
353 351 0.0016
351 352 0.0065
388 352 0.0041
1181 352 0.0016
351 353 0.0016
1181 353 0.0016
332 354 0.0016
349 354 0.0113
355 354 0.0138
354 355 0.0138
356 355 0.0162
357 355 0.0016
348 356 0.0162
355 356 0.0162
357 356 0.0097
355 357 0.0016
356 357 0.0097
358 357 0.0073
329 358 0.0089
330 358 0.0008
357 358 0.0073
292 359 0.0032
303 359 0.0008
360 359 0.0049
290 360 0.0089
359 360 0.0049
362 360 0.0065
360 362 0.0065
363 362 0.0049
367 362 0.0073
362 363 0.0049
366 363 0.0024
374 363 0.0016
515 365 0.0113
554 365 0.0097
1199 365 0.0122
363 366 0.0024
367 366 0.0089
384 366 0.0057
347 367 0.0073
362 367 0.0073
366 367 0.0089
81 368 0.0065
453 368 0.0089
957 368 0.0016
288 371 0.0016
374 371 0.0016
638 372 0.0016
826 372 0.0032
891 372 0.0008
81 373 0.0065
389 373 0.0089
638 373 0.0016
363 374 0.0016
371 374 0.0016
293 381 0.0081
627 381 0.0081
1053 381 0.0041
366 384 0.0057
385 384 0.0049
388 384 0.0081
384 385 0.0049
392 385 0.0008
395 385 0.0057
399 385 0.0016
710 387 0.0049
712 387 0.0154
723 387 0.0097
352 388 0.0041
384 388 0.0081
392 388 0.0032
373 389 0.0089
886 389 0.0105
891 389 0.0008
70 391 0.0024
71 391 0.0024
385 392 0.0008
388 392 0.0032
393 392 0.0016
392 393 0.0016
1179 393 0.0016
385 395 0.0057
396 395 0.0024
399 395 0.0041
395 396 0.0024
397 396 0.0073
424 396 0.0057
396 397 0.0073
398 397 0.0097
1173 397 0.0065
397 398 0.0097
1160 398 0.0049
1165 398 0.0041
385 399 0.0016
395 399 0.0041
414 399 0.0016
289 400 0.0032
402 400 0.0041
406 400 0.0065
94 401 0.0049
95 401 0.0016
465 401 0.0024
400 402 0.0041
403 402 0.0057
404 402 0.0089
402 403 0.0057
563 403 0.0049
402 404 0.0089
405 404 0.0113
501 404 0.0065
568 404 0.0073
404 405 0.0113
406 405 0.0089
466 405 0.0097
400 406 0.0065
405 406 0.0089
407 406 0.0049
406 407 0.0049
408 407 0.0105
420 407 0.013
407 408 0.0105
409 408 0.0041
414 408 0.0057
408 409 0.0041
410 409 0.0041
409 410 0.0041
413 410 0.0032
1207 410 0.0081
410 413 0.0032
416 413 0.0041
399 414 0.0016
408 414 0.0057
415 414 0.0032
414 415 0.0032
416 415 0.0041
413 416 0.0041
415 416 0.0041
407 420 0.013
421 420 0.0146
1207 420 0.0203
420 421 0.0146
422 421 0.0024
446 421 0.0113
421 422 0.0024
423 422 0.0178
427 422 0.0146
422 423 0.0178
424 423 0.0073
1207 423 0.0113
396 424 0.0057
423 424 0.0073
426 424 0.0008
424 426 0.0008
429 426 0.0008
422 427 0.0146
429 427 0.0073
433 427 0.0081
426 429 0.0008
427 429 0.0073
430 429 0.0057
429 430 0.0057
1160 430 0.0057
427 433 0.0081
435 433 0.0008
437 433 0.0065
437 434 0.0041
1155 434 0.0041
1158 434 0.0008
433 435 0.0008
447 435 0.0008
433 437 0.0065
434 437 0.0041
438 437 0.0097
437 438 0.0097
439 438 0.0122
442 438 0.0097
438 439 0.0122
440 439 0.0049
441 439 0.0081
439 440 0.0049
448 440 0.0041
439 441 0.0081
1122 441 0.0049
1123 441 0.0089
438 442 0.0097
443 442 0.0089
444 442 0.0065
442 443 0.0089
1130 443 0.0057
1133 443 0.0024
442 444 0.0065
1144 444 0.0024
1151 444 0.0032
421 446 0.0113
447 446 0.0089
449 446 0.0081
435 447 0.0008
446 447 0.0089
448 447 0.0073
440 448 0.0041
447 448 0.0073
449 448 0.0024
446 449 0.0081
448 449 0.0024
450 449 0.0049
449 450 0.0049
451 450 0.0024
452 450 0.0008
473 450 0.0065
450 451 0.0024
456 451 0.0016
450 452 0.0008
454 452 0.0041
1093 452 0.0024
368 453 0.0089
957 453 0.0089
452 454 0.0041
455 454 0.0024
1100 454 0.0073
454 455 0.0024
1097 455 0.0024
451 456 0.0016
457 456 0.0041
477 456 0.0065
456 457 0.0041
459 457 0.0049
459 458 0.0065
477 458 0.0032
1087 458 0.0016
457 459 0.0049
458 459 0.0065
460 459 0.0024
459 460 0.0024
461 460 0.0049
464 460 0.0016
460 461 0.0049
463 461 0.0016
464 461 0.0024
461 463 0.0016
1088 463 0.0041
1090 463 0.0016
460 464 0.0016
461 464 0.0024
401 465 0.0024
1051 465 0.0016
405 466 0.0097
472 466 0.0073
501 466 0.0016
466 472 0.0073
488 472 0.0057
491 472 0.0073
450 473 0.0065
475 473 0.0073
491 473 0.0081
293 474 0.0057
1140 474 0.0057
473 475 0.0073
476 475 0.0041
477 475 0.0024
475 476 0.0041
480 476 0.0032
494 476 0.0081
456 477 0.0065
458 477 0.0032
475 477 0.0024
693 478 0.0024
694 478 0.0032
476 480 0.0032
1081 480 0.0032
483 481 0.0049
507 481 0.0097
509 481 0.0089
515 482 0.0024
1109 482 0.0024
481 483 0.0049
485 483 0.0016
488 483 0.0024
854 484 0.0032
989 484 0.0041
990 484 0.0016
993 484 0.0105
483 485 0.0016
486 485 0.0016
485 486 0.0016
487 486 0.0016
512 486 0.0041
486 487 0.0016
512 487 0.0041
521 487 0.0016
472 488 0.0057
483 488 0.0024
489 488 0.0024
488 489 0.0024
490 489 0.0049
492 489 0.0016
489 490 0.0049
491 490 0.0081
492 490 0.0073
472 491 0.0073
473 491 0.0081
490 491 0.0081
489 492 0.0016
490 492 0.0073
493 492 0.0049
492 493 0.0049
494 493 0.0089
498 493 0.0049
476 494 0.0081
493 494 0.0089
497 496 0.0024
498 496 0.0016
496 497 0.0024
498 497 0.0073
1080 497 0.0041
493 498 0.0049
496 498 0.0016
497 498 0.0073
404 501 0.0065
466 501 0.0016
502 501 0.0032
580 501 0.0024
581 501 0.0016
501 502 0.0032
504 502 0.0057
505 502 0.0016
502 504 0.0057
505 504 0.0032
506 504 0.0049
502 505 0.0016
504 505 0.0032
582 505 0.0016
596 505 0.0032
504 506 0.0049
507 506 0.0057
616 506 0.0032
481 507 0.0097
506 507 0.0057
508 507 0.0032
507 508 0.0032
513 508 0.0041
481 509 0.0089
511 509 0.0089
509 511 0.0089
512 511 0.0041
513 511 0.0122
519 511 0.0024
486 512 0.0041
487 512 0.0041
511 512 0.0041
508 513 0.0041
511 513 0.0122
518 513 0.0089
116 514 0.0089
117 514 0.0032
994 514 0.0081
365 515 0.0113
482 515 0.0024
548 515 0.0081
517 516 0.0016
637 516 0.0008
516 517 0.0016
518 517 0.0089
526 517 0.0024
529 517 0.0032
513 518 0.0089
517 518 0.0089
519 518 0.0081
525 518 0.0097
511 519 0.0024
518 519 0.0081
520 519 0.0049
519 520 0.0049
521 520 0.0073
1075 520 0.0016
487 521 0.0016
520 521 0.0073
1075 521 0.0049
523 522 0.0057
1075 522 0.0024
1078 522 0.0024
522 523 0.0057
528 523 0.0032
1077 523 0.0016
199 525 0.0057
518 525 0.0097
528 525 0.0032
199 526 0.0049
517 526 0.0024
527 526 0.0016
20 527 0.0024
199 527 0.0049
526 527 0.0016
523 528 0.0032
525 528 0.0032
517 529 0.0032
530 529 0.0057
536 529 0.0032
529 530 0.0057
531 530 0.0049
532 530 0.0049
530 531 0.0049
532 531 0.0016
535 531 0.0024
530 532 0.0049
531 532 0.0016
538 532 0.0024
531 535 0.0024
536 535 0.0024
529 536 0.0032
535 536 0.0024
532 538 0.0024
539 538 0.0049
691 538 0.0016
20 539 0.0024
538 539 0.0049
693 539 0.0016
41 540 0.0089
541 540 0.0081
540 541 0.0081
542 541 0.0008
549 541 0.0065
113 542 0.0008
541 542 0.0008
800 543 0.0073
828 543 0.0065
634 544 0.0162
832 544 0.0113
834 544 0.0057
1198 544 0.0008
623 546 0.0097
712 546 0.017
728 546 0.0065
515 548 0.0081
671 548 0.0081
267 549 0.0024
541 549 0.0065
552 549 0.0065
748 550 0.0057
749 550 0.0049
549 552 0.0065
555 552 0.0057
365 554 0.0097
767 554 0.0073
1199 554 0.0016
552 555 0.0057
556 555 0.0065
557 555 0.0097
271 556 0.0008
284 556 0.0024
555 556 0.0065
559 556 0.0016
555 557 0.0097
558 557 0.0097
1208 557 0.0089
557 558 0.0097
559 558 0.0057
561 558 0.0097
556 559 0.0016
558 559 0.0057
560 559 0.0032
559 560 0.0032
561 560 0.0024
558 561 0.0097
560 561 0.0024
562 561 0.0097
564 561 0.0073
561 562 0.0097
567 562 0.0122
579 562 0.0024
403 563 0.0049
564 563 0.0057
283 564 0.0024
561 564 0.0073
563 564 0.0057
570 566 0.0008
777 566 0.0032
1071 566 0.0049
562 567 0.0122
568 567 0.013
404 568 0.0073
567 568 0.013
579 568 0.0105
572 569 0.0105
1208 569 0.0105
566 570 0.0008
769 570 0.0024
771 570 0.0041
569 572 0.0105
573 572 0.0081
765 572 0.0097
572 573 0.0081
574 573 0.0105
575 573 0.0016
573 574 0.0105
575 574 0.0041
579 574 0.0073
573 575 0.0016
574 575 0.0041
578 575 0.0016
577 576 0.0016
578 576 0.0032
590 576 0.0008
576 577 0.0016
578 577 0.0024
575 578 0.0016
576 578 0.0032
577 578 0.0024
562 579 0.0024
568 579 0.0105
574 579 0.0073
501 580 0.0024
581 580 0.0024
583 580 0.0008
501 581 0.0016
580 581 0.0024
505 582 0.0016
596 582 0.0024
580 583 0.0008
584 583 0.0024
591 583 0.0008
583 584 0.0024
585 584 0.0032
586 584 0.0032
584 585 0.0032
586 585 0.0057
591 585 0.0049
584 586 0.0032
585 586 0.0057
587 586 0.0049
586 587 0.0049
588 587 0.0073
594 587 0.0032
598 587 0.0065
587 588 0.0073
589 588 0.0073
592 588 0.0073
588 589 0.0073
590 589 0.0049
592 589 0.0016
576 590 0.0008
589 590 0.0049
591 590 0.0032
583 591 0.0008
585 591 0.0049
590 591 0.0032
588 592 0.0073
589 592 0.0016
593 592 0.0049
775 592 0.0057
592 593 0.0049
772 593 0.0041
774 593 0.0049
587 594 0.0032
597 594 0.0041
640 595 0.0065
773 595 0.0065
505 596 0.0032
582 596 0.0024
597 596 0.0016
594 597 0.0041
596 597 0.0016
599 597 0.0057
605 597 0.0032
587 598 0.0065
599 598 0.0049
607 598 0.0041
597 599 0.0057
598 599 0.0049
600 599 0.0032
599 600 0.0032
601 600 0.0024
618 600 0.0065
600 601 0.0024
602 601 0.0016
603 601 0.0049
601 602 0.0016
603 602 0.0024
601 603 0.0049
602 603 0.0024
604 603 0.0089
617 603 0.0113
603 604 0.0089
605 604 0.0041
614 604 0.0041
597 605 0.0032
604 605 0.0041
598 607 0.0041
778 607 0.0049
640 608 0.0008
651 608 0.0024
285 609 0.0041
1209 609 0.0041
611 610 0.0032
625 610 0.0041
610 611 0.0032
612 611 0.0016
613 611 0.0057
611 612 0.0016
613 612 0.0032
618 612 0.0008
611 613 0.0057
612 613 0.0032
620 613 0.0049
604 614 0.0041
615 614 0.0024
616 614 0.0008
614 615 0.0024
616 615 0.0049
617 615 0.0081
506 616 0.0032
614 616 0.0008
615 616 0.0049
603 617 0.0113
615 617 0.0081
619 617 0.0024
635 617 0.0105
600 618 0.0065
612 618 0.0008
619 618 0.0081
617 619 0.0024
618 619 0.0081
631 619 0.0057
632 619 0.0041
637 619 0.0081
613 620 0.0049
621 620 0.0057
631 620 0.0032
620 621 0.0057
625 621 0.0041
633 621 0.0008
546 623 0.0097
732 623 0.0041
884 623 0.0049
610 625 0.0041
621 625 0.0041
155 626 0.0057
655 626 0.0146
673 626 0.0178
381 627 0.0081
870 627 0.0057
1053 627 0.0016
619 631 0.0057
620 631 0.0032
632 631 0.0016
619 632 0.0041
631 632 0.0016
633 632 0.0065
641 632 0.0041
621 633 0.0008
632 633 0.0065
648 633 0.0049
544 634 0.0162
823 634 0.0138
832 634 0.0016
617 635 0.0105
637 635 0.0105
516 637 0.0008
619 637 0.0081
635 637 0.0105
372 638 0.0016
373 638 0.0016
595 640 0.0065
608 640 0.0008
654 640 0.0081
632 641 0.0041
642 641 0.0024
645 641 0.0008
641 642 0.0024
643 642 0.0041
644 642 0.0008
642 643 0.0041
644 643 0.0024
648 643 0.0065
649 643 0.0016
642 644 0.0008
643 644 0.0024
645 644 0.0008
641 645 0.0008
644 645 0.0008
633 648 0.0049
643 648 0.0065
649 648 0.0016
643 649 0.0016
648 649 0.0016
608 651 0.0024
652 651 0.0089
778 651 0.0089
651 652 0.0089
653 652 0.0097
791 652 0.0146
652 653 0.0097
654 653 0.0065
667 653 0.0081
868 653 0.0032
640 654 0.0081
653 654 0.0065
658 654 0.0008
626 655 0.0146
656 655 0.0089
773 655 0.0065
655 656 0.0089
670 656 0.0016
687 656 0.0097
178 658 0.0008
654 658 0.0008
155 662 0.0057
663 662 0.0089
664 662 0.0024
172 663 0.0113
178 663 0.0049
662 663 0.0089
163 664 0.0073
172 664 0.0105
662 664 0.0024
285 665 0.0146
836 665 0.0113
1209 665 0.0024
653 667 0.0081
734 667 0.0113
872 667 0.0105
656 670 0.0016
672 670 0.0008
142 671 0.0024
548 671 0.0081
823 671 0.0113
670 672 0.0008
687 672 0.0049
691 672 0.0032
626 673 0.0178
674 673 0.013
677 673 0.0122
673 674 0.013
675 674 0.0105
705 674 0.0065
5 675 0.0057
674 675 0.0105
676 675 0.0097
82 676 0.0016
675 676 0.0097
713 676 0.0073
673 677 0.0122
679 677 0.0032
680 677 0.0081
8 679 0.0008
52 679 0.0049
677 679 0.0032
677 680 0.0081
682 680 0.0016
688 680 0.0057
168 681 0.0122
711 681 0.0122
680 682 0.0016
683 682 0.0016
682 683 0.0016
685 683 0.0024
689 683 0.0049
683 685 0.0024
694 685 0.0016
656 687 0.0097
672 687 0.0049
688 687 0.0122
680 688 0.0057
687 688 0.0122
689 688 0.0057
683 689 0.0049
688 689 0.0057
690 689 0.0065
689 690 0.0065
691 690 0.0057
692 690 0.0049
538 691 0.0016
672 691 0.0032
690 691 0.0057
690 692 0.0049
693 692 0.0049
694 692 0.0057
478 693 0.0024
539 693 0.0016
692 693 0.0049
478 694 0.0032
685 694 0.0016
692 694 0.0057
826 697 0.0065
956 697 0.0065
230 698 0.0041
755 698 0.0041
757 698 0.0089
10 699 0.0041
701 699 0.0041
8 701 0.0016
82 701 0.0016
699 701 0.0041
746 704 0.0016
929 704 0.0089
960 704 0.0113
161 705 0.0041
674 705 0.0065
1069 705 0.0016
11 706 0.0186
708 706 0.0186
706 708 0.0186
709 708 0.0186
3 709 0.013
708 709 0.0186
710 709 0.0049
387 710 0.0049
709 710 0.0049
176 711 0.0032
681 711 0.0122
742 711 0.0081
387 712 0.0154
546 712 0.017
822 712 0.0041
676 713 0.0073
1069 713 0.0073
718 717 0.0024
1069 717 0.0138
1074 717 0.017
717 718 0.0024
719 718 0.0203
731 718 0.017
718 719 0.0203
1074 719 0.0203
899 722 0.0024
1074 722 0.0024
387 723 0.0097
732 723 0.0041
837 723 0.0049
837 725 0.0049
856 725 0.0049
183 726 0.0081
782 726 0.0081
546 728 0.0065
840 728 0.0065
731 730 0.0203
782 730 0.0194
914 730 0.013
718 731 0.017
730 731 0.0203
909 731 0.0024
623 732 0.0041
723 732 0.0041
667 734 0.0113
735 734 0.0073
876 734 0.0097
188 735 0.0105
734 735 0.0073
939 735 0.0089
127 736 0.0065
835 736 0.0008
884 736 0.0049
41 737 0.0138
738 737 0.0049
740 737 0.0081
737 738 0.0049
786 738 0.0049
737 740 0.0081
747 740 0.0113
766 740 0.0041
921 741 0.0024
947 741 0.0081
952 741 0.0032
998 741 0.0032
183 742 0.0081
711 742 0.0081
748 744 0.017
753 744 0.0065
754 744 0.0154
286 746 0.0016
704 746 0.0016
960 746 0.0016
967 746 0.0016
740 747 0.0113
748 747 0.0122
550 748 0.0057
744 748 0.017
747 748 0.0122
550 749 0.0049
750 749 0.0049
749 750 0.0049
751 750 0.0008
753 750 0.0032
750 751 0.0008
752 751 0.0024
759 751 0.0008
751 752 0.0024
753 752 0.0024
754 752 0.0057
744 753 0.0065
750 753 0.0032
752 753 0.0024
744 754 0.0154
752 754 0.0057
765 754 0.0122
698 755 0.0041
856 755 0.0081
911 755 0.0065
698 757 0.0089
758 757 0.013
1199 757 0.0097
757 758 0.013
1016 758 0.0049
1104 758 0.0073
751 759 0.0008
1208 759 0.0008
230 762 0.0041
1016 762 0.0041
572 765 0.0097
754 765 0.0122
769 765 0.0065
771 765 0.0057
740 766 0.0041
769 766 0.0032
554 767 0.0073
770 767 0.0041
856 767 0.0024
777 768 0.0073
788 768 0.0081
570 769 0.0024
765 769 0.0065
766 769 0.0032
142 770 0.0057
767 770 0.0041
1159 770 0.0008
570 771 0.0041
765 771 0.0057
772 771 0.0041
593 772 0.0041
771 772 0.0041
1071 772 0.0041
595 773 0.0065
655 773 0.0065
593 774 0.0049
775 774 0.0057
1071 774 0.0049
592 775 0.0057
774 775 0.0057
566 777 0.0032
768 777 0.0073
778 777 0.0097
607 778 0.0049
651 778 0.0089
777 778 0.0097
40 779 0.0122
130 779 0.0008
787 779 0.0105
188 782 0.0105
726 782 0.0081
730 782 0.0194
784 783 0.0113
787 783 0.0105
783 784 0.0113
785 784 0.0024
800 784 0.0081
784 785 0.0024
786 785 0.0146
789 785 0.0113
738 786 0.0049
785 786 0.0146
787 786 0.0138
788 786 0.0089
779 787 0.0105
783 787 0.0105
786 787 0.0138
768 788 0.0081
786 788 0.0089
785 789 0.0113
790 789 0.0113
792 789 0.0073
789 790 0.0113
791 790 0.0113
802 790 0.0081
652 791 0.0146
790 791 0.0113
858 791 0.0122
789 792 0.0073
793 792 0.0065
792 793 0.0065
795 793 0.0024
802 793 0.0032
793 795 0.0024
796 795 0.0032
829 795 0.0065
795 796 0.0032
831 796 0.0032
799 798 0.0057
1159 798 0.0049
798 799 0.0057
1066 799 0.0057
543 800 0.0073
784 800 0.0081
803 801 0.0049
881 801 0.0016
1066 801 0.0073
790 802 0.0081
793 802 0.0032
807 802 0.0041
801 803 0.0049
1198 803 0.0049
802 807 0.0041
808 807 0.0041
807 808 0.0041
1204 808 0.0041
14 813 0.0049
816 813 0.0049
133 816 0.0049
813 816 0.0049
133 818 0.0008
822 818 0.0008
229 820 0.0065
844 820 0.0089
857 820 0.0016
712 822 0.0041
818 822 0.0008
827 822 0.0024
634 823 0.0138
671 823 0.0113
824 823 0.0097
205 824 0.0162
823 824 0.0097
825 824 0.0138
242 825 0.0024
824 825 0.0138
826 825 0.0105
372 826 0.0032
697 826 0.0065
825 826 0.0105
822 827 0.0024
828 827 0.0016
829 827 0.0049
543 828 0.0065
827 828 0.0016
829 828 0.0089
795 829 0.0065
827 829 0.0049
828 829 0.0089
830 829 0.0105
829 830 0.0105
831 830 0.0065
838 830 0.0097
796 831 0.0032
830 831 0.0065
833 831 0.0024
142 832 0.0089
544 832 0.0113
634 832 0.0016
831 833 0.0024
835 833 0.0016
841 833 0.0024
845 833 0.0016
544 834 0.0057
1140 834 0.0057
736 835 0.0008
833 835 0.0016
846 835 0.0008
847 835 0.0057
977 835 0.0032
665 836 0.0113
1140 836 0.0122
723 837 0.0049
725 837 0.0049
830 838 0.0097
839 838 0.0016
840 838 0.0122
838 839 0.0016
840 839 0.0049
841 839 0.0024
728 840 0.0065
838 840 0.0122
839 840 0.0049
833 841 0.0024
839 841 0.0024
205 844 0.0154
248 844 0.0057
820 844 0.0089
833 845 0.0016
846 845 0.0032
849 845 0.0008
835 846 0.0008
845 846 0.0032
847 846 0.0049
126 847 0.0032
835 847 0.0057
846 847 0.0049
845 849 0.0008
850 849 0.0016
851 849 0.0032
849 850 0.0016
851 850 0.0016
853 850 0.0049
1204 850 0.0049
849 851 0.0032
850 851 0.0016
852 851 0.0008
851 852 0.0008
974 852 0.0016
983 852 0.0073
984 852 0.0065
850 853 0.0049
854 853 0.0041
484 854 0.0032
853 854 0.0041
860 854 0.0081
213 855 0.0041
239 855 0.0049
875 855 0.0049
725 856 0.0049
755 856 0.0081
767 856 0.0024
242 857 0.0016
820 857 0.0016
791 858 0.0122
859 858 0.0105
865 858 0.0032
872 858 0.0097
858 859 0.0105
860 859 0.0097
874 859 0.0113
854 860 0.0081
859 860 0.0097
861 860 0.0008
860 861 0.0008
889 861 0.0008
248 864 0.0016
272 864 0.0024
950 864 0.0032
858 865 0.0032
867 865 0.0008
868 865 0.0016
865 867 0.0008
868 867 0.0008
653 868 0.0032
865 868 0.0016
867 868 0.0008
627 870 0.0057
927 870 0.0057
667 872 0.0105
858 872 0.0097
112 874 0.0089
859 874 0.0113
878 874 0.0081
207 875 0.0049
855 875 0.0049
734 876 0.0097
877 876 0.0097
305 877 0.0089
876 877 0.0097
874 878 0.0081
890 878 0.0081
1000 878 0.0057
293 881 0.0016
801 881 0.0016
623 884 0.0049
736 884 0.0049
887 885 0.013
890 885 0.0122
970 885 0.0065
389 886 0.0105
912 886 0.0113
1109 886 0.0081
885 887 0.013
888 887 0.0113
971 887 0.0008
887 888 0.0113
889 888 0.0049
990 888 0.0057
861 889 0.0008
888 889 0.0049
890 889 0.0032
878 890 0.0081
885 890 0.0122
889 890 0.0032
372 891 0.0008
389 891 0.0008
722 899 0.0024
900 899 0.0024
906 899 0.0057
899 900 0.0024
901 900 0.0016
907 900 0.0032
1073 900 0.0008
900 901 0.0016
1072 901 0.0041
1073 901 0.0016
899 906 0.0057
907 906 0.0032
910 906 0.0032
900 907 0.0032
906 907 0.0032
731 909 0.0024
910 909 0.0041
914 909 0.0073
906 910 0.0032
909 910 0.0041
755 911 0.0065
921 911 0.0065
886 912 0.0113
913 912 0.0089
1040 912 0.0065
76 913 0.0089
912 913 0.0089
730 914 0.013
909 914 0.0073
915 914 0.0065
914 915 0.0065
916 915 0.0016
923 915 0.0073
34 916 0.0008
915 916 0.0016
34 918 0.0032
45 918 0.0041
919 918 0.0089
918 919 0.0089
923 919 0.0024
933 919 0.0089
741 921 0.0024
911 921 0.0065
982 921 0.0065
915 923 0.0073
919 923 0.0024
928 923 0.0073
198 926 0.0024
928 926 0.0081
939 926 0.0113
285 927 0.013
870 927 0.0057
929 927 0.0065
923 928 0.0073
926 928 0.0081
931 928 0.0032
704 929 0.0089
927 929 0.0065
959 929 0.0016
248 930 0.0065
959 930 0.0065
928 931 0.0032
936 931 0.0016
1068 931 0.0057
247 933 0.0097
919 933 0.0089
935 933 0.0016
1068 933 0.0057
933 935 0.0016
936 935 0.0016
1068 935 0.0041
931 936 0.0016
935 936 0.0016
56 938 0.0041
1064 938 0.0057
1065 938 0.0008
735 939 0.0089
926 939 0.0113
940 939 0.0032
198 940 0.0032
939 940 0.0032
741 947 0.0081
992 947 0.0065
994 947 0.0105
272 950 0.0016
864 950 0.0032
1209 950 0.0008
92 951 0.0049
953 951 0.0016
1008 951 0.0016
741 952 0.0032
994 952 0.0016
996 952 0.0008
92 953 0.0065
951 953 0.0016
1025 953 0.0041
229 956 0.0065
697 956 0.0065
350 957 0.0065
368 957 0.0016
453 957 0.0089
929 959 0.0016
930 959 0.0065
960 959 0.0089
704 960 0.0113
746 960 0.0016
959 960 0.0089
107 961 0.0073
962 961 0.0016
964 961 0.0049
103 962 0.0097
107 962 0.0122
961 962 0.0016
99 964 0.0041
961 964 0.0049
966 964 0.0032
964 966 0.0032
998 966 0.0032
286 967 0.0016
746 967 0.0016
103 970 0.0089
885 970 0.0065
971 970 0.0049
887 971 0.0008
970 971 0.0049
972 971 0.0024
103 972 0.0081
104 972 0.0041
971 972 0.0024
104 973 0.0032
108 973 0.0032
852 974 0.0016
985 974 0.0024
989 974 0.0049
126 977 0.0057
127 977 0.0008
835 977 0.0032
979 977 0.0065
977 979 0.0065
980 979 0.0081
984 979 0.0089
127 980 0.0081
979 980 0.0081
981 980 0.0105
980 981 0.0105
982 981 0.0073
983 981 0.0065
921 982 0.0065
981 982 0.0073
985 982 0.0032
852 983 0.0073
981 983 0.0065
126 984 0.0016
852 984 0.0065
979 984 0.0089
974 985 0.0024
982 985 0.0032
986 985 0.0065
123 986 0.0032
236 986 0.0105
985 986 0.0065
236 988 0.0113
258 988 0.0008
989 988 0.0097
484 989 0.0041
974 989 0.0049
988 989 0.0097
484 990 0.0016
888 990 0.0057
993 990 0.0081
258 992 0.0065
947 992 0.0065
116 993 0.0065
484 993 0.0105
990 993 0.0081
514 994 0.0081
947 994 0.0105
952 994 0.0016
117 996 0.0008
952 996 0.0008
741 998 0.0032
966 998 0.0032
878 1000 0.0057
1001 1000 0.0057
1005 1000 0.0057
101 1001 0.0089
1000 1001 0.0057
1002 1001 0.0089
1001 1002 0.0089
1005 1002 0.0081
97 1003 0.0113
1054 1003 0.0097
96 1004 0.0057
99 1004 0.0065
101 1004 0.0113
1000 1005 0.0057
1002 1005 0.0081
1006 1005 0.0113
1055 1005 0.0024
1005 1006 0.0113
1007 1006 0.0065
1029 1006 0.0122
1006 1007 0.0065
1008 1007 0.0049
1011 1007 0.0105
951 1008 0.0016
1007 1008 0.0049
1009 1008 0.0073
92 1009 0.0073
1008 1009 0.0073
1007 1011 0.0105
1013 1011 0.0032
1015 1011 0.0065
1011 1013 0.0032
1034 1013 0.0032
1011 1015 0.0065
1017 1015 0.0016
1018 1015 0.0041
758 1016 0.0049
762 1016 0.0041
1015 1017 0.0016
1026 1017 0.0016
1015 1018 0.0041
1022 1018 0.0041
1018 1022 0.0041
1025 1022 0.0041
953 1025 0.0041
1022 1025 0.0041
1017 1026 0.0016
1027 1026 0.0032
1028 1026 0.0008
58 1027 0.0065
60 1027 0.0057
1026 1027 0.0032
60 1028 0.0024
61 1028 0.0008
1026 1028 0.0008
1006 1029 0.0122
1030 1029 0.0097
1055 1029 0.013
1029 1030 0.0097
1031 1030 0.0049
1034 1030 0.0041
1030 1031 0.0049
1032 1031 0.0016
1050 1031 0.0041
1054 1031 0.0024
1031 1032 0.0016
1050 1032 0.0016
1013 1034 0.0032
1030 1034 0.0041
1038 1037 0.0041
1046 1037 0.0032
1037 1038 0.0041
1039 1038 0.0016
1040 1038 0.0065
1038 1039 0.0016
1040 1039 0.0041
1042 1039 0.0016
912 1040 0.0065
1038 1040 0.0065
1039 1040 0.0041
350 1042 0.0016
1039 1042 0.0016
1046 1045 0.0032
1104 1045 0.0032
1037 1046 0.0032
1045 1046 0.0032
1031 1050 0.0041
1032 1050 0.0016
1051 1050 0.0016
465 1051 0.0016
1050 1051 0.0016
381 1053 0.0041
627 1053 0.0016
1066 1053 0.0024
1003 1054 0.0097
1031 1054 0.0024
1055 1054 0.0097
1057 1054 0.0024
1005 1055 0.0024
1029 1055 0.013
1054 1055 0.0097
95 1056 0.0032
1057 1056 0.0024
1054 1057 0.0024
1056 1057 0.0024
70 1062 0.0024
71 1062 0.0024
58 1064 0.0041
938 1064 0.0057
1065 1064 0.0008
938 1065 0.0008
1064 1065 0.0008
799 1066 0.0057
801 1066 0.0073
1053 1066 0.0024
931 1068 0.0057
933 1068 0.0057
935 1068 0.0041
165 1069 0.0089
705 1069 0.0016
713 1069 0.0073
717 1069 0.0138
566 1071 0.0049
772 1071 0.0041
774 1071 0.0049
901 1072 0.0041
1073 1072 0.0032
900 1073 0.0008
901 1073 0.0016
1072 1073 0.0032
717 1074 0.017
719 1074 0.0203
722 1074 0.0024
520 1075 0.0016
521 1075 0.0049
522 1075 0.0024
523 1077 0.0016
1078 1077 0.0016
522 1078 0.0024
1077 1078 0.0016
497 1080 0.0041
1081 1080 0.0032
480 1081 0.0032
1080 1081 0.0032
458 1087 0.0016
1088 1087 0.0041
1089 1087 0.0016
463 1088 0.0041
1087 1088 0.0041
1089 1088 0.0041
1087 1089 0.0016
1088 1089 0.0041
1090 1089 0.0016
463 1090 0.0016
1089 1090 0.0016
452 1093 0.0024
1094 1093 0.0032
1093 1094 0.0032
1105 1094 0.0032
455 1097 0.0024
1098 1097 0.0065
1100 1097 0.0097
26 1098 0.0081
1097 1098 0.0065
1101 1098 0.0089
26 1099 0.0105
1108 1099 0.0113
454 1100 0.0073
1097 1100 0.0097
1101 1100 0.0016
1098 1101 0.0089
1100 1101 0.0016
1127 1101 0.0065
29 1102 0.0049
1119 1102 0.0032
1127 1102 0.0089
758 1104 0.0073
1045 1104 0.0032
1109 1104 0.0113
29 1105 0.0049
1094 1105 0.0032
1106 1105 0.0089
1105 1106 0.0089
1108 1106 0.0089
26 1108 0.0016
1099 1108 0.0113
1106 1108 0.0089
482 1109 0.0024
886 1109 0.0081
1104 1109 0.0113
1102 1119 0.0032
1126 1119 0.0032
441 1122 0.0049
1125 1122 0.0041
441 1123 0.0089
1124 1123 0.0057
1128 1123 0.0024
1123 1124 0.0057
1130 1124 0.0057
1122 1125 0.0041
1126 1125 0.0008
1128 1125 0.0024
1119 1126 0.0032
1125 1126 0.0008
1127 1126 0.0016
1101 1127 0.0065
1102 1127 0.0089
1126 1127 0.0016
1123 1128 0.0024
1125 1128 0.0024
443 1130 0.0057
1124 1130 0.0057
443 1133 0.0024
1145 1133 0.0024
474 1140 0.0057
834 1140 0.0057
836 1140 0.0122
444 1144 0.0024
1145 1144 0.0024
1133 1145 0.0024
1144 1145 0.0024
444 1151 0.0032
1152 1151 0.0032
1151 1152 0.0032
1153 1152 0.0024
1155 1152 0.0065
1152 1153 0.0024
1162 1153 0.0024
434 1155 0.0041
1152 1155 0.0065
1156 1155 0.0032
1155 1156 0.0032
1157 1156 0.0049
1162 1156 0.0008
1156 1157 0.0049
1158 1157 0.0032
1162 1157 0.0073
434 1158 0.0008
1157 1158 0.0032
1161 1158 0.0032
770 1159 0.0008
798 1159 0.0049
1198 1159 0.0065
398 1160 0.0049
430 1160 0.0057
1158 1161 0.0032
1162 1161 0.0024
1153 1162 0.0024
1156 1162 0.0008
1157 1162 0.0073
1161 1162 0.0024
398 1165 0.0041
1167 1165 0.0041
1165 1167 0.0041
1171 1167 0.0041
1167 1171 0.0041
1173 1171 0.0041
397 1173 0.0065
1171 1173 0.0041
1179 1173 0.0016
393 1179 0.0016
1173 1179 0.0016
352 1181 0.0016
353 1181 0.0016
334 1183 0.0041
1185 1183 0.0041
1183 1185 0.0041
1187 1185 0.0065
1189 1185 0.0016
335 1187 0.0097
1185 1187 0.0065
1188 1187 0.0073
1187 1188 0.0073
1189 1188 0.0032
1190 1188 0.0008
1195 1188 0.0049
1185 1189 0.0016
1188 1189 0.0032
1190 1189 0.0008
1188 1190 0.0008
1189 1190 0.0008
335 1192 0.0016
1195 1192 0.0016
325 1194 0.0032
1195 1194 0.0024
1196 1194 0.0065
1188 1195 0.0049
1192 1195 0.0016
1194 1195 0.0024
1194 1196 0.0065
1200 1196 0.0065
544 1198 0.0008
803 1198 0.0049
1159 1198 0.0065
365 1199 0.0122
554 1199 0.0016
757 1199 0.0097
326 1200 0.0065
1196 1200 0.0065
808 1204 0.0041
850 1204 0.0049
306 1206 0.0105
341 1206 0.013
348 1206 0.0113
410 1207 0.0081
420 1207 0.0203
423 1207 0.0113
557 1208 0.0089
569 1208 0.0105
759 1208 0.0008
609 1209 0.0041
665 1209 0.0024
950 1209 0.0008
120 1210 0.0057
129 1210 0.0016
212 1210 0.0024
214 1210 0.0113
200 1211 0.0024
204 1211 0.0024
