11 1 0.0032
1231 1 0.0032
660 3 0.0016
662 3 0.004
688 3 0.0016
5 4 0.0088
1210 4 0.008
4 5 0.0088
6 5 0.0111
1194 5 0.0016
5 6 0.0111
7 6 0.0096
1174 6 0.0135
6 7 0.0096
14 7 0.0096
1 11 0.0032
13 11 0.0032
1210 11 0.0072
11 13 0.0032
14 13 0.0064
18 13 0.0024
7 14 0.0096
13 14 0.0064
15 14 0.0088
14 15 0.0088
18 15 0.0096
17 16 0.0008
18 16 0.0016
16 17 0.0008
19 17 0.0111
1171 17 0.0096
13 18 0.0024
15 18 0.0096
16 18 0.0016
21 18 0.0072
17 19 0.0111
20 19 0.0096
86 19 0.0056
19 20 0.0096
21 20 0.0072
86 20 0.0016
18 21 0.0072
20 21 0.0072
261 22 0.0119
792 22 0.0016
1233 22 0.0104
1162 24 0.0016
1164 24 0.0032
1169 24 0.0008
519 25 0.0024
536 25 0.0024
46 28 0.0032
144 28 0.008
172 28 0.0016
1166 28 0.0096
34 29 0.0024
656 29 0.0024
32 30 0.0008
46 30 0.0008
172 30 0.0024
209 31 0.0048
941 31 0.0072
955 31 0.0016
30 32 0.0008
33 32 0.0024
471 32 0.0008
614 32 0.0056
32 33 0.0024
37 33 0.0048
38 33 0.008
29 34 0.0024
35 34 0.0024
34 35 0.0024
42 35 0.0016
49 35 0.0048
33 37 0.0048
1111 37 0.0064
1115 37 0.0008
33 38 0.008
614 38 0.008
35 42 0.0016
49 42 0.0016
521 44 0.0104
534 44 0.0088
1143 44 0.0088
28 46 0.0032
30 46 0.0008
172 46 0.0048
48 47 0.0032
914 47 0.0032
47 48 0.0032
498 48 0.0032
35 49 0.0048
42 49 0.0016
50 49 0.0024
49 50 0.0024
108 50 0.0064
686 50 0.0032
266 51 0.0016
267 51 0.0096
270 51 0.0008
394 51 0.0056
57 56 0.0016
67 56 0.0016
56 57 0.0016
63 57 0.0016
59 58 0.0016
61 58 0.0016
58 59 0.0016
61 59 0.0016
58 61 0.0016
59 61 0.0016
57 63 0.0016
64 63 0.0024
67 63 0.0048
63 64 0.0024
68 64 0.0024
56 67 0.0016
63 67 0.0048
68 67 0.0024
64 68 0.0024
67 68 0.0024
73 70 0.0024
1172 70 0.0024
97 72 0.0016
665 72 0.004
703 72 0.0056
814 72 0.0088
70 73 0.0024
74 73 0.0016
79 73 0.0056
73 74 0.0016
79 74 0.0016
77 76 0.0016
79 76 0.0056
84 76 0.0024
76 77 0.0016
79 77 0.0016
73 79 0.0056
74 79 0.0016
76 79 0.0056
77 79 0.0016
1171 80 0.0064
1172 80 0.0056
82 81 0.0032
84 81 0.0024
81 82 0.0032
83 82 0.0056
86 82 0.0032
82 83 0.0056
84 83 0.0056
76 84 0.0024
81 84 0.0024
83 84 0.0056
19 86 0.0056
20 86 0.0016
82 86 0.0032
95 89 0.0032
498 89 0.0032
89 95 0.0032
107 95 0.0032
979 95 0.0072
72 97 0.0016
665 97 0.0016
99 98 0.0072
100 98 0.0048
219 98 0.0016
98 99 0.0072
219 99 0.0096
978 99 0.0127
98 100 0.0048
104 100 0.0032
243 100 0.0008
278 101 0.0024
282 101 0.0024
929 101 0.0056
219 102 0.004
248 102 0.0016
1199 102 0.0064
100 104 0.0032
1157 104 0.0032
95 107 0.0032
1157 107 0.0032
50 108 0.0064
109 108 0.0024
136 108 0.0096
108 109 0.0024
117 109 0.0024
114 112 0.0048
935 112 0.0048
112 114 0.0048
629 114 0.0048
123 116 0.0048
629 116 0.0048
109 117 0.0024
118 117 0.0024
117 118 0.0024
133 118 0.004
141 118 0.0008
215 120 0.0167
262 120 0.0104
794 120 0.0135
123 122 0.0048
254 122 0.0048
116 123 0.0048
122 123 0.0048
129 128 0.0048
147 128 0.0016
282 128 0.0024
128 129 0.0048
130 129 0.0048
147 129 0.0104
129 130 0.0048
235 130 0.0048
133 132 0.0032
136 132 0.0096
137 132 0.0135
118 133 0.004
132 133 0.0032
163 133 0.008
108 136 0.0096
132 136 0.0096
132 137 0.0135
140 137 0.0096
176 137 0.0096
144 139 0.008
1164 139 0.0024
1165 139 0.0111
137 140 0.0096
155 140 0.0024
163 140 0.0064
118 141 0.0008
163 141 0.0008
28 144 0.008
139 144 0.008
128 147 0.0016
129 147 0.0104
1024 147 0.008
150 148 0.0048
1024 148 0.0048
148 150 0.0048
531 150 0.0048
292 153 0.0048
817 153 0.0032
1023 153 0.0008
155 154 0.0024
156 154 0.0032
159 154 0.0048
1089 154 0.0024
140 155 0.0024
154 155 0.0024
156 155 0.004
154 156 0.0032
155 156 0.004
1068 156 0.0032
554 157 0.0016
823 157 0.0008
839 157 0.0032
159 158 0.0008
1068 158 0.0008
154 159 0.0048
158 159 0.0008
631 159 0.0032
169 161 0.004
317 161 0.004
133 163 0.008
140 163 0.0064
141 163 0.0008
206 164 0.0056
805 164 0.0048
679 165 0.0016
1089 165 0.004
1090 165 0.0016
167 166 0.0056
177 166 0.0143
371 166 0.0111
166 167 0.0056
317 167 0.004
554 167 0.0008
161 169 0.004
170 169 0.0048
169 170 0.0048
171 170 0.0072
178 170 0.0016
170 171 0.0072
178 171 0.0119
221 171 0.004
28 172 0.0016
30 172 0.0024
46 172 0.0048
175 173 0.0016
370 173 0.0016
175 174 0.0064
369 174 0.0104
371 174 0.0135
173 175 0.0016
174 175 0.0064
883 175 0.004
137 176 0.0096
180 176 0.0056
1069 176 0.008
166 177 0.0143
368 177 0.0088
883 177 0.0048
170 178 0.0016
171 178 0.0119
368 178 0.0119
892 178 0.0016
180 179 0.0064
184 179 0.0072
1070 179 0.0064
1076 179 0.0008
176 180 0.0056
179 180 0.0064
1069 180 0.004
1071 180 0.0088
183 182 0.0048
370 182 0.0127
906 182 0.0088
182 183 0.0048
402 183 0.0008
909 183 0.0048
179 184 0.0072
293 184 0.0048
585 184 0.0064
316 185 0.0024
585 185 0.0048
924 185 0.0064
925 185 0.0072
208 187 0.0024
294 187 0.0016
190 188 0.0048
194 188 0.004
293 188 0.0048
926 188 0.0048
396 189 0.0032
401 189 0.0008
909 189 0.0016
188 190 0.0048
266 190 0.004
887 190 0.0048
192 191 0.0024
193 191 0.0104
906 191 0.0088
191 192 0.0024
193 192 0.0016
423 192 0.004
916 192 0.0032
191 193 0.0104
192 193 0.0016
424 193 0.0016
913 193 0.0056
188 194 0.004
195 194 0.0064
927 194 0.0016
194 195 0.0064
196 195 0.004
209 195 0.0064
195 196 0.004
267 196 0.004
941 196 0.0056
950 196 0.0056
198 197 0.0016
916 197 0.0016
197 198 0.0016
272 198 0.0016
943 200 0.008
947 200 0.0088
985 200 0.0008
930 201 0.0143
933 201 0.0048
939 201 0.0088
272 202 0.004
401 202 0.0056
916 202 0.0008
936 203 0.0096
970 203 0.0096
205 204 0.0016
420 204 0.0056
434 204 0.0016
913 204 0.0056
204 205 0.0016
206 205 0.0016
420 205 0.008
421 205 0.0072
164 206 0.0056
205 206 0.0016
421 206 0.008
208 207 0.0143
258 207 0.0048
959 207 0.0088
187 208 0.0024
207 208 0.0143
295 208 0.0119
299 208 0.0119
300 208 0.0016
31 209 0.0048
195 209 0.0064
927 209 0.0024
960 210 0.0247
961 210 0.0008
965 210 0.0231
212 211 0.0056
216 211 0.0119
457 211 0.0016
966 211 0.0135
211 212 0.0056
964 212 0.0024
967 212 0.0024
953 213 0.0008
954 213 0.0064
957 213 0.008
120 215 0.0167
805 215 0.0064
900 215 0.0096
211 216 0.0119
217 216 0.0199
968 216 0.0127
974 216 0.0048
216 217 0.0199
467 217 0.0048
468 217 0.0239
779 218 0.0024
791 218 0.0064
900 218 0.0064
98 219 0.0016
99 219 0.0096
102 219 0.004
975 219 0.0024
171 221 0.004
222 221 0.0016
424 221 0.0016
221 222 0.0016
441 222 0.004
555 222 0.0016
230 224 0.0016
555 224 0.0016
224 230 0.0016
441 230 0.0016
555 230 0.004
299 233 0.0096
300 233 0.0088
130 235 0.0048
531 235 0.0048
610 239 0.0048
914 239 0.0008
1151 239 0.0032
244 242 0.0024
246 242 0.0024
100 243 0.0008
248 243 0.0088
935 243 0.0072
242 244 0.0024
249 244 0.0024
242 246 0.0024
249 246 0.0024
102 248 0.0016
243 248 0.0088
254 248 0.0024
935 248 0.0016
1199 248 0.0119
244 249 0.0024
246 249 0.0024
122 254 0.0048
248 254 0.0024
929 254 0.0032
930 254 0.0119
800 256 0.0064
801 256 0.0016
852 256 0.004
789 257 0.004
791 257 0.0056
811 257 0.0008
207 258 0.0048
306 258 0.0056
22 261 0.0119
792 261 0.0088
796 261 0.0032
797 261 0.0064
120 262 0.0104
767 262 0.0096
881 262 0.0016
264 263 0.0024
850 263 0.0072
851 263 0.004
263 264 0.0024
849 264 0.0024
51 266 0.0016
190 266 0.004
267 266 0.0064
51 267 0.0096
196 267 0.004
266 267 0.0064
980 267 0.0072
269 268 0.0072
271 268 0.0008
273 268 0.0016
401 268 0.0032
268 269 0.0072
271 269 0.0032
277 269 0.0104
416 269 0.0064
51 270 0.0008
992 270 0.0064
1003 270 0.0048
268 271 0.0008
269 271 0.0032
272 271 0.0016
198 272 0.0016
202 272 0.004
271 272 0.0016
268 273 0.0016
277 273 0.008
909 273 0.0056
989 274 0.0048
998 274 0.0016
1013 274 0.0064
276 275 0.0088
278 275 0.0032
989 275 0.0064
275 276 0.0088
1019 276 0.008
1020 276 0.0048
269 277 0.0104
273 277 0.008
388 277 0.0111
101 278 0.0024
275 278 0.0032
928 278 0.0072
291 279 0.0016
374 279 0.0032
376 279 0.0008
281 280 0.0032
291 280 0.0119
378 280 0.0104
1031 280 0.0096
280 281 0.0032
377 281 0.0008
1033 281 0.0048
101 282 0.0024
128 282 0.0024
1020 282 0.0056
288 284 0.0032
380 284 0.0008
502 284 0.0016
1013 285 0.0072
1014 285 0.0024
1019 285 0.0072
284 288 0.0032
502 288 0.0016
872 288 0.0008
291 290 0.0096
1021 290 0.0088
279 291 0.0016
280 291 0.0119
290 291 0.0096
292 291 0.0024
153 292 0.0048
291 292 0.0024
817 292 0.0016
184 293 0.0048
188 293 0.0048
925 293 0.004
187 294 0.0016
295 294 0.0024
208 295 0.0119
294 295 0.0024
299 295 0.0016
641 295 0.0088
297 296 0.0056
641 296 0.0064
296 297 0.0056
448 297 0.0048
208 299 0.0119
233 299 0.0096
295 299 0.0016
208 300 0.0016
233 300 0.0088
305 300 0.004
306 300 0.0016
304 303 0.0024
306 303 0.0032
303 304 0.0024
305 304 0.0024
300 305 0.004
304 305 0.0024
453 305 0.0008
258 306 0.0056
300 306 0.0016
303 306 0.0032
665 307 0.0008
675 307 0.0032
828 307 0.0016
310 309 0.0032
322 309 0.0096
884 309 0.0056
309 310 0.0032
311 310 0.0032
449 310 0.0072
310 311 0.0032
316 311 0.004
923 312 0.0024
924 312 0.0016
185 316 0.0024
311 316 0.004
925 316 0.0056
161 317 0.004
167 317 0.004
359 318 0.008
639 318 0.0072
320 319 0.0064
617 319 0.004
618 319 0.0104
619 319 0.0016
319 320 0.0064
359 320 0.008
640 320 0.0008
618 321 0.004
637 321 0.0032
309 322 0.0096
323 322 0.0024
324 322 0.0064
322 323 0.0024
617 323 0.004
884 323 0.0072
322 324 0.0064
330 324 0.0032
331 324 0.0056
617 324 0.0008
621 324 0.0024
326 325 0.004
617 325 0.0008
620 325 0.0008
621 325 0.0048
623 325 0.008
325 326 0.004
623 326 0.0016
624 326 0.0008
333 329 0.0024
635 329 0.0024
324 330 0.0032
331 330 0.0016
635 330 0.0008
324 331 0.0056
330 331 0.0016
446 331 0.0032
333 332 0.0056
336 332 0.0056
635 332 0.0056
329 333 0.0024
332 333 0.0056
334 333 0.0008
634 333 0.0008
333 334 0.0008
348 334 0.0016
350 334 0.0119
775 334 0.0159
336 335 0.0008
339 335 0.0008
332 336 0.0056
335 336 0.0008
337 336 0.0096
338 336 0.0016
336 337 0.0096
338 337 0.0072
346 337 0.0135
348 337 0.0159
336 338 0.0016
337 338 0.0072
340 338 0.0048
335 339 0.0008
340 339 0.0119
445 339 0.0104
338 340 0.0048
339 340 0.0119
341 340 0.0143
340 341 0.0143
345 341 0.0135
344 342 0.0016
655 342 0.0024
342 344 0.0016
345 344 0.0024
341 345 0.0135
344 345 0.0024
346 345 0.0119
337 346 0.0135
345 346 0.0119
601 346 0.0175
772 347 0.004
775 347 0.004
334 348 0.0016
337 348 0.0159
775 348 0.0183
350 349 0.0016
775 349 0.0016
334 350 0.0119
349 350 0.0016
351 350 0.0064
634 350 0.0024
350 351 0.0064
357 351 0.0096
358 351 0.0024
351 357 0.0096
625 357 0.0072
627 357 0.0064
628 357 0.004
351 358 0.0024
526 358 0.0024
318 359 0.008
320 359 0.008
640 359 0.0048
642 359 0.0048
585 365 0.0008
922 365 0.0008
177 368 0.0088
178 368 0.0119
892 368 0.0016
174 369 0.0104
370 369 0.0151
389 369 0.0119
173 370 0.0016
182 370 0.0127
369 370 0.0151
166 371 0.0111
174 371 0.0135
372 371 0.0048
371 372 0.0048
374 372 0.0024
375 372 0.008
586 373 0.0119
595 373 0.0135
607 373 0.0135
279 374 0.0032
372 374 0.0024
376 374 0.0016
372 375 0.008
377 375 0.0024
1039 375 0.0104
279 376 0.0008
374 376 0.0016
281 377 0.0008
375 377 0.0024
1033 377 0.004
280 378 0.0104
379 378 0.0064
1030 378 0.0016
378 379 0.0064
1014 379 0.0008
1016 379 0.0048
284 380 0.0008
381 380 0.0056
391 380 0.0127
1034 380 0.0151
1035 380 0.0016
380 381 0.0056
382 381 0.0072
391 381 0.0056
381 382 0.0072
383 382 0.0072
729 382 0.0072
382 383 0.0072
388 383 0.0064
385 384 0.0135
386 384 0.0183
387 384 0.0175
616 384 0.0119
384 385 0.0135
601 385 0.0151
910 385 0.0016
384 386 0.0183
387 386 0.0016
661 386 0.0159
384 387 0.0175
386 387 0.0016
666 387 0.0143
277 388 0.0111
383 388 0.0064
389 388 0.0119
369 389 0.0119
388 389 0.0119
390 389 0.0072
389 390 0.0072
391 390 0.0143
1038 390 0.0143
380 391 0.0127
381 391 0.0056
390 391 0.0143
1009 392 0.0104
1011 392 0.0008
1037 392 0.0088
1006 393 0.0064
1007 393 0.0104
1009 393 0.0032
51 394 0.0056
1007 394 0.0064
602 395 0.0056
677 395 0.0048
189 396 0.0032
400 396 0.004
402 396 0.0016
399 398 0.0072
683 398 0.004
694 398 0.0056
398 399 0.0072
694 399 0.0016
724 399 0.0048
396 400 0.004
401 400 0.0056
402 400 0.004
189 401 0.0008
202 401 0.0056
268 401 0.0032
400 401 0.0056
423 401 0.0064
183 402 0.0008
396 402 0.0016
400 402 0.004
423 402 0.0032
406 404 0.0016
604 404 0.004
694 404 0.0064
404 406 0.0016
506 406 0.0016
727 406 0.004
409 408 0.0064
735 408 0.0096
1045 408 0.0024
408 409 0.0064
413 409 0.0064
415 412 0.004
606 412 0.004
741 412 0.0088
409 413 0.0064
1052 413 0.0096
1054 413 0.0024
416 414 0.0064
1052 414 0.008
1053 414 0.0008
412 415 0.004
743 415 0.0016
1227 415 0.0016
269 416 0.0064
414 416 0.0064
418 416 0.0072
416 418 0.0072
420 418 0.0096
767 418 0.0096
204 420 0.0056
205 420 0.008
418 420 0.0096
205 421 0.0072
206 421 0.008
450 421 0.0016
771 421 0.0024
192 423 0.004
401 423 0.0064
402 423 0.0032
193 424 0.0016
221 424 0.0016
426 425 0.0191
430 425 0.0016
1148 425 0.0167
425 426 0.0191
428 426 0.0207
426 428 0.0207
604 428 0.0215
425 430 0.0016
431 430 0.0024
433 430 0.0048
430 431 0.0024
432 431 0.0048
1149 431 0.0016
431 432 0.0048
433 432 0.0048
844 432 0.004
430 433 0.0048
432 433 0.0048
204 434 0.0016
441 434 0.0016
445 440 0.0127
546 440 0.0151
672 440 0.0175
222 441 0.004
230 441 0.0016
434 441 0.0016
743 444 0.0064
1122 444 0.0016
1148 444 0.004
339 445 0.0104
440 445 0.0127
446 445 0.0016
331 446 0.0032
445 446 0.0016
891 446 0.0056
297 448 0.0048
449 448 0.008
546 448 0.0032
891 448 0.0016
310 449 0.0072
448 449 0.008
891 449 0.008
421 450 0.0016
771 450 0.0016
452 451 0.0016
455 451 0.0175
456 451 0.0175
901 451 0.0016
451 452 0.0016
453 452 0.0008
458 452 0.0016
460 452 0.0056
305 453 0.0008
452 453 0.0008
451 455 0.0175
457 455 0.0024
901 455 0.0143
451 456 0.0175
458 456 0.0167
211 457 0.0016
455 457 0.0024
452 458 0.0016
456 458 0.0167
459 458 0.0008
460 458 0.0207
458 459 0.0008
966 459 0.0016
452 460 0.0056
458 460 0.0207
961 460 0.0175
462 461 0.0016
874 461 0.0024
461 462 0.0016
463 462 0.0024
462 463 0.0024
464 463 0.004
977 463 0.0008
463 464 0.004
978 464 0.0064
979 464 0.0016
466 465 0.0016
976 465 0.0008
465 466 0.0016
467 466 0.004
468 466 0.0016
217 467 0.0048
466 467 0.004
217 468 0.0239
466 468 0.0016
976 468 0.0215
470 469 0.0024
487 469 0.0143
1160 469 0.0111
469 470 0.0024
471 470 0.0008
474 470 0.0008
32 471 0.0008
470 471 0.0008
513 473 0.0048
656 473 0.0056
658 473 0.0048
470 474 0.0008
475 474 0.0016
613 474 0.0032
474 475 0.0016
477 475 0.0016
475 477 0.0016
478 477 0.0024
481 477 0.0135
614 477 0.008
477 478 0.0024
482 478 0.0024
477 481 0.0135
482 481 0.0064
613 481 0.0143
478 482 0.0024
481 482 0.0064
484 482 0.0032
482 484 0.0032
485 484 0.0024
484 485 0.0024
613 485 0.0135
1126 485 0.0104
469 487 0.0143
489 487 0.0143
487 489 0.0143
491 489 0.0024
1126 489 0.0175
491 490 0.0056
611 490 0.0008
1161 490 0.004
489 491 0.0024
490 491 0.0056
612 491 0.0088
506 493 0.0056
727 493 0.0032
1017 493 0.0016
497 494 0.0016
499 494 0.004
576 494 0.0016
494 497 0.0016
499 497 0.0016
48 498 0.0032
89 498 0.0032
494 499 0.004
497 499 0.0016
500 499 0.0016
499 500 0.0016
501 500 0.0048
575 500 0.0024
500 501 0.0048
516 501 0.0072
1017 501 0.0008
284 502 0.0016
288 502 0.0016
505 504 0.0008
513 504 0.0072
1139 504 0.0088
504 505 0.0008
1138 505 0.0008
406 506 0.0016
493 506 0.0056
1017 506 0.0032
509 507 0.0024
724 507 0.0008
1205 507 0.0008
622 508 0.004
1197 508 0.004
507 509 0.0024
511 509 0.0032
1205 509 0.0032
702 510 0.0008
721 510 0.0024
860 510 0.004
509 511 0.0032
586 511 0.0008
1205 511 0.0016
513 512 0.0016
799 512 0.0104
1139 512 0.0127
473 513 0.0048
504 513 0.0072
512 513 0.0016
515 514 0.0072
799 514 0.0104
1139 514 0.0024
514 515 0.0072
517 515 0.0048
662 515 0.0016
1138 515 0.004
501 516 0.0072
587 516 0.0016
1095 516 0.0096
515 517 0.0048
520 517 0.0024
1138 517 0.0016
1145 517 0.0056
522 518 0.0096
1140 518 0.0024
1141 518 0.008
1147 518 0.004
25 519 0.0024
540 519 0.0088
1142 519 0.0056
517 520 0.0024
522 520 0.0008
1147 520 0.004
44 521 0.0104
522 521 0.008
533 521 0.0016
518 522 0.0096
520 522 0.0008
521 522 0.008
625 523 0.0048
628 523 0.0016
652 523 0.0024
526 524 0.004
627 524 0.004
358 526 0.0024
524 526 0.004
528 526 0.0008
526 528 0.0008
529 528 0.0016
528 529 0.0016
530 529 0.0048
623 529 0.0008
632 529 0.0008
636 529 0.004
529 530 0.0048
619 530 0.0032
636 530 0.0024
150 531 0.0048
235 531 0.0048
521 533 0.0016
534 533 0.0016
44 534 0.0088
533 534 0.0016
557 534 0.0064
25 536 0.0024
537 536 0.0008
545 536 0.004
536 537 0.0008
538 537 0.0048
548 537 0.0032
537 538 0.0048
539 538 0.0072
544 538 0.0048
538 539 0.0072
547 539 0.008
519 540 0.0088
541 540 0.0088
545 540 0.0056
540 541 0.0088
542 541 0.0032
544 541 0.008
541 542 0.0032
543 542 0.0016
728 542 0.0008
542 543 0.0016
723 543 0.0016
538 544 0.0048
541 544 0.008
545 544 0.004
731 544 0.0008
536 545 0.004
540 545 0.0056
544 545 0.004
440 546 0.0151
448 546 0.0032
858 546 0.0056
874 546 0.0127
539 547 0.008
548 547 0.0119
1093 547 0.0048
537 548 0.0032
547 548 0.0119
559 548 0.008
1092 549 0.004
1093 549 0.004
157 554 0.0016
167 554 0.0008
839 554 0.0032
222 555 0.0016
224 555 0.0016
230 555 0.004
534 557 0.0064
563 557 0.0064
548 559 0.008
562 559 0.008
559 562 0.008
567 562 0.0032
1092 562 0.004
557 563 0.0064
565 563 0.0064
565 564 0.0088
589 564 0.0088
563 565 0.0064
564 565 0.0088
566 565 0.0096
565 566 0.0096
567 566 0.0056
583 566 0.008
562 567 0.0032
566 567 0.0056
587 567 0.0008
874 568 0.0032
1149 568 0.0024
575 574 0.0016
1094 574 0.0016
500 575 0.0024
574 575 0.0016
576 575 0.0016
1094 575 0.004
1095 575 0.0072
494 576 0.0016
575 576 0.0016
566 583 0.008
584 583 0.008
587 583 0.004
583 584 0.008
586 584 0.0072
184 585 0.0064
185 585 0.0048
365 585 0.0008
373 586 0.0119
511 586 0.0008
584 586 0.0072
607 586 0.0016
516 587 0.0016
567 587 0.0008
583 587 0.004
1095 587 0.0048
564 589 0.0088
590 589 0.0119
652 589 0.0024
589 590 0.0119
592 590 0.0119
590 592 0.0119
593 592 0.0143
595 592 0.0143
592 593 0.0143
594 593 0.0151
593 594 0.0151
598 594 0.0167
910 594 0.0008
373 595 0.0135
592 595 0.0143
597 596 0.0024
625 596 0.0016
596 597 0.0024
598 597 0.0032
594 598 0.0167
597 598 0.0032
772 598 0.0191
346 601 0.0175
385 601 0.0151
772 601 0.0223
395 602 0.0056
603 602 0.0135
666 602 0.0135
602 603 0.0135
604 603 0.0143
404 604 0.004
428 604 0.0215
603 604 0.0143
605 604 0.0111
604 605 0.0111
606 605 0.0008
609 605 0.0127
412 606 0.004
605 606 0.0008
609 606 0.0024
373 607 0.0135
586 607 0.0016
616 607 0.0111
605 609 0.0127
606 609 0.0024
741 609 0.0175
788 609 0.0008
239 610 0.0048
611 610 0.0111
1122 610 0.0119
490 611 0.0008
610 611 0.0111
612 611 0.0127
491 612 0.0088
611 612 0.0127
1126 612 0.0191
474 613 0.0032
481 613 0.0143
485 613 0.0135
32 614 0.0056
38 614 0.008
477 614 0.008
384 616 0.0119
607 616 0.0111
319 617 0.004
323 617 0.004
324 617 0.0008
325 617 0.0008
319 618 0.0104
321 618 0.004
619 618 0.0056
319 619 0.0016
530 619 0.0032
618 619 0.0056
620 619 0.0056
325 620 0.0008
619 620 0.0056
623 620 0.0072
324 621 0.0024
325 621 0.0048
635 621 0.0048
508 622 0.004
1203 622 0.004
325 623 0.008
326 623 0.0016
529 623 0.0008
620 623 0.0072
326 624 0.0008
634 624 0.0008
357 625 0.0072
523 625 0.0048
596 625 0.0016
357 627 0.0064
524 627 0.004
628 627 0.0016
357 628 0.004
523 628 0.0016
627 628 0.0016
114 629 0.0048
116 629 0.0048
647 630 0.0024
1088 630 0.0016
159 631 0.0032
632 631 0.0008
647 631 0.0032
1084 631 0.0048
1089 631 0.0048
529 632 0.0008
631 632 0.0008
636 632 0.0024
333 634 0.0008
350 634 0.0024
624 634 0.0008
329 635 0.0024
330 635 0.0008
332 635 0.0056
621 635 0.0048
529 636 0.004
530 636 0.0024
632 636 0.0024
321 637 0.0032
638 637 0.0032
637 638 0.0032
639 638 0.0119
1070 638 0.008
318 639 0.0072
638 639 0.0119
642 639 0.0104
320 640 0.0008
359 640 0.0048
884 640 0.0008
922 640 0.0016
295 641 0.0088
296 641 0.0064
925 641 0.0119
926 641 0.0016
359 642 0.0048
639 642 0.0104
922 642 0.0096
630 647 0.0024
631 647 0.0032
1088 647 0.0048
1084 650 0.0024
1088 650 0.0024
523 652 0.0024
589 652 0.0024
342 655 0.0024
661 655 0.0135
672 655 0.0167
29 656 0.0024
473 656 0.0056
657 656 0.0024
656 657 0.0024
658 657 0.0024
473 658 0.0048
657 658 0.0024
660 658 0.0016
3 660 0.0016
658 660 0.0016
386 661 0.0159
655 661 0.0135
666 661 0.0016
3 662 0.004
515 662 0.0016
688 662 0.004
799 662 0.004
1175 662 0.0016
674 664 0.004
721 664 0.004
1175 664 0.004
72 665 0.004
97 665 0.0016
307 665 0.0008
387 666 0.0143
602 666 0.0135
661 666 0.0016
683 666 0.0072
440 672 0.0175
655 672 0.0167
664 674 0.004
860 674 0.0056
1002 674 0.0008
307 675 0.0032
828 675 0.0016
1002 675 0.0008
395 677 0.0048
844 677 0.0032
858 677 0.0048
165 679 0.0016
1085 679 0.0016
398 683 0.004
666 683 0.0072
694 683 0.0056
50 686 0.0032
690 686 0.0064
709 686 0.0024
688 687 0.0016
918 687 0.0008
1175 687 0.0032
3 688 0.0016
662 688 0.004
687 688 0.0016
690 689 0.0048
698 689 0.0048
686 690 0.0064
689 690 0.0048
704 690 0.0016
705 690 0.0064
398 694 0.0056
399 694 0.0016
404 694 0.0064
683 694 0.0056
697 696 0.0056
698 696 0.004
715 696 0.0008
696 697 0.0056
715 697 0.0024
719 697 0.0088
689 698 0.0048
696 698 0.004
1072 698 0.0064
510 702 0.0008
814 702 0.0064
860 702 0.0096
1018 702 0.004
72 703 0.0056
723 703 0.0032
885 703 0.0048
690 704 0.0016
705 704 0.0032
715 704 0.0008
690 705 0.0064
704 705 0.0032
708 705 0.0056
705 708 0.0056
709 708 0.0064
711 708 0.0064
686 709 0.0024
708 709 0.0064
739 709 0.0032
708 711 0.0064
712 711 0.0159
714 711 0.0151
711 712 0.0159
734 712 0.0135
1041 712 0.0016
711 714 0.0151
715 714 0.0096
718 714 0.0104
1041 714 0.0048
1042 714 0.0088
1043 714 0.0008
696 715 0.0008
697 715 0.0024
704 715 0.0008
714 715 0.0096
716 715 0.0127
715 716 0.0127
717 716 0.004
719 716 0.0111
716 717 0.004
718 717 0.0024
872 717 0.0008
714 718 0.0104
717 718 0.0024
729 718 0.0072
697 719 0.0088
716 719 0.0111
887 719 0.008
510 721 0.0024
664 721 0.004
917 721 0.0016
543 723 0.0016
703 723 0.0032
885 723 0.0008
399 724 0.0048
507 724 0.0008
727 724 0.0032
406 727 0.004
493 727 0.0032
724 727 0.0032
542 728 0.0008
731 728 0.004
888 728 0.0024
382 729 0.0072
718 729 0.0072
544 731 0.0008
728 731 0.004
732 731 0.0024
731 732 0.0024
888 732 0.0024
712 734 0.0135
1044 734 0.0135
408 735 0.0096
1042 735 0.0024
1044 735 0.0127
709 739 0.0032
744 739 0.0032
412 741 0.0088
609 741 0.0175
743 741 0.0151
788 741 0.0016
415 743 0.0016
444 743 0.0064
741 743 0.0151
1122 743 0.0104
739 744 0.0032
835 744 0.0032
751 747 0.0024
769 747 0.0024
747 751 0.0024
756 751 0.004
1050 751 0.0008
751 756 0.004
758 756 0.0048
1047 756 0.0032
756 758 0.0048
1049 758 0.0016
1055 758 0.0024
768 760 0.0104
813 760 0.0096
1056 760 0.0008
1057 760 0.0064
262 767 0.0096
418 767 0.0096
760 768 0.0104
769 768 0.0104
747 769 0.0024
768 769 0.0104
835 769 0.0072
421 771 0.0024
450 771 0.0016
347 772 0.004
598 772 0.0191
601 772 0.0223
334 775 0.0159
347 775 0.004
348 775 0.0183
349 775 0.0016
218 779 0.0024
790 779 0.0024
807 779 0.0024
609 788 0.0008
741 788 0.0016
257 789 0.004
790 789 0.0056
807 789 0.0008
779 790 0.0024
789 790 0.0056
791 790 0.0024
218 791 0.0064
257 791 0.0056
790 791 0.0024
792 791 0.0032
22 792 0.0016
261 792 0.0088
791 792 0.0032
811 792 0.0024
120 794 0.0135
900 794 0.0024
1233 794 0.0104
261 796 0.0032
797 796 0.0016
821 796 0.0008
261 797 0.0064
796 797 0.0016
798 797 0.004
797 798 0.004
804 798 0.0008
851 798 0.0016
905 798 0.0048
512 799 0.0104
514 799 0.0104
662 799 0.004
256 800 0.0064
801 800 0.0016
905 800 0.004
256 801 0.0016
800 801 0.0016
798 804 0.0008
811 804 0.0008
164 805 0.0048
215 805 0.0064
881 805 0.0008
779 807 0.0024
789 807 0.0008
877 807 0.0008
912 808 0.0032
1099 808 0.0032
257 811 0.0008
792 811 0.0024
804 811 0.0008
760 813 0.0096
1057 813 0.0096
1058 813 0.0016
1059 813 0.0175
72 814 0.0088
702 814 0.0064
1018 814 0.0016
1202 814 0.0088
153 817 0.0032
292 817 0.0016
823 817 0.0008
796 821 0.0008
824 821 0.004
830 821 0.0024
157 823 0.0008
817 823 0.0008
839 823 0.0024
821 824 0.004
829 824 0.004
307 828 0.0016
675 828 0.0016
824 829 0.004
830 829 0.004
831 829 0.0024
821 830 0.0024
829 830 0.004
831 830 0.0008
829 831 0.0024
830 831 0.0008
1060 831 0.0008
860 832 0.0048
1002 832 0.0008
1018 832 0.0024
834 833 0.004
843 833 0.0135
1060 833 0.0127
1062 833 0.0032
833 834 0.004
843 834 0.0016
848 834 0.0016
744 835 0.0032
769 835 0.0072
836 835 0.0111
835 836 0.0111
838 836 0.0111
836 838 0.0111
840 838 0.0111
157 839 0.0032
554 839 0.0032
823 839 0.0024
838 840 0.0111
841 840 0.0135
894 840 0.0016
840 841 0.0135
843 841 0.0111
919 841 0.0016
833 843 0.0135
834 843 0.0016
841 843 0.0111
432 844 0.004
677 844 0.0032
853 844 0.0032
846 845 0.0016
847 845 0.0048
849 845 0.0008
1062 845 0.0008
845 846 0.0016
847 846 0.0016
845 847 0.0048
846 847 0.0016
848 847 0.0016
1062 847 0.0048
834 848 0.0016
847 848 0.0016
264 849 0.0024
845 849 0.0008
850 849 0.004
263 850 0.0072
849 850 0.004
852 850 0.0024
263 851 0.004
798 851 0.0016
905 851 0.0064
256 852 0.004
850 852 0.0024
877 852 0.0008
844 853 0.0032
874 853 0.004
546 858 0.0056
677 858 0.0048
510 860 0.004
674 860 0.0056
702 860 0.0096
832 860 0.0048
1002 860 0.004
288 872 0.0008
717 872 0.0008
887 872 0.0024
461 874 0.0024
546 874 0.0127
568 874 0.0032
853 874 0.004
901 874 0.0119
807 877 0.0008
852 877 0.0008
262 881 0.0016
805 881 0.0008
175 883 0.004
177 883 0.0048
309 884 0.0056
323 884 0.0072
640 884 0.0008
703 885 0.0048
723 885 0.0008
1202 885 0.0032
190 887 0.0048
719 887 0.008
872 887 0.0024
728 888 0.0024
732 888 0.0024
446 891 0.0056
448 891 0.0016
449 891 0.008
178 892 0.0016
368 892 0.0016
840 894 0.0016
919 894 0.0016
215 900 0.0096
218 900 0.0064
794 900 0.0024
451 901 0.0016
455 901 0.0143
874 901 0.0119
798 905 0.0048
800 905 0.004
851 905 0.0064
182 906 0.0088
191 906 0.0088
183 909 0.0048
189 909 0.0016
273 909 0.0056
385 910 0.0016
594 910 0.0008
808 912 0.0032
1098 912 0.0032
193 913 0.0056
204 913 0.0056
47 914 0.0032
239 914 0.0008
1148 914 0.0119
1150 914 0.0008
1152 914 0.0008
192 916 0.0032
197 916 0.0016
202 916 0.0008
721 917 0.0016
1140 917 0.0016
1175 917 0.004
687 918 0.0008
1175 918 0.0008
841 919 0.0016
894 919 0.0016
365 922 0.0008
640 922 0.0016
642 922 0.0096
923 922 0.0056
312 923 0.0024
922 923 0.0056
924 923 0.0088
185 924 0.0064
312 924 0.0016
923 924 0.0088
185 925 0.0072
293 925 0.004
316 925 0.0056
641 925 0.0119
926 925 0.0072
188 926 0.0048
641 926 0.0016
925 926 0.0072
194 927 0.0016
209 927 0.0024
278 928 0.0072
929 928 0.0096
932 928 0.0016
101 929 0.0056
254 929 0.0032
928 929 0.0096
201 930 0.0143
254 930 0.0119
931 930 0.0016
930 931 0.0016
932 931 0.0016
933 931 0.004
928 932 0.0016
931 932 0.0016
933 932 0.0048
201 933 0.0048
931 933 0.004
932 933 0.0048
112 935 0.0048
243 935 0.0072
248 935 0.0016
203 936 0.0096
937 936 0.0119
1199 936 0.0143
936 937 0.0119
938 937 0.0119
940 937 0.004
937 938 0.0119
939 938 0.0096
940 938 0.0016
201 939 0.0088
938 939 0.0096
937 940 0.004
938 940 0.0016
964 940 0.0016
31 941 0.0072
196 941 0.0056
942 941 0.0056
955 941 0.0088
941 942 0.0056
943 942 0.0008
950 942 0.0024
956 942 0.0008
200 943 0.008
942 943 0.0008
944 943 0.0056
957 943 0.008
943 944 0.0056
945 944 0.0032
951 944 0.0016
944 945 0.0032
946 945 0.0008
951 945 0.0024
953 945 0.0016
945 946 0.0008
951 946 0.0008
200 947 0.0088
948 947 0.0048
951 947 0.0032
947 948 0.0048
949 948 0.0096
962 948 0.0016
986 948 0.0048
948 949 0.0096
962 949 0.0056
990 949 0.004
196 950 0.0056
942 950 0.0024
1001 950 0.0016
944 951 0.0016
945 951 0.0024
946 951 0.0008
947 951 0.0032
213 953 0.0008
945 953 0.0016
213 954 0.0064
966 954 0.0072
31 955 0.0016
941 955 0.0088
956 955 0.0064
942 956 0.0008
955 956 0.0064
957 956 0.0135
959 956 0.0143
213 957 0.008
943 957 0.008
956 957 0.0135
207 959 0.0088
956 959 0.0143
960 959 0.0175
210 960 0.0247
959 960 0.0175
961 960 0.0191
210 961 0.0008
460 961 0.0175
960 961 0.0191
948 962 0.0016
949 962 0.0056
963 962 0.0032
962 963 0.0032
967 963 0.004
212 964 0.0024
940 964 0.0016
210 965 0.0231
966 965 0.0239
211 966 0.0135
459 966 0.0016
954 966 0.0072
965 966 0.0239
967 966 0.0072
212 967 0.0024
963 967 0.004
966 967 0.0072
216 968 0.0127
969 968 0.0119
968 969 0.0119
970 969 0.0119
972 969 0.004
203 970 0.0096
969 970 0.0119
972 970 0.0016
969 972 0.004
970 972 0.0016
973 972 0.0016
972 973 0.0016
975 973 0.0008
216 974 0.0048
975 974 0.004
219 975 0.0024
973 975 0.0008
974 975 0.004
976 975 0.0088
465 976 0.0008
468 976 0.0215
975 976 0.0088
977 976 0.0167
463 977 0.0008
976 977 0.0167
978 977 0.0183
99 978 0.0127
464 978 0.0064
977 978 0.0183
979 978 0.0104
95 979 0.0072
464 979 0.0016
978 979 0.0104
267 980 0.0072
981 980 0.0056
992 980 0.008
1001 980 0.0048
980 981 0.0056
982 981 0.0032
994 981 0.0056
1000 981 0.0032
981 982 0.0032
983 982 0.0024
999 982 0.0056
982 983 0.0024
984 983 0.0048
985 983 0.0016
983 984 0.0048
985 984 0.0008
999 984 0.004
200 985 0.0008
983 985 0.0016
984 985 0.0008
986 985 0.0016
948 986 0.0048
985 986 0.0016
987 986 0.004
986 987 0.004
988 987 0.0048
987 988 0.0048
989 988 0.0008
990 988 0.0048
274 989 0.0048
275 989 0.0064
988 989 0.0008
949 990 0.004
988 990 0.0048
270 992 0.0064
980 992 0.008
993 992 0.0008
992 993 0.0008
994 993 0.0032
995 993 0.0016
981 994 0.0056
993 994 0.0032
995 994 0.0064
993 995 0.0016
994 995 0.0064
996 995 0.004
995 996 0.004
997 996 0.0024
1003 996 0.0008
996 997 0.0024
998 997 0.0032
999 997 0.0064
274 998 0.0016
997 998 0.0032
999 998 0.0016
1013 998 0.0016
982 999 0.0056
984 999 0.004
997 999 0.0064
998 999 0.0016
981 1000 0.0032
1001 1000 0.0024
950 1001 0.0016
980 1001 0.0048
1000 1001 0.0024
674 1002 0.0008
675 1002 0.0008
832 1002 0.0008
860 1002 0.004
270 1003 0.0048
996 1003 0.0008
1004 1003 0.0032
1003 1004 0.0032
1005 1004 0.004
1004 1005 0.004
1006 1005 0.004
393 1006 0.0064
1005 1006 0.004
1007 1006 0.0016
393 1007 0.0104
394 1007 0.0064
1006 1007 0.0016
1011 1007 0.0008
392 1009 0.0104
393 1009 0.0032
1029 1009 0.0064
392 1011 0.0008
1007 1011 0.0008
274 1013 0.0064
285 1013 0.0072
998 1013 0.0016
1014 1013 0.0008
285 1014 0.0024
379 1014 0.0008
1013 1014 0.0008
1016 1015 0.0056
1021 1015 0.0064
379 1016 0.0048
1015 1016 0.0056
493 1017 0.0016
501 1017 0.0008
506 1017 0.0032
702 1018 0.004
814 1018 0.0016
832 1018 0.0024
276 1019 0.008
285 1019 0.0072
276 1020 0.0048
282 1020 0.0056
1022 1020 0.0048
290 1021 0.0088
1015 1021 0.0064
1022 1021 0.0032
1020 1022 0.0048
1021 1022 0.0032
1023 1022 0.004
153 1023 0.0008
1022 1023 0.004
1024 1023 0.0024
147 1024 0.008
148 1024 0.0048
1023 1024 0.0024
1009 1029 0.0064
1030 1029 0.008
1032 1029 0.0008
378 1030 0.0016
1029 1030 0.008
1031 1030 0.0104
280 1031 0.0096
1030 1031 0.0104
1032 1031 0.008
1029 1032 0.0008
1031 1032 0.008
1033 1032 0.0064
281 1033 0.0048
377 1033 0.004
1032 1033 0.0064
380 1034 0.0151
1035 1034 0.0064
1037 1034 0.0127
380 1035 0.0016
1034 1035 0.0064
1036 1035 0.0016
1038 1035 0.0016
1035 1036 0.0016
1037 1036 0.0032
1039 1036 0.0008
392 1037 0.0088
1034 1037 0.0127
1036 1037 0.0032
390 1038 0.0143
1035 1038 0.0016
1039 1038 0.0119
375 1039 0.0104
1036 1039 0.0008
1038 1039 0.0119
712 1041 0.0016
714 1041 0.0048
1042 1041 0.0016
714 1042 0.0088
735 1042 0.0024
1041 1042 0.0016
1043 1042 0.0032
714 1043 0.0008
1042 1043 0.0032
1045 1043 0.0016
734 1044 0.0135
735 1044 0.0127
408 1045 0.0024
1043 1045 0.0016
756 1047 0.0032
1048 1047 0.0016
1049 1047 0.004
1050 1047 0.0008
1047 1048 0.0016
1049 1048 0.0016
758 1049 0.0016
1047 1049 0.004
1048 1049 0.0016
751 1050 0.0008
1047 1050 0.0008
413 1052 0.0096
414 1052 0.008
1053 1052 0.0119
414 1053 0.0008
1052 1053 0.0119
1054 1053 0.0104
413 1054 0.0024
1053 1054 0.0104
1055 1054 0.0072
758 1055 0.0024
1054 1055 0.0072
1056 1055 0.0104
760 1056 0.0008
1055 1056 0.0104
1057 1056 0.0119
760 1057 0.0064
813 1057 0.0096
1056 1057 0.0119
813 1058 0.0016
1059 1058 0.0024
813 1059 0.0175
1058 1059 0.0024
1060 1059 0.0143
831 1060 0.0008
833 1060 0.0127
1059 1060 0.0143
833 1062 0.0032
845 1062 0.0008
847 1062 0.0048
156 1068 0.0032
158 1068 0.0008
1069 1068 0.0016
176 1069 0.008
180 1069 0.004
1068 1069 0.0016
1070 1069 0.0056
179 1070 0.0064
638 1070 0.008
1069 1070 0.0056
180 1071 0.0088
1072 1071 0.0111
1073 1071 0.0016
698 1072 0.0064
1071 1072 0.0111
1073 1072 0.004
1075 1072 0.004
1071 1073 0.0016
1072 1073 0.004
1074 1073 0.0016
1073 1074 0.0016
1076 1074 0.0024
1072 1075 0.004
1076 1075 0.0064
1077 1075 0.0016
179 1076 0.0008
1074 1076 0.0024
1075 1076 0.0064
1077 1076 0.0016
1075 1077 0.0016
1076 1077 0.0016
631 1084 0.0048
650 1084 0.0024
1085 1084 0.0016
679 1085 0.0016
1084 1085 0.0016
630 1088 0.0016
647 1088 0.0048
650 1088 0.0024
154 1089 0.0024
165 1089 0.004
631 1089 0.0048
1090 1089 0.0016
165 1090 0.0016
1089 1090 0.0016
549 1092 0.004
562 1092 0.004
547 1093 0.0048
549 1093 0.004
574 1094 0.0016
575 1094 0.004
1096 1094 0.0016
516 1095 0.0096
575 1095 0.0072
587 1095 0.0048
1096 1095 0.0008
1094 1096 0.0016
1095 1096 0.0008
1098 1097 0.0032
1099 1097 0.0032
912 1098 0.0032
1097 1098 0.0032
808 1099 0.0032
1097 1099 0.0032
1109 1108 0.0032
1116 1108 0.0032
1108 1109 0.0032
1110 1109 0.0088
1114 1109 0.0127
1109 1110 0.0088
1111 1110 0.008
1113 1110 0.0032
37 1111 0.0064
1110 1111 0.008
1113 1111 0.0008
1110 1113 0.0032
1111 1113 0.0008
1114 1113 0.0016
1109 1114 0.0127
1113 1114 0.0016
1115 1114 0.0104
37 1115 0.0008
1114 1115 0.0104
1116 1115 0.0088
1108 1116 0.0032
1115 1116 0.0088
1124 1116 0.0048
444 1122 0.0016
610 1122 0.0119
743 1122 0.0104
1123 1122 0.0072
1122 1123 0.0072
1124 1123 0.0048
1227 1123 0.0016
1116 1124 0.0048
1123 1124 0.0048
485 1126 0.0104
489 1126 0.0175
612 1126 0.0191
505 1138 0.0008
515 1138 0.004
517 1138 0.0016
504 1139 0.0088
512 1139 0.0127
514 1139 0.0024
518 1140 0.0024
917 1140 0.0016
518 1141 0.008
1142 1141 0.0072
1202 1141 0.0048
519 1142 0.0056
1141 1142 0.0072
1143 1142 0.0088
44 1143 0.0088
1142 1143 0.0088
517 1145 0.0056
1147 1145 0.0056
518 1147 0.004
520 1147 0.004
1145 1147 0.0056
425 1148 0.0167
444 1148 0.004
914 1148 0.0119
431 1149 0.0016
568 1149 0.0024
914 1150 0.0008
1169 1150 0.004
1173 1150 0.0024
239 1151 0.0032
1152 1151 0.0008
1161 1151 0.0016
914 1152 0.0008
1151 1152 0.0008
104 1157 0.0032
107 1157 0.0032
1159 1158 0.0072
1163 1158 0.0064
1158 1159 0.0072
1160 1159 0.004
1167 1159 0.0056
469 1160 0.0111
1159 1160 0.004
1161 1160 0.0064
490 1161 0.004
1151 1161 0.0016
1160 1161 0.0064
24 1162 0.0016
1163 1162 0.0024
1158 1163 0.0064
1162 1163 0.0024
1164 1163 0.004
1168 1163 0.0048
24 1164 0.0032
139 1164 0.0024
1163 1164 0.004
1165 1164 0.0016
139 1165 0.0111
1164 1165 0.0016
1166 1165 0.0024
1168 1165 0.0056
28 1166 0.0096
1165 1166 0.0024
1167 1166 0.0064
1159 1167 0.0056
1166 1167 0.0064
1163 1168 0.0048
1165 1168 0.0056
24 1169 0.0008
1150 1169 0.004
1170 1169 0.0024
1169 1170 0.0024
1171 1170 0.0088
1173 1170 0.0056
1174 1170 0.0056
17 1171 0.0096
80 1171 0.0064
1170 1171 0.0088
70 1172 0.0024
80 1172 0.0056
1173 1172 0.0024
1150 1173 0.0024
1170 1173 0.0056
1172 1173 0.0024
6 1174 0.0135
1170 1174 0.0056
1176 1174 0.0072
662 1175 0.0016
664 1175 0.004
687 1175 0.0032
917 1175 0.004
918 1175 0.0008
1174 1176 0.0072
1194 1176 0.0072
5 1194 0.0016
1176 1194 0.0072
1195 1194 0.0048
1194 1195 0.0048
1197 1195 0.004
508 1197 0.004
1195 1197 0.004
102 1199 0.0064
248 1199 0.0119
936 1199 0.0143
1225 1200 0.0056
1228 1200 0.0056
1229 1200 0.0072
814 1202 0.0088
885 1202 0.0032
1141 1202 0.0048
622 1203 0.004
1209 1203 0.004
507 1205 0.0008
509 1205 0.0032
511 1205 0.0016
1203 1209 0.004
1210 1209 0.008
1211 1209 0.0032
4 1210 0.008
11 1210 0.0072
1209 1210 0.008
1209 1211 0.0032
1212 1211 0.004
1228 1211 0.008
1211 1212 0.004
1213 1212 0.0016
1228 1212 0.0016
1212 1213 0.0016
1217 1213 0.0016
1213 1217 0.0016
1220 1217 0.0016
1217 1220 0.0016
1221 1220 0.0024
1230 1220 0.0048
1220 1221 0.0024
1232 1221 0.0024
1200 1225 0.0056
1230 1225 0.0056
415 1227 0.0016
1123 1227 0.0016
1200 1228 0.0056
1211 1228 0.008
1212 1228 0.0016
1200 1229 0.0072
1231 1229 0.0072
1220 1230 0.0048
1225 1230 0.0056
1232 1230 0.0064
1 1231 0.0032
1229 1231 0.0072
1232 1231 0.0032
1221 1232 0.0024
1230 1232 0.0064
1231 1232 0.0032
22 1233 0.0104
794 1233 0.0104
