3 1 0.0264
161 1 0.0033
185 1 0.0116
313 1 0.0116
1 3 0.0264
4 3 0.005
161 3 0.0331
3 4 0.005
5 4 0.0116
34 4 0.0182
4 5 0.0116
6 5 0.0017
17 5 0.0083
5 6 0.0017
17 6 0.0017
169 12 0.0066
320 12 0.0066
15 14 0.0017
21 14 0.0017
14 15 0.0017
22 15 0.0132
48 15 0.0099
5 17 0.0083
6 17 0.0017
18 17 0.0116
17 18 0.0116
27 18 0.0116
27 20 0.0116
482 20 0.0165
483 20 0.0033
14 21 0.0017
22 21 0.0182
23 21 0.0248
483 21 0.0083
15 22 0.0132
21 22 0.0182
23 22 0.0033
21 23 0.0248
22 23 0.0033
484 23 0.0198
25 24 0.0231
482 24 0.0215
485 24 0.0198
24 25 0.0231
28 25 0.0132
44 25 0.0116
18 27 0.0116
20 27 0.0116
25 28 0.0132
29 28 0.0231
30 28 0.0116
28 29 0.0231
30 29 0.0033
33 29 0.0182
28 30 0.0116
29 30 0.0033
31 30 0.0066
30 31 0.0066
32 31 0.0083
475 31 0.0033
31 32 0.0083
33 32 0.0116
220 32 0.0083
29 33 0.0182
32 33 0.0116
34 33 0.0182
4 34 0.0182
33 34 0.0182
38 37 0.0083
472 37 0.0083
37 38 0.0083
39 38 0.0116
40 38 0.005
38 39 0.0116
41 39 0.0198
82 39 0.0066
38 40 0.005
64 40 0.005
39 41 0.0198
42 41 0.0165
240 41 0.0132
283 41 0.0165
41 42 0.0165
43 42 0.0099
220 42 0.0116
42 43 0.0099
475 43 0.0099
476 43 0.0149
25 44 0.0116
49 44 0.0248
54 44 0.0149
46 45 0.005
48 45 0.0165
97 45 0.0099
45 46 0.005
47 46 0.0099
491 46 0.0033
46 47 0.0099
48 47 0.005
94 47 0.0033
15 48 0.0099
45 48 0.0165
47 48 0.005
44 49 0.0248
50 49 0.005
56 49 0.0182
49 50 0.005
54 50 0.0066
52 51 0.0198
59 51 0.0182
51 52 0.0198
53 52 0.0132
109 52 0.0149
52 53 0.0132
54 53 0.0099
110 53 0.0017
44 54 0.0149
50 54 0.0066
53 54 0.0099
65 55 0.0165
66 55 0.0149
49 56 0.0182
57 56 0.0083
62 56 0.0116
56 57 0.0083
58 57 0.0083
57 58 0.0083
59 58 0.0248
489 58 0.0182
51 59 0.0182
58 59 0.0248
107 59 0.005
56 62 0.0116
97 62 0.0099
99 63 0.0033
101 63 0.005
40 64 0.005
65 64 0.0116
69 64 0.0149
55 65 0.0165
64 65 0.0116
66 65 0.0033
55 66 0.0149
65 66 0.0033
126 66 0.0099
72 67 0.0099
126 67 0.0099
64 69 0.0149
71 69 0.0165
69 71 0.0165
78 71 0.0165
67 72 0.0099
73 72 0.0083
75 72 0.0033
505 72 0.005
72 73 0.0083
74 73 0.0033
79 73 0.0033
73 74 0.0033
75 74 0.0033
72 75 0.0033
74 75 0.0033
81 76 0.0066
86 76 0.0033
508 76 0.0116
71 78 0.0165
506 78 0.0099
508 78 0.005
73 79 0.0033
506 79 0.0033
76 81 0.0066
512 81 0.0066
39 82 0.0066
83 82 0.0017
284 82 0.0099
82 83 0.0017
84 83 0.0017
83 84 0.0017
85 84 0.0149
517 84 0.0116
84 85 0.0149
289 85 0.0017
290 85 0.0182
76 86 0.0033
507 86 0.0083
517 86 0.0033
89 88 0.0182
90 88 0.0033
190 88 0.0132
88 89 0.0182
90 89 0.0165
316 89 0.0149
486 89 0.0066
88 90 0.0033
89 90 0.0165
196 90 0.0116
196 91 0.0116
383 91 0.005
697 91 0.005
185 92 0.0066
188 92 0.005
47 94 0.0033
491 94 0.0033
45 97 0.0099
62 97 0.0099
63 99 0.0033
101 99 0.0116
495 99 0.0066
63 101 0.005
99 101 0.0116
106 101 0.0116
489 101 0.005
222 102 0.0149
223 102 0.0116
224 102 0.0116
104 103 0.0149
222 103 0.0083
452 103 0.0116
103 104 0.0149
105 104 0.0033
118 104 0.0198
104 105 0.0033
118 105 0.0066
372 105 0.0017
101 106 0.0116
107 106 0.0248
489 106 0.0215
59 107 0.005
106 107 0.0248
108 107 0.0182
107 108 0.0182
111 108 0.0066
123 108 0.0099
52 109 0.0149
110 109 0.0033
121 109 0.0099
53 110 0.0017
109 110 0.0033
108 111 0.0066
115 111 0.0066
177 112 0.0099
319 112 0.0099
487 112 0.0099
177 113 0.0083
202 113 0.0066
221 113 0.0066
116 114 0.0149
118 114 0.0182
124 114 0.0066
372 114 0.0132
111 115 0.0066
493 115 0.0066
114 116 0.0149
117 116 0.0132
119 116 0.0099
116 117 0.0132
176 117 0.0149
319 117 0.0132
104 118 0.0198
105 118 0.0066
114 118 0.0182
116 119 0.0099
218 119 0.0165
221 119 0.0149
109 121 0.0099
501 121 0.0033
504 121 0.0149
108 123 0.0099
504 123 0.0099
114 124 0.0066
127 124 0.0033
153 124 0.0116
66 126 0.0099
67 126 0.0099
505 126 0.0215
124 127 0.0033
153 127 0.0033
133 132 0.0033
231 132 0.0033
132 133 0.0033
231 133 0.0033
558 141 0.0165
562 141 0.0182
143 142 0.0033
146 142 0.0083
558 142 0.0033
142 143 0.0033
148 143 0.0083
701 143 0.0033
146 145 0.0033
297 145 0.005
142 146 0.0083
145 146 0.0033
148 146 0.0033
143 148 0.0083
146 148 0.0033
701 148 0.0033
150 149 0.0033
156 149 0.0033
149 150 0.0033
156 150 0.0033
153 152 0.0066
158 152 0.0066
124 153 0.0116
127 153 0.0033
152 153 0.0066
149 156 0.0033
150 156 0.0033
152 158 0.0066
159 158 0.0066
158 159 0.0066
175 159 0.0066
1 161 0.0033
3 161 0.0331
162 161 0.0281
161 162 0.0281
163 162 0.0231
179 162 0.0099
162 163 0.0231
164 163 0.0182
170 163 0.0231
163 164 0.0182
167 164 0.0017
183 164 0.0149
164 167 0.0017
462 167 0.0215
466 167 0.0248
169 168 0.0033
174 168 0.0033
12 169 0.0066
168 169 0.0033
174 169 0.0116
163 170 0.0231
171 170 0.0099
466 170 0.0215
170 171 0.0099
208 171 0.005
467 171 0.0033
168 174 0.0033
169 174 0.0116
175 174 0.0066
159 175 0.0066
174 175 0.0066
176 175 0.0149
117 176 0.0149
175 176 0.0149
112 177 0.0099
113 177 0.0083
202 177 0.0099
179 178 0.038
376 178 0.0364
378 178 0.0033
162 179 0.0099
178 179 0.038
225 179 0.0397
182 181 0.0215
183 181 0.0033
185 181 0.0165
181 182 0.0215
183 182 0.0198
164 183 0.0149
181 183 0.0033
182 183 0.0198
1 185 0.0116
92 185 0.0066
181 185 0.0165
188 187 0.0132
462 187 0.0132
92 188 0.005
187 188 0.0132
190 188 0.0066
88 190 0.0132
188 190 0.0066
697 190 0.005
90 196 0.0116
91 196 0.0116
198 197 0.0033
200 197 0.0033
197 198 0.0033
200 198 0.0033
197 200 0.0033
198 200 0.0033
202 201 0.0066
223 201 0.005
113 202 0.0066
177 202 0.0099
201 202 0.0066
203 202 0.0132
202 203 0.0132
204 203 0.0231
221 203 0.0066
203 204 0.0231
218 204 0.0165
222 204 0.0182
171 208 0.005
209 208 0.0083
378 208 0.0083
208 209 0.0083
379 209 0.0083
119 218 0.0165
204 218 0.0165
32 220 0.0083
42 220 0.0116
235 220 0.0149
113 221 0.0066
119 221 0.0149
203 221 0.0066
102 222 0.0149
103 222 0.0083
204 222 0.0182
102 223 0.0116
201 223 0.005
224 223 0.0033
102 224 0.0116
223 224 0.0033
486 224 0.0066
179 225 0.0397
245 225 0.038
132 231 0.0033
133 231 0.0033
220 235 0.0149
237 235 0.0182
246 235 0.0017
235 237 0.0182
240 237 0.0116
248 237 0.0116
41 240 0.0132
237 240 0.0116
287 240 0.0066
225 245 0.038
246 245 0.0033
247 245 0.043
235 246 0.0017
245 246 0.0033
247 246 0.0066
245 247 0.043
246 247 0.0066
248 247 0.0413
237 248 0.0116
247 248 0.0413
258 248 0.0347
248 258 0.0347
259 258 0.0347
258 259 0.0347
260 259 0.0198
263 259 0.0198
259 260 0.0198
265 260 0.0066
468 260 0.0215
259 263 0.0198
264 263 0.0017
276 263 0.0165
263 264 0.0017
265 264 0.0017
260 265 0.0066
264 265 0.0017
274 265 0.0033
269 268 0.0298
468 268 0.0281
268 269 0.0298
271 269 0.0231
469 269 0.005
269 271 0.0231
273 271 0.0215
376 271 0.0364
271 273 0.0215
274 273 0.0033
391 273 0.0165
265 274 0.0033
273 274 0.0033
263 276 0.0165
277 276 0.0149
370 276 0.0264
276 277 0.0149
278 277 0.005
333 277 0.0116
531 277 0.0083
277 278 0.005
329 278 0.005
281 280 0.0116
332 280 0.0198
528 280 0.0066
280 281 0.0116
282 281 0.0149
520 281 0.0083
281 282 0.0149
286 282 0.0099
325 282 0.005
548 282 0.0066
41 283 0.0165
284 283 0.0165
286 283 0.0083
82 284 0.0099
283 284 0.0165
285 284 0.0116
284 285 0.0116
286 285 0.0083
288 285 0.0116
282 286 0.0099
283 286 0.0083
285 286 0.0083
520 286 0.0099
240 287 0.0066
524 287 0.0066
285 288 0.0116
289 288 0.0149
292 288 0.0116
85 289 0.0017
288 289 0.0149
290 289 0.0182
85 290 0.0182
289 290 0.0182
291 290 0.0149
290 291 0.0149
292 291 0.0116
294 291 0.0165
511 291 0.0198
288 292 0.0116
291 292 0.0116
327 292 0.0083
300 293 0.005
327 293 0.0149
328 293 0.0116
291 294 0.0165
295 294 0.0033
299 294 0.0132
562 294 0.0264
294 295 0.0033
296 295 0.0017
560 295 0.0066
295 296 0.0017
297 296 0.0033
298 296 0.0066
145 297 0.005
296 297 0.0033
298 297 0.0099
296 298 0.0066
297 298 0.0099
303 298 0.0083
294 299 0.0132
300 299 0.0099
303 299 0.0149
293 300 0.005
299 300 0.0099
443 300 0.0066
298 303 0.0083
299 303 0.0149
304 303 0.005
303 304 0.005
305 304 0.005
304 305 0.005
310 305 0.0066
310 309 0.0099
443 309 0.0149
444 309 0.0033
305 310 0.0066
309 310 0.0099
317 310 0.0017
1 313 0.0116
315 313 0.0116
313 315 0.0116
316 315 0.0149
487 315 0.005
89 316 0.0149
315 316 0.0149
486 316 0.0083
310 317 0.0017
318 317 0.0066
350 317 0.0099
317 318 0.0066
352 318 0.0083
112 319 0.0099
117 319 0.0132
320 319 0.0149
12 320 0.0066
319 320 0.0149
487 320 0.0066
322 321 0.0099
323 321 0.0182
548 321 0.0066
321 322 0.0099
323 322 0.0033
336 322 0.005
338 322 0.0116
321 323 0.0182
322 323 0.0033
335 323 0.0132
282 325 0.005
327 325 0.005
328 325 0.0116
292 327 0.0083
293 327 0.0149
325 327 0.005
293 328 0.0116
325 328 0.0116
338 328 0.0017
278 329 0.005
330 329 0.0099
333 329 0.0165
329 330 0.0099
331 330 0.0066
529 330 0.0017
330 331 0.0066
332 331 0.0149
335 331 0.0231
280 332 0.0198
331 332 0.0149
528 332 0.0033
277 333 0.0116
329 333 0.0165
334 333 0.0165
333 334 0.0165
335 334 0.0182
340 334 0.0066
323 335 0.0132
331 335 0.0231
334 335 0.0182
322 336 0.005
337 336 0.0198
342 336 0.0215
563 336 0.0033
336 337 0.0198
546 337 0.0066
563 337 0.0182
322 338 0.0116
328 338 0.0017
341 338 0.0116
340 339 0.0116
539 339 0.0066
541 339 0.0017
546 339 0.0066
334 340 0.0066
339 340 0.0116
538 340 0.0033
338 341 0.0116
342 341 0.0033
343 341 0.0281
346 341 0.0132
336 342 0.0215
341 342 0.0033
343 342 0.0264
341 343 0.0281
342 343 0.0264
564 343 0.0099
351 345 0.0198
352 345 0.0198
574 345 0.0132
589 345 0.0066
341 346 0.0132
444 346 0.0116
566 346 0.0099
348 347 0.0099
444 347 0.0149
566 347 0.0033
347 348 0.0099
350 348 0.0099
317 350 0.0099
348 350 0.0099
351 350 0.0149
345 351 0.0198
350 351 0.0149
569 351 0.0033
318 352 0.0083
345 352 0.0198
441 352 0.0099
354 353 0.0017
441 353 0.005
447 353 0.0017
353 354 0.0017
363 354 0.0066
449 354 0.0033
356 355 0.0132
449 355 0.0083
640 355 0.0033
355 356 0.0132
357 356 0.0066
640 356 0.0116
356 357 0.0066
358 357 0.0017
449 357 0.0033
357 358 0.0017
447 358 0.0083
641 358 0.005
458 359 0.0017
641 359 0.0017
454 360 0.0116
457 360 0.0083
458 360 0.0017
442 362 0.0116
447 362 0.0017
590 362 0.0149
354 363 0.0066
640 363 0.0066
646 363 0.0083
658 363 0.0083
619 365 0.0066
622 365 0.0099
659 365 0.0017
369 366 0.0132
659 366 0.0066
660 366 0.0149
434 367 0.0033
660 367 0.0083
661 367 0.0033
369 368 0.005
662 368 0.0066
366 369 0.0132
368 369 0.005
374 369 0.0066
276 370 0.0264
533 370 0.0281
373 371 0.0182
531 371 0.0083
536 371 0.0281
105 372 0.0017
114 372 0.0132
412 372 0.0099
371 373 0.0182
552 373 0.0182
369 374 0.0066
375 374 0.0198
552 374 0.0182
374 375 0.0198
399 375 0.0264
664 375 0.0099
665 375 0.0033
178 376 0.0364
271 376 0.0364
178 378 0.0033
208 378 0.0083
380 378 0.0066
209 379 0.0083
380 379 0.0116
383 379 0.0033
385 379 0.0033
378 380 0.0066
379 380 0.0116
389 380 0.0033
694 380 0.0017
91 383 0.005
379 383 0.0033
384 383 0.0033
383 384 0.0033
395 384 0.0033
379 385 0.0033
389 385 0.0099
687 385 0.005
380 389 0.0033
385 389 0.0099
689 389 0.005
391 390 0.0083
694 390 0.0083
273 391 0.0165
390 391 0.0083
398 391 0.0231
400 392 0.0066
694 392 0.0083
384 395 0.0033
409 395 0.0099
452 395 0.005
397 396 0.0099
409 396 0.0099
452 396 0.0182
396 397 0.0099
411 397 0.0083
391 398 0.0231
399 398 0.0248
400 398 0.0198
375 399 0.0264
398 399 0.0248
392 400 0.0066
398 400 0.0198
403 400 0.0116
404 402 0.005
665 402 0.005
400 403 0.0116
404 403 0.0248
405 403 0.0116
402 404 0.005
403 404 0.0248
431 404 0.0182
403 405 0.0116
406 405 0.0116
405 406 0.0116
418 406 0.0116
395 409 0.0099
396 409 0.0099
397 411 0.0083
413 411 0.0083
372 412 0.0099
413 412 0.0099
411 413 0.0083
412 413 0.0099
418 417 0.0066
419 417 0.0083
406 418 0.0116
417 418 0.0066
428 418 0.0198
417 419 0.0083
446 419 0.0083
446 420 0.0033
686 420 0.0033
424 423 0.0099
453 423 0.0132
677 423 0.0198
678 423 0.0033
423 424 0.0099
671 424 0.0033
673 424 0.005
426 425 0.0083
429 425 0.0198
431 425 0.0132
453 425 0.0182
425 426 0.0083
453 426 0.0033
671 426 0.0033
418 428 0.0198
668 428 0.0198
425 429 0.0198
668 429 0.0198
404 431 0.0182
425 431 0.0132
434 431 0.0033
367 434 0.0033
431 434 0.0033
352 441 0.0099
353 441 0.005
442 441 0.0165
362 442 0.0116
441 442 0.0165
589 442 0.0099
300 443 0.0066
309 443 0.0149
444 443 0.0099
309 444 0.0033
346 444 0.0116
347 444 0.0149
443 444 0.0099
419 446 0.0083
420 446 0.0033
686 446 0.0132
353 447 0.0017
358 447 0.0083
362 447 0.0017
448 447 0.005
590 447 0.005
595 447 0.0182
600 447 0.0116
602 447 0.0033
604 447 0.0017
608 447 0.0033
615 447 0.0083
621 447 0.0231
627 447 0.0017
628 447 0.0083
447 448 0.005
457 448 0.0099
642 448 0.0033
354 449 0.0033
355 449 0.0083
357 449 0.0033
103 452 0.0116
395 452 0.005
396 452 0.0182
423 453 0.0132
425 453 0.0182
426 453 0.0033
360 454 0.0116
455 454 0.005
458 454 0.005
454 455 0.005
642 455 0.005
360 457 0.0083
448 457 0.0099
641 457 0.0083
642 457 0.0099
359 458 0.0017
360 458 0.0017
454 458 0.005
167 462 0.0215
187 462 0.0132
463 462 0.0066
462 463 0.0066
467 463 0.0066
167 466 0.0248
170 466 0.0215
467 466 0.0116
171 467 0.0033
463 467 0.0066
466 467 0.0116
260 468 0.0215
268 468 0.0281
469 468 0.005
269 469 0.005
468 469 0.005
37 472 0.0083
476 472 0.0083
31 475 0.0033
43 475 0.0099
477 475 0.005
43 476 0.0149
472 476 0.0083
477 476 0.005
475 477 0.005
476 477 0.005
20 482 0.0165
24 482 0.0215
485 482 0.0033
20 483 0.0033
21 483 0.0083
484 483 0.0033
23 484 0.0198
483 484 0.0033
485 484 0.0149
24 485 0.0198
482 485 0.0033
484 485 0.0149
89 486 0.0066
224 486 0.0066
316 486 0.0083
112 487 0.0099
315 487 0.005
320 487 0.0066
58 489 0.0182
101 489 0.005
106 489 0.0215
46 491 0.0033
94 491 0.0033
115 493 0.0066
495 493 0.0066
99 495 0.0066
493 495 0.0066
121 501 0.0033
504 501 0.0033
121 504 0.0149
123 504 0.0099
501 504 0.0033
72 505 0.005
126 505 0.0215
506 505 0.0149
78 506 0.0099
79 506 0.0033
505 506 0.0149
86 507 0.0083
508 507 0.0165
517 507 0.0165
76 508 0.0116
78 508 0.005
507 508 0.0165
291 511 0.0198
512 511 0.0066
554 511 0.0116
81 512 0.0066
511 512 0.0066
84 517 0.0116
86 517 0.0033
507 517 0.0165
281 520 0.0083
286 520 0.0099
524 520 0.0066
287 524 0.0066
520 524 0.0066
280 528 0.0066
332 528 0.0033
529 528 0.0017
330 529 0.0017
528 529 0.0017
277 531 0.0083
371 531 0.0083
370 533 0.0281
534 533 0.0033
536 533 0.0331
533 534 0.0033
536 534 0.0033
371 536 0.0281
533 536 0.0331
534 536 0.0033
340 538 0.0033
539 538 0.0099
543 538 0.005
339 539 0.0066
538 539 0.0099
540 539 0.0083
539 540 0.0083
541 540 0.0017
543 540 0.005
339 541 0.0017
540 541 0.0017
538 543 0.005
540 543 0.005
337 546 0.0066
339 546 0.0066
282 548 0.0066
321 548 0.0066
373 552 0.0182
374 552 0.0182
511 554 0.0116
556 554 0.0116
554 556 0.0116
558 556 0.0116
141 558 0.0165
142 558 0.0033
556 558 0.0116
295 560 0.0066
562 560 0.0066
141 562 0.0182
294 562 0.0264
560 562 0.0066
336 563 0.0033
337 563 0.0182
571 563 0.0132
343 564 0.0099
565 564 0.0066
566 564 0.0083
564 565 0.0066
566 565 0.0017
567 565 0.0033
346 566 0.0099
347 566 0.0033
564 566 0.0083
565 566 0.0017
565 567 0.0033
569 567 0.0033
351 569 0.0033
567 569 0.0033
563 571 0.0132
572 571 0.0281
576 571 0.0132
571 572 0.0281
574 572 0.0281
345 574 0.0132
572 574 0.0281
575 574 0.0132
574 575 0.0132
576 575 0.0066
579 575 0.005
571 576 0.0132
575 576 0.0066
577 576 0.005
576 577 0.005
578 577 0.005
577 578 0.005
579 578 0.005
575 579 0.005
578 579 0.005
345 589 0.0066
442 589 0.0099
590 589 0.0017
362 590 0.0149
447 590 0.005
589 590 0.0017
591 590 0.0182
590 591 0.0182
595 591 0.0182
447 595 0.0182
591 595 0.0182
447 600 0.0116
602 600 0.0116
447 602 0.0033
600 602 0.0116
604 602 0.0066
447 604 0.0017
602 604 0.0066
606 604 0.0033
604 606 0.0033
608 606 0.0033
447 608 0.0033
606 608 0.0033
447 615 0.0083
617 615 0.0083
615 617 0.0083
620 617 0.0099
365 619 0.0066
620 619 0.005
617 620 0.0099
619 620 0.005
621 620 0.0149
447 621 0.0231
620 621 0.0149
622 621 0.0132
629 621 0.0149
365 622 0.0099
621 622 0.0132
623 622 0.0017
622 623 0.0017
625 623 0.0033
625 624 0.0182
629 624 0.0165
623 625 0.0033
624 625 0.0182
626 625 0.0132
625 626 0.0132
627 626 0.0017
628 626 0.0099
447 627 0.0017
626 627 0.0017
447 628 0.0083
626 628 0.0099
621 629 0.0149
624 629 0.0165
355 640 0.0033
356 640 0.0116
363 640 0.0066
358 641 0.005
359 641 0.0017
457 641 0.0083
448 642 0.0033
455 642 0.005
457 642 0.0099
363 646 0.0083
649 646 0.0083
646 649 0.0083
651 649 0.0017
658 649 0.005
649 651 0.0017
658 651 0.0017
363 658 0.0083
649 658 0.005
651 658 0.0017
365 659 0.0017
366 659 0.0066
660 659 0.0033
366 660 0.0149
367 660 0.0083
659 660 0.0033
661 660 0.0099
367 661 0.0033
660 661 0.0099
662 661 0.0066
368 662 0.0066
661 662 0.0066
375 664 0.0099
665 664 0.0099
375 665 0.0033
402 665 0.005
664 665 0.0099
428 668 0.0198
429 668 0.0198
424 671 0.0033
426 671 0.0033
424 673 0.005
675 673 0.005
673 675 0.005
677 675 0.005
423 677 0.0198
675 677 0.005
678 677 0.0033
680 677 0.0083
423 678 0.0033
677 678 0.0033
677 680 0.0083
686 680 0.0083
420 686 0.0033
446 686 0.0132
680 686 0.0083
385 687 0.005
689 687 0.005
389 689 0.005
687 689 0.005
380 694 0.0017
390 694 0.0083
392 694 0.0083
91 697 0.005
190 697 0.005
143 701 0.0033
148 701 0.0033
709 708 0.0033
715 708 0.0033
708 709 0.0033
715 709 0.0033
708 715 0.0033
709 715 0.0033
