15 1 0.004
27 1 0.003
28 1 0.005
31 1 0.0091
6 5 0.002
7 5 0.0071
65 5 0.004
5 6 0.002
7 6 0.0081
20 6 0.005
5 7 0.0071
6 7 0.0081
13 12 0.003
19 12 0.002
12 13 0.003
14 13 0.001
18 13 0.005
13 14 0.001
15 14 0.002
17 14 0.004
1 15 0.004
14 15 0.002
16 15 0.0071
15 16 0.0071
17 16 0.0101
26 16 0.0101
27 16 0.001
14 17 0.004
16 17 0.0101
18 17 0.005
13 18 0.005
17 18 0.005
23 18 0.0111
12 19 0.002
22 19 0.003
6 20 0.005
21 20 0.0091
54 20 0.003
20 21 0.0091
22 21 0.004
24 21 0.0121
19 22 0.003
21 22 0.004
23 22 0.0061
18 23 0.0111
22 23 0.0061
24 23 0.0091
25 23 0.0141
21 24 0.0121
23 24 0.0091
48 24 0.0141
23 25 0.0141
26 25 0.0111
30 25 0.002
16 26 0.0101
25 26 0.0111
1 27 0.003
16 27 0.001
1 28 0.005
29 28 0.004
28 29 0.004
36 29 0.005
25 30 0.002
45 30 0.003
1 31 0.0091
32 31 0.0081
36 31 0.0141
31 32 0.0081
33 32 0.0071
32 33 0.0071
34 33 0.0111
505 33 0.005
33 34 0.0111
35 34 0.0091
505 34 0.001
34 35 0.0091
39 35 0.0151
75 35 0.0071
311 35 0.0091
29 36 0.005
31 36 0.0141
37 36 0.0081
36 37 0.0081
39 37 0.0081
35 39 0.0151
37 39 0.0081
40 39 0.0101
39 40 0.0101
41 40 0.003
47 40 0.0141
40 41 0.003
42 41 0.003
41 42 0.003
43 42 0.0121
47 42 0.0182
51 42 0.0151
42 43 0.0121
46 43 0.0131
50 44 0.0242
53 44 0.0232
30 45 0.003
46 45 0.0071
47 45 0.003
43 46 0.0131
45 46 0.0071
49 46 0.0131
40 47 0.0141
42 47 0.0182
45 47 0.003
24 48 0.0141
49 48 0.0212
54 48 0.0242
46 49 0.0131
48 49 0.0212
50 49 0.0232
44 50 0.0242
49 50 0.0232
69 50 0.004
42 51 0.0151
52 51 0.0111
78 51 0.003
51 52 0.0111
53 52 0.0182
83 52 0.0161
44 53 0.0232
52 53 0.0182
70 53 0.002
84 53 0.005
20 54 0.003
48 54 0.0242
55 54 0.005
62 54 0.0141
54 55 0.005
56 55 0.003
69 55 0.001
55 56 0.003
57 56 0.0061
60 56 0.002
56 57 0.0061
58 57 0.003
60 57 0.002
57 58 0.003
59 58 0.0061
96 58 0.002
58 59 0.0061
96 59 0.0061
56 60 0.002
57 60 0.002
54 62 0.0141
63 62 0.004
67 62 0.0091
62 63 0.004
64 63 0.004
63 64 0.004
65 64 0.004
873 64 0.002
874 64 0.002
5 65 0.004
64 65 0.004
62 67 0.0091
68 67 0.0091
67 68 0.0091
101 68 0.0151
455 68 0.005
50 69 0.004
55 69 0.001
70 69 0.002
53 70 0.002
69 70 0.002
35 75 0.0071
76 75 0.003
80 75 0.002
81 75 0.0061
75 76 0.003
78 76 0.003
51 78 0.003
76 78 0.003
75 80 0.002
81 80 0.003
75 81 0.0061
80 81 0.003
333 81 0.002
83 82 0.0091
93 82 0.0091
52 83 0.0161
82 83 0.0091
87 83 0.0131
88 83 0.004
53 84 0.005
85 84 0.001
94 84 0.003
84 85 0.001
86 85 0.0222
99 85 0.0202
85 86 0.0222
87 86 0.0212
83 87 0.0131
86 87 0.0212
107 87 0.0111
83 88 0.004
89 88 0.001
111 88 0.0061
88 89 0.001
90 89 0.0081
111 89 0.0101
112 89 0.005
89 90 0.0081
91 90 0.0091
90 91 0.0091
92 91 0.0071
115 91 0.003
91 92 0.0071
93 92 0.0091
335 92 0.003
82 93 0.0091
92 93 0.0091
333 93 0.005
84 94 0.003
96 94 0.003
58 96 0.002
59 96 0.0061
94 96 0.003
85 99 0.0202
100 99 0.0151
105 99 0.0141
108 99 0.005
99 100 0.0151
101 100 0.002
102 100 0.0182
68 101 0.0151
100 101 0.002
102 101 0.0182
100 102 0.0182
101 102 0.0182
99 105 0.0141
106 105 0.0131
105 106 0.0131
107 106 0.003
423 106 0.0091
87 107 0.0111
106 107 0.003
118 107 0.0061
99 108 0.005
109 108 0.003
461 108 0.001
108 109 0.003
427 109 0.004
435 109 0.004
636 110 0.003
796 110 0.0101
931 110 0.0061
88 111 0.0061
89 111 0.0101
112 111 0.002
89 112 0.005
111 112 0.002
113 112 0.002
112 113 0.002
114 113 0.0071
117 113 0.004
113 114 0.0071
115 114 0.003
119 114 0.005
91 115 0.003
114 115 0.003
113 117 0.004
118 117 0.0071
126 117 0.002
107 118 0.0061
117 118 0.0071
129 118 0.0141
114 119 0.005
120 119 0.0081
123 119 0.004
119 120 0.0081
127 120 0.0091
122 121 0.0061
128 121 0.0071
121 122 0.0061
123 122 0.003
348 122 0.001
119 123 0.004
122 123 0.003
125 124 0.003
342 124 0.002
124 125 0.003
336 125 0.0061
341 125 0.0081
117 126 0.002
127 126 0.0091
129 126 0.0121
120 127 0.0091
126 127 0.0091
128 127 0.0091
121 128 0.0071
127 128 0.0091
132 128 0.0071
118 129 0.0141
126 129 0.0121
130 129 0.0121
134 129 0.0091
136 129 0.0081
129 130 0.0121
131 130 0.0061
132 130 0.0111
130 131 0.0061
132 131 0.002
175 131 0.002
128 132 0.0071
130 132 0.0111
131 132 0.002
175 133 0.005
176 133 0.001
348 133 0.001
129 134 0.0091
135 134 0.0081
134 135 0.0081
150 135 0.0091
175 135 0.0121
129 136 0.0081
141 136 0.0091
138 137 0.0151
423 137 0.0111
432 137 0.002
137 138 0.0151
139 138 0.004
145 138 0.0202
138 139 0.004
143 139 0.004
136 141 0.0091
142 141 0.0222
160 141 0.0182
141 142 0.0222
143 142 0.0131
167 142 0.0222
139 143 0.004
142 143 0.0131
146 143 0.0182
138 145 0.0202
146 145 0.0161
432 145 0.004
143 146 0.0182
145 146 0.0161
147 146 0.0111
146 147 0.0111
148 147 0.002
149 147 0.0141
147 148 0.002
149 148 0.005
443 148 0.002
147 149 0.0141
148 149 0.005
433 149 0.0161
445 149 0.005
135 150 0.0091
151 150 0.0071
176 150 0.0091
150 151 0.0071
152 151 0.005
177 151 0.0071
151 152 0.005
153 152 0.004
158 152 0.0101
152 153 0.004
154 153 0.002
156 153 0.0071
153 154 0.002
155 154 0.003
154 155 0.003
156 155 0.003
166 155 0.001
153 156 0.0071
155 156 0.003
157 156 0.005
156 157 0.005
158 157 0.0091
166 157 0.005
152 158 0.0101
157 158 0.0091
159 158 0.0101
158 159 0.0101
188 159 0.005
191 159 0.0091
196 159 0.004
141 160 0.0182
161 160 0.002
162 160 0.0232
171 160 0.001
160 161 0.002
162 161 0.003
160 162 0.0232
161 162 0.003
163 162 0.0212
162 163 0.0212
164 163 0.0071
170 163 0.0151
163 164 0.0071
165 164 0.0061
164 165 0.0061
166 165 0.005
191 165 0.0101
155 166 0.001
157 166 0.005
165 166 0.005
142 167 0.0222
168 167 0.0091
199 167 0.0182
167 168 0.0091
447 168 0.0091
163 170 0.0151
171 170 0.001
173 170 0.0131
160 171 0.001
170 171 0.001
170 173 0.0131
174 173 0.004
204 173 0.0071
173 174 0.004
208 174 0.003
131 175 0.002
133 175 0.005
135 175 0.0121
176 175 0.003
133 176 0.001
150 176 0.0091
175 176 0.003
179 176 0.003
151 177 0.0071
179 177 0.0081
180 177 0.0061
180 178 0.005
184 178 0.002
186 178 0.002
176 179 0.003
177 179 0.0081
181 179 0.004
177 180 0.0061
178 180 0.005
182 180 0.0061
179 181 0.004
182 181 0.003
180 182 0.0061
181 182 0.003
183 182 0.002
182 183 0.002
184 183 0.005
185 183 0.002
178 184 0.002
183 184 0.005
185 184 0.002
183 185 0.002
184 185 0.002
249 185 0.001
357 185 0.001
178 186 0.002
187 186 0.005
249 186 0.002
186 187 0.005
188 187 0.0081
190 187 0.0081
252 187 0.005
159 188 0.005
187 188 0.0081
189 188 0.002
188 189 0.002
190 189 0.0081
248 189 0.005
187 190 0.0081
189 190 0.0081
252 190 0.005
159 191 0.0091
165 191 0.0101
192 191 0.004
191 192 0.004
193 192 0.002
210 192 0.003
192 193 0.002
194 193 0.004
213 193 0.003
193 194 0.004
195 194 0.0071
248 194 0.0081
194 195 0.0071
196 195 0.004
248 195 0.002
159 196 0.004
195 196 0.004
167 199 0.0182
200 199 0.002
204 199 0.0212
199 200 0.002
201 200 0.002
202 200 0.005
200 201 0.002
202 201 0.0081
578 201 0.005
200 202 0.005
201 202 0.0081
203 202 0.0121
207 202 0.003
202 203 0.0121
204 203 0.0131
206 203 0.0161
173 204 0.0071
199 204 0.0212
203 204 0.0131
206 205 0.005
208 205 0.004
203 206 0.0161
205 206 0.005
207 206 0.004
587 206 0.0091
202 207 0.003
206 207 0.004
174 208 0.003
205 208 0.004
210 209 0.0081
227 209 0.0091
235 209 0.0071
192 210 0.003
209 210 0.0081
212 210 0.0061
210 212 0.0061
222 212 0.005
193 213 0.003
214 213 0.003
258 213 0.0061
213 214 0.003
216 214 0.001
264 214 0.001
214 216 0.001
217 216 0.004
218 216 0.002
216 217 0.004
218 217 0.002
258 217 0.001
216 218 0.002
217 218 0.002
259 218 0.001
260 218 0.001
212 222 0.005
223 222 0.0081
225 222 0.002
222 223 0.0081
224 223 0.002
226 223 0.0111
223 224 0.002
225 224 0.0061
226 224 0.0091
222 225 0.002
224 225 0.0061
267 225 0.003
223 226 0.0111
224 226 0.0091
228 226 0.0091
230 226 0.0071
209 227 0.0091
228 227 0.0091
226 228 0.0091
227 228 0.0091
226 230 0.0071
231 230 0.0071
238 230 0.003
269 230 0.003
230 231 0.0071
232 231 0.003
239 231 0.003
231 232 0.003
233 232 0.003
232 233 0.003
234 233 0.0071
601 233 0.003
233 234 0.0071
235 234 0.0081
596 234 0.0081
209 235 0.0071
234 235 0.0081
502 237 0.0101
591 237 0.002
926 237 0.0121
230 238 0.003
239 238 0.003
231 239 0.003
238 239 0.003
189 248 0.005
194 248 0.0081
195 248 0.002
185 249 0.001
186 249 0.002
250 249 0.004
249 250 0.004
251 250 0.0121
316 250 0.0111
250 251 0.0121
252 251 0.005
253 251 0.0121
187 252 0.005
190 252 0.005
251 252 0.005
251 253 0.0121
254 253 0.0071
293 253 0.0141
253 254 0.0071
256 254 0.0071
254 256 0.0071
257 256 0.0091
261 256 0.0111
256 257 0.0091
258 257 0.004
259 257 0.004
213 258 0.0061
217 258 0.001
257 258 0.004
218 259 0.001
257 259 0.004
260 259 0.0061
218 260 0.001
259 260 0.0061
261 260 0.004
256 261 0.0111
260 261 0.004
262 261 0.0061
261 262 0.0061
264 262 0.004
267 262 0.0071
268 263 0.004
277 263 0.0061
506 263 0.003
214 264 0.001
262 264 0.004
265 264 0.002
264 265 0.002
267 265 0.002
225 267 0.003
262 267 0.0071
265 267 0.002
269 267 0.0081
263 268 0.004
920 268 0.003
230 269 0.003
267 269 0.0081
270 269 0.004
269 270 0.004
271 270 0.0061
272 270 0.0111
270 271 0.0061
272 271 0.002
273 271 0.003
270 272 0.0111
271 272 0.002
276 272 0.0071
271 273 0.003
274 273 0.005
289 273 0.002
273 274 0.005
275 274 0.0061
291 274 0.0061
274 275 0.0061
276 275 0.005
292 275 0.0061
272 276 0.0071
275 276 0.005
278 276 0.0071
263 277 0.0061
894 277 0.002
920 277 0.003
276 278 0.0071
279 278 0.0081
299 278 0.0101
278 279 0.0081
280 279 0.0121
395 279 0.003
279 280 0.0121
281 280 0.0071
292 280 0.002
397 280 0.0172
280 281 0.0071
282 281 0.004
397 281 0.002
281 282 0.004
283 282 0.003
282 283 0.003
393 283 0.003
273 289 0.002
291 289 0.002
274 291 0.0061
289 291 0.002
292 291 0.003
275 292 0.0061
280 292 0.002
291 292 0.003
253 293 0.0141
295 293 0.0141
293 295 0.0141
297 295 0.0101
304 295 0.0151
295 297 0.0101
299 297 0.0101
278 299 0.0101
297 299 0.0101
300 299 0.0111
299 300 0.0111
301 300 0.0101
300 301 0.0101
302 301 0.0091
372 301 0.0101
301 302 0.0091
303 302 0.0172
305 302 0.0141
308 302 0.0061
302 303 0.0172
309 303 0.0141
373 303 0.003
295 304 0.0151
305 304 0.0141
302 305 0.0141
304 305 0.0141
306 305 0.003
305 306 0.003
307 306 0.001
308 306 0.001
306 307 0.001
555 307 0.001
302 308 0.0061
306 308 0.001
568 308 0.004
303 309 0.0141
310 309 0.0161
362 309 0.005
309 310 0.0161
568 310 0.0202
569 310 0.003
35 311 0.0091
312 311 0.0161
894 311 0.0121
311 312 0.0161
313 312 0.0141
320 312 0.0071
333 312 0.0071
312 313 0.0141
314 313 0.0101
324 313 0.005
313 314 0.0101
315 314 0.0101
314 315 0.0101
316 315 0.0131
319 315 0.002
250 316 0.0111
315 316 0.0131
317 316 0.0192
319 316 0.005
316 317 0.0192
504 317 0.0192
315 319 0.002
316 319 0.005
357 319 0.002
312 320 0.0071
322 320 0.0071
320 322 0.0071
323 322 0.005
339 322 0.001
322 323 0.005
324 323 0.0091
329 323 0.005
313 324 0.005
323 324 0.0091
325 324 0.002
327 324 0.002
324 325 0.002
326 325 0.003
332 325 0.004
356 325 0.005
325 326 0.003
327 326 0.004
331 326 0.0081
324 327 0.002
326 327 0.004
328 327 0.0071
327 328 0.0071
329 328 0.004
330 328 0.0061
323 329 0.005
328 329 0.004
328 330 0.0061
331 330 0.0071
326 331 0.0081
330 331 0.0071
325 332 0.004
353 332 0.001
355 332 0.005
81 333 0.002
93 333 0.005
312 333 0.0071
334 333 0.004
333 334 0.004
335 334 0.005
338 334 0.004
92 335 0.003
334 335 0.005
336 335 0.003
125 336 0.0061
335 336 0.003
341 336 0.002
334 338 0.004
339 338 0.001
342 338 0.002
322 339 0.001
338 339 0.001
125 341 0.0081
336 341 0.002
342 341 0.005
124 342 0.002
338 342 0.002
341 342 0.005
122 348 0.001
133 348 0.001
351 350 0.002
353 350 0.003
350 351 0.002
353 351 0.002
332 353 0.001
350 353 0.003
351 353 0.002
355 353 0.002
332 355 0.005
353 355 0.002
358 355 0.004
325 356 0.005
357 356 0.002
358 356 0.0081
185 357 0.001
319 357 0.002
356 357 0.002
358 357 0.003
355 358 0.004
356 358 0.0081
357 358 0.003
582 360 0.005
846 360 0.0061
309 362 0.005
363 362 0.001
570 362 0.003
362 363 0.001
364 363 0.0111
374 363 0.0091
363 364 0.0111
365 364 0.003
368 364 0.0061
364 365 0.003
374 365 0.004
367 366 0.0081
382 366 0.0081
366 367 0.0081
368 367 0.0081
370 367 0.003
383 367 0.0121
387 367 0.0121
364 368 0.0061
367 368 0.0081
369 368 0.001
368 369 0.001
370 369 0.002
367 370 0.003
369 370 0.002
371 370 0.002
370 371 0.002
372 371 0.0071
388 371 0.0081
301 372 0.0101
371 372 0.0071
373 372 0.004
303 373 0.003
372 373 0.004
363 374 0.0091
365 374 0.004
375 374 0.0061
374 375 0.0061
376 375 0.002
378 375 0.002
382 375 0.0061
375 376 0.002
377 376 0.0061
558 376 0.003
376 377 0.0061
378 377 0.005
379 377 0.0091
381 377 0.002
375 378 0.002
377 378 0.005
379 378 0.002
377 379 0.0091
378 379 0.002
380 379 0.0061
379 380 0.0061
381 380 0.0151
409 380 0.0081
377 381 0.002
380 381 0.0151
727 381 0.0121
366 382 0.0081
375 382 0.0061
389 382 0.001
367 383 0.0121
384 383 0.0111
383 384 0.0111
385 384 0.003
386 384 0.0101
384 385 0.003
386 385 0.001
389 385 0.001
384 386 0.0101
385 386 0.001
402 386 0.0081
367 387 0.0121
388 387 0.0111
371 388 0.0081
387 388 0.0111
393 388 0.0141
382 389 0.001
385 389 0.001
283 393 0.003
388 393 0.0141
394 393 0.0101
398 393 0.0081
393 394 0.0101
395 394 0.003
397 394 0.0141
279 395 0.003
394 395 0.003
280 397 0.0172
281 397 0.002
394 397 0.0141
393 398 0.0081
400 398 0.0081
398 400 0.0081
402 400 0.0081
386 402 0.0081
400 402 0.0081
380 409 0.0081
411 409 0.0081
409 411 0.0081
412 411 0.002
414 411 0.005
411 412 0.002
413 412 0.002
412 413 0.002
414 413 0.002
411 414 0.005
413 414 0.002
725 414 0.0081
106 423 0.0091
137 423 0.0111
425 423 0.005
423 425 0.005
426 425 0.001
429 425 0.001
432 425 0.001
425 426 0.001
427 426 0.001
109 427 0.004
426 427 0.001
431 427 0.002
425 429 0.001
430 429 0.001
429 430 0.001
431 430 0.002
439 430 0.004
427 431 0.002
430 431 0.002
435 431 0.005
137 432 0.002
145 432 0.004
425 432 0.001
149 433 0.0161
441 433 0.0151
109 435 0.004
431 435 0.005
436 435 0.0081
438 435 0.003
435 436 0.0081
437 436 0.0091
436 437 0.0091
438 437 0.0141
459 437 0.0101
435 438 0.003
437 438 0.0141
439 438 0.0101
430 439 0.004
438 439 0.0101
440 439 0.0091
439 440 0.0091
441 440 0.0091
448 440 0.0111
433 441 0.0151
440 441 0.0091
442 441 0.0172
441 442 0.0172
446 442 0.0161
452 442 0.004
148 443 0.002
447 443 0.001
445 444 0.0081
447 444 0.0071
149 445 0.005
444 445 0.0081
446 445 0.0141
577 445 0.003
442 446 0.0161
445 446 0.0141
454 446 0.001
168 447 0.0091
443 447 0.001
444 447 0.0071
440 448 0.0111
449 448 0.0131
450 448 0.002
451 448 0.001
452 448 0.002
448 449 0.0131
450 449 0.005
451 449 0.0151
498 449 0.0071
448 450 0.002
449 450 0.005
507 450 0.002
448 451 0.001
449 451 0.0151
472 451 0.0131
442 452 0.004
448 452 0.002
454 452 0.001
446 454 0.001
452 454 0.001
68 455 0.005
465 455 0.005
457 456 0.0131
462 456 0.005
465 456 0.0111
456 457 0.0131
458 457 0.0111
462 457 0.001
457 458 0.0111
459 458 0.0161
468 458 0.0172
437 459 0.0101
458 459 0.0161
460 459 0.0172
459 460 0.0172
472 460 0.0081
473 460 0.0141
108 461 0.001
462 461 0.003
463 461 0.003
464 461 0.003
456 462 0.005
457 462 0.001
461 462 0.003
461 463 0.003
464 463 0.002
461 464 0.003
463 464 0.002
455 465 0.005
456 465 0.0111
466 465 0.005
465 466 0.005
467 466 0.0081
844 466 0.002
466 467 0.0081
469 467 0.0091
458 468 0.0172
469 468 0.0182
467 469 0.0091
468 469 0.0182
470 469 0.0071
480 469 0.0081
469 470 0.0071
473 470 0.0061
451 472 0.0131
460 472 0.0081
491 472 0.0101
460 473 0.0141
470 473 0.0061
474 473 0.005
475 473 0.0071
473 474 0.005
475 474 0.0081
483 474 0.0081
473 475 0.0071
474 475 0.0081
481 475 0.0101
478 477 0.0111
482 477 0.0101
477 478 0.0111
479 478 0.005
800 478 0.005
478 479 0.005
480 479 0.005
469 480 0.0081
479 480 0.005
838 480 0.002
475 481 0.0101
482 481 0.0091
477 482 0.0101
481 482 0.0091
677 482 0.0101
474 483 0.0081
487 483 0.0081
483 487 0.0081
488 487 0.0061
658 487 0.0091
487 488 0.0061
489 488 0.005
680 488 0.0061
488 489 0.005
490 489 0.002
704 489 0.002
489 490 0.002
491 490 0.0061
493 490 0.003
472 491 0.0101
490 491 0.0061
494 491 0.005
490 493 0.003
500 493 0.0101
509 493 0.0061
491 494 0.005
495 494 0.0081
496 494 0.002
494 495 0.0081
496 495 0.0081
494 496 0.002
495 496 0.0081
497 496 0.005
496 497 0.005
498 497 0.004
449 498 0.0071
497 498 0.004
518 498 0.002
493 500 0.0101
516 500 0.0091
237 502 0.0101
503 502 0.0121
922 502 0.003
502 503 0.0121
504 503 0.0141
550 503 0.0081
317 504 0.0192
503 504 0.0141
555 504 0.0161
611 504 0.0111
33 505 0.005
34 505 0.001
506 505 0.002
263 506 0.003
505 506 0.002
450 507 0.002
581 507 0.001
537 508 0.005
542 508 0.003
493 509 0.0061
511 509 0.0061
509 511 0.0061
513 511 0.0151
656 511 0.0081
511 513 0.0151
522 513 0.0061
622 513 0.0081
556 515 0.0151
558 515 0.0081
570 515 0.004
633 515 0.002
500 516 0.0091
517 516 0.002
520 516 0.0061
516 517 0.002
518 517 0.0071
524 517 0.004
498 518 0.002
517 518 0.0071
519 518 0.004
518 519 0.004
533 519 0.005
516 520 0.0061
522 520 0.0061
513 522 0.0061
520 522 0.0061
517 524 0.004
525 524 0.005
524 525 0.005
526 525 0.0071
533 525 0.0091
545 525 0.003
525 526 0.0071
536 526 0.0081
549 526 0.0061
519 533 0.005
525 533 0.0091
534 533 0.005
533 534 0.005
536 534 0.005
526 536 0.0081
534 536 0.005
537 536 0.004
508 537 0.005
536 537 0.004
539 537 0.0081
537 539 0.0081
540 539 0.004
542 539 0.0101
543 539 0.0081
539 540 0.004
541 540 0.002
543 540 0.001
540 541 0.002
542 541 0.0061
590 541 0.003
508 542 0.003
539 542 0.0101
541 542 0.0061
539 543 0.0081
540 543 0.001
544 543 0.0061
543 544 0.0061
605 544 0.005
606 544 0.0061
607 544 0.005
525 545 0.003
548 545 0.002
547 546 0.003
922 546 0.004
546 547 0.003
553 547 0.003
545 548 0.002
549 548 0.005
559 548 0.002
526 549 0.0061
548 549 0.005
554 549 0.0061
503 550 0.0081
551 550 0.0111
553 550 0.0071
594 550 0.002
550 551 0.0111
552 551 0.0101
611 551 0.0081
551 552 0.0101
594 552 0.005
791 552 0.0081
547 553 0.003
550 553 0.0071
572 553 0.003
922 553 0.0071
549 554 0.0061
557 554 0.0061
307 555 0.001
504 555 0.0161
556 555 0.0141
515 556 0.0151
555 556 0.0141
567 556 0.0121
820 556 0.0172
554 557 0.0061
606 557 0.0131
896 557 0.0121
376 558 0.003
515 558 0.0081
906 558 0.0121
548 559 0.002
923 559 0.002
556 567 0.0121
568 567 0.0151
569 567 0.004
308 568 0.004
310 568 0.0202
567 568 0.0151
310 569 0.003
567 569 0.004
362 570 0.003
515 570 0.004
613 571 0.003
896 571 0.0061
923 571 0.002
553 572 0.003
573 572 0.003
572 573 0.003
903 573 0.002
903 575 0.0061
931 575 0.0061
445 577 0.003
578 577 0.005
581 577 0.005
201 578 0.005
577 578 0.005
579 578 0.0071
578 579 0.0071
581 579 0.003
585 579 0.003
636 580 0.0071
843 580 0.0061
507 581 0.001
577 581 0.005
579 581 0.003
360 582 0.005
583 582 0.0091
662 582 0.001
901 582 0.001
582 583 0.0091
665 583 0.0101
901 583 0.004
579 585 0.003
586 585 0.004
585 586 0.004
587 586 0.0071
589 586 0.002
206 587 0.0091
586 587 0.0071
588 587 0.0071
587 588 0.0071
589 588 0.0081
586 589 0.002
588 589 0.0081
590 589 0.005
541 590 0.003
589 590 0.005
595 590 0.0071
237 591 0.002
926 591 0.002
550 594 0.002
552 594 0.005
788 594 0.002
590 595 0.0071
596 595 0.0111
597 595 0.0091
234 596 0.0081
595 596 0.0111
597 596 0.002
595 597 0.0091
596 597 0.002
599 597 0.0061
597 599 0.0061
601 599 0.0061
602 599 0.005
233 601 0.003
599 601 0.0061
603 601 0.002
599 602 0.005
603 602 0.005
605 602 0.005
601 603 0.002
602 603 0.005
604 603 0.002
603 604 0.002
605 604 0.005
607 604 0.0091
608 604 0.0061
544 605 0.005
602 605 0.005
604 605 0.005
544 606 0.0061
557 606 0.0131
607 606 0.0121
544 607 0.005
604 607 0.0091
606 607 0.0121
896 607 0.002
604 608 0.0061
609 608 0.0061
608 609 0.0061
610 609 0.003
896 609 0.002
609 610 0.003
613 610 0.003
504 611 0.0111
551 611 0.0081
793 611 0.0101
571 613 0.003
610 613 0.003
794 614 0.0061
799 614 0.0061
513 622 0.0081
639 622 0.005
647 622 0.0141
515 633 0.002
834 633 0.003
836 633 0.004
110 636 0.003
580 636 0.0071
638 636 0.0111
636 638 0.0111
801 638 0.0071
843 638 0.003
622 639 0.005
642 639 0.005
639 642 0.005
645 642 0.005
843 643 0.002
847 643 0.003
642 645 0.005
734 645 0.005
622 647 0.0141
649 647 0.0141
647 649 0.0141
651 649 0.0141
649 651 0.0141
653 651 0.0141
651 653 0.0141
655 653 0.0141
653 655 0.0141
656 655 0.0111
921 655 0.0081
511 656 0.0081
655 656 0.0111
657 656 0.004
707 656 0.001
656 657 0.004
707 657 0.002
722 657 0.001
487 658 0.0091
659 658 0.0101
679 658 0.0081
658 659 0.0101
660 659 0.003
661 659 0.0081
666 659 0.0061
668 659 0.002
659 660 0.003
661 660 0.002
659 661 0.0081
660 661 0.002
663 661 0.0061
669 661 0.002
582 662 0.001
665 662 0.0111
875 662 0.0081
661 663 0.0061
671 663 0.003
675 663 0.003
677 663 0.0061
583 665 0.0101
662 665 0.0111
870 665 0.003
901 665 0.002
659 666 0.0061
667 666 0.0061
694 666 0.0101
666 667 0.0061
668 667 0.001
670 667 0.004
659 668 0.002
667 668 0.001
661 669 0.002
670 669 0.001
667 670 0.004
669 670 0.001
671 670 0.0061
663 671 0.003
670 671 0.0061
673 671 0.0061
671 673 0.0061
674 673 0.0111
695 673 0.004
673 674 0.0111
675 674 0.0071
701 674 0.0151
663 675 0.003
674 675 0.0071
676 675 0.0071
811 675 0.0111
675 676 0.0071
677 676 0.0071
810 676 0.0111
482 677 0.0101
663 677 0.0061
676 677 0.0071
658 679 0.0081
680 679 0.0071
683 679 0.0081
488 680 0.0061
679 680 0.0071
683 682 0.002
685 682 0.003
679 683 0.0081
682 683 0.002
684 683 0.0111
683 684 0.0111
688 684 0.0121
682 685 0.003
686 685 0.004
685 686 0.004
687 686 0.0151
688 686 0.0202
686 687 0.0151
689 687 0.003
705 687 0.003
713 687 0.0091
684 688 0.0121
686 688 0.0202
689 688 0.0172
687 689 0.003
688 689 0.0172
690 689 0.0091
716 689 0.003
689 690 0.0091
691 690 0.0091
728 690 0.0091
690 691 0.0091
696 691 0.0101
666 694 0.0101
695 694 0.0131
696 694 0.002
673 695 0.004
694 695 0.0131
696 695 0.0151
700 695 0.0161
691 696 0.0101
694 696 0.002
695 696 0.0151
697 696 0.001
696 697 0.001
698 697 0.004
699 697 0.002
697 698 0.004
699 698 0.0091
700 698 0.0081
697 699 0.002
698 699 0.0091
740 699 0.001
745 699 0.004
695 700 0.0161
698 700 0.0081
701 700 0.0111
674 701 0.0151
700 701 0.0111
702 701 0.003
701 702 0.003
740 702 0.001
797 702 0.005
906 703 0.0131
908 703 0.0091
919 703 0.003
489 704 0.002
705 704 0.005
706 704 0.002
687 705 0.003
704 705 0.005
710 705 0.003
704 706 0.002
710 706 0.003
656 707 0.001
657 707 0.002
912 708 0.002
913 708 0.002
705 710 0.003
706 710 0.003
711 710 0.001
710 711 0.001
712 711 0.004
715 711 0.002
711 712 0.004
713 712 0.003
714 712 0.0061
687 713 0.0091
712 713 0.003
714 713 0.0111
712 714 0.0061
713 714 0.0111
715 714 0.0121
711 715 0.002
714 715 0.0121
719 715 0.005
722 715 0.0131
689 716 0.003
717 716 0.002
716 717 0.002
718 717 0.003
717 718 0.003
719 718 0.003
720 718 0.0071
715 719 0.005
718 719 0.003
718 720 0.0071
722 720 0.0111
726 720 0.003
725 721 0.0121
919 721 0.0121
657 722 0.001
715 722 0.0131
720 722 0.0111
921 722 0.0111
414 725 0.0081
721 725 0.0121
822 725 0.003
720 726 0.003
732 726 0.004
734 726 0.005
921 726 0.0141
381 727 0.0121
822 727 0.0121
690 728 0.0091
730 728 0.004
750 728 0.004
728 730 0.004
731 730 0.004
730 731 0.004
732 731 0.004
726 732 0.004
731 732 0.004
645 734 0.005
726 734 0.005
699 740 0.001
702 740 0.001
699 745 0.004
746 745 0.0081
776 745 0.003
745 746 0.0081
748 746 0.0121
760 746 0.0111
746 748 0.0121
751 748 0.0121
728 750 0.004
751 750 0.0121
755 750 0.0071
748 751 0.0121
750 751 0.0121
750 755 0.0071
756 755 0.0111
767 755 0.003
755 756 0.0111
757 756 0.0091
768 756 0.005
756 757 0.0091
758 757 0.001
772 757 0.0111
757 758 0.001
760 758 0.001
746 760 0.0111
758 760 0.001
776 760 0.0131
755 767 0.003
768 767 0.003
756 768 0.005
767 768 0.003
769 768 0.001
768 769 0.001
770 769 0.002
782 769 0.004
769 770 0.002
775 770 0.001
782 770 0.004
757 772 0.0111
775 772 0.0111
770 775 0.001
772 775 0.0111
776 775 0.0091
745 776 0.003
760 776 0.0131
775 776 0.0091
769 782 0.004
770 782 0.004
594 788 0.002
791 788 0.001
552 791 0.0081
788 791 0.001
796 791 0.0061
611 793 0.0101
794 793 0.0101
614 794 0.0061
793 794 0.0101
817 794 0.003
110 796 0.0101
791 796 0.0061
903 796 0.003
702 797 0.005
807 797 0.005
614 799 0.0061
801 799 0.0071
478 800 0.005
802 800 0.002
810 800 0.0081
638 801 0.0071
799 801 0.0071
827 801 0.003
847 801 0.0111
800 802 0.002
805 802 0.002
828 804 0.0111
847 804 0.0091
848 804 0.005
802 805 0.002
806 805 0.001
809 805 0.004
805 806 0.001
807 806 0.001
797 807 0.005
806 807 0.001
808 807 0.0071
807 808 0.0071
809 808 0.0071
811 808 0.0111
805 809 0.004
808 809 0.0071
810 809 0.0081
676 810 0.0111
800 810 0.0081
809 810 0.0081
675 811 0.0111
808 811 0.0111
794 817 0.003
821 817 0.003
556 820 0.0172
821 820 0.0161
817 821 0.003
820 821 0.0161
823 821 0.0121
725 822 0.003
727 822 0.0121
919 822 0.0161
821 823 0.0121
825 823 0.0121
823 825 0.0121
827 825 0.0131
801 827 0.003
825 827 0.0131
828 827 0.0151
836 827 0.001
804 828 0.0111
827 828 0.0151
886 828 0.0111
633 834 0.003
836 834 0.002
887 835 0.001
906 835 0.002
633 836 0.004
827 836 0.001
834 836 0.002
480 838 0.002
844 838 0.002
580 843 0.0061
638 843 0.003
643 843 0.002
466 844 0.002
838 844 0.002
360 846 0.0061
851 846 0.0061
643 847 0.003
801 847 0.0111
804 847 0.0091
804 848 0.005
851 848 0.001
886 848 0.0071
846 851 0.0061
848 851 0.001
852 851 0.001
875 851 0.0091
887 851 0.0061
888 851 0.0091
851 852 0.001
854 852 0.004
888 852 0.0061
852 854 0.004
875 854 0.001
907 854 0.002
865 861 0.002
929 861 0.002
861 865 0.002
929 865 0.002
665 870 0.003
907 870 0.002
64 873 0.002
874 873 0.002
64 874 0.002
873 874 0.002
662 875 0.0081
851 875 0.0091
854 875 0.001
828 886 0.0111
848 886 0.0071
887 886 0.0111
835 887 0.001
851 887 0.0061
886 887 0.0111
888 887 0.0141
898 887 0.001
851 888 0.0091
852 888 0.0061
887 888 0.0141
890 888 0.0111
888 890 0.0111
892 890 0.0182
893 890 0.002
895 890 0.003
890 892 0.0182
893 892 0.002
898 892 0.001
908 892 0.0131
890 893 0.002
892 893 0.002
277 894 0.002
311 894 0.0121
917 894 0.0091
890 895 0.003
909 895 0.003
557 896 0.0121
571 896 0.0061
607 896 0.002
609 896 0.002
887 898 0.001
892 898 0.001
582 901 0.001
583 901 0.004
665 901 0.002
573 903 0.002
575 903 0.0061
796 903 0.003
558 906 0.0121
703 906 0.0131
835 906 0.002
854 907 0.002
870 907 0.002
703 908 0.0091
892 908 0.0131
909 908 0.003
895 909 0.003
908 909 0.003
708 912 0.002
913 912 0.002
708 913 0.002
912 913 0.002
894 917 0.0091
926 917 0.0091
703 919 0.003
721 919 0.0121
822 919 0.0161
268 920 0.003
277 920 0.003
655 921 0.0081
722 921 0.0111
726 921 0.0141
502 922 0.003
546 922 0.004
553 922 0.0071
559 923 0.002
571 923 0.002
237 926 0.0121
591 926 0.002
917 926 0.0091
861 929 0.002
865 929 0.002
110 931 0.0061
575 931 0.0061
