2 1 0.0019
3 1 0.0099
12 1 0.0025
15 1 0.0025
20 1 0.0019
26 1 0.0062
28 1 0.0025
32 1 0.0006
33 1 0.0056
49 1 0.0025
52 1 0.0062
55 1 0.008
64 1 0.0062
81 1 0.0006
83 1 0.0087
90 1 0.0025
100 1 0.0043
106 1 0.0161
122 1 0.0142
131 1 0.0043
134 1 0.0012
137 1 0.0043
142 1 0.0019
146 1 0.0025
978 1 0.0019
1413 1 0.0037
1 2 0.0019
3 2 0.0031
207 2 0.0019
1 3 0.0099
2 3 0.0031
4 3 0.0019
206 3 0.0019
209 3 0.0012
1411 3 0.0118
3 4 0.0019
5 4 0.0012
206 4 0.0012
207 4 0.0019
4 5 0.0012
6 5 0.0012
1407 5 0.0006
5 6 0.0012
7 6 0.0019
206 6 0.0025
6 7 0.0019
8 7 0.0037
197 7 0.0025
7 8 0.0037
9 8 0.0111
32 8 0.0031
1410 8 0.0105
8 9 0.0111
10 9 0.0056
211 9 0.008
1412 9 0.0136
9 10 0.0056
11 10 0.0019
190 10 0.0031
10 11 0.0019
213 11 0.0043
215 11 0.0019
1 12 0.0025
13 12 0.0012
16 12 0.0025
20 12 0.0012
12 13 0.0012
14 13 0.0031
17 13 0.0019
182 13 0.0012
341 13 0.0019
13 14 0.0031
174 14 0.0031
183 14 0.0043
336 14 0.0037
341 14 0.0043
1 15 0.0025
16 15 0.0019
160 15 0.0043
339 15 0.0037
12 16 0.0025
15 16 0.0019
17 16 0.0031
339 16 0.0037
13 17 0.0019
16 17 0.0031
18 17 0.0019
17 18 0.0019
19 18 0.0043
339 18 0.0043
342 18 0.0019
18 19 0.0043
168 19 0.0049
342 19 0.0037
1 20 0.0019
12 20 0.0012
21 20 0.0019
208 20 0.0025
20 21 0.0019
22 21 0.0031
181 21 0.0006
21 22 0.0031
23 22 0.0056
189 22 0.0019
22 23 0.0056
24 23 0.0037
208 23 0.0025
23 24 0.0037
189 24 0.0049
1406 24 0.0019
189 25 0.0031
202 25 0.0037
1406 25 0.0037
1408 25 0.0043
1 26 0.0062
27 26 0.0049
928 26 0.0006
26 27 0.0049
895 27 0.0049
1 28 0.0025
29 28 0.0049
31 28 0.0031
930 28 0.0019
28 29 0.0049
30 29 0.0037
930 29 0.0006
29 30 0.0037
31 30 0.0012
931 30 0.0019
28 31 0.0031
30 31 0.0012
932 31 0.0049
934 31 0.0043
1412 31 0.0118
1 32 0.0006
8 32 0.0031
1410 32 0.0025
1412 32 0.0012
1 33 0.0056
34 33 0.008
39 33 0.0019
33 34 0.008
35 34 0.0093
36 34 0.0006
34 35 0.0093
36 35 0.0006
39 35 0.008
34 36 0.0006
35 36 0.0006
33 39 0.0019
35 39 0.008
40 39 0.0049
42 39 0.0074
39 40 0.0049
41 40 0.0049
40 41 0.0049
868 41 0.0012
869 41 0.008
874 41 0.0006
39 42 0.0074
43 42 0.0037
875 42 0.0068
42 43 0.0037
880 43 0.0043
897 43 0.0025
1 49 0.0025
50 49 0.0062
868 49 0.0031
49 50 0.0062
51 50 0.0062
52 50 0.0019
839 50 0.0019
50 51 0.0062
840 51 0.0019
842 51 0.0062
1 52 0.0062
50 52 0.0019
53 52 0.0068
56 52 0.0049
839 52 0.0006
52 53 0.0068
54 53 0.0043
58 53 0.0074
1194 53 0.0037
53 54 0.0043
811 54 0.0049
845 54 0.0037
1 55 0.008
56 55 0.0025
59 55 0.0043
63 55 0.0056
977 55 0.0025
52 56 0.0049
55 56 0.0025
57 56 0.0043
56 57 0.0043
58 57 0.0006
789 57 0.0012
977 57 0.0006
53 58 0.0074
57 58 0.0006
793 58 0.0087
802 58 0.0019
55 59 0.0043
60 59 0.0049
61 59 0.0043
977 59 0.0012
59 60 0.0049
753 60 0.0068
796 60 0.0012
59 61 0.0043
62 61 0.0087
63 61 0.0031
778 61 0.0025
61 62 0.0087
736 62 0.0043
774 62 0.0037
55 63 0.0056
61 63 0.0031
978 63 0.0019
1 64 0.0062
67 64 0.0062
69 64 0.008
64 67 0.0062
68 67 0.0049
72 67 0.0068
67 68 0.0049
724 68 0.0031
964 68 0.0012
64 69 0.008
70 69 0.008
78 69 0.0031
69 70 0.008
71 70 0.008
79 70 0.0031
70 71 0.008
75 71 0.0019
659 71 0.0037
668 71 0.0111
67 72 0.0068
73 72 0.0068
77 72 0.0037
964 72 0.0012
72 73 0.0068
74 73 0.0068
73 74 0.0068
75 74 0.0074
707 74 0.0025
71 75 0.0019
74 75 0.0074
76 75 0.008
707 75 0.0012
75 76 0.008
668 76 0.013
701 76 0.008
72 77 0.0037
704 77 0.0025
707 77 0.0006
719 77 0.0031
69 78 0.0031
79 78 0.0031
70 79 0.0031
78 79 0.0031
649 79 0.0031
1 81 0.0006
82 81 0.0019
105 81 0.0006
81 82 0.0019
86 82 0.0124
88 82 0.0019
105 82 0.0025
641 82 0.0118
1 83 0.0087
84 83 0.0093
86 83 0.0111
83 84 0.0093
85 84 0.0019
91 84 0.0049
94 84 0.0031
629 84 0.0099
84 85 0.0019
96 85 0.0093
630 85 0.0111
632 85 0.0037
82 86 0.0124
83 86 0.0111
105 86 0.0012
629 87 0.0006
630 87 0.0031
631 87 0.0012
82 88 0.0019
89 88 0.0019
631 88 0.0012
641 88 0.0012
88 89 0.0019
631 89 0.0031
632 89 0.0043
976 89 0.0031
1 90 0.0025
91 90 0.0037
92 90 0.0006
84 91 0.0049
90 91 0.0037
92 91 0.0031
90 92 0.0006
91 92 0.0031
93 92 0.0019
92 93 0.0019
94 93 0.0087
97 93 0.0074
84 94 0.0031
93 94 0.0087
95 94 0.0093
99 94 0.0012
94 95 0.0093
96 95 0.0025
596 95 0.0105
597 95 0.0012
85 96 0.0093
95 96 0.0025
598 96 0.0006
603 96 0.0074
93 97 0.0074
98 97 0.0105
101 97 0.0037
1413 97 0.0049
97 98 0.0105
592 98 0.0043
593 98 0.0068
94 99 0.0012
596 99 0.0006
1 100 0.0043
101 100 0.0056
1413 100 0.0031
97 101 0.0037
100 101 0.0056
102 101 0.0049
101 102 0.0049
103 102 0.0012
584 102 0.0031
102 103 0.0012
104 103 0.0031
592 103 0.0012
103 104 0.0031
586 104 0.0025
592 104 0.0062
81 105 0.0006
82 105 0.0025
86 105 0.0012
1 106 0.0161
107 106 0.0056
112 106 0.0148
106 107 0.0056
108 107 0.0031
111 107 0.0019
107 108 0.0031
582 108 0.0006
584 108 0.0043
107 111 0.0019
579 111 0.0019
106 112 0.0148
113 112 0.0136
117 112 0.0031
112 113 0.0136
525 113 0.0025
578 113 0.0142
526 114 0.0031
527 114 0.0012
578 114 0.0161
579 114 0.0105
116 115 0.008
579 115 0.008
115 116 0.008
554 116 0.008
112 117 0.0031
118 117 0.0025
120 117 0.0037
117 118 0.0025
119 118 0.0012
525 118 0.0006
118 119 0.0012
529 119 0.0006
550 119 0.0025
117 120 0.0037
121 120 0.0037
124 120 0.0043
120 121 0.0037
125 121 0.0037
550 121 0.0031
1 122 0.0142
123 122 0.0012
124 122 0.0179
517 122 0.0012
122 123 0.0012
124 123 0.0012
120 124 0.0043
122 124 0.0179
123 124 0.0012
125 124 0.0148
518 124 0.0019
121 125 0.0037
124 125 0.0148
126 125 0.0012
128 125 0.0118
125 126 0.0012
128 126 0.0118
544 126 0.0099
531 127 0.0111
539 127 0.0019
542 127 0.0012
544 127 0.0105
125 128 0.0118
126 128 0.0118
1 131 0.0043
132 131 0.0025
134 131 0.0012
131 132 0.0025
133 132 0.0037
136 132 0.0019
132 133 0.0037
136 133 0.0031
484 133 0.0049
515 133 0.0006
1 134 0.0012
131 134 0.0012
132 136 0.0019
133 136 0.0031
138 136 0.0019
1 137 0.0043
138 137 0.0043
444 137 0.0019
447 137 0.0019
136 138 0.0019
137 138 0.0043
139 138 0.0049
483 138 0.0037
138 139 0.0049
140 139 0.0074
141 139 0.0012
483 139 0.0037
139 140 0.0074
141 140 0.0043
482 140 0.0049
490 140 0.0056
139 141 0.0012
140 141 0.0043
484 141 0.0037
500 141 0.0006
1 142 0.0019
143 142 0.0012
444 142 0.0037
142 143 0.0012
144 143 0.0019
441 143 0.0031
443 143 0.0006
445 143 0.0025
143 144 0.0019
145 144 0.0031
148 144 0.0012
144 145 0.0031
153 145 0.0025
428 145 0.0037
1 146 0.0025
147 146 0.0031
146 147 0.0031
148 147 0.0043
162 147 0.0006
144 148 0.0012
147 148 0.0043
149 148 0.0056
153 148 0.0025
148 149 0.0056
150 149 0.0019
162 149 0.0049
423 149 0.0012
149 150 0.0019
151 150 0.0037
153 150 0.0043
1416 150 0.0025
150 151 0.0037
152 151 0.0019
429 151 0.0025
151 152 0.0019
1416 152 0.0012
145 153 0.0025
148 153 0.0025
150 153 0.0043
428 153 0.0043
155 154 0.0056
163 154 0.0056
339 154 0.0056
154 155 0.0056
156 155 0.0056
155 156 0.0056
157 156 0.0068
406 156 0.0056
156 157 0.0068
158 157 0.0031
406 157 0.0012
408 157 0.0019
157 158 0.0031
159 158 0.0025
158 159 0.0025
369 159 0.0062
370 159 0.0031
15 160 0.0043
161 160 0.0019
426 160 0.0019
160 161 0.0019
162 161 0.0019
147 162 0.0006
149 162 0.0049
161 162 0.0019
423 162 0.0012
154 163 0.0056
164 163 0.0062
375 163 0.0074
163 164 0.0062
165 164 0.0037
406 164 0.0019
164 165 0.0037
166 165 0.0037
165 166 0.0037
167 166 0.008
378 166 0.0142
396 166 0.0099
166 167 0.008
382 167 0.0099
417 167 0.0025
19 168 0.0049
169 168 0.0031
338 168 0.0025
168 169 0.0031
170 169 0.0031
169 170 0.0031
171 170 0.0056
364 170 0.0031
170 171 0.0056
172 171 0.0043
369 171 0.0043
171 172 0.0043
365 172 0.0043
14 174 0.0031
175 174 0.0037
186 174 0.0006
1405 174 0.0062
174 175 0.0037
176 175 0.0049
187 175 0.0012
287 175 0.0037
175 176 0.0049
177 176 0.0062
327 176 0.0031
328 176 0.0056
176 177 0.0062
178 177 0.0074
180 177 0.0025
295 177 0.0087
177 178 0.0074
179 178 0.0006
180 178 0.0012
320 178 0.0043
178 179 0.0006
333 179 0.0025
334 179 0.0012
177 180 0.0025
178 180 0.0012
21 181 0.0006
182 181 0.0012
189 181 0.0025
13 182 0.0012
181 182 0.0012
183 182 0.0031
14 183 0.0043
182 183 0.0031
184 183 0.0043
183 184 0.0043
185 184 0.0043
203 184 0.0031
184 185 0.0043
186 185 0.0025
203 185 0.0025
1405 185 0.0068
174 186 0.0006
185 186 0.0025
187 186 0.0012
175 187 0.0012
186 187 0.0012
22 189 0.0019
24 189 0.0049
25 189 0.0031
181 189 0.0025
10 190 0.0031
191 190 0.0025
197 190 0.0037
190 191 0.0025
192 191 0.0037
198 191 0.0031
199 191 0.0031
191 192 0.0037
193 192 0.0031
200 192 0.0049
192 193 0.0031
194 193 0.0049
195 193 0.0012
193 194 0.0049
195 194 0.0043
201 194 0.0025
193 195 0.0012
194 195 0.0043
196 195 0.0031
220 195 0.0012
230 195 0.0031
195 196 0.0031
201 196 0.0025
229 196 0.0037
7 197 0.0025
190 197 0.0037
198 197 0.0019
191 198 0.0031
197 198 0.0019
199 198 0.0006
191 199 0.0031
198 199 0.0006
200 199 0.0019
192 200 0.0049
199 200 0.0019
1408 200 0.0025
194 201 0.0025
196 201 0.0025
204 201 0.0031
25 202 0.0037
203 202 0.0025
204 202 0.0019
184 203 0.0031
185 203 0.0025
202 203 0.0025
201 204 0.0031
202 204 0.0019
205 204 0.0019
204 205 0.0019
293 205 0.0012
3 206 0.0019
4 206 0.0012
6 206 0.0025
2 207 0.0019
4 207 0.0019
208 207 0.0006
20 208 0.0025
23 208 0.0025
207 208 0.0006
3 209 0.0012
1411 209 0.0012
9 211 0.008
212 211 0.0068
948 211 0.0006
211 212 0.0068
213 212 0.0062
11 213 0.0043
212 213 0.0062
214 213 0.0062
213 214 0.0062
215 214 0.0031
946 214 0.0025
11 215 0.0019
214 215 0.0031
216 215 0.0037
224 215 0.0025
215 216 0.0037
217 216 0.0025
226 216 0.0043
216 217 0.0025
218 217 0.0025
226 217 0.0031
217 218 0.0025
219 218 0.0049
246 218 0.0006
1404 218 0.0006
218 219 0.0049
221 219 0.0012
245 219 0.0062
1404 219 0.0037
195 220 0.0012
221 220 0.0019
1404 220 0.0025
219 221 0.0012
220 221 0.0019
222 221 0.0019
245 221 0.0043
221 222 0.0019
223 222 0.0043
235 222 0.0043
222 223 0.0043
228 223 0.0012
239 223 0.0049
242 223 0.0043
215 224 0.0025
225 224 0.0025
224 225 0.0025
251 225 0.0049
256 225 0.0012
216 226 0.0043
217 226 0.0031
227 226 0.0049
226 227 0.0049
251 227 0.0074
1232 227 0.0056
223 228 0.0012
242 228 0.0025
244 228 0.0019
1232 228 0.0037
196 229 0.0037
230 229 0.0043
274 229 0.0025
293 229 0.0019
195 230 0.0031
229 230 0.0043
231 230 0.0019
230 231 0.0019
232 231 0.0019
270 231 0.0031
231 232 0.0019
270 232 0.0012
272 233 0.0019
1233 233 0.0025
222 235 0.0043
236 235 0.0062
237 235 0.0012
235 236 0.0062
1035 236 0.0074
1233 236 0.0031
235 237 0.0012
1033 237 0.0006
223 239 0.0049
240 239 0.0043
241 239 0.0025
239 240 0.0043
1031 240 0.0062
1034 240 0.0012
239 241 0.0025
1029 241 0.0031
1030 241 0.0025
223 242 0.0043
228 242 0.0025
1027 242 0.0012
228 244 0.0019
1026 244 0.0037
1221 244 0.0012
219 245 0.0062
221 245 0.0043
246 245 0.0012
218 246 0.0006
245 246 0.0012
225 251 0.0049
227 251 0.0074
252 251 0.0031
256 251 0.0025
269 251 0.0012
251 252 0.0031
253 252 0.0019
258 252 0.0012
1231 252 0.0025
252 253 0.0019
254 253 0.0019
253 254 0.0019
1026 254 0.0019
225 256 0.0012
251 256 0.0025
1230 256 0.0006
252 258 0.0012
259 258 0.0012
1231 258 0.0031
258 259 0.0012
1230 259 0.0012
251 269 0.0012
1232 269 0.0019
231 270 0.0031
232 270 0.0012
1043 270 0.0006
272 271 0.0012
273 271 0.0006
233 272 0.0019
271 272 0.0012
1235 272 0.0037
271 273 0.0006
1036 273 0.0012
1235 273 0.0025
229 274 0.0025
275 274 0.0037
291 274 0.0006
274 275 0.0037
276 275 0.0062
282 275 0.0043
275 276 0.0062
277 276 0.0062
1043 276 0.0019
276 277 0.0062
278 277 0.0012
284 277 0.008
277 278 0.0012
279 278 0.0025
281 278 0.0012
284 278 0.0049
1043 278 0.0006
278 279 0.0025
280 279 0.0031
281 279 0.0025
279 280 0.0031
281 280 0.0043
1037 280 0.0031
1242 280 0.0043
278 281 0.0012
279 281 0.0025
280 281 0.0043
1036 281 0.0031
275 282 0.0043
283 282 0.0056
291 282 0.0031
282 283 0.0056
413 283 0.0043
1243 283 0.008
277 284 0.008
278 284 0.0049
285 284 0.0012
1041 284 0.0012
1243 284 0.0043
1244 284 0.0012
284 285 0.0012
1436 285 0.0012
175 287 0.0037
288 287 0.0031
287 288 0.0031
289 288 0.0012
298 288 0.0049
288 289 0.0012
290 289 0.0025
294 289 0.0019
298 289 0.0031
289 290 0.0025
291 290 0.0006
294 290 0.0012
274 291 0.0006
282 291 0.0031
290 291 0.0006
413 291 0.0006
205 293 0.0012
229 293 0.0019
289 294 0.0019
290 294 0.0012
177 295 0.0087
296 295 0.0068
298 295 0.0049
295 296 0.0068
297 296 0.0068
319 296 0.0025
413 296 0.0025
296 297 0.0068
299 297 0.0093
304 297 0.0019
288 298 0.0049
289 298 0.0031
295 298 0.0049
297 299 0.0093
309 299 0.0012
412 299 0.0093
1570 299 0.0136
301 300 0.008
303 300 0.0019
1570 300 0.0056
300 301 0.008
302 301 0.0037
1047 301 0.0074
301 302 0.0037
1042 302 0.0049
1045 302 0.0043
300 303 0.0019
1250 303 0.0012
297 304 0.0019
305 304 0.0056
1570 304 0.0074
304 305 0.0056
1243 305 0.0056
299 309 0.0012
316 309 0.0012
314 313 0.0068
316 313 0.0025
412 313 0.0074
313 314 0.0068
315 314 0.0093
1050 314 0.0019
314 315 0.0093
1051 315 0.0124
1054 315 0.0025
309 316 0.0012
313 316 0.0025
317 316 0.0006
316 317 0.0006
1049 317 0.0006
296 319 0.0025
320 319 0.0012
322 319 0.0006
178 320 0.0043
319 320 0.0012
321 320 0.0025
320 321 0.0025
322 321 0.0006
324 321 0.0012
319 322 0.0006
321 322 0.0006
321 324 0.0012
412 324 0.0012
176 327 0.0031
328 327 0.0012
329 327 0.0006
176 328 0.0056
327 328 0.0012
329 328 0.0037
327 329 0.0006
328 329 0.0037
330 329 0.0025
329 330 0.0025
331 330 0.0031
332 330 0.0025
330 331 0.0031
333 331 0.0006
361 331 0.0012
330 332 0.0025
346 332 0.0031
361 332 0.0037
179 333 0.0025
331 333 0.0006
334 333 0.0012
179 334 0.0012
333 334 0.0012
14 336 0.0037
338 336 0.0037
168 338 0.0025
336 338 0.0037
343 338 0.0012
15 339 0.0037
16 339 0.0037
18 339 0.0043
154 339 0.0056
13 341 0.0019
14 341 0.0043
342 341 0.0025
18 342 0.0019
19 342 0.0037
341 342 0.0025
338 343 0.0012
344 343 0.0025
362 343 0.0006
343 344 0.0025
345 344 0.0043
351 344 0.0049
344 345 0.0043
346 345 0.0025
351 345 0.0012
332 346 0.0031
345 346 0.0025
347 346 0.0019
358 346 0.0043
346 347 0.0019
348 347 0.0025
350 347 0.0025
347 348 0.0025
349 348 0.0025
350 348 0.0012
357 348 0.0012
348 349 0.0025
1065 349 0.0031
1076 349 0.0037
347 350 0.0025
348 350 0.0012
344 351 0.0049
345 351 0.0012
352 351 0.0031
363 351 0.0031
351 352 0.0031
353 352 0.0012
354 352 0.0012
363 352 0.0031
352 353 0.0012
371 353 0.0012
352 354 0.0012
355 354 0.0006
354 355 0.0006
356 355 0.0025
357 355 0.0012
355 356 0.0025
357 356 0.0031
1076 356 0.0025
348 357 0.0012
355 357 0.0012
356 357 0.0031
346 358 0.0043
359 358 0.0019
361 358 0.0019
358 359 0.0019
360 359 0.0025
1065 359 0.0049
359 360 0.0025
1060 360 0.0025
331 361 0.0012
332 361 0.0037
358 361 0.0019
343 362 0.0006
363 362 0.0025
364 362 0.0012
351 363 0.0031
352 363 0.0031
362 363 0.0025
365 363 0.0037
170 364 0.0031
362 364 0.0012
365 364 0.0049
172 365 0.0043
363 365 0.0037
364 365 0.0049
159 369 0.0062
171 369 0.0043
370 369 0.0012
159 370 0.0031
369 370 0.0012
371 370 0.0025
372 370 0.0025
405 370 0.0012
353 371 0.0012
370 371 0.0025
374 371 0.0025
1077 371 0.0012
370 372 0.0025
373 372 0.0031
1421 372 0.0037
372 373 0.0031
374 373 0.0006
403 373 0.0019
371 374 0.0025
373 374 0.0006
1419 374 0.0012
163 375 0.0074
376 375 0.0056
426 375 0.0025
375 376 0.0056
377 376 0.0074
427 376 0.0025
376 377 0.0074
378 377 0.0049
383 377 0.0019
166 378 0.0142
377 378 0.0049
379 378 0.0093
378 379 0.0093
380 379 0.0019
418 379 0.0118
379 380 0.0019
381 380 0.0006
385 380 0.0031
380 381 0.0006
382 381 0.0031
417 381 0.0019
167 382 0.0099
381 382 0.0031
399 382 0.0025
416 382 0.0031
377 383 0.0019
427 383 0.0019
380 385 0.0031
386 385 0.0099
418 385 0.013
436 385 0.0025
385 386 0.0099
387 386 0.0056
394 386 0.0111
386 387 0.0056
388 387 0.0056
439 387 0.0031
387 388 0.0056
389 388 0.0093
438 388 0.0062
439 388 0.0012
388 389 0.0093
391 389 0.0093
389 391 0.0093
393 391 0.0093
391 393 0.0093
394 393 0.0068
1418 393 0.0019
386 394 0.0111
393 394 0.0068
395 394 0.008
968 394 0.0025
394 395 0.008
1085 395 0.0037
1087 395 0.0124
166 396 0.0099
397 396 0.0012
398 396 0.0105
396 397 0.0012
405 397 0.0006
396 398 0.0105
399 398 0.013
405 398 0.0019
382 399 0.0025
398 399 0.013
400 399 0.0099
399 400 0.0099
401 400 0.0105
400 401 0.0105
402 401 0.0124
1297 401 0.0012
401 402 0.0124
1091 402 0.0019
1297 402 0.0148
373 403 0.0019
404 403 0.0031
1421 403 0.0056
403 404 0.0031
1079 404 0.0093
1297 404 0.013
370 405 0.0012
397 405 0.0006
398 405 0.0019
1421 405 0.0049
156 406 0.0056
157 406 0.0012
164 406 0.0019
407 406 0.0012
406 407 0.0012
408 407 0.0019
157 408 0.0019
407 408 0.0019
299 412 0.0093
313 412 0.0074
324 412 0.0012
283 413 0.0043
291 413 0.0006
296 413 0.0025
416 414 0.0006
1091 414 0.0012
382 416 0.0031
414 416 0.0006
967 416 0.0019
167 417 0.0025
381 417 0.0019
379 418 0.0118
385 418 0.013
419 418 0.0012
430 418 0.0037
418 419 0.0012
430 419 0.0031
1414 419 0.0012
1416 419 0.0006
149 423 0.0012
162 423 0.0012
160 426 0.0019
375 426 0.0025
376 427 0.0025
383 427 0.0019
145 428 0.0037
153 428 0.0043
429 428 0.0037
443 428 0.0043
151 429 0.0025
428 429 0.0037
443 429 0.0006
418 430 0.0037
419 430 0.0031
431 430 0.0025
430 431 0.0025
432 431 0.0037
437 431 0.0043
431 432 0.0037
433 432 0.0019
435 432 0.0031
432 433 0.0019
434 433 0.0006
469 433 0.0037
433 434 0.0006
467 434 0.0025
468 434 0.0006
469 434 0.0031
432 435 0.0031
438 435 0.0087
1095 435 0.0049
1418 435 0.0006
385 436 0.0025
437 436 0.0006
439 436 0.0012
431 437 0.0043
436 437 0.0006
438 437 0.0031
388 438 0.0062
435 438 0.0087
437 438 0.0031
387 439 0.0031
388 439 0.0012
436 439 0.0012
143 441 0.0031
445 441 0.0012
446 441 0.0012
143 443 0.0006
428 443 0.0043
429 443 0.0006
446 443 0.0006
475 443 0.0006
137 444 0.0019
142 444 0.0037
445 444 0.0006
143 445 0.0025
441 445 0.0012
444 445 0.0006
441 446 0.0012
443 446 0.0006
137 447 0.0019
448 447 0.0037
460 447 0.0012
447 448 0.0037
449 448 0.0019
460 448 0.0012
448 449 0.0019
450 449 0.0019
451 449 0.0031
483 449 0.0043
449 450 0.0019
451 450 0.0012
449 451 0.0031
450 451 0.0012
452 451 0.0043
461 451 0.0025
451 452 0.0043
453 452 0.0012
477 452 0.0037
478 452 0.0006
452 453 0.0012
454 453 0.0049
457 453 0.0019
482 453 0.0043
453 454 0.0049
455 454 0.0056
509 454 0.0062
454 455 0.0056
456 455 0.0056
457 455 0.0019
459 455 0.0019
455 456 0.0056
1098 456 0.0037
1572 456 0.0049
453 457 0.0019
455 457 0.0019
455 459 0.0019
1098 459 0.0019
447 460 0.0012
448 460 0.0012
461 460 0.0006
475 460 0.0006
451 461 0.0025
460 461 0.0006
462 461 0.0043
475 461 0.0025
461 462 0.0043
463 462 0.0049
470 462 0.0025
474 462 0.0012
475 462 0.0037
462 463 0.0049
464 463 0.0019
477 463 0.0062
463 464 0.0019
465 464 0.0012
464 465 0.0012
466 465 0.0025
477 465 0.0043
1092 465 0.0025
1417 465 0.0025
465 466 0.0025
467 466 0.0037
469 466 0.0037
1415 466 0.0025
434 467 0.0025
466 467 0.0037
468 467 0.0031
434 468 0.0006
467 468 0.0031
1093 468 0.0019
433 469 0.0037
434 469 0.0031
466 469 0.0037
1415 469 0.0031
462 470 0.0025
471 470 0.0025
470 471 0.0025
1414 471 0.0025
462 474 0.0012
475 474 0.0006
443 475 0.0006
460 475 0.0006
461 475 0.0025
462 475 0.0037
474 475 0.0006
452 477 0.0037
463 477 0.0062
465 477 0.0043
452 478 0.0006
479 478 0.0025
480 478 0.0012
478 479 0.0025
480 479 0.0012
1096 479 0.0025
1097 479 0.0012
478 480 0.0012
479 480 0.0012
140 482 0.0049
453 482 0.0043
138 483 0.0037
139 483 0.0037
449 483 0.0043
133 484 0.0049
141 484 0.0037
485 484 0.0056
484 485 0.0056
486 485 0.0074
500 485 0.0056
530 485 0.0025
485 486 0.0074
487 486 0.0068
547 486 0.0037
486 487 0.0068
488 487 0.0056
505 487 0.0031
506 487 0.0019
487 488 0.0056
489 488 0.0031
543 488 0.0019
488 489 0.0031
506 489 0.0019
534 489 0.0006
140 490 0.0056
491 490 0.0049
490 491 0.0049
492 491 0.0056
513 491 0.0012
491 492 0.0056
493 492 0.0062
509 492 0.0062
492 493 0.0062
494 493 0.0087
496 493 0.0019
493 494 0.0087
497 494 0.0049
1106 494 0.0031
493 496 0.0019
497 496 0.0056
1111 496 0.0037
1113 496 0.0062
494 497 0.0049
496 497 0.0056
141 500 0.0006
485 500 0.0056
501 500 0.0037
500 501 0.0037
502 501 0.0019
505 501 0.0049
501 502 0.0019
503 502 0.0031
513 502 0.0019
502 503 0.0031
507 503 0.0025
513 503 0.0025
487 505 0.0031
501 505 0.0049
507 505 0.0012
487 506 0.0019
489 506 0.0019
503 507 0.0025
505 507 0.0012
1113 507 0.0006
454 509 0.0062
492 509 0.0062
491 513 0.0012
502 513 0.0019
503 513 0.0025
133 515 0.0006
530 515 0.0006
122 517 0.0012
518 517 0.0012
124 518 0.0019
517 518 0.0012
113 525 0.0025
118 525 0.0006
526 525 0.0012
114 526 0.0031
525 526 0.0012
578 526 0.0012
114 527 0.0012
528 527 0.0019
529 527 0.0025
527 528 0.0019
529 528 0.0012
119 529 0.0006
527 529 0.0025
528 529 0.0012
485 530 0.0025
515 530 0.0006
547 530 0.0012
127 531 0.0111
532 531 0.0074
536 531 0.013
531 532 0.0074
533 532 0.0068
534 532 0.0006
532 533 0.0068
1115 533 0.0012
1118 533 0.0049
489 534 0.0006
532 534 0.0006
531 536 0.013
537 536 0.008
1121 536 0.0043
536 537 0.008
538 537 0.008
537 538 0.008
539 538 0.0019
1128 538 0.0056
127 539 0.0019
538 539 0.0019
127 542 0.0012
544 542 0.0019
488 543 0.0019
545 543 0.0012
126 544 0.0099
127 544 0.0105
542 544 0.0019
543 545 0.0012
547 545 0.0019
486 547 0.0037
530 547 0.0012
545 547 0.0019
119 550 0.0025
121 550 0.0031
116 554 0.008
555 554 0.0105
568 554 0.0068
554 555 0.0105
556 555 0.0124
563 555 0.0012
555 556 0.0124
558 556 0.0056
559 556 0.0012
566 556 0.0043
558 557 0.0068
1133 557 0.0056
1136 557 0.0006
556 558 0.0056
557 558 0.0068
1136 558 0.0006
556 559 0.0012
563 559 0.0012
555 563 0.0012
559 563 0.0012
556 566 0.0043
567 566 0.0012
568 566 0.0025
1139 566 0.0012
1140 566 0.0012
566 567 0.0012
569 567 0.0025
1141 567 0.0006
554 568 0.0068
566 568 0.0025
569 568 0.0037
567 569 0.0025
568 569 0.0037
1141 569 0.0031
113 578 0.0142
114 578 0.0161
526 578 0.0012
111 579 0.0019
114 579 0.0105
115 579 0.008
108 582 0.0006
584 582 0.0006
102 584 0.0031
108 584 0.0043
582 584 0.0006
104 586 0.0025
588 586 0.0043
591 586 0.0012
586 588 0.0043
589 588 0.0031
591 588 0.0019
588 589 0.0031
590 589 0.0025
1144 589 0.0019
1145 589 0.0025
589 590 0.0025
1143 590 0.0012
1366 590 0.0037
586 591 0.0012
588 591 0.0019
98 592 0.0043
103 592 0.0012
104 592 0.0062
98 593 0.0068
594 593 0.0062
593 594 0.0062
600 594 0.0068
95 596 0.0105
99 596 0.0006
597 596 0.0093
95 597 0.0012
596 597 0.0093
598 597 0.0068
96 598 0.0006
597 598 0.0068
599 598 0.0025
608 598 0.0025
598 599 0.0025
600 599 0.0031
594 600 0.0068
599 600 0.0031
601 600 0.0043
600 601 0.0043
602 601 0.0056
640 601 0.0019
601 602 0.0056
608 602 0.0012
614 602 0.0019
640 602 0.0012
96 603 0.0074
604 603 0.0012
605 603 0.0062
632 603 0.0006
639 603 0.0012
603 604 0.0012
639 604 0.0012
603 605 0.0062
606 605 0.0049
633 605 0.0006
605 606 0.0049
607 606 0.0031
634 606 0.0012
606 607 0.0031
624 607 0.0031
598 608 0.0025
602 608 0.0012
609 608 0.0031
617 608 0.0019
608 609 0.0031
610 609 0.0043
614 609 0.0031
609 610 0.0043
617 610 0.0006
1159 610 0.0031
618 611 0.0025
619 611 0.0019
1159 611 0.0012
602 614 0.0019
609 614 0.0031
615 614 0.0012
616 614 0.0037
1159 614 0.0025
614 615 0.0012
616 615 0.0019
614 616 0.0037
615 616 0.0019
949 616 0.0043
1153 616 0.0056
1154 616 0.0012
608 617 0.0019
610 617 0.0006
618 617 0.0006
611 618 0.0025
617 618 0.0006
619 618 0.0012
611 619 0.0019
618 619 0.0012
1154 620 0.0012
1373 620 0.0019
607 624 0.0031
625 624 0.0012
636 624 0.0012
624 625 0.0012
969 625 0.0012
84 629 0.0099
87 629 0.0006
630 629 0.0111
85 630 0.0111
87 630 0.0031
629 630 0.0111
87 631 0.0012
88 631 0.0012
89 631 0.0031
85 632 0.0037
89 632 0.0043
603 632 0.0006
633 632 0.0012
605 633 0.0006
632 633 0.0012
976 633 0.0025
606 634 0.0012
635 634 0.0012
646 634 0.0031
634 635 0.0012
636 635 0.0006
646 635 0.0025
624 636 0.0012
635 636 0.0006
645 636 0.0025
603 639 0.0012
604 639 0.0012
601 640 0.0019
602 640 0.0012
82 641 0.0118
88 641 0.0012
642 641 0.0111
975 641 0.0019
641 642 0.0111
643 642 0.0093
975 642 0.0012
642 643 0.0093
644 643 0.0049
647 643 0.0074
643 644 0.0049
645 644 0.0037
646 644 0.0025
648 644 0.0025
636 645 0.0025
644 645 0.0037
648 645 0.0006
634 646 0.0031
635 646 0.0025
644 646 0.0025
643 647 0.0074
648 647 0.0012
657 647 0.0037
969 647 0.0012
644 648 0.0025
645 648 0.0006
647 648 0.0012
79 649 0.0031
650 649 0.0049
651 649 0.0012
649 650 0.0049
651 650 0.0087
656 650 0.0068
649 651 0.0012
650 651 0.0087
652 651 0.0056
672 651 0.0006
651 652 0.0056
653 652 0.0087
659 652 0.0062
652 653 0.0087
654 653 0.0031
671 653 0.0019
951 653 0.0012
1378 653 0.0031
653 654 0.0031
655 654 0.0031
654 655 0.0031
666 655 0.0012
667 655 0.0031
676 655 0.0012
650 656 0.0068
657 656 0.0062
672 656 0.0012
647 657 0.0037
656 657 0.0062
658 657 0.0037
671 657 0.0025
657 658 0.0037
661 658 0.0043
664 658 0.0037
71 659 0.0037
652 659 0.0062
1378 659 0.0019
658 661 0.0043
662 661 0.0025
665 661 0.0012
661 662 0.0025
663 662 0.0025
662 663 0.0025
678 663 0.0037
1161 663 0.0006
658 664 0.0037
665 664 0.0006
667 664 0.0031
661 665 0.0012
664 665 0.0006
655 666 0.0012
667 666 0.0031
655 667 0.0031
664 667 0.0031
666 667 0.0031
71 668 0.0111
76 668 0.013
669 668 0.0012
668 669 0.0012
670 669 0.0012
714 669 0.0037
669 670 0.0012
673 670 0.0043
682 670 0.0105
684 670 0.0043
727 670 0.0074
972 670 0.0006
653 671 0.0019
657 671 0.0025
651 672 0.0006
656 672 0.0012
670 673 0.0043
674 673 0.0043
972 673 0.0019
673 674 0.0043
675 674 0.0031
682 674 0.0043
971 674 0.0019
674 675 0.0031
676 675 0.0019
951 675 0.0006
655 676 0.0012
675 676 0.0019
677 676 0.0025
680 676 0.0087
681 676 0.0025
683 676 0.0093
676 677 0.0025
678 677 0.0012
681 677 0.0006
663 678 0.0037
677 678 0.0012
679 678 0.0049
678 679 0.0049
680 679 0.0037
1163 679 0.0006
676 680 0.0087
679 680 0.0037
681 680 0.0012
689 680 0.0012
1165 680 0.0006
676 681 0.0025
677 681 0.0006
680 681 0.0012
670 682 0.0105
674 682 0.0043
683 682 0.0105
676 683 0.0093
682 683 0.0105
685 683 0.0006
670 684 0.0043
685 684 0.0056
687 684 0.0019
683 685 0.0006
684 685 0.0056
686 685 0.0074
687 685 0.0062
685 686 0.0074
687 686 0.0006
690 686 0.0049
692 686 0.0043
684 687 0.0019
685 687 0.0062
686 687 0.0006
688 687 0.0025
690 687 0.0006
687 688 0.0025
691 688 0.0006
696 688 0.0012
680 689 0.0012
693 689 0.0019
1168 689 0.0012
1169 689 0.0019
686 690 0.0049
687 690 0.0006
691 690 0.0062
1174 690 0.0012
688 691 0.0006
690 691 0.0062
700 691 0.0031
1174 691 0.0087
686 692 0.0043
693 692 0.0025
1171 692 0.0012
689 693 0.0019
692 693 0.0025
1169 693 0.0012
1171 695 0.0019
1174 695 0.0068
1384 695 0.0049
688 696 0.0012
700 696 0.0006
1182 698 0.0019
1186 698 0.0025
691 700 0.0031
696 700 0.0006
1176 700 0.0043
76 701 0.008
702 701 0.0037
703 701 0.0006
711 701 0.0012
714 701 0.008
701 702 0.0037
714 702 0.0025
715 702 0.0031
701 703 0.0006
704 703 0.0006
77 704 0.0025
703 704 0.0006
719 704 0.0012
74 707 0.0025
75 707 0.0012
77 707 0.0006
701 711 0.0012
712 711 0.0012
713 711 0.0031
711 712 0.0012
957 712 0.0012
711 713 0.0031
715 713 0.0025
716 713 0.0019
957 713 0.0025
669 714 0.0037
701 714 0.008
702 714 0.0025
715 714 0.0012
727 714 0.0074
702 715 0.0031
713 715 0.0025
714 715 0.0012
713 716 0.0019
717 716 0.0037
718 716 0.0012
716 717 0.0037
718 717 0.0012
720 717 0.0031
721 717 0.0019
716 718 0.0012
717 718 0.0012
77 719 0.0031
704 719 0.0012
737 719 0.0006
717 720 0.0031
721 720 0.0031
743 720 0.0012
957 720 0.0006
717 721 0.0019
720 721 0.0031
722 721 0.0019
721 722 0.0019
723 722 0.0031
729 722 0.0025
743 722 0.0012
722 723 0.0031
729 723 0.0012
732 723 0.0056
734 723 0.0012
956 723 0.0019
68 724 0.0031
736 724 0.0031
670 727 0.0074
714 727 0.0074
722 729 0.0025
723 729 0.0012
730 729 0.0006
729 730 0.0006
1388 730 0.0006
723 732 0.0056
733 732 0.0025
734 732 0.0012
1188 732 0.0031
1388 732 0.0019
732 733 0.0025
1186 733 0.0031
1188 733 0.0025
723 734 0.0012
732 734 0.0012
62 736 0.0043
724 736 0.0031
737 736 0.0031
719 737 0.0006
736 737 0.0031
738 737 0.0043
746 737 0.0019
737 738 0.0043
739 738 0.0019
742 738 0.0019
738 739 0.0019
740 739 0.0031
756 739 0.0006
739 740 0.0031
741 740 0.0025
751 740 0.0056
740 741 0.0025
747 741 0.0006
752 741 0.0037
1190 741 0.0006
738 742 0.0019
743 742 0.0019
720 743 0.0012
722 743 0.0012
742 743 0.0019
746 743 0.0019
737 746 0.0019
743 746 0.0019
741 747 0.0006
748 747 0.0037
752 747 0.0031
955 747 0.0043
747 748 0.0037
749 748 0.0043
1389 748 0.0025
748 749 0.0043
750 749 0.0025
1189 749 0.0012
749 750 0.0025
758 750 0.0006
955 750 0.0037
740 751 0.0056
752 751 0.0037
756 751 0.0049
741 752 0.0037
747 752 0.0031
751 752 0.0037
60 753 0.0068
754 753 0.0056
783 753 0.0031
1396 753 0.0043
753 754 0.0056
755 754 0.0031
765 754 0.0012
784 754 0.0037
754 755 0.0031
756 755 0.0019
775 755 0.0006
739 756 0.0006
751 756 0.0049
755 756 0.0019
757 756 0.0012
756 757 0.0012
758 757 0.0006
955 757 0.0025
750 758 0.0006
757 758 0.0006
754 765 0.0012
785 765 0.0012
62 774 0.0037
775 774 0.0006
779 774 0.0025
755 775 0.0006
774 775 0.0006
61 778 0.0025
779 778 0.0025
774 779 0.0025
778 779 0.0025
753 783 0.0031
784 783 0.0031
754 784 0.0037
783 784 0.0031
785 784 0.0025
765 785 0.0012
784 785 0.0025
1391 785 0.0006
57 789 0.0012
790 789 0.0012
789 790 0.0012
795 790 0.0012
58 793 0.0087
794 793 0.0056
795 793 0.0043
793 794 0.0056
802 794 0.0056
790 795 0.0012
793 795 0.0043
796 795 0.0025
60 796 0.0012
795 796 0.0025
1395 796 0.0012
1396 796 0.0062
58 802 0.0019
794 802 0.0056
803 802 0.0012
1194 802 0.0012
802 803 0.0012
804 803 0.0019
806 803 0.0025
803 804 0.0019
805 804 0.0031
806 804 0.0037
816 804 0.0019
804 805 0.0031
809 805 0.0012
815 805 0.0012
803 806 0.0025
804 806 0.0037
807 806 0.0031
806 807 0.0031
809 807 0.0019
1391 807 0.0006
805 809 0.0012
807 809 0.0019
54 811 0.0049
812 811 0.0025
832 811 0.0019
811 812 0.0025
813 812 0.0043
822 812 0.0012
812 813 0.0043
814 813 0.0037
816 813 0.0025
1194 813 0.0019
813 814 0.0037
815 814 0.0019
817 814 0.0012
1195 814 0.0031
805 815 0.0012
814 815 0.0019
816 815 0.0037
804 816 0.0019
813 816 0.0025
815 816 0.0037
814 817 0.0012
824 817 0.0012
812 822 0.0012
823 822 0.0012
1195 822 0.0031
822 823 0.0012
824 823 0.0012
1195 823 0.0031
817 824 0.0012
823 824 0.0012
826 825 0.0012
830 825 0.0012
825 826 0.0012
830 826 0.0012
825 830 0.0012
826 830 0.0012
811 832 0.0019
833 832 0.0019
832 833 0.0019
1196 833 0.0019
855 834 0.0031
858 834 0.008
1196 834 0.0043
50 839 0.0019
52 839 0.0006
840 839 0.0006
51 840 0.0019
839 840 0.0006
841 840 0.0006
840 841 0.0006
842 841 0.0006
51 842 0.0062
841 842 0.0006
1566 842 0.0049
54 845 0.0037
846 845 0.0062
848 845 0.0031
845 846 0.0062
866 846 0.0062
845 848 0.0031
849 848 0.0025
860 848 0.0049
848 849 0.0025
850 849 0.0019
849 850 0.0019
862 850 0.0019
853 852 0.0012
854 852 0.0019
852 853 0.0012
854 853 0.0037
1196 853 0.0019
852 854 0.0019
853 854 0.0037
858 854 0.0025
834 855 0.0031
988 855 0.0031
834 858 0.008
854 858 0.0025
994 858 0.0049
848 860 0.0049
861 860 0.0043
862 860 0.0037
860 861 0.0043
862 861 0.0012
863 861 0.0043
864 861 0.0012
850 862 0.0019
860 862 0.0037
861 862 0.0012
861 863 0.0043
864 863 0.0043
861 864 0.0012
863 864 0.0043
994 864 0.0025
846 866 0.0062
867 866 0.0093
887 866 0.0043
1005 866 0.0012
866 867 0.0093
995 867 0.0074
1002 867 0.0074
41 868 0.0012
49 868 0.0031
869 868 0.0031
1566 868 0.0049
41 869 0.008
868 869 0.0031
870 869 0.0019
874 869 0.0019
869 870 0.0019
871 870 0.0019
870 871 0.0019
872 871 0.0043
1400 871 0.0019
871 872 0.0043
1401 872 0.0062
1402 872 0.0012
41 874 0.0006
869 874 0.0019
42 875 0.0068
876 875 0.0062
880 875 0.0031
875 876 0.0062
877 876 0.0049
880 876 0.0025
876 877 0.0049
878 877 0.008
1400 877 0.0025
877 878 0.008
887 878 0.0012
1011 878 0.0006
1401 878 0.013
1402 878 0.0019
43 880 0.0043
875 880 0.0031
876 880 0.0025
881 880 0.0037
880 881 0.0037
882 881 0.0043
902 881 0.0037
881 882 0.0043
883 882 0.0019
888 882 0.0019
882 883 0.0019
884 883 0.0012
1012 883 0.0012
883 884 0.0012
885 884 0.0025
911 884 0.0019
884 885 0.0025
918 885 0.0025
919 885 0.0031
866 887 0.0043
878 887 0.0012
1401 887 0.0062
882 888 0.0019
902 888 0.0025
890 889 0.0019
902 889 0.0025
889 890 0.0019
891 890 0.0006
903 890 0.0031
890 891 0.0006
892 891 0.0019
904 891 0.0031
891 892 0.0019
893 892 0.0019
892 893 0.0019
904 893 0.0025
895 894 0.0043
915 894 0.0037
27 895 0.0049
894 895 0.0043
43 897 0.0025
898 897 0.0037
905 897 0.0019
897 898 0.0037
899 898 0.0019
905 898 0.0012
898 899 0.0019
900 899 0.0025
902 899 0.0037
899 900 0.0025
901 900 0.0031
900 901 0.0031
902 901 0.0043
903 901 0.0031
881 902 0.0037
888 902 0.0025
889 902 0.0025
899 902 0.0037
901 902 0.0043
890 903 0.0031
901 903 0.0031
904 903 0.0012
891 904 0.0031
893 904 0.0025
903 904 0.0012
897 905 0.0019
898 905 0.0012
913 908 0.0031
1004 908 0.0068
1010 908 0.0043
1012 908 0.0056
910 909 0.0006
1009 909 0.0012
909 910 0.0006
1004 910 0.0031
1009 910 0.0043
884 911 0.0019
912 911 0.0037
913 911 0.0025
911 912 0.0037
1013 912 0.0068
1020 912 0.0025
908 913 0.0031
911 913 0.0025
1012 913 0.0006
1013 913 0.0037
894 915 0.0037
916 915 0.0006
932 915 0.0049
915 916 0.0006
917 916 0.0025
924 916 0.0012
916 917 0.0025
918 917 0.0006
924 917 0.0012
885 918 0.0025
917 918 0.0006
919 918 0.0012
885 919 0.0031
918 919 0.0012
920 919 0.0012
919 920 0.0012
921 920 0.0031
1020 920 0.0012
920 921 0.0031
1017 921 0.0031
1020 921 0.0031
916 924 0.0012
917 924 0.0012
26 928 0.0006
931 928 0.0006
28 930 0.0019
29 930 0.0006
931 930 0.0006
30 931 0.0019
928 931 0.0006
930 931 0.0006
31 932 0.0049
915 932 0.0049
31 934 0.0043
935 934 0.0049
948 934 0.0025
934 935 0.0049
936 935 0.0031
948 935 0.0012
935 936 0.0031
937 936 0.0043
947 936 0.0006
936 937 0.0043
938 937 0.0025
947 937 0.0012
937 938 0.0025
939 938 0.0025
943 938 0.0037
946 938 0.0037
938 939 0.0025
941 939 0.0025
939 941 0.0025
942 941 0.0025
941 942 0.0025
1021 942 0.0012
1022 942 0.0043
938 943 0.0037
944 943 0.0025
946 943 0.0006
943 944 0.0025
1022 944 0.0025
214 946 0.0025
938 946 0.0037
943 946 0.0006
936 947 0.0006
937 947 0.0012
211 948 0.0006
934 948 0.0025
935 948 0.0012
616 949 0.0043
1149 949 0.0037
653 951 0.0012
675 951 0.0006
1378 951 0.0006
747 955 0.0043
750 955 0.0037
757 955 0.0025
723 956 0.0019
1190 956 0.0025
712 957 0.0012
713 957 0.0025
720 957 0.0006
68 964 0.0012
72 964 0.0012
416 967 0.0019
968 967 0.0037
1090 967 0.0012
394 968 0.0025
967 968 0.0037
1089 968 0.0019
625 969 0.0012
647 969 0.0012
674 971 0.0019
972 971 0.0006
670 972 0.0006
673 972 0.0019
971 972 0.0006
641 975 0.0019
642 975 0.0012
89 976 0.0031
633 976 0.0025
55 977 0.0025
57 977 0.0006
59 977 0.0012
1 978 0.0019
63 978 0.0019
855 988 0.0031
992 988 0.0031
988 992 0.0031
1200 992 0.0031
858 994 0.0049
864 994 0.0025
1200 994 0.008
867 995 0.0074
997 995 0.0043
1001 995 0.0025
995 997 0.0043
998 997 0.0043
997 998 0.0043
999 998 0.0019
1000 998 0.0068
998 999 0.0019
1202 999 0.0043
1426 999 0.0019
998 1000 0.0068
1200 1000 0.0043
1201 1000 0.0019
995 1001 0.0025
1003 1001 0.0043
1206 1001 0.0012
867 1002 0.0074
1003 1002 0.0043
1006 1002 0.0062
1001 1003 0.0043
1002 1003 0.0043
908 1004 0.0068
910 1004 0.0031
1005 1004 0.0012
1006 1004 0.0062
866 1005 0.0012
1004 1005 0.0012
1006 1005 0.0031
1002 1006 0.0062
1004 1006 0.0062
1005 1006 0.0031
909 1009 0.0012
910 1009 0.0043
1010 1009 0.0025
908 1010 0.0043
1009 1010 0.0025
1011 1010 0.0012
878 1011 0.0006
1010 1011 0.0012
1012 1011 0.0025
883 1012 0.0012
908 1012 0.0056
913 1012 0.0006
1011 1012 0.0025
912 1013 0.0068
913 1013 0.0037
1020 1013 0.0006
1212 1013 0.0049
921 1017 0.0031
1018 1017 0.0031
1017 1018 0.0031
1212 1018 0.0012
1213 1018 0.0049
912 1020 0.0025
920 1020 0.0012
921 1020 0.0031
1013 1020 0.0006
942 1021 0.0012
1022 1021 0.0012
942 1022 0.0043
944 1022 0.0025
1021 1022 0.0012
244 1026 0.0037
254 1026 0.0019
1221 1026 0.0012
242 1027 0.0012
1029 1027 0.0012
241 1029 0.0031
1027 1029 0.0012
1030 1029 0.0025
1224 1029 0.0006
241 1030 0.0025
1029 1030 0.0025
1224 1030 0.0006
1226 1030 0.0006
240 1031 0.0062
1032 1031 0.0019
1033 1031 0.0074
1226 1031 0.0006
1031 1032 0.0019
1237 1032 0.0019
237 1033 0.0006
1031 1033 0.0074
1034 1033 0.0019
1035 1033 0.008
1237 1033 0.0049
240 1034 0.0012
1033 1034 0.0019
236 1035 0.0074
1033 1035 0.008
1036 1035 0.0049
273 1036 0.0012
281 1036 0.0031
1035 1036 0.0049
1235 1036 0.0043
280 1037 0.0031
1241 1037 0.0006
1242 1037 0.0025
1436 1037 0.0012
284 1041 0.0012
1244 1041 0.0012
1246 1041 0.0012
1248 1041 0.0012
302 1042 0.0049
1250 1042 0.0043
270 1043 0.0006
276 1043 0.0019
278 1043 0.0006
302 1045 0.0043
1046 1045 0.0037
1252 1045 0.0025
1045 1046 0.0037
1250 1046 0.0025
1251 1046 0.0006
301 1047 0.0074
1048 1047 0.0093
1049 1047 0.0006
1254 1047 0.0037
1047 1048 0.0093
1267 1048 0.0093
317 1049 0.0006
1047 1049 0.0006
1050 1049 0.0019
314 1050 0.0019
1049 1050 0.0019
1265 1050 0.0043
315 1051 0.0124
1053 1051 0.0068
1265 1051 0.0043
1280 1051 0.0025
1051 1053 0.0068
1267 1053 0.0093
1272 1053 0.0049
1275 1053 0.0025
315 1054 0.0025
1064 1054 0.0012
1281 1054 0.0012
1290 1054 0.0025
360 1060 0.0025
1062 1060 0.0025
1060 1062 0.0025
1064 1062 0.0019
1065 1062 0.0037
1286 1062 0.0031
1054 1064 0.0012
1062 1064 0.0019
1281 1064 0.0037
349 1065 0.0031
359 1065 0.0049
1062 1065 0.0037
1073 1065 0.0043
1065 1073 0.0043
1074 1073 0.0006
1076 1073 0.0031
1073 1074 0.0006
1286 1074 0.0006
349 1076 0.0037
356 1076 0.0025
1073 1076 0.0031
371 1077 0.0012
1419 1077 0.0012
404 1079 0.0093
1091 1079 0.0043
1302 1079 0.0043
1298 1080 0.0006
1503 1080 0.0006
395 1085 0.0037
1321 1085 0.0049
1522 1085 0.0006
395 1087 0.0124
1315 1087 0.0124
968 1089 0.0019
1090 1089 0.0019
967 1090 0.0012
1089 1090 0.0019
402 1091 0.0019
414 1091 0.0012
1079 1091 0.0043
465 1092 0.0025
1093 1092 0.0025
468 1093 0.0019
1092 1093 0.0025
1095 1093 0.0012
435 1095 0.0049
1093 1095 0.0012
1096 1095 0.0043
1418 1095 0.0006
479 1096 0.0025
1095 1096 0.0043
1572 1096 0.0049
479 1097 0.0012
1098 1097 0.0012
1572 1097 0.0031
456 1098 0.0037
459 1098 0.0019
1097 1098 0.0012
494 1106 0.0031
1109 1106 0.0031
1106 1109 0.0031
1527 1109 0.0031
496 1111 0.0037
1112 1111 0.0031
1111 1112 0.0031
1327 1112 0.0056
1328 1112 0.0019
496 1113 0.0062
507 1113 0.0006
1115 1113 0.0049
533 1115 0.0012
1113 1115 0.0049
1327 1115 0.0031
533 1118 0.0049
1120 1118 0.0049
1118 1120 0.0049
1124 1120 0.0049
536 1121 0.0043
1124 1121 0.0043
1120 1124 0.0049
1121 1124 0.0043
1338 1126 0.0012
1340 1126 0.0012
538 1128 0.0056
1343 1128 0.0056
557 1133 0.0056
1134 1133 0.0056
1133 1134 0.0056
1343 1134 0.0056
557 1136 0.0006
558 1136 0.0006
566 1139 0.0012
1140 1139 0.0012
566 1140 0.0012
1139 1140 0.0012
567 1141 0.0006
569 1141 0.0031
1142 1141 0.0019
1141 1142 0.0019
1143 1142 0.0006
1366 1142 0.0031
590 1143 0.0012
1142 1143 0.0006
1366 1143 0.0025
589 1144 0.0019
1377 1144 0.0012
589 1145 0.0025
1146 1145 0.0037
1370 1145 0.0031
1145 1146 0.0037
1367 1146 0.0037
1377 1146 0.0031
1148 1147 0.0019
1370 1147 0.0025
1147 1148 0.0019
1150 1148 0.0025
949 1149 0.0037
1150 1149 0.0006
1152 1149 0.0025
1148 1150 0.0025
1149 1150 0.0006
1370 1150 0.0025
1149 1152 0.0025
1153 1152 0.0025
616 1153 0.0056
1152 1153 0.0025
1155 1153 0.0025
616 1154 0.0012
620 1154 0.0012
1155 1154 0.0037
1153 1155 0.0025
1154 1155 0.0037
1373 1155 0.0019
610 1159 0.0031
611 1159 0.0012
614 1159 0.0025
663 1161 0.0006
1162 1161 0.0012
1163 1161 0.0025
1161 1162 0.0012
1163 1162 0.0012
679 1163 0.0006
1161 1163 0.0025
1162 1163 0.0012
680 1165 0.0006
1168 1165 0.0006
689 1168 0.0012
1165 1168 0.0006
1169 1168 0.0025
689 1169 0.0019
693 1169 0.0012
1168 1169 0.0025
692 1171 0.0012
695 1171 0.0019
690 1174 0.0012
691 1174 0.0087
695 1174 0.0068
700 1176 0.0043
1177 1176 0.0043
1176 1177 0.0043
1384 1177 0.0043
698 1182 0.0019
1184 1182 0.0019
1182 1184 0.0019
1186 1184 0.0025
698 1186 0.0025
733 1186 0.0031
1184 1186 0.0025
1188 1186 0.0019
1388 1186 0.0006
732 1188 0.0031
733 1188 0.0025
1186 1188 0.0019
1189 1188 0.0012
1390 1188 0.0037
749 1189 0.0012
1188 1189 0.0012
1390 1189 0.0031
741 1190 0.0006
956 1190 0.0025
1192 1190 0.0025
1190 1192 0.0025
1389 1192 0.0031
53 1194 0.0037
802 1194 0.0012
813 1194 0.0019
814 1195 0.0031
822 1195 0.0031
823 1195 0.0031
833 1196 0.0019
834 1196 0.0043
853 1196 0.0019
992 1200 0.0031
994 1200 0.008
1000 1200 0.0043
1000 1201 0.0019
1202 1201 0.0031
1422 1201 0.0006
999 1202 0.0043
1201 1202 0.0031
1203 1202 0.0031
1202 1203 0.0031
1422 1203 0.0006
1424 1203 0.0019
1001 1206 0.0012
1568 1206 0.0012
1013 1212 0.0049
1018 1212 0.0012
1213 1212 0.0068
1018 1213 0.0049
1212 1213 0.0068
1568 1213 0.0012
244 1221 0.0012
1026 1221 0.0012
1029 1224 0.0006
1030 1224 0.0006
1030 1226 0.0006
1031 1226 0.0006
256 1230 0.0006
259 1230 0.0012
1231 1230 0.0025
252 1231 0.0025
258 1231 0.0031
1230 1231 0.0025
227 1232 0.0056
228 1232 0.0037
269 1232 0.0019
233 1233 0.0025
236 1233 0.0031
272 1235 0.0037
273 1235 0.0025
1036 1235 0.0043
1032 1237 0.0019
1033 1237 0.0049
1238 1237 0.0025
1237 1238 0.0025
1239 1238 0.0006
1242 1238 0.0037
1238 1239 0.0006
1240 1239 0.0012
1241 1239 0.0025
1239 1240 0.0012
1241 1240 0.0012
1037 1241 0.0006
1239 1241 0.0025
1240 1241 0.0012
280 1242 0.0043
1037 1242 0.0025
1238 1242 0.0037
283 1243 0.008
284 1243 0.0043
305 1243 0.0056
284 1244 0.0012
1041 1244 0.0012
1041 1246 0.0012
1248 1246 0.0012
1041 1248 0.0012
1246 1248 0.0012
303 1250 0.0012
1042 1250 0.0043
1046 1250 0.0025
1046 1251 0.0006
1252 1251 0.0006
1045 1252 0.0025
1251 1252 0.0006
1253 1252 0.0012
1252 1253 0.0012
1254 1253 0.0049
1442 1253 0.0031
1047 1254 0.0037
1253 1254 0.0049
1256 1254 0.0056
1254 1256 0.0056
1257 1256 0.0056
1256 1257 0.0056
1258 1257 0.0043
1439 1257 0.0056
1257 1258 0.0043
1451 1258 0.0019
1457 1258 0.0019
1050 1265 0.0043
1051 1265 0.0043
1048 1267 0.0093
1053 1267 0.0093
1053 1272 0.0049
1273 1272 0.0019
1473 1272 0.0025
1272 1273 0.0019
1465 1273 0.0019
1053 1275 0.0025
1474 1275 0.0049
1477 1275 0.0019
1051 1280 0.0025
1290 1280 0.0025
1054 1281 0.0012
1064 1281 0.0037
1282 1281 0.0019
1281 1282 0.0019
1285 1282 0.0012
1495 1282 0.0037
1282 1285 0.0012
1495 1285 0.0012
1062 1286 0.0031
1074 1286 0.0006
1495 1286 0.0019
1054 1290 0.0025
1280 1290 0.0025
401 1297 0.0012
402 1297 0.0148
404 1297 0.013
1080 1298 0.0006
1501 1298 0.0025
1503 1298 0.0012
1079 1302 0.0043
1303 1302 0.0043
1302 1303 0.0043
1310 1303 0.0043
1303 1310 0.0043
1311 1310 0.0019
1630 1310 0.0068
1310 1311 0.0019
1634 1311 0.0019
1087 1315 0.0124
1317 1315 0.0031
1318 1315 0.0087
1315 1317 0.0031
1323 1317 0.0031
1315 1318 0.0087
1320 1318 0.0087
1318 1320 0.0087
1322 1320 0.0037
1537 1320 0.0043
1085 1321 0.0049
1322 1321 0.0056
1524 1321 0.0025
1320 1322 0.0037
1321 1322 0.0056
1524 1322 0.0012
1317 1323 0.0031
1525 1323 0.0025
1526 1323 0.0062
1112 1327 0.0056
1115 1327 0.0031
1328 1327 0.0006
1329 1327 0.0006
1112 1328 0.0019
1327 1328 0.0006
1329 1328 0.0006
1327 1329 0.0006
1328 1329 0.0006
1126 1338 0.0012
1340 1338 0.0012
1126 1340 0.0012
1338 1340 0.0012
1128 1343 0.0056
1134 1343 0.0056
590 1366 0.0037
1142 1366 0.0031
1143 1366 0.0025
1146 1367 0.0037
1368 1367 0.0012
1370 1367 0.0019
1367 1368 0.0012
1377 1368 0.0012
1145 1370 0.0031
1147 1370 0.0025
1150 1370 0.0025
1367 1370 0.0019
620 1373 0.0019
1155 1373 0.0019
1144 1377 0.0012
1146 1377 0.0031
1368 1377 0.0012
653 1378 0.0031
659 1378 0.0019
951 1378 0.0006
695 1384 0.0049
1177 1384 0.0043
730 1388 0.0006
732 1388 0.0019
1186 1388 0.0006
748 1389 0.0025
1192 1389 0.0031
1390 1389 0.0037
1188 1390 0.0037
1189 1390 0.0031
1389 1390 0.0037
785 1391 0.0006
807 1391 0.0006
796 1395 0.0012
1396 1395 0.0012
753 1396 0.0043
796 1396 0.0062
1395 1396 0.0012
871 1400 0.0019
877 1400 0.0025
872 1401 0.0062
878 1401 0.013
887 1401 0.0062
872 1402 0.0012
878 1402 0.0019
218 1404 0.0006
219 1404 0.0037
220 1404 0.0025
174 1405 0.0062
185 1405 0.0068
24 1406 0.0019
25 1406 0.0037
1407 1406 0.0012
5 1407 0.0006
1406 1407 0.0012
1408 1407 0.0025
25 1408 0.0043
200 1408 0.0025
1407 1408 0.0025
8 1410 0.0105
32 1410 0.0025
1411 1410 0.0099
3 1411 0.0118
209 1411 0.0012
1410 1411 0.0099
9 1412 0.0136
31 1412 0.0118
32 1412 0.0012
1 1413 0.0037
97 1413 0.0049
100 1413 0.0031
419 1414 0.0012
471 1414 0.0025
1415 1414 0.0025
1417 1414 0.0031
466 1415 0.0025
469 1415 0.0031
1414 1415 0.0025
1417 1415 0.0025
150 1416 0.0025
152 1416 0.0012
419 1416 0.0006
465 1417 0.0025
1414 1417 0.0031
1415 1417 0.0025
393 1418 0.0019
435 1418 0.0006
1095 1418 0.0006
374 1419 0.0012
1077 1419 0.0012
372 1421 0.0037
403 1421 0.0056
405 1421 0.0049
1201 1422 0.0006
1203 1422 0.0006
1203 1424 0.0019
1425 1424 0.0012
1426 1424 0.0037
1424 1425 0.0012
1426 1425 0.0012
999 1426 0.0019
1424 1426 0.0037
1425 1426 0.0012
285 1436 0.0012
1037 1436 0.0012
1257 1439 0.0056
1440 1439 0.0031
1443 1439 0.0049
1448 1439 0.0037
1439 1440 0.0031
1443 1440 0.0012
1446 1440 0.0012
1253 1442 0.0031
1443 1442 0.0031
1439 1443 0.0049
1440 1443 0.0012
1442 1443 0.0031
1440 1446 0.0012
1448 1446 0.0012
1439 1448 0.0037
1446 1448 0.0012
1455 1448 0.0019
1258 1451 0.0019
1455 1451 0.0019
1448 1455 0.0019
1451 1455 0.0019
1258 1457 0.0019
1577 1457 0.0019
1273 1465 0.0019
1466 1465 0.0062
1468 1465 0.0037
1465 1466 0.0062
1577 1466 0.0062
1465 1468 0.0037
1469 1468 0.0037
1468 1469 0.0037
1584 1469 0.0037
1272 1473 0.0025
1474 1473 0.0025
1275 1474 0.0049
1473 1474 0.0025
1627 1474 0.0019
1275 1477 0.0019
1478 1477 0.0019
1477 1478 0.0019
1627 1478 0.0019
1282 1495 0.0037
1285 1495 0.0012
1286 1495 0.0019
1298 1501 0.0025
1503 1501 0.0025
1080 1503 0.0006
1298 1503 0.0012
1501 1503 0.0025
1085 1522 0.0006
1524 1522 0.0006
1321 1524 0.0025
1322 1524 0.0012
1522 1524 0.0006
1323 1525 0.0025
1526 1525 0.0012
1529 1525 0.0006
1323 1526 0.0062
1525 1526 0.0012
1527 1526 0.0031
1530 1526 0.0006
1109 1527 0.0031
1526 1527 0.0031
1525 1529 0.0006
1530 1529 0.0012
1531 1529 0.0025
1526 1530 0.0006
1529 1530 0.0012
1532 1530 0.0025
1529 1531 0.0025
1532 1531 0.0043
1533 1531 0.0012
1530 1532 0.0025
1531 1532 0.0043
1533 1532 0.0012
1531 1533 0.0012
1532 1533 0.0012
1320 1537 0.0043
1541 1537 0.0043
1537 1541 0.0043
1543 1541 0.0043
1541 1543 0.0043
1544 1543 0.0043
1543 1544 0.0043
1640 1544 0.0056
1641 1544 0.0006
842 1566 0.0049
868 1566 0.0049
1206 1568 0.0012
1213 1568 0.0012
299 1570 0.0136
300 1570 0.0056
304 1570 0.0074
456 1572 0.0049
1096 1572 0.0049
1097 1572 0.0031
1457 1577 0.0019
1466 1577 0.0062
1578 1577 0.0037
1577 1578 0.0037
1584 1578 0.0037
1469 1584 0.0037
1578 1584 0.0037
1594 1593 0.0012
1599 1593 0.0012
1593 1594 0.0012
1608 1594 0.0012
1593 1599 0.0012
1600 1599 0.0012
1608 1599 0.0031
1599 1600 0.0012
1601 1600 0.0012
1608 1600 0.0012
1609 1600 0.0012
1600 1601 0.0012
1609 1601 0.0012
1594 1608 0.0012
1599 1608 0.0031
1600 1608 0.0012
1600 1609 0.0012
1601 1609 0.0012
1474 1627 0.0019
1478 1627 0.0019
1310 1630 0.0068
1631 1630 0.0019
1634 1630 0.0019
1640 1630 0.0068
1630 1631 0.0019
1633 1631 0.0019
1631 1633 0.0019
1641 1633 0.0037
1647 1633 0.0012
1311 1634 0.0019
1630 1634 0.0019
1544 1640 0.0056
1630 1640 0.0068
1641 1640 0.0031
1544 1641 0.0006
1633 1641 0.0037
1640 1641 0.0031
1642 1641 0.0006
1647 1641 0.0025
1641 1642 0.0006
1644 1642 0.0006
1647 1642 0.0019
1642 1644 0.0006
1647 1644 0.0006
1633 1647 0.0012
1641 1647 0.0025
1642 1647 0.0019
1644 1647 0.0006
