2 1 0.0013
3 1 0.0019
12 1 0.0026
15 1 0.0026
20 1 0.0019
26 1 0.0064
28 1 0.0019
32 1 0.0077
33 1 0.0051
49 1 0.0026
52 1 0.0051
55 1 0.0077
64 1 0.0032
83 1 0.0045
90 1 0.0026
100 1 0.0032
106 1 0.0115
122 1 0.0077
130 1 0.0019
133 1 0.0013
136 1 0.0019
141 1 0.0026
145 1 0.0038
1079 1 0.0019
1558 1 0.0019
1 2 0.0013
3 2 0.0032
205 2 0.0026
1 3 0.0019
2 3 0.0032
4 3 0.0032
204 3 0.0026
207 3 0.0013
1556 3 0.0045
3 4 0.0032
5 4 0.0013
204 4 0.0019
205 4 0.0026
4 5 0.0013
6 5 0.0013
1552 5 0.0006
5 6 0.0013
7 6 0.0019
204 6 0.0026
6 7 0.0019
8 7 0.0032
195 7 0.0019
7 8 0.0032
9 8 0.0102
32 8 0.0115
1555 8 0.0045
8 9 0.0102
10 9 0.0051
209 9 0.009
1557 9 0.0141
9 10 0.0051
11 10 0.0019
188 10 0.0026
10 11 0.0019
211 11 0.0045
213 11 0.0019
1 12 0.0026
13 12 0.0013
16 12 0.0026
20 12 0.0013
12 13 0.0013
14 13 0.0026
17 13 0.0019
180 13 0.0006
345 13 0.0019
13 14 0.0026
172 14 0.0032
181 14 0.0038
182 14 0.0013
337 14 0.0051
345 14 0.0045
1 15 0.0026
16 15 0.0019
158 15 0.0051
340 15 0.0045
12 16 0.0026
15 16 0.0019
17 16 0.0045
340 16 0.0051
13 17 0.0019
16 17 0.0045
18 17 0.0032
17 18 0.0032
19 18 0.0013
340 18 0.0013
346 18 0.0032
18 19 0.0013
166 19 0.0032
346 19 0.0051
1 20 0.0019
12 20 0.0013
21 20 0.0019
206 20 0.0026
20 21 0.0019
22 21 0.0032
179 21 0.0006
21 22 0.0032
23 22 0.0058
187 22 0.0019
22 23 0.0058
24 23 0.0038
206 23 0.0026
23 24 0.0038
187 24 0.0045
1551 24 0.0013
187 25 0.0026
200 25 0.0032
1551 25 0.0032
1553 25 0.0038
1 26 0.0064
27 26 0.0051
1011 26 0.0006
26 27 0.0051
978 27 0.0051
1 28 0.0019
29 28 0.0038
31 28 0.0026
1013 28 0.0006
28 29 0.0038
30 29 0.0038
1013 29 0.0019
29 30 0.0038
31 30 0.0013
1014 30 0.0019
28 31 0.0026
30 31 0.0013
1015 31 0.0051
1017 31 0.0051
1557 31 0.0122
1 32 0.0077
8 32 0.0115
1555 32 0.0013
1557 32 0.0013
1 33 0.0051
34 33 0.0077
39 33 0.0019
33 34 0.0077
35 34 0.009
36 34 0.0006
34 35 0.009
36 35 0.0006
39 35 0.0077
34 36 0.0006
35 36 0.0006
33 39 0.0019
35 39 0.0077
40 39 0.0064
42 39 0.0083
39 40 0.0064
41 40 0.0064
40 41 0.0064
951 41 0.0013
952 41 0.0096
957 41 0.0006
39 42 0.0083
43 42 0.0038
958 42 0.0077
42 43 0.0038
963 43 0.0045
980 43 0.0026
1 49 0.0026
50 49 0.0006
950 49 0.0013
49 50 0.0006
51 50 0.0006
52 50 0.0026
918 50 0.0026
50 51 0.0006
919 51 0.0032
921 51 0.0019
1 52 0.0051
50 52 0.0026
53 52 0.0038
56 52 0.0019
918 52 0.0013
52 53 0.0038
54 53 0.0038
58 53 0.0051
1299 53 0.0038
53 54 0.0038
882 54 0.0064
924 54 0.0045
1 55 0.0077
56 55 0.0026
59 55 0.0045
63 55 0.0058
1078 55 0.0032
52 56 0.0019
55 56 0.0026
57 56 0.0026
56 57 0.0026
861 57 0.0013
865 57 0.0032
1078 57 0.0013
53 58 0.0051
865 58 0.0083
872 58 0.0019
55 59 0.0045
60 59 0.0032
61 59 0.0026
1078 59 0.0013
59 60 0.0032
824 60 0.0051
868 60 0.0013
59 61 0.0026
62 61 0.007
63 61 0.0032
849 61 0.0026
61 62 0.007
804 62 0.0032
845 62 0.0058
55 63 0.0058
61 63 0.0032
1079 63 0.0019
1 64 0.0032
67 64 0.0064
69 64 0.0051
64 67 0.0064
68 67 0.0051
72 67 0.007
67 68 0.0051
793 68 0.0032
1066 68 0.0013
64 69 0.0051
70 69 0.0058
78 69 0.0026
69 70 0.0058
71 70 0.0064
79 70 0.0038
70 71 0.0064
75 71 0.0019
723 71 0.0019
733 71 0.009
67 72 0.007
73 72 0.007
77 72 0.0038
1066 72 0.0013
72 73 0.007
74 73 0.007
73 74 0.007
75 74 0.0083
777 74 0.0019
71 75 0.0019
74 75 0.0083
76 75 0.009
777 75 0.0013
75 76 0.009
733 76 0.009
772 76 0.0045
72 77 0.0038
774 77 0.0032
788 77 0.0032
69 78 0.0026
79 78 0.0026
70 79 0.0038
78 79 0.0026
713 79 0.0032
82 81 0.0013
105 81 0.0006
81 82 0.0013
86 82 0.0038
88 82 0.0032
105 82 0.0026
703 82 0.0038
1 83 0.0045
84 83 0.0038
86 83 0.0026
83 84 0.0038
85 84 0.0013
91 84 0.0045
94 84 0.0026
687 84 0.0038
84 85 0.0013
96 85 0.0051
688 85 0.0045
690 85 0.0058
82 86 0.0038
83 86 0.0026
87 86 0.0013
105 86 0.0013
86 87 0.0013
687 87 0.0026
688 87 0.0032
689 87 0.0019
82 88 0.0032
89 88 0.0051
689 88 0.0038
703 88 0.0006
88 89 0.0051
689 89 0.0013
690 89 0.0064
1077 89 0.0038
1 90 0.0026
91 90 0.0038
92 90 0.0006
84 91 0.0045
90 91 0.0038
92 91 0.0026
90 92 0.0006
91 92 0.0026
93 92 0.0013
92 93 0.0013
94 93 0.0051
97 93 0.0032
84 94 0.0026
93 94 0.0051
95 94 0.0051
99 94 0.0026
94 95 0.0051
96 95 0.0038
642 95 0.009
643 95 0.0013
85 96 0.0051
95 96 0.0038
644 96 0.0006
649 96 0.0058
93 97 0.0032
98 97 0.0058
99 97 0.0006
101 97 0.0045
1558 97 0.0032
97 98 0.0058
629 98 0.0058
630 98 0.0045
94 99 0.0026
97 99 0.0006
642 99 0.0013
1 100 0.0032
101 100 0.0045
1558 100 0.0032
97 101 0.0045
100 101 0.0045
102 101 0.0045
101 102 0.0045
103 102 0.0019
610 102 0.0019
102 103 0.0019
104 103 0.0013
629 103 0.0038
103 104 0.0013
612 104 0.0032
629 104 0.0051
81 105 0.0006
82 105 0.0026
86 105 0.0013
1 106 0.0115
107 106 0.0077
112 106 0.0147
106 107 0.0077
108 107 0.0019
109 107 0.0019
111 107 0.0026
107 108 0.0019
608 108 0.0013
610 108 0.0038
107 109 0.0019
602 109 0.0019
107 111 0.0026
605 111 0.0026
106 112 0.0147
113 112 0.016
117 112 0.0019
112 113 0.016
542 113 0.0051
604 113 0.0179
543 114 0.0032
544 114 0.0013
604 114 0.0199
605 114 0.0141
116 115 0.0109
605 115 0.0109
115 116 0.0109
575 116 0.0013
576 116 0.009
594 116 0.0032
112 117 0.0019
118 117 0.0038
120 117 0.0026
117 118 0.0038
119 118 0.0038
542 118 0.0032
118 119 0.0038
571 119 0.0032
117 120 0.0026
121 120 0.0045
124 120 0.0026
120 121 0.0045
125 121 0.0019
571 121 0.0019
1 122 0.0077
123 122 0.0013
124 122 0.0109
535 122 0.0006
122 123 0.0013
124 123 0.0013
120 124 0.0026
122 124 0.0109
123 124 0.0013
125 124 0.0122
536 124 0.0032
121 125 0.0019
124 125 0.0122
126 125 0.0077
128 125 0.0026
536 125 0.0006
537 125 0.0006
125 126 0.0077
128 126 0.0013
565 126 0.0058
548 127 0.0109
556 127 0.0032
561 127 0.0019
565 127 0.0083
125 128 0.0026
126 128 0.0013
129 128 0.0006
128 129 0.0006
558 129 0.0013
563 129 0.0013
575 129 0.0006
1 130 0.0019
133 130 0.0013
132 131 0.0019
135 131 0.0013
131 132 0.0019
135 132 0.0038
500 132 0.0026
533 132 0.0006
1 133 0.0013
130 133 0.0013
131 135 0.0013
132 135 0.0038
137 135 0.0019
1 136 0.0019
137 136 0.0026
457 136 0.0019
463 136 0.0026
135 137 0.0019
136 137 0.0026
138 137 0.0032
499 137 0.0038
137 138 0.0032
139 138 0.0058
140 138 0.0013
499 138 0.0038
138 139 0.0058
140 139 0.0051
498 139 0.0032
508 139 0.0026
138 140 0.0013
139 140 0.0051
500 140 0.0045
518 140 0.0006
1 141 0.0026
142 141 0.0013
457 141 0.0019
141 142 0.0013
143 142 0.0019
454 142 0.0026
456 142 0.0019
458 142 0.0019
142 143 0.0019
144 143 0.0019
147 143 0.0026
143 144 0.0019
152 144 0.0026
442 144 0.0026
1 145 0.0038
146 145 0.0045
145 146 0.0045
147 146 0.0064
160 146 0.0013
143 147 0.0026
146 147 0.0064
148 147 0.0058
152 147 0.0019
147 148 0.0058
149 148 0.0013
160 148 0.0058
433 148 0.0013
148 149 0.0013
150 149 0.0019
152 149 0.0013
1561 149 0.0019
149 150 0.0019
151 150 0.0032
443 150 0.0019
150 151 0.0032
443 151 0.0013
1561 151 0.0013
144 152 0.0026
147 152 0.0019
149 152 0.0013
442 152 0.0019
154 153 0.0064
161 153 0.009
340 153 0.0045
153 154 0.0064
155 154 0.0064
154 155 0.0064
156 155 0.0045
410 155 0.0051
155 156 0.0045
157 156 0.0026
410 156 0.0006
411 156 0.0019
412 156 0.0013
156 157 0.0026
374 157 0.0019
15 158 0.0051
159 158 0.0019
435 158 0.0026
158 159 0.0019
160 159 0.0019
146 160 0.0013
148 160 0.0058
159 160 0.0019
433 160 0.0013
153 161 0.009
162 161 0.0077
379 161 0.0058
161 162 0.0077
163 162 0.0051
410 162 0.0045
162 163 0.0051
164 163 0.0051
163 164 0.0051
165 164 0.0051
399 164 0.0058
164 165 0.0051
385 165 0.0077
427 165 0.0019
19 166 0.0032
167 166 0.0013
339 166 0.0051
166 167 0.0013
168 167 0.0013
167 168 0.0013
169 168 0.0019
368 168 0.0038
168 169 0.0019
170 169 0.0019
169 170 0.0019
369 170 0.0019
14 172 0.0032
173 172 0.0045
184 172 0.0006
1550 172 0.0045
172 173 0.0045
174 173 0.0058
185 173 0.0013
289 173 0.0038
173 174 0.0058
175 174 0.0058
328 174 0.0032
329 174 0.0045
174 175 0.0058
176 175 0.0051
178 175 0.0019
297 175 0.0077
175 176 0.0051
177 176 0.0006
178 176 0.0019
323 176 0.0026
176 177 0.0006
334 177 0.0045
335 177 0.0013
1155 177 0.0013
175 178 0.0019
176 178 0.0019
21 179 0.0006
180 179 0.0013
187 179 0.0026
13 180 0.0006
179 180 0.0013
181 180 0.0026
14 181 0.0038
180 181 0.0026
182 181 0.0045
14 182 0.0013
181 182 0.0045
183 182 0.0013
201 182 0.0058
1550 182 0.0006
182 183 0.0013
184 183 0.0026
201 183 0.0045
1550 183 0.0058
172 184 0.0006
183 184 0.0026
185 184 0.0013
173 185 0.0013
184 185 0.0013
22 187 0.0019
24 187 0.0045
25 187 0.0026
179 187 0.0026
10 188 0.0026
189 188 0.0026
195 188 0.0032
188 189 0.0026
190 189 0.0038
196 189 0.0032
197 189 0.0032
189 190 0.0038
191 190 0.0026
198 190 0.0045
190 191 0.0026
192 191 0.0045
193 191 0.0013
191 192 0.0045
193 192 0.0058
199 192 0.0045
191 193 0.0013
192 193 0.0058
194 193 0.0032
219 193 0.0013
230 193 0.0045
193 194 0.0032
199 194 0.0006
229 194 0.0019
7 195 0.0019
188 195 0.0032
196 195 0.0019
189 196 0.0032
195 196 0.0019
197 196 0.0006
189 197 0.0032
196 197 0.0006
198 197 0.0019
190 198 0.0045
197 198 0.0019
1553 198 0.0019
192 199 0.0045
194 199 0.0006
202 199 0.0032
25 200 0.0032
201 200 0.0019
202 200 0.0019
182 201 0.0058
183 201 0.0045
200 201 0.0019
199 202 0.0032
200 202 0.0019
203 202 0.0019
202 203 0.0019
295 203 0.0013
3 204 0.0026
4 204 0.0019
6 204 0.0026
2 205 0.0026
4 205 0.0026
206 205 0.0006
20 206 0.0026
23 206 0.0026
205 206 0.0006
3 207 0.0013
1556 207 0.0013
9 209 0.009
210 209 0.007
1032 209 0.0013
209 210 0.007
211 210 0.0064
11 211 0.0045
210 211 0.0064
212 211 0.0064
211 212 0.0064
213 212 0.0032
1030 212 0.0026
11 213 0.0019
212 213 0.0032
214 213 0.0051
215 213 0.0045
1029 213 0.0013
213 214 0.0051
223 214 0.0038
1029 214 0.0019
213 215 0.0045
216 215 0.0026
226 215 0.0051
215 216 0.0026
217 216 0.0026
226 216 0.0032
216 217 0.0026
218 217 0.0051
246 217 0.0006
1549 217 0.0006
217 218 0.0051
220 218 0.0013
245 218 0.0064
1549 218 0.0038
193 219 0.0013
220 219 0.0019
1549 219 0.0026
218 220 0.0013
219 220 0.0019
221 220 0.0019
245 220 0.0045
220 221 0.0019
222 221 0.0064
235 221 0.0064
221 222 0.0064
228 222 0.0026
239 222 0.007
242 222 0.0032
214 223 0.0038
224 223 0.0032
223 224 0.0032
225 224 0.0058
263 224 0.0019
224 225 0.0058
251 225 0.0058
256 225 0.0013
261 225 0.0019
215 226 0.0051
216 226 0.0032
227 226 0.0058
226 227 0.0058
251 227 0.009
1344 227 0.0064
222 228 0.0026
242 228 0.0013
244 228 0.0026
1344 228 0.0045
194 229 0.0019
230 229 0.0051
276 229 0.0013
295 229 0.0019
193 230 0.0045
229 230 0.0051
232 231 0.0013
272 231 0.0019
231 232 0.0013
233 232 0.0006
272 232 0.0026
232 233 0.0006
274 233 0.0026
1345 233 0.0013
221 235 0.0064
236 235 0.007
237 235 0.0013
235 236 0.007
1132 236 0.0083
1345 236 0.0019
235 237 0.0013
1130 237 0.0006
222 239 0.007
240 239 0.0064
241 239 0.0026
239 240 0.0064
1128 240 0.007
1131 240 0.0013
239 241 0.0026
1126 241 0.0032
1127 241 0.0026
222 242 0.0032
228 242 0.0013
1124 242 0.0013
228 244 0.0026
1123 244 0.0026
218 245 0.0064
220 245 0.0045
246 245 0.0013
217 246 0.0006
245 246 0.0013
225 251 0.0058
227 251 0.009
252 251 0.0038
256 251 0.0026
271 251 0.0013
251 252 0.0038
253 252 0.0026
258 252 0.0013
1343 252 0.0026
252 253 0.0026
254 253 0.0026
253 254 0.0026
1123 254 0.0026
225 256 0.0013
251 256 0.0026
1342 256 0.0006
252 258 0.0013
259 258 0.0013
1343 258 0.0032
258 259 0.0013
1342 259 0.0013
225 261 0.0019
262 261 0.0019
261 262 0.0019
263 262 0.0019
224 263 0.0019
262 263 0.0019
251 271 0.0013
1344 271 0.0019
231 272 0.0019
232 272 0.0026
273 272 0.0013
1141 272 0.0006
272 273 0.0013
274 273 0.0032
275 273 0.0013
233 274 0.0026
273 274 0.0032
1347 274 0.0038
273 275 0.0013
1133 275 0.0013
1347 275 0.0032
229 276 0.0013
277 276 0.0026
293 276 0.0006
276 277 0.0026
278 277 0.0045
284 277 0.0051
277 278 0.0045
279 278 0.0051
1141 278 0.0013
278 279 0.0051
280 279 0.0013
286 279 0.007
279 280 0.0013
281 280 0.0006
283 280 0.0019
286 280 0.0032
1141 280 0.0013
280 281 0.0006
282 281 0.0013
283 281 0.0026
281 282 0.0013
283 282 0.0032
1134 282 0.0013
1352 282 0.0032
280 283 0.0019
281 283 0.0026
282 283 0.0032
1133 283 0.0026
277 284 0.0051
285 284 0.0051
293 284 0.0032
284 285 0.0051
423 285 0.0032
1354 285 0.0051
279 286 0.007
280 286 0.0032
1138 286 0.0013
1354 286 0.0032
1355 286 0.0013
173 289 0.0038
290 289 0.0032
289 290 0.0032
291 290 0.0013
300 290 0.0051
290 291 0.0013
292 291 0.0026
296 291 0.0013
300 291 0.0026
291 292 0.0026
293 292 0.0013
296 292 0.0019
276 293 0.0006
284 293 0.0032
292 293 0.0013
423 293 0.0026
203 295 0.0013
229 295 0.0019
291 296 0.0013
292 296 0.0019
175 297 0.0077
298 297 0.0051
300 297 0.0045
297 298 0.0051
299 298 0.0051
322 298 0.0026
423 298 0.0026
298 299 0.0051
301 299 0.0032
306 299 0.0013
290 300 0.0051
291 300 0.0026
297 300 0.0045
299 301 0.0032
302 301 0.0038
311 301 0.0026
422 301 0.0109
301 302 0.0038
303 302 0.0058
305 302 0.0013
302 303 0.0058
304 303 0.0013
1145 303 0.0038
303 304 0.0013
1140 304 0.0026
1143 304 0.0006
302 305 0.0013
1139 305 0.0051
1140 305 0.0013
1363 305 0.0013
299 306 0.0013
307 306 0.0013
423 306 0.0032
306 307 0.0013
1354 307 0.0013
301 311 0.0026
319 311 0.0026
316 315 0.0102
421 315 0.0019
422 315 0.0115
315 316 0.0102
317 316 0.0109
319 316 0.0045
420 316 0.0026
316 317 0.0109
318 317 0.0122
1148 317 0.0045
317 318 0.0122
1149 318 0.009
1152 318 0.0064
311 319 0.0026
316 319 0.0045
320 319 0.0013
319 320 0.0013
1147 320 0.0013
298 322 0.0026
323 322 0.0013
325 322 0.0006
176 323 0.0026
322 323 0.0013
324 323 0.0006
323 324 0.0006
325 324 0.0006
327 324 0.0019
322 325 0.0006
324 325 0.0006
324 327 0.0019
422 327 0.0032
1155 327 0.0006
174 328 0.0032
329 328 0.0013
330 328 0.0006
174 329 0.0045
328 329 0.0013
330 329 0.0026
328 330 0.0006
329 330 0.0026
331 330 0.0013
330 331 0.0013
332 331 0.0019
333 331 0.0026
331 332 0.0019
334 332 0.0026
365 332 0.0032
331 333 0.0026
350 333 0.0051
365 333 0.0019
177 334 0.0045
332 334 0.0026
335 334 0.0013
177 335 0.0013
334 335 0.0013
14 337 0.0051
339 337 0.0051
166 339 0.0051
337 339 0.0051
347 339 0.0051
15 340 0.0045
16 340 0.0051
18 340 0.0013
153 340 0.0045
13 345 0.0019
14 345 0.0045
346 345 0.0026
18 346 0.0032
19 346 0.0051
345 346 0.0026
339 347 0.0051
348 347 0.0064
366 347 0.0006
347 348 0.0064
349 348 0.0045
355 348 0.0064
348 349 0.0045
350 349 0.0026
355 349 0.0013
333 350 0.0051
349 350 0.0026
351 350 0.0019
362 350 0.0064
350 351 0.0019
352 351 0.0026
354 351 0.0026
351 352 0.0026
353 352 0.0026
354 352 0.0026
361 352 0.0026
352 353 0.0026
1162 353 0.0032
1173 353 0.0038
351 354 0.0026
352 354 0.0026
358 354 0.0013
348 355 0.0064
349 355 0.0013
356 355 0.0032
367 355 0.0045
355 356 0.0032
357 356 0.0006
367 356 0.0013
356 357 0.0006
375 357 0.0006
354 358 0.0013
359 358 0.0006
358 359 0.0006
360 359 0.0013
361 359 0.0026
359 360 0.0013
361 360 0.0032
1173 360 0.0013
352 361 0.0026
359 361 0.0026
360 361 0.0032
350 362 0.0064
363 362 0.0038
365 362 0.0058
362 363 0.0038
364 363 0.0058
1162 363 0.0038
363 364 0.0058
1155 364 0.0026
1157 364 0.0051
332 365 0.0032
333 365 0.0019
362 365 0.0058
347 366 0.0006
367 366 0.0032
368 366 0.0019
355 367 0.0045
356 367 0.0013
366 367 0.0032
369 367 0.0038
168 368 0.0038
366 368 0.0019
369 368 0.0064
170 369 0.0019
367 369 0.0038
368 369 0.0064
157 374 0.0019
375 374 0.0045
376 374 0.0064
409 374 0.0013
357 375 0.0006
374 375 0.0045
378 375 0.0013
1174 375 0.0013
374 376 0.0064
377 376 0.007
1566 376 0.0038
376 377 0.007
378 377 0.0032
407 377 0.0032
375 378 0.0013
377 378 0.0032
1564 378 0.0013
161 379 0.0058
380 379 0.0051
441 379 0.0051
379 380 0.0051
381 380 0.0026
386 380 0.0019
380 381 0.0026
382 381 0.0032
381 382 0.0032
383 382 0.0058
428 382 0.0032
382 383 0.0058
384 383 0.0051
388 383 0.0051
383 384 0.0051
385 384 0.007
427 384 0.0026
165 385 0.0077
384 385 0.007
403 385 0.0026
426 385 0.0019
380 386 0.0019
441 386 0.0019
383 388 0.0051
389 388 0.0051
449 388 0.0058
388 389 0.0051
390 389 0.0064
397 389 0.0058
389 390 0.0064
391 390 0.0064
452 390 0.0032
390 391 0.0064
392 391 0.0051
451 391 0.0026
452 391 0.0013
391 392 0.0051
394 392 0.0051
392 394 0.0051
396 394 0.0051
394 396 0.0051
397 396 0.0032
1563 396 0.0013
389 397 0.0058
396 397 0.0032
1070 397 0.0019
164 399 0.0058
400 399 0.0032
402 399 0.0058
399 400 0.0032
401 400 0.0019
415 400 0.0006
400 401 0.0019
409 401 0.0013
399 402 0.0058
403 402 0.0064
409 402 0.0038
385 403 0.0026
402 403 0.0064
404 403 0.0032
403 404 0.0032
405 404 0.0038
404 405 0.0038
406 405 0.0013
1420 405 0.0058
405 406 0.0013
1188 406 0.0019
1420 406 0.0038
377 407 0.0032
408 407 0.0032
1566 407 0.0045
407 408 0.0032
1176 408 0.0026
1420 408 0.0064
374 409 0.0013
401 409 0.0013
402 409 0.0038
1566 409 0.0038
155 410 0.0051
156 410 0.0006
162 410 0.0045
411 410 0.0013
156 411 0.0019
410 411 0.0013
412 411 0.0032
414 411 0.0026
156 412 0.0013
411 412 0.0032
417 412 0.0013
411 414 0.0026
415 414 0.0006
417 414 0.0013
400 415 0.0006
414 415 0.0006
412 417 0.0013
414 417 0.0013
316 420 0.0026
1152 420 0.0019
315 421 0.0019
422 421 0.0013
301 422 0.0109
315 422 0.0115
327 422 0.0032
421 422 0.0013
285 423 0.0032
293 423 0.0026
298 423 0.0026
306 423 0.0032
426 424 0.0013
1188 424 0.0019
385 426 0.0019
424 426 0.0013
1069 426 0.0038
165 427 0.0019
384 427 0.0026
382 428 0.0032
429 428 0.0013
444 428 0.0038
428 429 0.0013
1559 429 0.0006
148 433 0.0013
160 433 0.0013
158 435 0.0026
441 435 0.0026
379 441 0.0051
386 441 0.0019
435 441 0.0026
144 442 0.0026
152 442 0.0019
443 442 0.0032
456 442 0.0038
150 443 0.0019
151 443 0.0013
442 443 0.0032
456 443 0.0013
490 443 0.0006
428 444 0.0038
445 444 0.0019
450 444 0.0038
444 445 0.0019
446 445 0.0026
447 445 0.0006
448 445 0.0013
445 446 0.0026
485 446 0.0045
1560 446 0.0006
445 447 0.0006
483 447 0.0026
484 447 0.0013
485 447 0.0038
445 448 0.0013
451 448 0.0026
1192 448 0.0019
1563 448 0.0032
388 449 0.0058
450 449 0.0038
452 449 0.0013
444 450 0.0038
449 450 0.0038
451 450 0.0019
391 451 0.0026
448 451 0.0026
450 451 0.0019
390 452 0.0032
391 452 0.0013
449 452 0.0013
142 454 0.0026
458 454 0.0013
459 454 0.0006
142 456 0.0019
442 456 0.0038
443 456 0.0013
459 456 0.0013
491 456 0.0013
136 457 0.0019
141 457 0.0019
142 458 0.0019
454 458 0.0013
454 459 0.0006
456 459 0.0013
136 463 0.0026
464 463 0.0045
476 463 0.0013
463 464 0.0045
465 464 0.0019
476 464 0.0019
464 465 0.0019
466 465 0.0038
467 465 0.0013
499 465 0.0045
465 466 0.0038
467 466 0.0026
498 466 0.0006
465 467 0.0013
466 467 0.0026
468 467 0.0032
477 467 0.0019
467 468 0.0032
469 468 0.0006
493 468 0.0032
494 468 0.0006
468 469 0.0006
470 469 0.0032
473 469 0.0019
498 469 0.0019
469 470 0.0032
471 470 0.0019
527 470 0.0006
470 471 0.0019
473 471 0.0019
469 473 0.0019
471 473 0.0019
463 476 0.0013
464 476 0.0019
477 476 0.0013
491 476 0.0006
467 477 0.0019
476 477 0.0013
478 477 0.0013
491 477 0.0058
477 478 0.0013
479 478 0.0038
486 478 0.0013
490 478 0.0019
491 478 0.0064
478 479 0.0038
480 479 0.0038
493 479 0.0045
479 480 0.0038
481 480 0.0026
1559 480 0.0019
480 481 0.0026
482 481 0.0026
493 481 0.0032
1189 481 0.0026
1562 481 0.0013
481 482 0.0026
483 482 0.0032
485 482 0.0032
1560 482 0.0026
447 483 0.0026
482 483 0.0032
484 483 0.0026
447 484 0.0013
483 484 0.0026
1190 484 0.0019
446 485 0.0045
447 485 0.0038
482 485 0.0032
1560 485 0.0038
478 486 0.0013
487 486 0.0013
486 487 0.0013
1559 487 0.0013
443 490 0.0006
478 490 0.0019
491 490 0.0006
456 491 0.0013
476 491 0.0006
477 491 0.0058
478 491 0.0064
490 491 0.0006
468 493 0.0032
479 493 0.0045
481 493 0.0032
468 494 0.0006
495 494 0.0026
496 494 0.0013
494 495 0.0026
496 495 0.0013
1192 495 0.0006
494 496 0.0013
495 496 0.0013
139 498 0.0032
466 498 0.0006
469 498 0.0019
137 499 0.0038
138 499 0.0038
465 499 0.0045
132 500 0.0026
140 500 0.0045
501 500 0.0038
500 501 0.0038
502 501 0.0051
518 501 0.0064
547 501 0.0026
501 502 0.0051
503 502 0.0058
568 502 0.0038
502 503 0.0058
504 503 0.0064
523 503 0.0064
524 503 0.0019
503 504 0.0064
505 504 0.0051
562 504 0.0019
504 505 0.0051
506 505 0.0026
524 505 0.0019
505 506 0.0026
551 506 0.0026
139 508 0.0026
509 508 0.0013
518 508 0.0006
508 509 0.0013
510 509 0.0032
531 509 0.0026
509 510 0.0032
511 510 0.0019
527 510 0.0006
510 511 0.0019
512 511 0.0045
514 511 0.0019
511 512 0.0045
515 512 0.0045
511 514 0.0019
515 514 0.0058
1212 514 0.0038
1214 514 0.0051
512 515 0.0045
514 515 0.0058
1212 515 0.0006
140 518 0.0006
501 518 0.0064
508 518 0.0006
519 518 0.0038
518 519 0.0038
520 519 0.0019
523 519 0.0051
519 520 0.0019
521 520 0.0013
531 520 0.0038
520 521 0.0013
525 521 0.0038
531 521 0.0058
503 523 0.0064
519 523 0.0051
525 523 0.0045
503 524 0.0019
505 524 0.0019
521 525 0.0038
523 525 0.0045
1214 525 0.0051
470 527 0.0006
510 527 0.0006
509 531 0.0026
520 531 0.0038
521 531 0.0058
132 533 0.0006
547 533 0.0006
122 535 0.0006
536 535 0.0019
537 535 0.0006
124 536 0.0032
125 536 0.0006
535 536 0.0019
125 537 0.0006
535 537 0.0006
113 542 0.0051
118 542 0.0032
543 542 0.0013
114 543 0.0032
542 543 0.0013
604 543 0.0013
114 544 0.0013
545 544 0.0026
546 544 0.0019
544 545 0.0026
546 545 0.0013
571 545 0.0006
544 546 0.0019
545 546 0.0013
501 547 0.0026
533 547 0.0006
568 547 0.0013
127 548 0.0109
549 548 0.0026
553 548 0.0115
548 549 0.0026
550 549 0.0077
551 549 0.0026
1225 549 0.0026
549 550 0.0077
1216 550 0.0026
1219 550 0.0045
506 551 0.0026
549 551 0.0026
548 553 0.0115
554 553 0.0096
1222 553 0.0013
553 554 0.0096
555 554 0.0096
554 555 0.0096
556 555 0.0032
1228 555 0.0058
127 556 0.0032
555 556 0.0032
129 558 0.0013
563 558 0.0013
127 561 0.0019
565 561 0.0013
504 562 0.0019
566 562 0.0013
129 563 0.0013
558 563 0.0013
126 565 0.0058
127 565 0.0083
561 565 0.0013
562 566 0.0013
568 566 0.0019
502 568 0.0038
547 568 0.0013
566 568 0.0019
119 571 0.0032
121 571 0.0019
545 571 0.0006
116 575 0.0013
129 575 0.0006
587 575 0.0026
116 576 0.009
577 576 0.0135
592 576 0.0038
576 577 0.0135
578 577 0.0128
586 577 0.0051
577 578 0.0128
580 578 0.0058
581 578 0.0019
590 578 0.0038
580 579 0.0077
1233 579 0.0058
1236 579 0.0013
578 580 0.0058
579 580 0.0077
1236 580 0.0013
578 581 0.0019
582 581 0.0038
584 581 0.0013
581 582 0.0038
583 582 0.0026
586 582 0.0032
582 583 0.0026
586 583 0.0006
1231 583 0.0013
581 584 0.0013
1231 584 0.0013
577 586 0.0051
582 586 0.0032
583 586 0.0006
587 586 0.0026
575 587 0.0026
586 587 0.0026
578 590 0.0038
591 590 0.0006
592 590 0.0026
1239 590 0.0013
1240 590 0.0013
590 591 0.0006
593 591 0.0013
1241 591 0.0026
576 592 0.0038
590 592 0.0026
593 592 0.0032
596 592 0.0019
591 593 0.0013
592 593 0.0032
1241 593 0.0051
116 594 0.0032
602 594 0.0019
627 594 0.0006
592 596 0.0019
597 596 0.0019
596 597 0.0019
1508 597 0.0019
109 602 0.0019
594 602 0.0019
113 604 0.0179
114 604 0.0199
543 604 0.0013
111 605 0.0026
114 605 0.0141
115 605 0.0109
108 608 0.0013
610 608 0.0013
102 610 0.0019
108 610 0.0038
608 610 0.0013
104 612 0.0032
613 612 0.0019
630 612 0.0006
612 613 0.0019
615 613 0.0032
621 613 0.0019
613 615 0.0032
616 615 0.0051
621 615 0.0051
615 616 0.0051
617 616 0.0038
627 616 0.0006
616 617 0.0038
618 617 0.0019
621 617 0.0013
617 618 0.0019
619 618 0.0006
1246 618 0.0026
1247 618 0.0038
618 619 0.0006
1245 619 0.0013
1246 619 0.0006
1508 619 0.0013
613 621 0.0019
615 621 0.0051
617 621 0.0013
622 621 0.0019
621 622 0.0019
1249 622 0.0013
594 627 0.0006
616 627 0.0006
98 629 0.0058
103 629 0.0038
104 629 0.0051
98 630 0.0045
612 630 0.0006
631 630 0.0032
630 631 0.0032
632 631 0.0058
640 631 0.0026
631 632 0.0058
633 632 0.0038
646 632 0.0051
632 633 0.0038
634 633 0.0013
636 633 0.0019
633 634 0.0013
635 634 0.0013
634 635 0.0013
1040 635 0.0013
633 636 0.0019
640 636 0.0026
631 640 0.0026
636 640 0.0026
95 642 0.009
99 642 0.0013
643 642 0.007
95 643 0.0013
642 643 0.007
644 643 0.0058
96 644 0.0006
643 644 0.0058
645 644 0.0051
656 644 0.0038
644 645 0.0051
646 645 0.0058
632 646 0.0051
645 646 0.0058
647 646 0.0051
646 647 0.0051
648 647 0.0064
702 647 0.0019
647 648 0.0064
656 648 0.0038
663 648 0.0038
702 648 0.0013
96 649 0.0058
650 649 0.0032
652 649 0.0026
690 649 0.0006
701 649 0.0013
649 650 0.0032
651 650 0.0013
701 650 0.0013
650 651 0.0013
660 651 0.0026
676 651 0.0032
649 652 0.0026
653 652 0.0026
692 652 0.0019
693 652 0.0019
652 653 0.0026
654 653 0.0006
693 653 0.0013
653 654 0.0006
655 654 0.0019
694 654 0.0032
654 655 0.0019
678 655 0.0019
644 656 0.0038
648 656 0.0038
657 656 0.0032
666 656 0.0019
676 656 0.0013
656 657 0.0032
658 657 0.0058
663 657 0.0019
657 658 0.0058
668 658 0.0006
1262 658 0.007
669 659 0.0045
670 659 0.0026
1262 659 0.0038
651 660 0.0026
661 660 0.0026
677 660 0.0019
682 660 0.0019
660 661 0.0026
684 661 0.0019
648 663 0.0038
657 663 0.0019
664 663 0.0064
1035 663 0.0058
1038 663 0.0058
1262 663 0.0051
663 664 0.0064
665 664 0.007
664 665 0.007
1033 665 0.0077
1256 665 0.0051
1257 665 0.0013
656 666 0.0019
667 666 0.0026
675 666 0.0013
666 667 0.0026
668 667 0.0013
675 667 0.0006
658 668 0.0006
667 668 0.0013
669 668 0.0026
659 669 0.0045
668 669 0.0026
670 669 0.0013
659 670 0.0026
669 670 0.0013
671 670 0.0006
670 671 0.0006
1257 671 0.0019
1516 671 0.0032
666 675 0.0013
667 675 0.0006
651 676 0.0032
656 676 0.0013
677 676 0.0026
660 677 0.0019
676 677 0.0026
655 678 0.0019
698 678 0.0019
660 682 0.0019
684 682 0.0019
661 684 0.0019
682 684 0.0019
84 687 0.0038
87 687 0.0026
688 687 0.0045
85 688 0.0045
87 688 0.0032
687 688 0.0045
87 689 0.0019
88 689 0.0038
89 689 0.0013
85 690 0.0058
89 690 0.0064
649 690 0.0006
691 690 0.0013
690 691 0.0013
692 691 0.0013
1077 691 0.0032
652 692 0.0019
691 692 0.0013
652 693 0.0019
653 693 0.0013
654 694 0.0032
695 694 0.0038
708 694 0.0026
694 695 0.0038
696 695 0.0038
708 695 0.0032
695 696 0.0038
698 696 0.0032
707 696 0.0026
678 698 0.0019
696 698 0.0032
710 698 0.0006
649 701 0.0013
650 701 0.0013
647 702 0.0019
648 702 0.0013
82 703 0.0038
88 703 0.0006
704 703 0.0038
1076 703 0.0019
703 704 0.0038
705 704 0.0019
1076 704 0.0013
704 705 0.0019
706 705 0.0038
709 705 0.0038
705 706 0.0038
707 706 0.0045
708 706 0.0026
712 706 0.0032
696 707 0.0026
706 707 0.0045
712 707 0.0013
694 708 0.0026
695 708 0.0032
706 708 0.0026
705 709 0.0038
710 709 0.0006
712 709 0.0013
721 709 0.0006
698 710 0.0006
709 710 0.0006
706 712 0.0032
707 712 0.0013
709 712 0.0013
79 713 0.0032
714 713 0.0051
715 713 0.0013
713 714 0.0051
715 714 0.0051
720 714 0.0045
713 715 0.0013
714 715 0.0051
716 715 0.0026
715 716 0.0026
717 716 0.0038
723 716 0.0032
716 717 0.0038
718 717 0.0032
736 717 0.0045
1051 717 0.0006
1523 717 0.0038
717 718 0.0032
719 718 0.0032
718 719 0.0032
731 719 0.0013
732 719 0.0045
714 720 0.0045
721 720 0.0064
737 720 0.0026
709 721 0.0006
720 721 0.0064
722 721 0.0038
736 721 0.007
721 722 0.0038
726 722 0.0026
729 722 0.0045
71 723 0.0019
716 723 0.0032
1523 723 0.0032
722 726 0.0026
727 726 0.0006
730 726 0.0013
726 727 0.0006
728 727 0.0006
727 728 0.0006
743 728 0.0026
1264 728 0.0013
722 729 0.0045
730 729 0.0019
731 729 0.0006
732 729 0.0032
726 730 0.0013
729 730 0.0019
719 731 0.0013
729 731 0.0006
732 731 0.0019
719 732 0.0045
729 732 0.0032
731 732 0.0019
71 733 0.009
76 733 0.009
734 733 0.0045
733 734 0.0045
735 734 0.0045
784 734 0.0032
1072 734 0.0006
734 735 0.0045
738 735 0.0045
748 735 0.0058
750 735 0.0038
1073 735 0.0013
717 736 0.0045
721 736 0.007
737 736 0.0019
720 737 0.0026
736 737 0.0019
735 738 0.0045
739 738 0.0038
1073 738 0.0026
738 739 0.0038
740 739 0.0038
748 739 0.0038
1072 739 0.0026
739 740 0.0038
741 740 0.0026
1051 740 0.0006
740 741 0.0026
742 741 0.0006
746 741 0.0032
747 741 0.0051
749 741 0.0064
741 742 0.0006
743 742 0.0013
746 742 0.0026
728 743 0.0026
742 743 0.0013
744 743 0.0045
743 744 0.0045
745 744 0.0026
1266 744 0.0013
744 745 0.0026
746 745 0.0038
747 745 0.0051
755 745 0.0038
1268 745 0.0019
741 746 0.0032
742 746 0.0026
745 746 0.0038
741 747 0.0051
745 747 0.0051
735 748 0.0058
739 748 0.0038
749 748 0.0077
741 749 0.0064
748 749 0.0077
751 749 0.0006
735 750 0.0038
751 750 0.0045
753 750 0.0026
749 751 0.0006
750 751 0.0045
752 751 0.0058
753 751 0.0058
751 752 0.0058
753 752 0.0006
757 752 0.0045
759 752 0.0019
1528 752 0.0006
750 753 0.0026
751 753 0.0058
752 753 0.0006
754 753 0.0032
753 754 0.0032
758 754 0.0006
763 754 0.0019
745 755 0.0038
756 755 0.0032
1528 755 0.0013
755 756 0.0032
760 756 0.0064
1271 756 0.0006
1272 756 0.0013
752 757 0.0045
758 757 0.0045
762 757 0.0045
754 758 0.0006
757 758 0.0045
767 758 0.0026
1277 758 0.0038
752 759 0.0019
1274 759 0.0013
756 760 0.0064
1272 760 0.0051
757 762 0.0045
1274 762 0.0032
1277 762 0.0045
1529 762 0.0032
754 763 0.0019
765 763 0.0006
767 763 0.0006
763 765 0.0006
1288 765 0.0006
758 767 0.0026
763 767 0.0006
1279 767 0.0013
76 772 0.0045
773 772 0.0013
781 772 0.0032
784 772 0.0064
772 773 0.0013
774 773 0.0013
77 774 0.0032
773 774 0.0013
788 774 0.0013
74 777 0.0019
75 777 0.0013
772 781 0.0032
782 781 0.0026
781 782 0.0026
1059 782 0.0026
784 783 0.0051
785 783 0.0026
1059 783 0.0038
734 784 0.0032
772 784 0.0064
783 784 0.0051
783 785 0.0026
786 785 0.0045
787 785 0.0013
785 786 0.0045
787 786 0.0013
789 786 0.0032
790 786 0.0026
785 787 0.0013
786 787 0.0013
77 788 0.0032
774 788 0.0013
805 788 0.0006
786 789 0.0032
790 789 0.0038
811 789 0.0019
1059 789 0.0006
786 790 0.0026
789 790 0.0038
791 790 0.0032
790 791 0.0032
792 791 0.0038
797 791 0.0026
814 791 0.0019
791 792 0.0038
797 792 0.0013
800 792 0.0064
802 792 0.0013
1058 792 0.0019
68 793 0.0032
804 793 0.0032
791 797 0.0026
792 797 0.0013
798 797 0.0006
797 798 0.0006
1534 798 0.0006
792 800 0.0064
801 800 0.007
802 800 0.0013
1290 800 0.0006
1534 800 0.0032
800 801 0.007
1288 801 0.0032
1290 801 0.0032
792 802 0.0013
800 802 0.0013
62 804 0.0032
793 804 0.0032
805 804 0.0019
788 805 0.0006
804 805 0.0019
806 805 0.0038
817 805 0.0026
805 806 0.0038
807 806 0.0006
810 806 0.0026
806 807 0.0006
808 807 0.0026
827 807 0.0013
807 808 0.0026
809 808 0.0032
822 808 0.0051
1058 808 0.0006
808 809 0.0032
818 809 0.0006
823 809 0.0032
1292 809 0.0006
806 810 0.0026
811 810 0.0026
789 811 0.0019
810 811 0.0026
814 811 0.0019
817 811 0.0026
791 814 0.0019
811 814 0.0019
805 817 0.0026
811 817 0.0026
809 818 0.0006
819 818 0.0045
823 818 0.0032
1057 818 0.0038
818 819 0.0045
820 819 0.0058
1535 819 0.0019
819 820 0.0058
821 820 0.0038
1291 820 0.0013
820 821 0.0038
829 821 0.0006
1057 821 0.0026
808 822 0.0051
823 822 0.0045
827 822 0.0051
809 823 0.0032
818 823 0.0032
822 823 0.0045
60 824 0.0051
825 824 0.0038
854 824 0.007
1541 824 0.0083
824 825 0.0038
826 825 0.0013
836 825 0.0013
855 825 0.0038
825 826 0.0013
827 826 0.0006
846 826 0.0026
807 827 0.0013
822 827 0.0051
826 827 0.0006
828 827 0.0019
827 828 0.0019
829 828 0.0006
1057 828 0.0006
821 829 0.0006
828 829 0.0006
825 836 0.0013
856 836 0.0013
62 845 0.0058
846 845 0.0026
850 845 0.0026
826 846 0.0026
845 846 0.0026
61 849 0.0026
850 849 0.0026
845 850 0.0026
849 850 0.0026
824 854 0.007
855 854 0.0064
825 855 0.0038
854 855 0.0064
856 855 0.0045
857 855 0.0019
836 856 0.0013
855 856 0.0045
859 856 0.0013
1537 856 0.0006
855 857 0.0019
858 857 0.0013
877 857 0.0026
857 858 0.0013
877 858 0.0006
856 859 0.0013
878 859 0.0006
57 861 0.0013
862 861 0.0013
861 862 0.0013
867 862 0.0013
57 865 0.0032
58 865 0.0083
866 865 0.0096
867 865 0.0083
865 866 0.0096
872 866 0.0096
862 867 0.0013
865 867 0.0083
868 867 0.0064
60 868 0.0013
867 868 0.0064
1540 868 0.0013
1541 868 0.0102
58 872 0.0019
866 872 0.0096
873 872 0.0051
1299 872 0.0013
872 873 0.0051
874 873 0.007
876 873 0.0013
873 874 0.007
875 874 0.0019
876 874 0.009
880 874 0.0013
887 874 0.0019
874 875 0.0019
886 875 0.0013
873 876 0.0013
874 876 0.009
877 876 0.0019
878 876 0.0045
857 877 0.0026
858 877 0.0006
876 877 0.0019
859 878 0.0006
876 878 0.0045
880 878 0.0019
1537 878 0.0006
874 880 0.0013
878 880 0.0019
54 882 0.0064
883 882 0.0026
909 882 0.0032
882 883 0.0026
884 883 0.0051
896 883 0.0019
883 884 0.0051
885 884 0.0038
887 884 0.0019
1299 884 0.0019
884 885 0.0038
886 885 0.0013
888 885 0.0019
1300 885 0.0045
875 886 0.0013
885 886 0.0013
887 886 0.0032
874 887 0.0019
884 887 0.0019
886 887 0.0032
885 888 0.0019
892 888 0.0019
888 892 0.0019
893 892 0.0006
902 892 0.0032
892 893 0.0006
902 893 0.0006
883 896 0.0019
897 896 0.0013
1300 896 0.0038
896 897 0.0013
898 897 0.0019
1300 897 0.0038
897 898 0.0019
899 898 0.0013
902 898 0.0038
898 899 0.0013
900 899 0.0013
902 899 0.0013
907 899 0.0013
899 900 0.0013
907 900 0.0013
892 902 0.0032
893 902 0.0006
898 902 0.0038
899 902 0.0013
899 907 0.0013
900 907 0.0013
882 909 0.0032
910 909 0.0032
909 910 0.0032
911 910 0.0032
910 911 0.0032
912 911 0.0045
936 911 0.0083
911 912 0.0045
1301 912 0.0045
937 913 0.0064
940 913 0.0058
1301 913 0.0051
50 918 0.0026
52 918 0.0013
919 918 0.0006
51 919 0.0032
918 919 0.0006
920 919 0.0019
919 920 0.0019
921 920 0.0019
51 921 0.0019
920 921 0.0019
54 924 0.0045
925 924 0.0045
927 924 0.007
924 925 0.0045
948 925 0.0045
924 927 0.007
928 927 0.0096
942 927 0.0032
927 928 0.0096
929 928 0.0045
936 928 0.0083
928 929 0.0045
930 929 0.0045
936 929 0.0032
929 930 0.0045
931 930 0.0026
933 930 0.0013
930 931 0.0026
944 931 0.0026
930 933 0.0013
934 933 0.0032
935 933 0.0013
933 934 0.0032
935 934 0.0038
1301 934 0.0038
933 935 0.0013
934 935 0.0038
940 935 0.0019
911 936 0.0083
928 936 0.0083
929 936 0.0032
913 937 0.0064
1089 937 0.0064
913 940 0.0058
935 940 0.0019
1095 940 0.0032
927 942 0.0032
943 942 0.0019
944 942 0.0045
942 943 0.0019
944 943 0.0013
945 943 0.0019
946 943 0.0013
931 944 0.0026
942 944 0.0045
943 944 0.0013
943 945 0.0019
946 945 0.0019
943 946 0.0013
945 946 0.0019
925 948 0.0045
949 948 0.0032
970 948 0.0051
1103 948 0.0038
948 949 0.0032
1096 949 0.0032
49 950 0.0013
951 950 0.0013
41 951 0.0013
950 951 0.0013
952 951 0.0032
41 952 0.0096
951 952 0.0032
953 952 0.0013
957 952 0.0038
952 953 0.0013
954 953 0.0013
953 954 0.0013
955 954 0.0045
1545 954 0.0026
954 955 0.0045
1546 955 0.0045
1547 955 0.0032
41 957 0.0006
952 957 0.0038
958 957 0.0019
42 958 0.0077
957 958 0.0019
959 958 0.0064
963 958 0.0045
958 959 0.0064
960 959 0.0038
963 959 0.0013
959 960 0.0038
961 960 0.0051
1545 960 0.0006
960 961 0.0051
970 961 0.0013
992 961 0.0019
1546 961 0.0122
1547 961 0.0013
43 963 0.0045
958 963 0.0045
959 963 0.0013
964 963 0.0038
963 964 0.0038
965 964 0.0045
985 964 0.0038
964 965 0.0045
966 965 0.0019
971 965 0.0019
965 966 0.0019
967 966 0.0013
1109 966 0.0013
966 967 0.0013
968 967 0.0026
994 967 0.0019
967 968 0.0026
1001 968 0.0026
1002 968 0.0032
948 970 0.0051
961 970 0.0013
1546 970 0.007
965 971 0.0019
972 971 0.0006
985 971 0.0032
971 972 0.0006
973 972 0.0006
985 972 0.0019
972 973 0.0006
974 973 0.0006
986 973 0.0019
973 974 0.0006
975 974 0.0019
987 974 0.0032
974 975 0.0019
976 975 0.0019
975 976 0.0019
987 976 0.0026
978 977 0.0045
998 977 0.0038
27 978 0.0051
977 978 0.0045
43 980 0.0026
981 980 0.0038
988 980 0.0019
980 981 0.0038
982 981 0.0019
988 981 0.0013
981 982 0.0019
983 982 0.0038
985 982 0.0051
982 983 0.0038
984 983 0.0051
986 983 0.0006
983 984 0.0051
985 984 0.0019
986 984 0.0026
964 985 0.0038
971 985 0.0032
972 985 0.0019
982 985 0.0051
984 985 0.0019
973 986 0.0019
983 986 0.0006
984 986 0.0026
987 986 0.0013
974 987 0.0032
976 987 0.0026
986 987 0.0013
980 988 0.0019
981 988 0.0013
996 991 0.0013
1102 991 0.0045
1107 991 0.0045
1109 991 0.0051
961 992 0.0019
993 992 0.0032
1106 992 0.0006
992 993 0.0032
1102 993 0.0051
1106 993 0.0038
967 994 0.0019
995 994 0.0032
996 994 0.0019
994 995 0.0032
1110 995 0.0032
1117 995 0.0032
991 996 0.0013
994 996 0.0019
1109 996 0.0006
1110 996 0.0013
977 998 0.0038
999 998 0.0006
1015 998 0.0051
998 999 0.0006
1000 999 0.0026
1007 999 0.0013
999 1000 0.0026
1001 1000 0.0006
1007 1000 0.0013
968 1001 0.0026
1000 1001 0.0006
1002 1001 0.0013
968 1002 0.0032
1001 1002 0.0013
1003 1002 0.0013
1002 1003 0.0013
1004 1003 0.0013
1117 1003 0.0032
1003 1004 0.0013
1114 1004 0.0013
1117 1004 0.0032
999 1007 0.0013
1000 1007 0.0013
26 1011 0.0006
1014 1011 0.0006
28 1013 0.0006
29 1013 0.0019
1014 1013 0.0006
30 1014 0.0019
1011 1014 0.0006
1013 1014 0.0006
31 1015 0.0051
998 1015 0.0051
31 1017 0.0051
1018 1017 0.0051
1032 1017 0.0032
1017 1018 0.0051
1019 1018 0.0032
1032 1018 0.0013
1018 1019 0.0032
1020 1019 0.0045
1031 1019 0.0006
1019 1020 0.0045
1021 1020 0.0026
1031 1020 0.0013
1020 1021 0.0026
1022 1021 0.0026
1026 1021 0.0038
1030 1021 0.0038
1021 1022 0.0026
1024 1022 0.0026
1022 1024 0.0026
1025 1024 0.0026
1024 1025 0.0026
1118 1025 0.0013
1119 1025 0.0045
1021 1026 0.0038
1027 1026 0.0026
1030 1026 0.0006
1026 1027 0.0026
1119 1027 0.0026
213 1029 0.0013
214 1029 0.0019
212 1030 0.0026
1021 1030 0.0038
1026 1030 0.0006
1019 1031 0.0006
1020 1031 0.0013
209 1032 0.0013
1017 1032 0.0032
1018 1032 0.0013
665 1033 0.0077
1034 1033 0.0045
1038 1033 0.0026
1033 1034 0.0045
1252 1034 0.0051
663 1035 0.0058
1036 1035 0.0051
1040 1035 0.0032
1035 1036 0.0051
1037 1036 0.0038
1039 1036 0.0032
1036 1037 0.0038
1040 1037 0.0013
1250 1037 0.0013
1251 1037 0.0013
663 1038 0.0058
1033 1038 0.0026
1039 1038 0.0019
1036 1039 0.0032
1038 1039 0.0019
1251 1039 0.0006
635 1040 0.0013
1035 1040 0.0032
1037 1040 0.0013
717 1051 0.0006
740 1051 0.0006
1523 1051 0.0013
818 1057 0.0038
821 1057 0.0026
828 1057 0.0006
792 1058 0.0019
808 1058 0.0006
1292 1058 0.0032
782 1059 0.0026
783 1059 0.0038
789 1059 0.0006
68 1066 0.0013
72 1066 0.0013
426 1069 0.0038
1070 1069 0.0064
1187 1069 0.0019
397 1070 0.0019
1069 1070 0.0064
1186 1070 0.0038
734 1072 0.0006
739 1072 0.0026
1073 1072 0.0006
735 1073 0.0013
738 1073 0.0026
1072 1073 0.0006
703 1076 0.0019
704 1076 0.0013
89 1077 0.0038
691 1077 0.0032
55 1078 0.0032
57 1078 0.0013
59 1078 0.0013
1 1079 0.0019
63 1079 0.0019
937 1089 0.0064
1093 1089 0.0064
1089 1093 0.0064
1305 1093 0.0064
940 1095 0.0032
1305 1095 0.0038
949 1096 0.0032
1098 1096 0.0032
1096 1098 0.0032
1099 1098 0.0032
1098 1099 0.0032
1100 1099 0.0026
1101 1099 0.0064
1099 1100 0.0026
1308 1100 0.0026
1099 1101 0.0064
1305 1101 0.0032
1306 1101 0.0026
991 1102 0.0045
993 1102 0.0051
1103 1102 0.0038
948 1103 0.0038
1102 1103 0.0038
992 1106 0.0006
993 1106 0.0038
1107 1106 0.0026
991 1107 0.0045
1106 1107 0.0026
1108 1107 0.0013
1107 1108 0.0013
1109 1108 0.0019
966 1109 0.0013
991 1109 0.0051
996 1109 0.0006
1108 1109 0.0019
995 1110 0.0032
996 1110 0.0013
1117 1110 0.0032
1320 1110 0.0013
1004 1114 0.0013
1115 1114 0.0013
1114 1115 0.0013
1320 1115 0.0013
1321 1115 0.0032
995 1117 0.0032
1003 1117 0.0032
1004 1117 0.0032
1110 1117 0.0032
1025 1118 0.0013
1119 1118 0.0013
1025 1119 0.0045
1027 1119 0.0026
1118 1119 0.0013
244 1123 0.0026
254 1123 0.0026
242 1124 0.0013
1126 1124 0.0013
241 1126 0.0032
1124 1126 0.0013
1127 1126 0.0026
1336 1126 0.0006
241 1127 0.0026
1126 1127 0.0026
1336 1127 0.0006
1338 1127 0.0006
240 1128 0.007
1129 1128 0.0019
1130 1128 0.0083
1338 1128 0.0006
1128 1129 0.0019
1349 1129 0.0019
237 1130 0.0006
1128 1130 0.0083
1131 1130 0.0006
1132 1130 0.0077
1349 1130 0.0038
240 1131 0.0013
1130 1131 0.0006
236 1132 0.0083
1130 1132 0.0077
1133 1132 0.0038
275 1133 0.0013
283 1133 0.0026
1132 1133 0.0038
1347 1133 0.0038
282 1134 0.0013
1351 1134 0.0006
1352 1134 0.0026
286 1138 0.0013
1355 1138 0.0013
305 1139 0.0051
1363 1139 0.0013
1365 1139 0.0032
304 1140 0.0026
305 1140 0.0013
1365 1140 0.0045
272 1141 0.0006
278 1141 0.0013
280 1141 0.0013
304 1143 0.0006
1144 1143 0.0026
1366 1143 0.0013
1143 1144 0.0026
1365 1144 0.0006
1366 1144 0.0013
303 1145 0.0038
1146 1145 0.0045
1145 1146 0.0045
1381 1146 0.0045
320 1147 0.0013
1148 1147 0.0019
317 1148 0.0045
1147 1148 0.0019
1379 1148 0.0032
318 1149 0.009
1151 1149 0.0045
1379 1149 0.0032
1400 1149 0.0013
1149 1151 0.0045
1381 1151 0.0045
318 1152 0.0064
420 1152 0.0019
1161 1152 0.0038
1401 1152 0.0013
1413 1152 0.0013
177 1155 0.0013
327 1155 0.0006
364 1155 0.0026
364 1157 0.0051
1159 1157 0.0051
1157 1159 0.0051
1161 1159 0.0019
1162 1159 0.0038
1171 1159 0.0006
1152 1161 0.0038
1159 1161 0.0019
1401 1161 0.0013
353 1162 0.0032
363 1162 0.0038
1159 1162 0.0038
1170 1162 0.0032
1162 1170 0.0032
1171 1170 0.0006
1173 1170 0.0019
1159 1171 0.0006
1170 1171 0.0006
353 1173 0.0038
360 1173 0.0013
1170 1173 0.0019
375 1174 0.0013
1564 1174 0.0013
408 1176 0.0026
1188 1176 0.0026
1070 1186 0.0038
1187 1186 0.0038
1069 1187 0.0019
1186 1187 0.0038
1188 1187 0.0013
406 1188 0.0019
424 1188 0.0019
1176 1188 0.0026
1187 1188 0.0013
481 1189 0.0026
1190 1189 0.0026
484 1190 0.0019
1189 1190 0.0026
1192 1190 0.0013
448 1192 0.0019
495 1192 0.0006
1190 1192 0.0013
1563 1192 0.0013
514 1212 0.0038
515 1212 0.0006
1213 1212 0.0026
1212 1213 0.0026
1467 1213 0.0026
514 1214 0.0051
525 1214 0.0051
1216 1214 0.0058
550 1216 0.0026
1214 1216 0.0058
1467 1216 0.0026
550 1219 0.0045
1221 1219 0.0045
1219 1221 0.0045
1225 1221 0.0045
553 1222 0.0013
1225 1222 0.0013
549 1225 0.0026
1221 1225 0.0045
1222 1225 0.0013
555 1228 0.0058
1484 1228 0.0058
583 1231 0.0013
584 1231 0.0013
579 1233 0.0058
1234 1233 0.0058
1233 1234 0.0058
1484 1234 0.0058
579 1236 0.0013
580 1236 0.0013
590 1239 0.0013
1240 1239 0.0013
590 1240 0.0013
1239 1240 0.0013
591 1241 0.0026
593 1241 0.0051
1242 1241 0.0019
1241 1242 0.0019
1245 1242 0.0006
1508 1242 0.0032
619 1245 0.0013
1242 1245 0.0006
1508 1245 0.0026
618 1246 0.0026
619 1246 0.0006
1522 1246 0.0013
618 1247 0.0038
1248 1247 0.0032
1512 1247 0.0038
1247 1248 0.0032
1509 1248 0.0038
1522 1248 0.0038
622 1249 0.0013
1250 1249 0.0019
1512 1249 0.0038
1037 1250 0.0013
1249 1250 0.0019
1253 1250 0.0038
1037 1251 0.0013
1039 1251 0.0006
1034 1252 0.0051
1253 1252 0.0019
1255 1252 0.0026
1250 1253 0.0038
1252 1253 0.0019
1512 1253 0.0026
1252 1255 0.0026
1256 1255 0.0026
665 1256 0.0051
1255 1256 0.0026
1258 1256 0.0019
665 1257 0.0013
671 1257 0.0019
1258 1257 0.0032
1256 1258 0.0019
1257 1258 0.0032
1516 1258 0.0032
658 1262 0.007
659 1262 0.0038
663 1262 0.0051
728 1264 0.0013
1265 1264 0.0013
1266 1264 0.0032
1264 1265 0.0013
1266 1265 0.0013
744 1266 0.0013
1264 1266 0.0032
1265 1266 0.0013
745 1268 0.0019
1271 1268 0.0019
756 1271 0.0006
1268 1271 0.0019
1272 1271 0.0032
756 1272 0.0013
760 1272 0.0051
1271 1272 0.0032
759 1274 0.0013
762 1274 0.0032
1529 1274 0.0013
758 1277 0.0038
762 1277 0.0045
767 1279 0.0013
1529 1279 0.0013
765 1288 0.0006
801 1288 0.0032
1534 1288 0.0019
800 1290 0.0006
801 1290 0.0032
1291 1290 0.0013
1536 1290 0.0038
820 1291 0.0013
1290 1291 0.0013
1536 1291 0.0032
809 1292 0.0006
1058 1292 0.0032
1294 1292 0.0019
1292 1294 0.0019
1535 1294 0.0026
53 1299 0.0038
872 1299 0.0013
884 1299 0.0019
885 1300 0.0045
896 1300 0.0038
897 1300 0.0038
912 1301 0.0045
913 1301 0.0051
934 1301 0.0038
1093 1305 0.0064
1095 1305 0.0038
1101 1305 0.0032
1101 1306 0.0026
1308 1306 0.0026
1100 1308 0.0026
1306 1308 0.0026
1110 1320 0.0013
1115 1320 0.0013
1321 1320 0.0032
1115 1321 0.0032
1320 1321 0.0032
1126 1336 0.0006
1127 1336 0.0006
1127 1338 0.0006
1128 1338 0.0006
256 1342 0.0006
259 1342 0.0013
1343 1342 0.0026
252 1343 0.0026
258 1343 0.0032
1342 1343 0.0026
227 1344 0.0064
228 1344 0.0045
271 1344 0.0019
233 1345 0.0013
236 1345 0.0019
274 1347 0.0038
275 1347 0.0032
1133 1347 0.0038
1129 1349 0.0019
1130 1349 0.0038
1351 1349 0.0013
1134 1351 0.0006
1349 1351 0.0013
1352 1351 0.0026
282 1352 0.0032
1134 1352 0.0026
1351 1352 0.0026
285 1354 0.0051
286 1354 0.0032
307 1354 0.0013
286 1355 0.0013
1138 1355 0.0013
305 1363 0.0013
1139 1363 0.0013
1139 1365 0.0032
1140 1365 0.0045
1144 1365 0.0006
1143 1366 0.0013
1144 1366 0.0013
1148 1379 0.0032
1149 1379 0.0032
1146 1381 0.0045
1151 1381 0.0045
1149 1400 0.0013
1413 1400 0.0013
1152 1401 0.0013
1161 1401 0.0013
1152 1413 0.0013
1400 1413 0.0013
405 1420 0.0058
406 1420 0.0038
408 1420 0.0064
1213 1467 0.0026
1216 1467 0.0026
1228 1484 0.0058
1234 1484 0.0058
597 1508 0.0019
619 1508 0.0013
1242 1508 0.0032
1245 1508 0.0026
1248 1509 0.0038
1510 1509 0.0019
1512 1509 0.0013
1509 1510 0.0019
1522 1510 0.0019
1247 1512 0.0038
1249 1512 0.0038
1253 1512 0.0026
1509 1512 0.0013
671 1516 0.0032
1258 1516 0.0032
1246 1522 0.0013
1248 1522 0.0038
1510 1522 0.0019
717 1523 0.0038
723 1523 0.0032
1051 1523 0.0013
752 1528 0.0006
755 1528 0.0013
762 1529 0.0032
1274 1529 0.0013
1279 1529 0.0013
798 1534 0.0006
800 1534 0.0032
1288 1534 0.0019
819 1535 0.0019
1294 1535 0.0026
1536 1535 0.0038
1290 1536 0.0038
1291 1536 0.0032
1535 1536 0.0038
856 1537 0.0006
878 1537 0.0006
868 1540 0.0013
1541 1540 0.0013
824 1541 0.0083
868 1541 0.0102
1540 1541 0.0013
954 1545 0.0026
960 1545 0.0006
1547 1545 0.0013
955 1546 0.0045
961 1546 0.0122
970 1546 0.007
955 1547 0.0032
961 1547 0.0013
1545 1547 0.0013
217 1549 0.0006
218 1549 0.0038
219 1549 0.0026
172 1550 0.0045
182 1550 0.0006
183 1550 0.0058
24 1551 0.0013
25 1551 0.0032
1552 1551 0.0026
5 1552 0.0006
1551 1552 0.0026
1553 1552 0.0026
25 1553 0.0038
198 1553 0.0019
1552 1553 0.0026
8 1555 0.0045
32 1555 0.0013
1556 1555 0.0026
3 1556 0.0045
207 1556 0.0013
1555 1556 0.0026
9 1557 0.0141
31 1557 0.0122
32 1557 0.0013
1 1558 0.0019
97 1558 0.0032
100 1558 0.0032
429 1559 0.0006
480 1559 0.0019
487 1559 0.0013
1560 1559 0.0026
1562 1559 0.0019
446 1560 0.0006
482 1560 0.0026
485 1560 0.0038
1559 1560 0.0026
1562 1560 0.0026
149 1561 0.0019
151 1561 0.0013
481 1562 0.0013
1559 1562 0.0019
1560 1562 0.0026
396 1563 0.0013
448 1563 0.0032
1192 1563 0.0013
378 1564 0.0013
1174 1564 0.0013
376 1566 0.0038
407 1566 0.0045
409 1566 0.0038
