2 1 0.0136
3 1 0.0318
4 1 0.0227
6 1 0.0318
16 1 0.0227
20 1 0.0273
33 1 0.0045
36 1 0.0045
131 1 0.0182
177 1 0.0091
178 1 0.0182
179 1 0.0182
206 1 0.0227
212 1 0.0227
344 1 0.0091
1 2 0.0136
23 2 0.0091
33 2 0.0182
38 2 0.0045
1 3 0.0318
40 3 0.0227
41 3 0.0227
1 4 0.0227
11 4 0.0273
19 4 0.0227
327 4 0.0273
8 5 0.0091
20 5 0.0364
128 5 0.0227
1 6 0.0318
7 6 0.0182
8 6 0.0091
6 7 0.0182
130 7 0.0364
305 7 0.0136
340 7 0.0318
5 8 0.0091
6 8 0.0091
326 10 0.0364
343 10 0.0364
4 11 0.0273
17 11 0.0182
18 11 0.0227
13 12 0.0227
14 12 0.0045
15 12 0.0136
16 12 0.0318
12 13 0.0227
14 13 0.0045
17 13 0.0045
18 13 0.0227
12 14 0.0045
13 14 0.0045
12 15 0.0136
58 15 0.0136
324 15 0.0318
1 16 0.0227
12 16 0.0318
19 16 0.0227
11 17 0.0182
13 17 0.0045
42 17 0.0091
11 18 0.0227
13 18 0.0227
19 18 0.0318
4 19 0.0227
16 19 0.0227
18 19 0.0318
1 20 0.0273
5 20 0.0364
324 20 0.0409
23 22 0.0227
24 22 0.0091
33 22 0.0091
2 23 0.0091
22 23 0.0227
24 23 0.0091
22 24 0.0091
23 24 0.0091
25 24 0.0045
346 24 0.0045
24 25 0.0045
29 25 0.0136
30 25 0.0091
346 25 0.0091
27 26 0.0136
346 26 0.0136
26 27 0.0136
28 27 0.0364
102 27 0.0182
27 28 0.0364
29 28 0.0273
30 28 0.0318
31 28 0.0409
25 29 0.0136
28 29 0.0273
346 29 0.0182
25 30 0.0091
28 30 0.0318
31 30 0.0091
32 30 0.0045
28 31 0.0409
30 31 0.0091
32 31 0.0045
97 31 0.0182
30 32 0.0045
31 32 0.0045
1 33 0.0045
2 33 0.0182
22 33 0.0091
327 34 0.0136
329 34 0.0273
330 34 0.0091
105 35 0.0227
120 35 0.0091
328 35 0.0091
1 36 0.0045
37 36 0.0227
40 36 0.0318
36 37 0.0227
38 37 0.0045
41 37 0.0136
2 38 0.0045
37 38 0.0045
3 40 0.0227
36 40 0.0318
41 40 0.0227
3 41 0.0227
37 41 0.0136
40 41 0.0227
48 41 0.0091
85 41 0.0273
17 42 0.0091
43 42 0.0091
42 43 0.0091
327 43 0.0091
47 46 0.0227
86 46 0.0045
87 46 0.0136
46 47 0.0227
48 47 0.0091
86 47 0.0364
41 48 0.0091
47 48 0.0091
85 48 0.0227
52 49 0.0091
53 49 0.0091
49 52 0.0091
53 52 0.0091
49 53 0.0091
52 53 0.0091
15 58 0.0136
59 58 0.0182
58 59 0.0182
245 59 0.0364
247 59 0.0364
248 59 0.0091
245 60 0.0409
324 60 0.0409
245 61 0.0545
246 61 0.0182
331 61 0.0318
41 85 0.0273
48 85 0.0227
86 85 0.0273
46 86 0.0045
47 86 0.0364
85 86 0.0273
46 87 0.0136
120 87 0.0091
329 87 0.0273
89 88 0.0136
96 88 0.0136
88 89 0.0136
90 89 0.0273
95 89 0.0273
112 89 0.0136
89 90 0.0273
91 90 0.0136
94 90 0.0091
90 91 0.0136
115 91 0.0136
90 94 0.0091
95 94 0.0091
89 95 0.0273
94 95 0.0091
96 95 0.0136
88 96 0.0136
95 96 0.0136
31 97 0.0182
100 97 0.0182
97 100 0.0182
101 100 0.0182
100 101 0.0182
102 101 0.0273
103 101 0.0045
27 102 0.0182
101 102 0.0273
103 102 0.0045
101 103 0.0045
102 103 0.0045
35 105 0.0227
328 105 0.0091
330 105 0.0091
89 112 0.0136
115 112 0.0136
91 115 0.0136
112 115 0.0136
35 120 0.0091
87 120 0.0091
308 122 0.0136
326 122 0.0409
332 122 0.0591
126 124 0.0136
308 124 0.0136
124 126 0.0136
332 126 0.0136
5 128 0.0227
234 128 0.0091
237 128 0.0364
131 129 0.0091
141 129 0.0227
311 129 0.0364
7 130 0.0364
131 130 0.0182
133 130 0.0136
1 131 0.0182
129 131 0.0091
130 131 0.0182
132 131 0.0091
131 132 0.0091
311 132 0.0091
130 133 0.0136
170 133 0.0136
168 136 0.0091
169 136 0.0091
129 141 0.0227
142 141 0.0091
311 141 0.0091
141 142 0.0091
309 142 0.0091
167 166 0.0273
168 166 0.0091
340 166 0.0136
166 167 0.0273
169 167 0.0091
170 167 0.0136
136 168 0.0091
166 168 0.0091
169 168 0.0227
136 169 0.0091
167 169 0.0091
168 169 0.0227
133 170 0.0136
167 170 0.0136
1 177 0.0091
179 177 0.0227
292 177 0.0091
1 178 0.0182
273 178 0.0045
344 178 0.0091
1 179 0.0182
177 179 0.0227
180 179 0.0182
179 180 0.0182
282 180 0.0136
292 180 0.0182
183 182 0.0091
184 182 0.0182
312 182 0.0045
182 183 0.0091
184 183 0.0091
182 184 0.0182
183 184 0.0091
188 184 0.0045
202 185 0.0182
312 185 0.0182
184 188 0.0045
189 188 0.0182
325 188 0.0091
188 189 0.0182
325 189 0.0182
202 201 0.0182
325 201 0.0182
185 202 0.0182
201 202 0.0182
1 206 0.0227
210 206 0.0227
206 210 0.0227
211 210 0.0045
212 210 0.0136
210 211 0.0045
212 211 0.0045
1 212 0.0227
210 212 0.0136
211 212 0.0045
128 234 0.0091
243 234 0.0091
128 237 0.0364
342 237 0.0364
243 242 0.0091
252 242 0.0136
326 242 0.0273
234 243 0.0091
242 243 0.0091
59 245 0.0364
60 245 0.0409
61 245 0.0545
252 245 0.0045
61 246 0.0182
247 246 0.0182
59 247 0.0364
246 247 0.0182
249 247 0.0136
59 248 0.0091
250 248 0.0136
247 249 0.0136
250 249 0.0273
251 249 0.0091
248 250 0.0136
249 250 0.0273
251 250 0.0091
249 251 0.0091
250 251 0.0091
242 252 0.0136
245 252 0.0045
331 252 0.0455
332 252 0.0545
178 273 0.0045
345 273 0.0045
180 282 0.0136
283 282 0.0182
345 282 0.0182
282 283 0.0182
289 283 0.0091
292 283 0.0045
299 283 0.0227
288 287 0.0136
294 287 0.0136
297 287 0.0045
345 287 0.0045
287 288 0.0136
296 288 0.0136
283 289 0.0091
290 289 0.0091
298 289 0.0227
299 289 0.0227
289 290 0.0091
291 290 0.0091
290 291 0.0091
298 291 0.0091
177 292 0.0091
180 292 0.0182
283 292 0.0045
287 294 0.0136
296 294 0.0136
288 296 0.0136
294 296 0.0136
287 297 0.0045
300 297 0.0182
301 297 0.0091
289 298 0.0227
291 298 0.0091
301 298 0.0091
283 299 0.0227
289 299 0.0227
300 299 0.0182
345 299 0.0182
297 300 0.0182
299 300 0.0182
301 300 0.0227
297 301 0.0091
298 301 0.0091
300 301 0.0227
7 305 0.0136
306 305 0.0045
307 305 0.0227
305 306 0.0045
307 306 0.0045
305 307 0.0227
306 307 0.0045
340 307 0.0136
122 308 0.0136
124 308 0.0136
142 309 0.0091
311 309 0.0091
129 311 0.0364
132 311 0.0091
141 311 0.0091
309 311 0.0091
182 312 0.0045
185 312 0.0182
325 312 0.0273
15 324 0.0318
20 324 0.0409
60 324 0.0409
188 325 0.0091
189 325 0.0182
201 325 0.0182
312 325 0.0273
10 326 0.0364
122 326 0.0409
242 326 0.0273
4 327 0.0273
34 327 0.0136
43 327 0.0091
35 328 0.0091
105 328 0.0091
34 329 0.0273
87 329 0.0273
330 329 0.0227
34 330 0.0091
105 330 0.0091
329 330 0.0227
61 331 0.0318
252 331 0.0455
332 331 0.0091
122 332 0.0591
126 332 0.0136
252 332 0.0545
331 332 0.0091
7 340 0.0318
166 340 0.0136
307 340 0.0136
237 342 0.0364
343 342 0.0364
10 343 0.0364
342 343 0.0364
1 344 0.0091
178 344 0.0091
273 345 0.0045
282 345 0.0182
287 345 0.0045
299 345 0.0182
24 346 0.0045
25 346 0.0091
26 346 0.0136
29 346 0.0182
