137 1 0.0013
141 1 0.0079
150 1 0.0249
456 1 0.0013
465 1 0.0039
555 1 0.017
655 1 0.0039
661 1 0.0039
692 1 0.0209
700 1 0.0118
703 1 0.0039
990 1 0.0039
6 2 0.0092
37 2 0.0079
64 2 0.0065
90 2 0.0052
109 2 0.0039
112 2 0.0026
113 2 0.0209
125 2 0.0052
180 2 0.0105
217 2 0.0052
473 2 0.0052
1003 2 0.0013
202 3 0.0249
229 3 0.0079
240 3 0.0105
244 3 0.0013
292 3 0.0118
304 3 0.0013
427 3 0.0052
512 3 0.0079
1028 3 0.017
91 4 0.0065
155 4 0.0026
364 4 0.0013
484 4 0.0013
541 4 0.0196
549 4 0.0092
789 4 0.0065
861 4 0.0105
84 5 0.0013
227 5 0.0065
518 5 0.0223
532 5 0.0013
892 5 0.0118
919 5 0.0065
938 5 0.0065
970 5 0.017
1014 5 0.0118
1023 5 0.0013
2 6 0.0092
9 6 0.0079
466 6 0.0131
6 9 0.0079
12 9 0.0052
1034 9 0.0013
9 12 0.0052
25 12 0.0026
445 12 0.0092
23 13 0.0026
445 13 0.0026
293 14 0.0013
295 14 0.0026
17 16 0.0026
515 16 0.0039
16 17 0.0026
516 17 0.0026
23 19 0.0026
25 19 0.0026
13 23 0.0026
19 23 0.0026
25 23 0.0065
12 25 0.0026
19 25 0.0026
23 25 0.0065
517 28 0.0026
548 28 0.0026
32 31 0.0131
149 31 0.0118
163 31 0.0157
31 32 0.0131
38 32 0.0079
798 32 0.0118
176 35 0.0118
798 35 0.0118
2 37 0.0079
40 37 0.0079
32 38 0.0079
39 38 0.0065
149 38 0.0118
166 38 0.0026
38 39 0.0065
193 39 0.0065
37 40 0.0079
59 40 0.0092
1004 40 0.0157
100 41 0.0026
200 41 0.0105
538 41 0.0065
43 42 0.0118
53 42 0.0026
56 42 0.0052
59 42 0.0144
42 43 0.0118
45 43 0.0079
862 43 0.0131
101 44 0.0026
200 44 0.0026
43 45 0.0079
46 45 0.0118
879 45 0.0105
45 46 0.0118
47 46 0.0131
867 46 0.0026
1007 46 0.0065
46 47 0.0131
453 47 0.0065
867 47 0.0052
49 48 0.0105
375 48 0.0039
521 48 0.0157
48 49 0.0105
50 49 0.0052
122 49 0.0065
49 50 0.0052
51 50 0.0052
134 50 0.0092
50 51 0.0052
52 51 0.0118
58 51 0.0052
51 52 0.0118
100 52 0.0026
274 52 0.0105
714 52 0.0039
42 53 0.0026
883 53 0.0026
119 54 0.0118
274 54 0.0118
42 56 0.0052
63 56 0.0052
51 58 0.0052
115 58 0.0092
122 58 0.0013
40 59 0.0092
42 59 0.0144
62 59 0.0065
65 61 0.0052
123 61 0.0065
59 62 0.0065
63 62 0.0105
479 62 0.0026
56 63 0.0052
62 63 0.0105
461 63 0.0039
2 64 0.0065
66 64 0.0065
61 65 0.0052
120 65 0.0079
342 65 0.0039
64 66 0.0065
67 66 0.0144
126 66 0.0065
66 67 0.0144
68 67 0.0118
997 67 0.0065
67 68 0.0118
69 68 0.017
85 68 0.0105
132 68 0.0183
68 69 0.017
71 69 0.0026
75 69 0.0131
375 70 0.0144
533 70 0.0131
732 70 0.0079
69 71 0.0026
73 71 0.0013
132 71 0.0052
74 72 0.0052
89 72 0.0026
1017 72 0.0092
71 73 0.0013
135 73 0.0052
136 73 0.0026
72 74 0.0052
542 74 0.0039
69 75 0.0131
78 75 0.0079
88 75 0.0039
75 78 0.0079
80 78 0.0079
81 79 0.0052
495 79 0.0052
1015 79 0.0039
78 80 0.0079
889 80 0.0118
890 80 0.0026
79 81 0.0052
82 81 0.0039
87 81 0.0105
81 82 0.0039
83 82 0.0013
545 82 0.0065
82 83 0.0013
544 83 0.0013
545 83 0.0039
5 84 0.0013
495 84 0.0013
68 85 0.0105
1005 85 0.0105
81 87 0.0105
495 87 0.0026
545 87 0.0065
75 88 0.0039
145 88 0.0026
151 88 0.0079
72 89 0.0026
395 89 0.0065
529 89 0.0026
2 90 0.0052
535 90 0.0052
4 91 0.0065
92 91 0.0065
91 92 0.0065
93 92 0.0065
92 93 0.0065
94 93 0.0065
93 94 0.0065
97 94 0.0065
99 95 0.0131
170 95 0.0131
535 95 0.0065
94 97 0.0065
162 97 0.0065
95 99 0.0131
691 99 0.0131
693 99 0.0065
41 100 0.0026
52 100 0.0026
101 100 0.0065
44 101 0.0026
100 101 0.0065
709 101 0.0026
106 102 0.0052
133 102 0.0052
369 103 0.0039
717 103 0.0065
873 103 0.0013
105 104 0.0039
135 104 0.0013
168 104 0.0065
104 105 0.0039
459 105 0.0039
102 106 0.0052
107 106 0.0052
106 107 0.0052
110 107 0.0013
709 107 0.0079
124 108 0.0118
133 108 0.0118
709 108 0.0118
2 109 0.0039
696 109 0.0039
107 110 0.0013
294 110 0.0013
2 112 0.0026
121 112 0.0026
2 113 0.0209
114 113 0.0209
113 114 0.0209
117 114 0.017
696 114 0.0131
58 115 0.0092
119 115 0.0026
124 115 0.0052
982 115 0.0144
187 116 0.0223
219 116 0.0026
221 116 0.0262
114 117 0.017
120 117 0.0092
121 117 0.017
54 119 0.0118
115 119 0.0026
982 119 0.0157
65 120 0.0079
117 120 0.0092
697 120 0.0105
706 120 0.0105
112 121 0.0026
117 121 0.017
123 121 0.0131
49 122 0.0065
58 122 0.0013
342 122 0.0065
61 123 0.0065
121 123 0.0131
124 123 0.0105
108 124 0.0118
115 124 0.0052
123 124 0.0105
2 125 0.0052
133 125 0.0052
66 126 0.0065
175 126 0.0065
536 131 0.0026
714 131 0.0039
732 131 0.0079
68 132 0.0183
71 132 0.0052
175 132 0.017
102 133 0.0052
108 133 0.0118
125 133 0.0052
50 134 0.0092
714 134 0.0092
732 134 0.0092
73 135 0.0052
104 135 0.0013
136 135 0.0026
73 136 0.0026
135 136 0.0026
1 137 0.0013
139 137 0.0013
137 139 0.0013
143 139 0.0065
698 139 0.0092
1 141 0.0079
143 141 0.0079
139 143 0.0065
141 143 0.0079
88 145 0.0026
151 145 0.0026
148 146 0.0183
463 146 0.0026
554 146 0.0144
146 148 0.0183
150 148 0.0249
463 148 0.0079
992 148 0.0039
31 149 0.0118
38 149 0.0118
540 149 0.0144
1 150 0.0249
148 150 0.0249
88 151 0.0079
145 151 0.0026
153 151 0.0039
156 152 0.0039
157 152 0.0039
791 152 0.0052
802 152 0.0327
805 152 0.0314
151 153 0.0039
669 153 0.0079
680 153 0.0026
355 154 0.0079
805 154 0.0131
1019 154 0.0039
4 155 0.0026
156 155 0.0026
152 156 0.0039
155 156 0.0026
157 156 0.0013
546 156 0.0052
152 157 0.0039
156 157 0.0013
791 157 0.0013
97 162 0.0065
163 162 0.0157
474 162 0.0223
31 163 0.0157
162 163 0.0157
164 163 0.017
163 164 0.017
216 164 0.0236
237 164 0.0105
38 166 0.0026
294 166 0.0026
104 168 0.0065
170 168 0.0105
175 168 0.0026
95 170 0.0131
168 170 0.0105
175 170 0.0131
535 170 0.0052
126 175 0.0065
132 175 0.017
168 175 0.0026
170 175 0.0131
35 176 0.0118
216 176 0.0118
2 180 0.0105
183 180 0.0105
543 181 0.0026
544 181 0.0026
180 183 0.0105
185 183 0.0209
197 183 0.0092
183 185 0.0209
187 185 0.0183
215 185 0.0026
218 185 0.0052
116 187 0.0223
185 187 0.0183
1038 187 0.0039
39 193 0.0065
200 193 0.0065
183 197 0.0092
1040 197 0.0052
1042 197 0.0013
41 200 0.0105
44 200 0.0026
193 200 0.0065
3 202 0.0249
203 202 0.0249
202 203 0.0249
204 203 0.0275
209 203 0.0013
203 204 0.0275
205 204 0.0196
224 204 0.0118
204 205 0.0196
206 205 0.0013
213 205 0.0223
205 206 0.0013
209 206 0.0013
214 206 0.0039
203 209 0.0013
206 209 0.0013
205 213 0.0223
214 213 0.0236
294 213 0.0052
206 214 0.0039
213 214 0.0236
216 214 0.0183
185 215 0.0026
221 215 0.0013
164 216 0.0236
176 216 0.0118
214 216 0.0183
2 217 0.0052
218 217 0.0052
185 218 0.0052
217 218 0.0052
116 219 0.0026
221 219 0.0236
224 219 0.0196
116 221 0.0262
215 221 0.0013
219 221 0.0236
204 224 0.0118
219 224 0.0196
1035 224 0.0275
278 225 0.0026
301 225 0.0026
5 227 0.0065
228 227 0.0065
227 228 0.0065
948 228 0.0065
3 229 0.0079
237 229 0.0079
164 237 0.0105
229 237 0.0079
484 237 0.0013
3 240 0.0105
242 240 0.0079
244 240 0.0052
245 240 0.0026
240 242 0.0079
308 242 0.0079
3 244 0.0013
240 244 0.0052
245 244 0.0026
240 245 0.0026
244 245 0.0026
275 252 0.0052
608 252 0.0052
255 253 0.0039
315 253 0.0039
257 254 0.0026
507 254 0.0026
253 255 0.0039
329 255 0.0039
254 257 0.0026
507 257 0.0026
275 271 0.0052
609 271 0.0052
52 274 0.0105
54 274 0.0118
252 275 0.0052
271 275 0.0052
225 278 0.0026
301 278 0.0026
287 286 0.0118
307 286 0.0026
308 286 0.0079
286 287 0.0118
295 287 0.0105
307 287 0.0052
3 292 0.0118
293 292 0.0118
14 293 0.0013
292 293 0.0118
295 293 0.0144
110 294 0.0013
166 294 0.0026
213 294 0.0052
14 295 0.0026
287 295 0.0105
293 295 0.0144
550 296 0.0026
925 296 0.0026
225 301 0.0026
278 301 0.0026
3 304 0.0013
307 304 0.0013
286 307 0.0026
287 307 0.0052
304 307 0.0013
242 308 0.0079
286 308 0.0079
253 315 0.0039
329 315 0.0039
328 327 0.0026
837 327 0.0026
327 328 0.0026
837 328 0.0026
255 329 0.0039
315 329 0.0039
571 336 0.0092
648 336 0.0092
65 342 0.0039
122 342 0.0065
706 342 0.0013
998 342 0.0065
154 355 0.0079
469 355 0.0013
802 355 0.0052
385 362 0.0079
739 362 0.0039
873 362 0.0026
4 364 0.0013
365 364 0.0013
364 365 0.0013
366 365 0.0275
377 365 0.0249
365 366 0.0275
367 366 0.0236
377 366 0.0026
366 367 0.0236
368 367 0.0236
741 367 0.0065
367 368 0.0236
371 368 0.0039
716 368 0.0183
103 369 0.0039
849 369 0.0026
368 371 0.0039
374 371 0.0118
396 371 0.0065
371 374 0.0118
404 374 0.0131
861 374 0.0105
48 375 0.0039
70 375 0.0144
519 375 0.0196
365 377 0.0249
366 377 0.0026
378 377 0.0275
737 377 0.0052
377 378 0.0275
380 378 0.0314
726 378 0.0026
378 380 0.0314
381 380 0.0327
727 380 0.0079
380 381 0.0327
382 381 0.0249
707 381 0.0065
381 382 0.0249
384 382 0.0236
737 382 0.0105
423 383 0.0026
426 383 0.0105
505 383 0.0105
856 383 0.0026
382 384 0.0236
385 384 0.0209
739 384 0.0118
362 385 0.0079
384 385 0.0209
711 385 0.0157
712 385 0.0026
402 386 0.0026
403 386 0.0026
89 395 0.0065
529 395 0.0065
1020 395 0.0065
371 396 0.0065
399 396 0.0065
396 399 0.0065
414 399 0.0065
386 402 0.0026
403 402 0.0026
386 403 0.0026
402 403 0.0026
374 404 0.0131
405 404 0.0144
410 404 0.0131
404 405 0.0144
409 405 0.0039
414 405 0.0092
408 407 0.0039
413 407 0.0039
407 408 0.0039
416 408 0.0039
405 409 0.0039
410 409 0.0052
404 410 0.0131
409 410 0.0052
423 410 0.0092
407 413 0.0039
416 413 0.0039
399 414 0.0065
405 414 0.0092
856 414 0.0013
408 416 0.0039
413 416 0.0039
383 423 0.0026
410 423 0.0092
426 423 0.0131
383 426 0.0105
423 426 0.0131
438 426 0.0092
3 427 0.0052
437 427 0.0052
427 437 0.0052
438 437 0.0052
426 438 0.0092
437 438 0.0052
857 438 0.0026
12 445 0.0092
13 445 0.0026
470 445 0.0052
451 450 0.0065
881 450 0.0065
450 451 0.0065
453 451 0.0065
47 453 0.0065
451 453 0.0065
1 456 0.0013
459 456 0.0013
105 459 0.0039
456 459 0.0013
701 459 0.0065
63 461 0.0039
462 461 0.0026
508 461 0.0079
461 462 0.0026
508 462 0.0026
146 463 0.0026
148 463 0.0079
465 463 0.0039
1 465 0.0039
463 465 0.0039
6 466 0.0131
470 466 0.0052
480 466 0.0065
1018 467 0.0236
1024 467 0.0039
1025 467 0.0236
469 468 0.0039
1018 468 0.0092
1027 468 0.0092
355 469 0.0013
468 469 0.0039
1027 469 0.0013
445 470 0.0052
466 470 0.0052
485 472 0.0026
486 472 0.0026
2 473 0.0052
475 473 0.0052
162 474 0.0223
791 474 0.0026
802 474 0.0262
473 475 0.0052
476 475 0.0013
480 475 0.0079
475 476 0.0013
477 476 0.0039
480 476 0.0065
476 477 0.0039
480 477 0.0026
952 478 0.0183
1037 478 0.017
1041 478 0.0052
62 479 0.0026
508 479 0.0039
466 480 0.0065
475 480 0.0079
476 480 0.0065
477 480 0.0026
4 484 0.0013
237 484 0.0013
472 485 0.0026
486 485 0.0026
472 486 0.0026
485 486 0.0026
79 495 0.0052
84 495 0.0013
87 495 0.0026
796 501 0.0144
797 501 0.0092
819 501 0.0039
383 505 0.0105
856 505 0.0065
857 505 0.0026
254 507 0.0026
257 507 0.0026
461 508 0.0079
462 508 0.0026
479 508 0.0039
3 512 0.0079
513 512 0.0079
512 513 0.0079
514 513 0.0052
1046 513 0.0065
1048 513 0.0065
513 514 0.0052
515 514 0.0052
1045 514 0.0092
16 515 0.0039
514 515 0.0052
516 515 0.0079
17 516 0.0026
515 516 0.0079
517 516 0.0039
28 517 0.0026
516 517 0.0039
548 517 0.0079
5 518 0.0223
519 518 0.0223
375 519 0.0196
518 519 0.0223
520 519 0.0223
519 520 0.0223
521 520 0.0275
525 520 0.0039
48 521 0.0157
520 521 0.0275
522 521 0.0288
526 521 0.017
521 522 0.0288
523 522 0.0209
525 522 0.0052
527 522 0.0026
522 523 0.0209
524 523 0.0236
988 523 0.0039
523 524 0.0236
528 524 0.0039
554 524 0.0183
520 525 0.0039
522 525 0.0052
521 526 0.017
527 526 0.0079
531 526 0.0079
522 527 0.0026
526 527 0.0079
528 527 0.0039
524 528 0.0039
527 528 0.0039
89 529 0.0026
395 529 0.0065
547 529 0.0026
526 531 0.0079
998 531 0.0079
5 532 0.0013
533 532 0.0013
70 533 0.0131
532 533 0.0013
534 533 0.0105
533 534 0.0105
536 534 0.0079
539 534 0.0118
90 535 0.0052
95 535 0.0065
170 535 0.0052
131 536 0.0026
534 536 0.0079
537 536 0.0039
536 537 0.0039
538 537 0.0065
540 537 0.0118
41 538 0.0065
537 538 0.0065
534 539 0.0118
540 539 0.0118
1026 539 0.0144
149 540 0.0144
537 540 0.0118
539 540 0.0118
4 541 0.0196
542 541 0.0065
546 541 0.0275
74 542 0.0039
541 542 0.0065
543 542 0.0013
181 543 0.0026
542 543 0.0013
544 543 0.0052
83 544 0.0013
181 544 0.0026
543 544 0.0052
545 544 0.0039
82 545 0.0065
83 545 0.0039
87 545 0.0065
544 545 0.0039
156 546 0.0052
541 546 0.0275
547 546 0.0262
529 547 0.0026
546 547 0.0262
1022 547 0.0301
28 548 0.0026
517 548 0.0079
1033 548 0.0039
4 549 0.0092
551 549 0.0092
296 550 0.0026
925 550 0.0026
549 551 0.0092
745 551 0.0039
751 551 0.0118
757 551 0.0065
146 554 0.0144
524 554 0.0183
988 554 0.0026
1 555 0.017
556 555 0.0105
572 555 0.0183
555 556 0.0105
557 556 0.0105
569 556 0.0092
556 557 0.0105
558 557 0.0052
565 557 0.0039
557 558 0.0052
572 558 0.0052
557 565 0.0039
566 565 0.0039
565 566 0.0039
569 566 0.0039
556 569 0.0092
566 569 0.0039
659 569 0.0039
571 570 0.0092
651 570 0.0196
659 570 0.0092
336 571 0.0092
570 571 0.0092
555 572 0.0183
558 572 0.0052
573 572 0.0118
572 573 0.0118
574 573 0.0118
573 574 0.0118
575 574 0.0209
579 574 0.0026
586 574 0.0039
574 575 0.0209
582 575 0.0196
585 575 0.0079
577 576 0.0157
582 576 0.017
590 576 0.0026
623 576 0.0026
576 577 0.0157
592 577 0.0118
627 577 0.0026
574 579 0.0026
580 579 0.0026
582 579 0.0013
583 579 0.0039
579 580 0.0026
583 580 0.0039
575 582 0.0196
576 582 0.017
579 582 0.0013
590 582 0.0065
579 583 0.0039
580 583 0.0039
575 585 0.0079
587 585 0.0039
590 585 0.0026
574 586 0.0039
587 586 0.0039
585 587 0.0039
586 587 0.0039
576 590 0.0026
582 590 0.0065
585 590 0.0026
577 592 0.0118
593 592 0.0118
592 593 0.0118
594 593 0.0118
593 594 0.0118
598 594 0.0118
594 598 0.0118
974 598 0.0118
252 608 0.0052
609 608 0.0052
271 609 0.0052
608 609 0.0052
576 623 0.0026
627 623 0.0026
577 627 0.0026
623 627 0.0026
336 648 0.0092
650 648 0.0039
654 648 0.0039
648 650 0.0039
675 650 0.0039
570 651 0.0196
654 651 0.0183
660 651 0.0079
648 654 0.0039
651 654 0.0183
657 654 0.0079
673 654 0.0039
1 655 0.0039
657 655 0.0039
654 657 0.0079
655 657 0.0039
660 657 0.0026
569 659 0.0039
570 659 0.0092
660 659 0.0039
651 660 0.0079
657 660 0.0026
659 660 0.0039
1 661 0.0039
662 661 0.0039
661 662 0.0039
663 662 0.0079
667 662 0.0026
662 663 0.0079
664 663 0.0131
684 663 0.0039
663 664 0.0131
665 664 0.0079
669 664 0.0118
664 665 0.0079
680 665 0.0052
684 665 0.0065
662 667 0.0026
669 667 0.0026
153 669 0.0079
664 669 0.0118
667 669 0.0026
654 673 0.0039
675 673 0.0039
650 675 0.0039
673 675 0.0039
153 680 0.0026
665 680 0.0052
684 680 0.0013
663 684 0.0039
665 684 0.0065
680 684 0.0013
775 689 0.0026
776 689 0.0026
99 691 0.0131
693 691 0.0065
699 691 0.0131
1 692 0.0209
699 692 0.0209
99 693 0.0065
691 693 0.0065
696 693 0.0065
109 696 0.0039
114 696 0.0131
693 696 0.0065
697 696 0.0079
120 697 0.0105
696 697 0.0079
698 697 0.0092
139 698 0.0092
697 698 0.0092
699 698 0.0144
705 698 0.0065
691 699 0.0131
692 699 0.0209
698 699 0.0144
1 700 0.0118
701 700 0.0118
459 701 0.0065
700 701 0.0118
703 701 0.0039
1 703 0.0039
701 703 0.0039
698 705 0.0065
706 705 0.0079
120 706 0.0105
342 706 0.0013
705 706 0.0079
381 707 0.0065
719 707 0.0065
101 709 0.0026
107 709 0.0079
108 709 0.0118
385 711 0.0157
712 711 0.0144
385 712 0.0026
711 712 0.0144
725 712 0.0105
52 714 0.0039
131 714 0.0039
134 714 0.0092
368 716 0.0183
717 716 0.0144
743 716 0.0026
103 717 0.0065
716 717 0.0144
718 717 0.0144
717 718 0.0144
849 718 0.0144
707 719 0.0065
728 719 0.017
807 719 0.0092
721 720 0.0092
729 720 0.0039
807 720 0.0144
720 721 0.0092
722 721 0.0131
812 721 0.0026
721 722 0.0131
723 722 0.0039
812 722 0.0079
722 723 0.0039
810 723 0.0039
712 725 0.0105
844 725 0.0105
378 726 0.0026
727 726 0.0026
380 727 0.0079
726 727 0.0026
728 727 0.0039
719 728 0.017
727 728 0.0039
729 728 0.0118
720 729 0.0039
728 729 0.0118
730 729 0.0065
729 730 0.0065
731 730 0.0105
794 730 0.0026
730 731 0.0105
755 731 0.0026
794 731 0.0079
70 732 0.0079
131 732 0.0079
134 732 0.0092
377 737 0.0052
382 737 0.0105
738 737 0.0039
737 738 0.0039
739 738 0.0065
741 738 0.0013
362 739 0.0039
384 739 0.0118
738 739 0.0065
367 741 0.0065
738 741 0.0013
742 741 0.0039
741 742 0.0039
743 742 0.0026
716 743 0.0026
742 743 0.0026
551 745 0.0039
746 745 0.0092
767 745 0.0039
745 746 0.0092
748 746 0.0039
749 746 0.0144
746 748 0.0039
750 748 0.0092
831 748 0.0039
746 749 0.0144
750 749 0.0092
773 749 0.0039
748 750 0.0092
749 750 0.0092
551 751 0.0118
752 751 0.0092
753 751 0.0026
790 751 0.0079
751 752 0.0092
753 752 0.0144
763 752 0.0092
751 753 0.0026
752 753 0.0144
754 753 0.0105
753 754 0.0105
755 754 0.0105
731 755 0.0026
754 755 0.0105
756 755 0.0065
755 756 0.0065
815 756 0.0065
551 757 0.0065
758 757 0.0105
762 757 0.0079
757 758 0.0105
759 758 0.0131
765 758 0.0013
758 759 0.0131
760 759 0.0144
769 759 0.0105
759 760 0.0144
795 760 0.0118
817 760 0.0026
823 760 0.0052
757 762 0.0079
763 762 0.0079
766 762 0.0118
752 763 0.0092
762 763 0.0079
764 763 0.0131
763 764 0.0131
799 764 0.0052
803 764 0.0065
758 765 0.0013
766 765 0.0026
762 766 0.0118
765 766 0.0026
797 766 0.0157
745 767 0.0039
831 767 0.0039
759 769 0.0105
770 769 0.0105
769 770 0.0105
771 770 0.0039
821 770 0.0052
770 771 0.0039
773 771 0.0039
749 773 0.0039
771 773 0.0039
689 775 0.0026
776 775 0.0026
689 776 0.0026
775 776 0.0026
780 779 0.0039
953 779 0.0039
779 780 0.0039
786 780 0.0039
780 786 0.0039
953 786 0.0039
4 789 0.0065
790 789 0.0065
751 790 0.0079
789 790 0.0065
152 791 0.0052
157 791 0.0013
474 791 0.0026
730 794 0.0026
731 794 0.0079
813 794 0.0039
760 795 0.0118
796 795 0.0131
501 796 0.0144
795 796 0.0131
817 796 0.0079
501 797 0.0092
766 797 0.0157
799 797 0.0092
800 797 0.0026
32 798 0.0118
35 798 0.0118
764 799 0.0052
797 799 0.0092
800 799 0.0026
797 800 0.0026
799 800 0.0026
152 802 0.0327
355 802 0.0052
474 802 0.0262
764 803 0.0065
815 803 0.0065
152 805 0.0314
154 805 0.0131
1022 805 0.0327
719 807 0.0092
720 807 0.0144
808 807 0.0039
807 808 0.0039
810 808 0.0039
723 810 0.0039
808 810 0.0039
721 812 0.0026
722 812 0.0079
813 812 0.0039
794 813 0.0039
812 813 0.0039
756 815 0.0065
803 815 0.0065
760 817 0.0026
796 817 0.0079
819 817 0.0039
501 819 0.0039
817 819 0.0039
770 821 0.0052
824 821 0.0052
760 823 0.0052
824 823 0.0118
827 823 0.0052
821 824 0.0052
823 824 0.0118
825 824 0.0052
824 825 0.0052
828 825 0.0052
823 827 0.0052
828 827 0.0052
825 828 0.0052
827 828 0.0052
748 831 0.0039
767 831 0.0039
327 837 0.0026
328 837 0.0026
725 844 0.0105
849 844 0.0105
369 849 0.0026
718 849 0.0144
844 849 0.0105
383 856 0.0026
414 856 0.0013
505 856 0.0065
438 857 0.0026
505 857 0.0026
4 861 0.0105
374 861 0.0105
43 862 0.0131
863 862 0.0013
1006 862 0.0052
1007 862 0.0039
862 863 0.0013
875 863 0.0013
46 867 0.0026
47 867 0.0052
1007 867 0.0013
103 873 0.0013
362 873 0.0026
863 875 0.0013
876 875 0.0118
1005 875 0.0144
875 876 0.0118
877 876 0.0079
1005 876 0.0026
876 877 0.0079
889 877 0.0079
45 879 0.0105
881 879 0.0065
883 879 0.0026
450 881 0.0065
879 881 0.0065
53 883 0.0026
879 883 0.0026
80 889 0.0118
877 889 0.0079
890 889 0.0026
80 890 0.0026
889 890 0.0026
5 892 0.0118
893 892 0.0118
892 893 0.0118
894 893 0.0065
897 893 0.0092
893 894 0.0065
895 894 0.0118
897 894 0.0039
894 895 0.0118
896 895 0.0065
977 895 0.0039
895 896 0.0065
897 896 0.0065
893 897 0.0092
894 897 0.0039
896 897 0.0065
898 897 0.0079
910 897 0.0157
897 898 0.0079
899 898 0.0079
898 899 0.0079
903 899 0.0079
899 903 0.0079
904 903 0.0079
903 904 0.0079
912 904 0.0079
897 910 0.0157
912 910 0.0079
926 910 0.0065
904 912 0.0079
910 912 0.0079
5 919 0.0065
922 919 0.0065
919 922 0.0065
923 922 0.0065
926 922 0.0144
922 923 0.0065
924 923 0.0065
923 924 0.0065
930 924 0.0065
296 925 0.0026
550 925 0.0026
910 926 0.0065
922 926 0.0144
927 926 0.0065
926 927 0.0065
928 927 0.0065
927 928 0.0065
930 928 0.0105
931 928 0.0026
924 930 0.0065
928 930 0.0105
932 930 0.0026
928 931 0.0026
932 931 0.0026
930 932 0.0026
931 932 0.0026
5 938 0.0065
939 938 0.0065
938 939 0.0065
948 939 0.0065
943 942 0.0039
944 942 0.0039
942 943 0.0039
947 943 0.0039
942 944 0.0039
947 944 0.0039
943 947 0.0039
944 947 0.0039
228 948 0.0065
939 948 0.0065
478 952 0.0183
1035 952 0.0144
1037 952 0.0026
779 953 0.0039
786 953 0.0039
5 970 0.017
971 970 0.017
970 971 0.017
973 971 0.0118
977 971 0.0039
971 973 0.0118
974 973 0.0118
598 974 0.0118
973 974 0.0118
895 977 0.0039
971 977 0.0039
115 982 0.0144
119 982 0.0157
523 988 0.0039
554 988 0.0026
1 990 0.0039
991 990 0.0039
990 991 0.0039
992 991 0.0039
148 992 0.0039
991 992 0.0039
67 997 0.0065
999 997 0.0026
1004 997 0.0105
342 998 0.0065
531 998 0.0079
997 999 0.0026
1000 999 0.0052
1004 999 0.0092
999 1000 0.0052
1001 1000 0.0013
1006 1000 0.0079
1000 1001 0.0013
1006 1001 0.0013
2 1003 0.0013
1004 1003 0.0013
40 1004 0.0157
997 1004 0.0105
999 1004 0.0092
1003 1004 0.0013
85 1005 0.0105
875 1005 0.0144
876 1005 0.0026
862 1006 0.0052
1000 1006 0.0079
1001 1006 0.0013
46 1007 0.0065
862 1007 0.0039
867 1007 0.0013
5 1014 0.0118
1015 1014 0.0118
79 1015 0.0039
1014 1015 0.0118
1016 1015 0.0118
1015 1016 0.0118
1017 1016 0.0131
72 1017 0.0092
1016 1017 0.0131
1018 1017 0.0209
467 1018 0.0236
468 1018 0.0092
1017 1018 0.0209
1019 1018 0.0196
154 1019 0.0039
1018 1019 0.0196
1020 1019 0.0249
395 1020 0.0065
1019 1020 0.0249
1022 1020 0.0249
547 1022 0.0301
805 1022 0.0327
1020 1022 0.0249
5 1023 0.0013
1024 1023 0.0013
467 1024 0.0039
1023 1024 0.0013
1025 1024 0.0013
467 1025 0.0236
1024 1025 0.0013
1026 1025 0.0209
539 1026 0.0144
1025 1026 0.0209
1027 1026 0.0079
468 1027 0.0092
469 1027 0.0013
1026 1027 0.0079
3 1028 0.017
1029 1028 0.0118
1047 1028 0.0065
1028 1029 0.0118
1030 1029 0.0118
1035 1029 0.0196
1029 1030 0.0118
1031 1030 0.0092
1041 1030 0.0092
1030 1031 0.0092
1032 1031 0.0039
1041 1031 0.0026
1031 1032 0.0039
1033 1032 0.0065
1045 1032 0.0026
548 1033 0.0039
1032 1033 0.0065
1034 1033 0.0013
1045 1033 0.0092
9 1034 0.0013
1033 1034 0.0013
224 1035 0.0275
952 1035 0.0144
1029 1035 0.0196
478 1037 0.017
952 1037 0.0026
1038 1037 0.0131
187 1038 0.0039
1037 1038 0.0131
1040 1038 0.0079
197 1040 0.0052
1038 1040 0.0079
1044 1040 0.0013
478 1041 0.0052
1030 1041 0.0092
1031 1041 0.0026
1042 1041 0.0039
197 1042 0.0013
1041 1042 0.0039
1044 1042 0.0013
1040 1044 0.0013
1042 1044 0.0013
514 1045 0.0092
1032 1045 0.0026
1033 1045 0.0092
1046 1045 0.0052
513 1046 0.0065
1045 1046 0.0052
1028 1047 0.0065
1048 1047 0.0052
513 1048 0.0065
1047 1048 0.0052
