2 1 0.0312
3 1 0.0139
4 1 0.0521
7 1 0.0243
8 1 0.0139
9 1 0.0243
10 1 0.0243
13 1 0.0521
15 1 0.0694
19 1 0.0139
34 1 0.0243
1 2 0.0312
37 2 0.0104
41 2 0.0451
1 3 0.0139
126 3 0.0139
1 4 0.0521
23 4 0.0174
28 4 0.0451
1 7 0.0243
78 7 0.0243
1 8 0.0139
70 8 0.0208
79 8 0.0382
1 9 0.0243
69 9 0.0243
1 10 0.0243
59 10 0.0243
1 13 0.0521
14 13 0.0521
13 14 0.0521
94 14 0.0521
1 15 0.0694
16 15 0.0104
17 15 0.0833
15 16 0.0104
180 16 0.066
184 16 0.0521
15 17 0.0833
18 17 0.0347
180 17 0.066
17 18 0.0347
175 18 0.0347
1 19 0.0139
23 19 0.0104
548 19 0.0104
549 19 0.0069
172 20 0.0104
549 20 0.0104
26 21 0.0104
172 21 0.0208
548 21 0.0139
4 23 0.0174
19 23 0.0104
24 23 0.0035
23 24 0.0035
26 24 0.0104
27 24 0.0174
26 25 0.0243
157 25 0.0347
163 25 0.0069
21 26 0.0104
24 26 0.0104
25 26 0.0243
24 27 0.0174
156 27 0.0347
157 27 0.0417
4 28 0.0451
36 28 0.0208
156 28 0.0486
1 34 0.0243
35 34 0.0104
36 34 0.0382
34 35 0.0104
98 35 0.0104
28 36 0.0208
34 36 0.0382
98 36 0.0521
144 36 0.0347
2 37 0.0104
39 37 0.0104
37 39 0.0104
41 39 0.0104
2 41 0.0451
39 41 0.0104
42 41 0.0139
110 41 0.0139
41 42 0.0139
126 42 0.0139
10 59 0.0243
60 59 0.0243
59 60 0.0243
61 60 0.0243
60 61 0.0243
62 61 0.0417
231 61 0.0625
251 61 0.0035
61 62 0.0417
250 62 0.0069
251 62 0.0521
9 69 0.0243
231 69 0.0243
8 70 0.0208
209 70 0.0208
7 78 0.0243
79 78 0.0243
8 79 0.0382
78 79 0.0243
204 79 0.0312
14 94 0.0521
194 94 0.059
201 94 0.0243
35 98 0.0104
36 98 0.0521
100 98 0.0382
98 100 0.0382
101 100 0.0382
103 100 0.0312
100 101 0.0382
102 101 0.0486
308 101 0.0069
101 102 0.0486
307 102 0.0139
308 102 0.0312
100 103 0.0312
104 103 0.0312
103 104 0.0312
107 104 0.0347
309 104 0.0347
104 107 0.0347
109 107 0.0347
107 109 0.0347
310 109 0.0174
316 109 0.0139
41 110 0.0139
111 110 0.0382
125 110 0.0174
110 111 0.0382
113 111 0.0382
111 113 0.0382
115 113 0.0382
113 115 0.0382
116 115 0.0069
120 115 0.0243
122 115 0.0208
115 116 0.0069
120 116 0.0069
115 120 0.0243
116 120 0.0069
320 120 0.0139
115 122 0.0208
125 122 0.0278
380 122 0.0104
110 125 0.0174
122 125 0.0278
379 125 0.0069
3 126 0.0139
42 126 0.0139
129 128 0.0312
134 128 0.0312
128 129 0.0312
133 129 0.0312
129 133 0.0312
135 133 0.0139
326 133 0.0208
327 133 0.0035
128 134 0.0312
135 134 0.0139
137 134 0.0139
133 135 0.0139
134 135 0.0139
134 137 0.0139
139 137 0.0139
137 139 0.0139
141 139 0.0139
139 141 0.0139
142 141 0.0139
141 142 0.0139
329 142 0.0139
36 144 0.0347
145 144 0.0347
144 145 0.0347
146 145 0.0451
155 145 0.0069
145 146 0.0451
151 146 0.0208
155 146 0.0208
146 151 0.0208
152 151 0.0174
153 151 0.0069
151 152 0.0174
307 152 0.0139
151 153 0.0069
303 153 0.0035
289 154 0.0104
292 154 0.0278
303 154 0.0104
145 155 0.0069
146 155 0.0208
156 155 0.0104
27 156 0.0347
28 156 0.0486
155 156 0.0104
25 157 0.0347
27 157 0.0417
163 157 0.0451
163 162 0.0347
164 162 0.0347
25 163 0.0069
157 163 0.0451
162 163 0.0347
162 164 0.0347
165 164 0.0243
172 164 0.0069
164 165 0.0243
166 165 0.0451
290 165 0.0174
165 166 0.0451
168 166 0.0451
166 168 0.0451
375 168 0.0451
20 172 0.0104
21 172 0.0208
164 172 0.0069
18 175 0.0347
176 175 0.0243
178 175 0.0069
175 176 0.0243
375 176 0.0243
175 178 0.0069
193 178 0.0069
16 180 0.066
17 180 0.066
16 184 0.0521
186 184 0.0521
184 186 0.0521
187 186 0.0521
186 187 0.0521
189 187 0.0521
187 189 0.0521
191 189 0.0521
189 191 0.0521
193 191 0.0069
196 191 0.059
494 191 0.0139
178 193 0.0069
191 193 0.0069
94 194 0.059
195 194 0.059
194 195 0.059
196 195 0.059
191 196 0.059
195 196 0.059
94 201 0.0243
370 201 0.0417
485 201 0.0139
79 204 0.0312
205 204 0.0312
204 205 0.0312
368 205 0.0312
70 209 0.0208
211 209 0.0312
212 209 0.0069
212 210 0.0208
368 210 0.0208
209 211 0.0312
212 211 0.0312
209 212 0.0069
210 212 0.0208
211 212 0.0312
221 220 0.0069
224 220 0.0069
220 221 0.0069
222 221 0.0069
224 221 0.0139
226 221 0.0139
221 222 0.0069
226 222 0.0069
220 224 0.0069
221 224 0.0139
225 224 0.0035
224 225 0.0035
226 225 0.0035
221 226 0.0139
222 226 0.0069
225 226 0.0035
61 231 0.0625
69 231 0.0243
232 231 0.0139
241 231 0.0174
231 232 0.0139
233 232 0.0069
234 232 0.0243
232 233 0.0069
234 233 0.0069
232 234 0.0243
233 234 0.0069
238 234 0.0139
234 238 0.0139
248 238 0.0139
231 241 0.0174
242 241 0.0035
243 241 0.0208
241 242 0.0035
243 242 0.0208
244 242 0.0139
241 243 0.0208
242 243 0.0208
253 243 0.0312
242 244 0.0139
248 244 0.0139
238 248 0.0139
244 248 0.0139
62 250 0.0069
251 250 0.0104
61 251 0.0035
62 251 0.0521
250 251 0.0104
252 251 0.0312
251 252 0.0312
253 252 0.0312
243 253 0.0312
252 253 0.0312
281 280 0.0069
283 280 0.0069
280 281 0.0069
283 281 0.0069
280 283 0.0069
281 283 0.0069
154 289 0.0104
294 289 0.0104
165 290 0.0174
400 290 0.0174
154 292 0.0278
294 292 0.0208
300 292 0.0243
295 293 0.0174
300 293 0.0243
428 293 0.0243
289 294 0.0104
292 294 0.0208
412 294 0.0069
293 295 0.0174
410 295 0.0208
411 295 0.0208
299 298 0.0174
304 298 0.0139
298 299 0.0174
300 299 0.0174
432 299 0.0174
292 300 0.0243
293 300 0.0243
299 300 0.0174
153 303 0.0035
154 303 0.0104
304 303 0.0035
298 304 0.0139
303 304 0.0035
305 304 0.0069
304 305 0.0069
308 305 0.0069
432 305 0.0174
102 307 0.0139
152 307 0.0139
101 308 0.0069
102 308 0.0312
305 308 0.0069
309 308 0.0312
104 309 0.0347
308 309 0.0312
439 309 0.0347
109 310 0.0174
312 310 0.0174
310 312 0.0174
313 312 0.0069
441 312 0.0278
312 313 0.0069
441 313 0.0069
109 316 0.0139
445 316 0.0139
120 320 0.0139
322 320 0.0139
320 322 0.0139
323 322 0.0278
445 322 0.0104
322 323 0.0278
443 323 0.0278
133 326 0.0208
327 326 0.0174
328 326 0.0278
133 327 0.0035
326 327 0.0174
458 327 0.0104
326 328 0.0278
459 328 0.0243
460 328 0.0208
142 329 0.0139
330 329 0.0104
459 329 0.0278
329 330 0.0104
331 330 0.0139
462 330 0.0278
330 331 0.0139
463 331 0.0139
205 368 0.0312
210 368 0.0208
478 368 0.0069
201 370 0.0417
480 370 0.0174
481 370 0.0417
168 375 0.0451
176 375 0.0243
376 375 0.0174
375 376 0.0174
385 376 0.0174
125 379 0.0069
380 379 0.0104
122 380 0.0104
379 380 0.0104
376 385 0.0174
395 385 0.0174
385 395 0.0174
397 395 0.0174
395 397 0.0174
398 397 0.0069
406 397 0.0278
397 398 0.0069
404 398 0.0069
290 400 0.0174
401 400 0.0104
406 400 0.0312
400 401 0.0104
402 401 0.0174
405 401 0.0312
401 402 0.0174
404 402 0.0174
398 404 0.0069
402 404 0.0174
405 404 0.0069
401 405 0.0312
404 405 0.0069
406 405 0.0208
397 406 0.0278
400 406 0.0312
405 406 0.0208
295 410 0.0208
424 410 0.0104
434 410 0.0069
295 411 0.0208
412 411 0.0069
424 411 0.0104
294 412 0.0069
411 412 0.0069
416 413 0.0104
550 413 0.0104
413 416 0.0104
418 416 0.0104
416 418 0.0104
550 418 0.0104
410 424 0.0104
411 424 0.0104
293 428 0.0243
429 428 0.0278
433 428 0.0208
428 429 0.0278
430 429 0.0278
432 429 0.0174
429 430 0.0278
431 430 0.0139
435 430 0.0104
430 431 0.0139
432 431 0.0174
438 431 0.0278
439 431 0.0451
299 432 0.0174
305 432 0.0174
429 432 0.0174
431 432 0.0174
428 433 0.0208
434 433 0.0174
435 433 0.0208
410 434 0.0069
433 434 0.0174
435 434 0.0069
430 435 0.0104
433 435 0.0208
434 435 0.0069
431 438 0.0278
439 438 0.0069
440 438 0.0174
309 439 0.0347
431 439 0.0451
438 439 0.0069
438 440 0.0174
441 440 0.0174
312 441 0.0278
313 441 0.0069
440 441 0.0174
323 443 0.0278
445 443 0.0278
316 445 0.0139
322 445 0.0104
443 445 0.0278
327 458 0.0104
461 458 0.0104
328 459 0.0243
329 459 0.0278
462 459 0.0208
328 460 0.0208
461 460 0.0208
536 460 0.0174
458 461 0.0104
460 461 0.0208
536 461 0.0069
330 462 0.0278
459 462 0.0208
538 462 0.0243
331 463 0.0139
547 463 0.0139
368 478 0.0069
480 478 0.0069
370 480 0.0174
478 480 0.0069
481 480 0.0069
370 481 0.0417
480 481 0.0069
483 481 0.0312
481 483 0.0312
486 483 0.0312
201 485 0.0139
486 485 0.0312
489 485 0.0312
504 485 0.0139
483 486 0.0312
485 486 0.0312
485 489 0.0312
490 489 0.0312
489 490 0.0312
501 490 0.0312
191 494 0.0139
495 494 0.0139
494 495 0.0139
499 495 0.0139
495 499 0.0139
502 499 0.0139
490 501 0.0312
504 501 0.0312
499 502 0.0139
504 502 0.0139
485 504 0.0139
501 504 0.0312
502 504 0.0139
460 536 0.0174
461 536 0.0069
538 536 0.0069
462 538 0.0243
536 538 0.0069
547 538 0.0139
463 547 0.0139
538 547 0.0139
19 548 0.0104
21 548 0.0139
549 548 0.0208
19 549 0.0069
20 549 0.0104
548 549 0.0208
413 550 0.0104
418 550 0.0104
