3 1 0.0164
82 1 0.0126
106 1 0.0114
259 1 0.0025
263 1 0.0228
284 1 0.0063
322 1 0.024
358 1 0.0088
365 1 0.0126
304 2 0.0038
305 2 0.0101
311 2 0.0038
313 2 0.0329
314 2 0.0013
534 2 0.0038
535 2 0.0013
733 2 0.0025
735 2 0.0051
795 2 0.0013
796 2 0.0013
830 2 0.0025
835 2 0.0025
874 2 0.0013
1 3 0.0164
27 3 0.0101
31 3 0.0051
161 3 0.0126
649 3 0.0076
5 4 0.0076
729 4 0.0051
731 4 0.0038
738 4 0.0013
4 5 0.0076
6 5 0.0101
726 5 0.0088
5 6 0.0101
653 6 0.0063
731 6 0.0051
9 8 0.0114
31 8 0.0101
8 9 0.0114
12 9 0.0126
645 9 0.0076
9 12 0.0126
15 12 0.0126
23 12 0.0139
31 12 0.0038
12 15 0.0126
649 15 0.0025
650 15 0.0088
12 23 0.0139
646 23 0.0076
827 23 0.0126
218 26 0.0013
645 26 0.0025
3 27 0.0101
29 27 0.0114
27 29 0.0114
30 29 0.0139
57 29 0.0013
29 30 0.0139
57 30 0.0177
218 30 0.0025
3 31 0.0051
8 31 0.0101
12 31 0.0038
182 32 0.0038
187 32 0.0038
38 33 0.0051
218 33 0.0051
33 38 0.0051
42 38 0.0088
708 38 0.0025
895 41 0.0025
896 41 0.0025
38 42 0.0088
44 42 0.0063
73 42 0.0076
708 42 0.0025
42 44 0.0063
47 44 0.0063
44 47 0.0063
121 47 0.0063
52 51 0.0088
650 51 0.0088
51 52 0.0088
287 52 0.0088
29 57 0.0013
30 57 0.0177
59 57 0.0152
218 57 0.0114
57 59 0.0152
61 59 0.0177
62 59 0.0025
59 61 0.0177
62 61 0.0139
76 61 0.0177
59 62 0.0025
61 62 0.0139
66 62 0.0101
62 66 0.0101
69 66 0.0114
66 69 0.0114
73 69 0.0063
124 69 0.0076
822 69 0.0025
42 73 0.0076
69 73 0.0063
121 73 0.0038
822 73 0.0025
61 76 0.0177
78 76 0.019
76 78 0.019
122 78 0.0088
124 78 0.0063
820 78 0.0013
1 82 0.0126
83 82 0.0126
82 83 0.0126
89 83 0.0114
102 83 0.0076
83 89 0.0114
91 89 0.0076
102 89 0.0025
89 91 0.0076
122 91 0.0126
707 91 0.0038
83 102 0.0076
89 102 0.0025
103 102 0.0038
102 103 0.0038
497 103 0.0038
1 106 0.0114
107 106 0.0114
106 107 0.0114
108 107 0.0164
159 107 0.0038
107 108 0.0164
109 108 0.0139
131 108 0.0215
108 109 0.0139
110 109 0.0101
123 109 0.0051
109 110 0.0101
112 110 0.0088
110 112 0.0088
125 112 0.0038
137 112 0.0114
47 121 0.0063
73 121 0.0038
820 121 0.0013
78 122 0.0088
91 122 0.0126
707 122 0.0025
109 123 0.0051
497 123 0.0038
69 124 0.0076
78 124 0.0063
112 125 0.0038
127 125 0.0076
498 125 0.0051
870 126 0.0025
924 126 0.0025
125 127 0.0076
130 127 0.0025
499 127 0.0038
127 130 0.0025
142 130 0.0025
108 131 0.0215
135 131 0.0114
146 131 0.0139
131 135 0.0114
136 135 0.0101
135 136 0.0101
137 136 0.0126
635 136 0.0051
112 137 0.0114
136 137 0.0126
139 137 0.0076
137 139 0.0076
140 139 0.0076
142 139 0.0063
139 140 0.0076
142 140 0.0025
639 140 0.0038
130 142 0.0025
139 142 0.0063
140 142 0.0025
131 146 0.0139
147 146 0.0025
151 146 0.0177
146 147 0.0025
151 147 0.0025
146 151 0.0177
147 151 0.0025
159 151 0.0152
637 151 0.0051
107 159 0.0038
151 159 0.0152
448 159 0.0101
3 161 0.0126
163 161 0.0152
230 161 0.0013
161 163 0.0152
165 163 0.0126
185 163 0.0202
230 163 0.0177
163 165 0.0126
167 165 0.0076
649 165 0.0038
165 167 0.0076
786 167 0.0076
178 176 0.0051
767 176 0.0051
176 178 0.0051
879 178 0.0051
32 182 0.0038
769 182 0.0038
163 185 0.0202
188 185 0.0025
205 185 0.024
32 187 0.0038
769 187 0.0038
185 188 0.0025
191 188 0.0076
208 188 0.0114
188 191 0.0076
192 191 0.0051
202 191 0.0013
191 192 0.0051
201 192 0.0051
192 201 0.0051
217 201 0.019
220 201 0.0126
191 202 0.0013
204 202 0.0013
202 204 0.0013
214 204 0.0164
215 204 0.0139
185 205 0.024
206 205 0.019
230 205 0.0038
205 206 0.019
208 206 0.0164
245 206 0.0114
188 208 0.0114
206 208 0.0164
212 208 0.0253
214 208 0.0025
208 212 0.0253
214 212 0.0202
246 212 0.0038
204 214 0.0164
208 214 0.0025
212 214 0.0202
204 215 0.0139
216 215 0.0038
217 215 0.019
215 216 0.0038
227 216 0.0038
201 217 0.019
215 217 0.019
219 217 0.0088
26 218 0.0013
30 218 0.0025
33 218 0.0051
57 218 0.0114
217 219 0.0088
220 219 0.0126
227 219 0.0126
201 220 0.0126
219 220 0.0126
221 220 0.0164
220 221 0.0164
224 221 0.0164
221 224 0.0164
225 224 0.0076
757 224 0.0076
224 225 0.0076
226 225 0.0114
758 225 0.0025
225 226 0.0114
758 226 0.0114
216 227 0.0038
219 227 0.0126
228 227 0.0076
227 228 0.0076
756 228 0.0076
161 230 0.0013
163 230 0.0177
205 230 0.0038
231 230 0.0101
230 231 0.0101
232 231 0.0038
267 231 0.0051
231 232 0.0038
233 232 0.0076
288 232 0.0126
232 233 0.0076
234 233 0.0051
235 233 0.0088
233 234 0.0051
235 234 0.0025
289 234 0.0013
233 235 0.0088
234 235 0.0025
236 235 0.0051
235 236 0.0051
237 236 0.0101
269 236 0.0038
236 237 0.0101
238 237 0.0228
290 237 0.024
237 238 0.0228
239 238 0.0291
269 238 0.0202
238 239 0.0291
240 239 0.0177
242 239 0.0101
239 240 0.0177
241 240 0.0126
720 240 0.0038
240 241 0.0126
291 241 0.0177
292 241 0.0088
239 242 0.0101
243 242 0.0114
242 243 0.0114
244 243 0.0051
655 243 0.0051
243 244 0.0051
741 244 0.0063
743 244 0.0025
206 245 0.0114
246 245 0.0139
288 245 0.0114
212 246 0.0038
245 246 0.0139
247 246 0.0088
246 247 0.0088
248 247 0.0126
718 247 0.0025
247 248 0.0126
249 248 0.0139
763 248 0.0278
248 249 0.0139
251 249 0.0101
763 249 0.0025
249 251 0.0101
252 251 0.0152
256 251 0.0038
251 252 0.0152
253 252 0.0152
252 253 0.0152
254 253 0.0101
658 253 0.0038
253 254 0.0101
255 254 0.0101
254 255 0.0101
877 255 0.0101
251 256 0.0038
257 256 0.0038
256 257 0.0038
658 257 0.0038
1 259 0.0025
260 259 0.0025
259 260 0.0025
261 260 0.0025
326 260 0.0063
260 261 0.0025
262 261 0.0126
327 261 0.0101
330 261 0.0088
261 262 0.0126
294 262 0.0038
306 262 0.0177
1 263 0.0228
264 263 0.0265
276 263 0.0025
263 264 0.0265
265 264 0.024
710 264 0.0088
264 265 0.024
266 265 0.024
710 265 0.0063
265 266 0.024
267 266 0.0164
270 266 0.0025
275 266 0.0101
231 267 0.0051
266 267 0.0164
268 267 0.0114
267 268 0.0114
269 268 0.0152
653 268 0.0051
236 269 0.0038
238 269 0.0202
268 269 0.0152
266 270 0.0025
271 270 0.0088
275 270 0.0126
270 271 0.0088
272 271 0.0063
275 271 0.0013
271 272 0.0063
273 272 0.0114
736 272 0.0038
272 273 0.0114
274 273 0.0114
273 274 0.0114
733 274 0.0025
736 274 0.0076
266 275 0.0101
270 275 0.0126
271 275 0.0013
263 276 0.0025
277 276 0.0051
710 276 0.0088
276 277 0.0051
278 277 0.0025
280 277 0.0013
277 278 0.0025
736 278 0.0025
277 280 0.0013
286 280 0.0013
1 284 0.0063
285 284 0.0063
284 285 0.0063
286 285 0.0038
528 285 0.0063
280 286 0.0013
285 286 0.0038
532 286 0.0013
52 287 0.0088
894 287 0.0088
232 288 0.0126
245 288 0.0114
289 288 0.0025
234 289 0.0013
288 289 0.0025
237 290 0.024
719 290 0.0253
241 291 0.0177
753 291 0.0228
877 291 0.0038
241 292 0.0088
293 292 0.0088
292 293 0.0088
876 293 0.0101
262 294 0.0038
295 294 0.0051
294 295 0.0051
296 295 0.0051
563 295 0.0013
295 296 0.0051
298 296 0.0126
306 296 0.0164
296 298 0.0126
299 298 0.0126
298 299 0.0126
300 299 0.0101
301 299 0.0114
302 299 0.0013
299 300 0.0101
301 300 0.0025
539 300 0.0139
540 300 0.0025
564 300 0.0025
299 301 0.0114
300 301 0.0025
302 301 0.0076
299 302 0.0013
301 302 0.0076
304 302 0.0038
305 302 0.0101
2 304 0.0038
302 304 0.0038
2 305 0.0101
302 305 0.0101
262 306 0.0177
296 306 0.0164
307 306 0.0126
306 307 0.0126
308 307 0.0278
315 307 0.0164
333 307 0.0316
307 308 0.0278
309 308 0.0278
308 309 0.0278
310 309 0.0278
314 309 0.0013
675 309 0.0013
309 310 0.0278
311 310 0.0038
313 310 0.0329
2 311 0.0038
310 311 0.0038
2 313 0.0329
310 313 0.0329
2 314 0.0013
309 314 0.0013
307 315 0.0164
316 315 0.0228
676 315 0.0038
315 316 0.0228
317 316 0.0177
335 316 0.0038
316 317 0.0177
318 317 0.0088
676 317 0.0076
317 318 0.0088
319 318 0.0063
796 318 0.0013
318 319 0.0063
344 319 0.0038
795 319 0.0013
1 322 0.024
323 322 0.0253
346 322 0.0076
322 323 0.0253
324 323 0.0114
328 323 0.0202
323 324 0.0114
325 324 0.0101
329 324 0.0051
324 325 0.0101
326 325 0.0063
327 325 0.0101
260 326 0.0063
325 326 0.0063
327 326 0.0063
261 327 0.0101
325 327 0.0101
326 327 0.0063
323 328 0.0202
329 328 0.0253
336 328 0.0038
324 329 0.0051
328 329 0.0253
330 329 0.024
261 330 0.0088
329 330 0.024
331 330 0.0253
336 330 0.0152
330 331 0.0253
332 331 0.0228
761 331 0.0013
331 332 0.0228
333 332 0.0329
334 332 0.0114
307 333 0.0316
332 333 0.0329
332 334 0.0114
335 334 0.0139
343 334 0.0013
316 335 0.0038
334 335 0.0139
344 335 0.0076
328 336 0.0038
330 336 0.0152
337 336 0.0114
761 336 0.0051
336 337 0.0114
338 337 0.0076
761 337 0.0025
337 338 0.0076
339 338 0.0063
350 338 0.0126
357 338 0.0114
338 339 0.0063
340 339 0.0088
342 339 0.0038
356 339 0.0063
339 340 0.0088
341 340 0.0088
356 340 0.0076
677 340 0.0051
340 341 0.0088
345 341 0.0013
533 341 0.0063
678 341 0.0063
339 342 0.0038
677 342 0.0025
334 343 0.0013
344 343 0.0025
319 344 0.0038
335 344 0.0076
343 344 0.0025
341 345 0.0013
677 345 0.0013
322 346 0.0076
347 346 0.0126
360 346 0.0114
346 347 0.0126
348 347 0.0063
501 347 0.0139
513 347 0.0025
347 348 0.0063
349 348 0.0164
524 348 0.0139
348 349 0.0164
350 349 0.0088
351 349 0.0164
338 350 0.0126
349 350 0.0088
353 350 0.0025
349 351 0.0164
352 351 0.0038
545 351 0.0114
351 352 0.0038
353 352 0.0038
350 353 0.0025
352 353 0.0038
354 353 0.0088
353 354 0.0088
355 354 0.0038
357 354 0.0114
354 355 0.0038
356 355 0.0076
357 355 0.0063
678 355 0.0025
339 356 0.0063
340 356 0.0076
355 356 0.0076
338 357 0.0114
354 357 0.0114
355 357 0.0063
1 358 0.0088
359 358 0.0088
358 359 0.0088
360 359 0.0088
363 359 0.0114
346 360 0.0114
359 360 0.0088
361 360 0.0139
360 361 0.0139
362 361 0.0063
364 361 0.0051
361 362 0.0063
420 362 0.0038
510 362 0.0114
359 363 0.0114
364 363 0.0088
366 363 0.0088
361 364 0.0051
363 364 0.0088
371 364 0.0025
1 365 0.0126
366 365 0.0126
367 365 0.0139
363 366 0.0088
365 366 0.0126
369 366 0.0025
365 367 0.0139
368 367 0.0164
369 367 0.0088
367 368 0.0164
397 368 0.0013
399 368 0.0164
400 368 0.0164
366 369 0.0025
367 369 0.0088
419 369 0.0051
364 371 0.0025
372 371 0.0139
375 371 0.0101
371 372 0.0139
373 372 0.0139
913 372 0.0063
372 373 0.0139
375 373 0.0038
937 373 0.0088
933 374 0.0076
938 374 0.0013
939 374 0.0101
371 375 0.0101
373 375 0.0038
376 375 0.0051
375 376 0.0051
427 376 0.0025
428 376 0.0013
437 385 0.0101
913 385 0.0101
368 397 0.0013
398 397 0.0063
489 397 0.0038
490 397 0.0139
397 398 0.0063
473 398 0.0101
494 398 0.0025
368 399 0.0164
405 399 0.0139
413 399 0.0164
368 400 0.0164
401 400 0.0215
403 400 0.0038
400 401 0.0215
402 401 0.0152
404 401 0.0101
630 401 0.0013
401 402 0.0152
403 402 0.0025
488 402 0.0114
400 403 0.0038
402 403 0.0025
401 404 0.0101
405 404 0.0063
630 404 0.0025
399 405 0.0139
404 405 0.0063
407 405 0.0063
405 407 0.0063
408 407 0.0063
407 408 0.0063
409 408 0.0139
411 408 0.0063
408 409 0.0139
410 409 0.0063
610 409 0.0063
409 410 0.0063
411 410 0.0038
412 410 0.0013
408 411 0.0063
410 411 0.0038
412 411 0.0013
410 412 0.0013
411 412 0.0013
399 413 0.0164
414 413 0.0126
416 413 0.0152
413 414 0.0126
610 414 0.0063
612 414 0.0051
413 416 0.0152
417 416 0.0051
496 416 0.0088
416 417 0.0051
418 417 0.0038
612 417 0.0025
616 417 0.0063
417 418 0.0038
617 418 0.0038
369 419 0.0051
496 419 0.0051
362 420 0.0038
422 420 0.0076
523 420 0.0025
420 422 0.0076
423 422 0.0038
522 422 0.0025
422 423 0.0038
424 423 0.0076
425 423 0.0025
423 424 0.0076
425 424 0.0063
594 424 0.0063
595 424 0.0051
423 425 0.0025
424 425 0.0063
596 425 0.0025
376 427 0.0025
598 427 0.0025
376 428 0.0013
429 428 0.0114
435 428 0.0088
428 429 0.0114
434 429 0.0126
937 429 0.0051
432 430 0.0114
937 430 0.0101
430 432 0.0114
433 432 0.0164
434 432 0.0139
432 433 0.0164
438 433 0.0025
442 433 0.0126
429 434 0.0126
432 434 0.0139
428 435 0.0088
436 435 0.0088
435 436 0.0088
442 436 0.0126
598 436 0.0025
385 437 0.0101
438 437 0.0114
608 437 0.0076
433 438 0.0025
437 438 0.0114
699 438 0.0076
433 442 0.0126
436 442 0.0126
446 445 0.0038
465 445 0.0038
445 446 0.0038
447 446 0.0126
469 446 0.0025
472 446 0.024
633 446 0.0114
446 447 0.0126
450 447 0.0038
626 447 0.0076
159 448 0.0101
449 448 0.0139
633 448 0.0025
448 449 0.0139
450 449 0.0088
633 449 0.0164
447 450 0.0038
449 450 0.0088
451 450 0.0038
637 450 0.0076
450 451 0.0038
452 451 0.0076
455 451 0.0025
636 451 0.0088
451 452 0.0076
453 452 0.0038
455 452 0.0025
452 453 0.0038
640 453 0.0038
451 455 0.0025
452 455 0.0025
464 462 0.0063
626 462 0.0063
462 464 0.0063
481 464 0.0063
445 465 0.0038
466 465 0.0051
465 466 0.0051
467 466 0.0063
466 467 0.0063
468 467 0.0051
472 467 0.0076
467 468 0.0051
469 468 0.0215
472 468 0.0228
446 469 0.0025
468 469 0.0215
470 469 0.0177
469 470 0.0177
471 470 0.0164
470 471 0.0164
481 471 0.0202
485 471 0.0076
446 472 0.024
467 472 0.0076
468 472 0.0228
398 473 0.0101
474 473 0.0063
494 473 0.0025
473 474 0.0063
475 474 0.0063
474 475 0.0063
476 475 0.0051
477 475 0.0126
475 476 0.0051
479 476 0.0051
475 477 0.0126
478 477 0.0139
477 478 0.0139
479 478 0.0051
484 478 0.0076
476 479 0.0051
478 479 0.0051
464 481 0.0063
471 481 0.0202
484 481 0.0126
478 484 0.0076
481 484 0.0126
486 484 0.0063
471 485 0.0076
486 485 0.0063
484 486 0.0063
485 486 0.0063
402 488 0.0114
489 488 0.0051
490 488 0.0152
397 489 0.0038
488 489 0.0051
397 490 0.0139
488 490 0.0152
491 490 0.0025
493 490 0.0038
490 491 0.0025
493 491 0.0025
490 493 0.0038
491 493 0.0025
398 494 0.0025
473 494 0.0025
416 496 0.0088
419 496 0.0051
702 496 0.0025
103 497 0.0038
123 497 0.0038
125 498 0.0051
499 498 0.0038
127 499 0.0038
498 499 0.0038
347 501 0.0139
503 501 0.0063
504 501 0.0025
623 501 0.0202
501 503 0.0063
505 503 0.0152
570 503 0.0139
575 503 0.0051
501 504 0.0025
505 504 0.0025
623 504 0.0063
503 505 0.0152
504 505 0.0025
506 505 0.0114
505 506 0.0114
507 506 0.0114
566 506 0.0038
573 506 0.0013
506 507 0.0114
508 507 0.0126
568 507 0.0076
507 508 0.0126
509 508 0.0139
508 509 0.0139
571 509 0.0139
574 509 0.0088
362 510 0.0114
511 510 0.0139
516 510 0.0063
594 510 0.0038
510 511 0.0139
512 511 0.0076
547 511 0.0076
511 512 0.0076
519 512 0.0126
578 512 0.0038
347 513 0.0025
514 513 0.0088
623 513 0.0126
513 514 0.0088
515 514 0.0114
680 514 0.0038
514 515 0.0114
547 515 0.0076
680 515 0.0025
510 516 0.0063
518 516 0.0076
518 517 0.0076
591 517 0.0063
516 518 0.0076
517 518 0.0076
512 519 0.0126
520 519 0.0051
590 519 0.0063
519 520 0.0051
578 520 0.0051
422 522 0.0025
523 522 0.0025
420 523 0.0025
522 523 0.0025
348 524 0.0139
525 524 0.0051
679 524 0.0152
524 525 0.0051
526 525 0.0088
575 525 0.0063
576 525 0.0051
525 526 0.0088
577 526 0.0088
528 527 0.0101
529 527 0.0114
285 528 0.0063
527 528 0.0101
532 528 0.0076
527 529 0.0114
530 529 0.0051
538 529 0.0051
529 530 0.0051
532 530 0.0051
286 532 0.0013
528 532 0.0076
530 532 0.0051
341 533 0.0063
534 533 0.0038
535 533 0.0013
543 533 0.0038
2 534 0.0038
533 534 0.0038
2 535 0.0013
533 535 0.0013
538 537 0.0038
563 537 0.0051
529 538 0.0051
537 538 0.0038
539 538 0.0101
564 538 0.0063
300 539 0.0139
538 539 0.0101
540 539 0.0025
300 540 0.0025
539 540 0.0025
533 543 0.0038
678 543 0.0025
351 545 0.0114
546 545 0.0051
553 545 0.0051
545 546 0.0051
548 546 0.0088
552 546 0.0025
511 547 0.0076
515 547 0.0076
566 547 0.0013
546 548 0.0088
549 548 0.0088
552 548 0.0063
548 549 0.0088
550 549 0.0025
557 549 0.0051
549 550 0.0025
552 550 0.0025
546 552 0.0025
548 552 0.0063
550 552 0.0025
545 553 0.0051
554 553 0.0114
679 553 0.0177
553 554 0.0114
555 554 0.0076
556 554 0.0076
554 555 0.0076
679 555 0.0013
681 555 0.0051
554 556 0.0076
557 556 0.0088
672 556 0.0051
549 557 0.0051
556 557 0.0088
666 557 0.0025
669 557 0.0063
559 558 0.0063
664 558 0.0025
669 558 0.0025
558 559 0.0063
664 559 0.0025
672 559 0.0025
295 563 0.0013
537 563 0.0051
564 563 0.0025
300 564 0.0025
538 564 0.0063
563 564 0.0025
506 566 0.0038
547 566 0.0013
567 566 0.0038
566 567 0.0038
568 567 0.0025
507 568 0.0076
567 568 0.0025
569 568 0.0038
568 569 0.0038
579 569 0.0038
584 569 0.0088
503 570 0.0139
571 570 0.0126
573 570 0.0025
509 571 0.0139
570 571 0.0126
574 572 0.0076
589 572 0.0063
506 573 0.0013
570 573 0.0025
509 574 0.0088
572 574 0.0076
584 574 0.0038
585 574 0.0076
503 575 0.0051
525 575 0.0063
576 575 0.0051
673 575 0.0038
525 576 0.0051
575 576 0.0051
577 576 0.0025
673 576 0.0025
526 577 0.0088
576 577 0.0025
587 577 0.0051
512 578 0.0038
520 578 0.0051
569 579 0.0038
580 579 0.0038
579 580 0.0038
584 580 0.0038
569 584 0.0088
574 584 0.0038
580 584 0.0038
574 585 0.0076
927 585 0.0076
588 586 0.0051
927 586 0.0051
577 587 0.0051
588 587 0.0013
682 587 0.0025
586 588 0.0051
587 588 0.0013
589 588 0.0025
572 589 0.0063
588 589 0.0025
927 589 0.0088
519 590 0.0063
591 590 0.0101
592 590 0.0025
517 591 0.0063
590 591 0.0101
592 591 0.0076
695 591 0.0038
590 592 0.0025
591 592 0.0076
593 592 0.0038
592 593 0.0038
694 593 0.0038
424 594 0.0063
510 594 0.0038
595 594 0.0013
424 595 0.0051
594 595 0.0013
596 595 0.0025
425 596 0.0025
595 596 0.0025
427 598 0.0025
436 598 0.0025
437 608 0.0076
699 608 0.0038
913 608 0.0025
409 610 0.0063
414 610 0.0063
414 612 0.0051
417 612 0.0025
613 612 0.0013
612 613 0.0013
616 613 0.0013
417 616 0.0063
613 616 0.0013
617 616 0.0038
418 617 0.0038
616 617 0.0038
501 623 0.0202
504 623 0.0063
513 623 0.0126
447 626 0.0076
462 626 0.0063
401 630 0.0013
404 630 0.0025
446 633 0.0114
448 633 0.0025
449 633 0.0164
136 635 0.0051
636 635 0.0063
638 635 0.0076
451 636 0.0088
635 636 0.0063
637 636 0.0063
151 637 0.0051
450 637 0.0076
636 637 0.0063
635 638 0.0076
639 638 0.0025
640 638 0.0038
140 639 0.0038
638 639 0.0025
453 640 0.0038
638 640 0.0038
9 645 0.0076
26 645 0.0025
646 645 0.0038
23 646 0.0076
645 646 0.0038
647 646 0.0025
646 647 0.0025
827 647 0.0025
3 649 0.0076
15 649 0.0025
165 649 0.0038
15 650 0.0088
51 650 0.0088
6 653 0.0063
268 653 0.0051
654 653 0.0101
653 654 0.0101
655 654 0.0114
243 655 0.0051
654 655 0.0114
726 655 0.0051
253 658 0.0038
257 658 0.0038
558 664 0.0025
559 664 0.0025
557 666 0.0025
669 666 0.0025
557 669 0.0063
558 669 0.0025
666 669 0.0025
556 672 0.0051
559 672 0.0025
799 672 0.0013
575 673 0.0038
576 673 0.0025
309 675 0.0013
676 675 0.0025
315 676 0.0038
317 676 0.0076
675 676 0.0025
340 677 0.0051
342 677 0.0025
345 677 0.0013
341 678 0.0063
355 678 0.0025
543 678 0.0025
524 679 0.0152
553 679 0.0177
555 679 0.0013
514 680 0.0038
515 680 0.0025
555 681 0.0051
682 681 0.0025
799 681 0.0013
587 682 0.0025
681 682 0.0025
593 694 0.0038
695 694 0.0038
591 695 0.0038
694 695 0.0038
438 699 0.0076
608 699 0.0038
700 699 0.0025
699 700 0.0025
702 700 0.0025
908 700 0.0063
496 702 0.0025
700 702 0.0025
908 702 0.0063
91 707 0.0038
122 707 0.0025
38 708 0.0025
42 708 0.0025
264 710 0.0088
265 710 0.0063
276 710 0.0088
247 718 0.0025
719 718 0.0063
721 718 0.0025
290 719 0.0253
718 719 0.0063
720 719 0.0013
721 719 0.0303
240 720 0.0038
719 720 0.0013
722 720 0.0013
718 721 0.0025
719 721 0.0303
722 721 0.0013
763 721 0.024
720 722 0.0013
721 722 0.0013
5 726 0.0088
655 726 0.0051
727 726 0.0025
726 727 0.0025
729 727 0.0025
4 729 0.0051
727 729 0.0025
737 729 0.0051
740 729 0.0025
4 731 0.0038
6 731 0.0051
2 733 0.0025
274 733 0.0025
735 734 0.0038
740 734 0.0038
742 734 0.0088
2 735 0.0051
734 735 0.0038
272 736 0.0038
274 736 0.0076
278 736 0.0025
729 737 0.0051
738 737 0.0013
740 737 0.0025
4 738 0.0013
737 738 0.0013
729 740 0.0025
734 740 0.0038
737 740 0.0025
741 740 0.0038
244 741 0.0063
740 741 0.0038
742 741 0.0114
734 742 0.0088
741 742 0.0114
743 742 0.0013
244 743 0.0025
742 743 0.0013
875 744 0.0025
876 744 0.0025
291 753 0.0228
754 753 0.0177
755 753 0.0088
753 754 0.0177
765 754 0.0253
768 754 0.0025
883 754 0.0025
753 755 0.0088
764 755 0.0013
876 755 0.0063
228 756 0.0076
759 756 0.0076
789 756 0.0025
791 756 0.0025
224 757 0.0076
785 757 0.0076
225 758 0.0025
226 758 0.0114
759 758 0.0076
756 759 0.0076
758 759 0.0076
331 761 0.0013
336 761 0.0051
337 761 0.0025
248 763 0.0278
249 763 0.0025
721 763 0.024
755 764 0.0013
869 764 0.0025
873 764 0.0051
754 765 0.0253
766 765 0.0051
768 765 0.0152
877 765 0.0152
765 766 0.0051
767 766 0.0051
176 767 0.0051
766 767 0.0051
754 768 0.0025
765 768 0.0152
770 768 0.0101
879 768 0.0101
182 769 0.0038
187 769 0.0038
768 770 0.0101
880 770 0.0038
884 770 0.0051
757 785 0.0076
938 785 0.0114
939 785 0.0025
167 786 0.0076
787 786 0.0076
786 787 0.0076
933 787 0.0076
756 789 0.0025
791 789 0.0025
756 791 0.0025
789 791 0.0025
2 795 0.0013
319 795 0.0013
2 796 0.0013
318 796 0.0013
798 797 0.0038
925 797 0.0038
797 798 0.0038
870 798 0.0076
924 798 0.0025
672 799 0.0013
681 799 0.0013
806 805 0.0025
922 805 0.0025
805 806 0.0025
919 806 0.0025
78 820 0.0013
121 820 0.0013
69 822 0.0025
73 822 0.0025
23 827 0.0126
647 827 0.0025
828 827 0.0088
827 828 0.0088
893 828 0.0088
2 830 0.0025
831 830 0.0038
839 830 0.0076
830 831 0.0038
840 831 0.0114
872 831 0.0063
834 832 0.0025
850 832 0.0063
868 832 0.0038
872 832 0.0076
832 834 0.0025
887 834 0.0025
2 835 0.0025
839 835 0.0025
830 839 0.0076
835 839 0.0025
864 839 0.0038
831 840 0.0114
841 840 0.0063
861 840 0.0038
840 841 0.0063
842 841 0.0051
848 841 0.0126
841 842 0.0051
843 842 0.0051
842 843 0.0051
849 843 0.0051
841 848 0.0126
849 848 0.0076
851 848 0.0088
843 849 0.0051
848 849 0.0076
851 849 0.0013
832 850 0.0063
851 850 0.0063
848 851 0.0088
849 851 0.0013
850 851 0.0063
840 861 0.0038
862 861 0.0025
864 861 0.0076
861 862 0.0025
864 862 0.0025
839 864 0.0038
861 864 0.0076
862 864 0.0025
832 868 0.0038
869 868 0.0038
871 868 0.0063
764 869 0.0025
868 869 0.0038
871 869 0.0051
873 869 0.0063
126 870 0.0025
798 870 0.0076
925 870 0.0038
868 871 0.0063
869 871 0.0051
887 871 0.0063
888 871 0.0051
831 872 0.0063
832 872 0.0076
764 873 0.0051
869 873 0.0063
2 874 0.0013
875 874 0.0013
744 875 0.0025
874 875 0.0013
876 875 0.0063
293 876 0.0101
744 876 0.0025
755 876 0.0063
875 876 0.0063
255 877 0.0101
291 877 0.0038
765 877 0.0152
178 879 0.0051
768 879 0.0101
880 879 0.0038
770 880 0.0038
879 880 0.0038
754 883 0.0025
884 883 0.0025
770 884 0.0051
883 884 0.0025
888 884 0.0013
834 887 0.0025
871 887 0.0063
888 887 0.0025
871 888 0.0051
884 888 0.0013
887 888 0.0025
828 893 0.0088
894 893 0.0088
287 894 0.0088
893 894 0.0088
41 895 0.0025
896 895 0.0025
41 896 0.0025
895 896 0.0025
700 908 0.0063
702 908 0.0063
372 913 0.0063
385 913 0.0101
608 913 0.0025
806 919 0.0025
920 919 0.0038
922 919 0.0076
919 920 0.0038
923 920 0.0038
805 922 0.0025
919 922 0.0076
923 922 0.0038
920 923 0.0038
922 923 0.0038
126 924 0.0025
798 924 0.0025
797 925 0.0038
870 925 0.0038
585 927 0.0076
586 927 0.0051
589 927 0.0088
374 933 0.0076
787 933 0.0076
373 937 0.0088
429 937 0.0051
430 937 0.0101
374 938 0.0013
785 938 0.0114
939 938 0.0139
374 939 0.0101
785 939 0.0025
938 939 0.0139
