2 1 0.0058
10 1 0.0065
30 1 0.0007
36 1 0.0072
48 1 0.0152
57 1 0.0014
60 1 0.0094
61 1 0.0014
62 1 0.0101
64 1 0.0029
66 1 0.0058
68 1 0.0036
70 1 0.0007
78 1 0.0014
79 1 0.0014
82 1 0.0014
83 1 0.0043
98 1 0.0051
105 1 0.0065
107 1 0.0036
108 1 0.0072
264 1 0.0022
517 1 0.0043
554 1 0.0022
564 1 0.0014
569 1 0.0014
570 1 0.013
612 1 0.0022
649 1 0.013
655 1 0.0014
685 1 0.0087
1624 1 0.0072
1 2 0.0058
3 2 0.0065
6 2 0.0043
2 3 0.0065
4 3 0.0094
520 3 0.0036
3 4 0.0094
5 4 0.0094
7 4 0.0072
521 4 0.0014
4 5 0.0094
440 5 0.0036
443 5 0.0087
1142 5 0.0087
2 6 0.0043
7 6 0.0043
1140 6 0.0036
4 7 0.0072
6 7 0.0043
8 7 0.0014
20 7 0.0101
1140 7 0.0094
7 8 0.0014
440 8 0.0014
1 10 0.0065
11 10 0.0029
1140 10 0.0072
10 11 0.0029
12 11 0.0043
31 11 0.0036
11 12 0.0043
13 12 0.0137
19 12 0.013
12 13 0.0137
14 13 0.0065
391 13 0.0065
13 14 0.0065
15 14 0.0087
381 14 0.0014
14 15 0.0087
16 15 0.0115
33 15 0.0087
15 16 0.0115
17 16 0.0101
381 16 0.0022
16 17 0.0101
382 17 0.0014
383 17 0.0123
19 18 0.0079
20 18 0.0101
1140 18 0.0014
12 19 0.013
18 19 0.0079
389 19 0.0014
391 19 0.0022
7 20 0.0101
18 20 0.0101
21 20 0.0123
20 21 0.0123
22 21 0.0115
21 22 0.0115
23 22 0.0101
392 22 0.0007
22 23 0.0101
24 23 0.0094
970 23 0.0029
971 23 0.0051
23 24 0.0094
25 24 0.0065
394 24 0.0007
970 24 0.0007
24 25 0.0065
26 25 0.0065
25 26 0.0065
27 26 0.0094
435 26 0.0022
26 27 0.0094
397 27 0.0152
411 27 0.0058
417 27 0.0123
434 27 0.0043
30 29 0.0022
32 29 0.0022
1 30 0.0007
29 30 0.0022
31 30 0.0036
11 31 0.0036
30 31 0.0036
32 31 0.0051
29 32 0.0022
31 32 0.0051
33 32 0.0022
15 33 0.0087
32 33 0.0022
34 33 0.0058
33 34 0.0058
376 34 0.0051
364 35 0.0014
1634 35 0.0007
1 36 0.0072
37 36 0.0108
46 36 0.0029
36 37 0.0108
38 37 0.0087
41 37 0.0101
37 38 0.0087
39 38 0.0036
370 38 0.0014
1628 38 0.0051
38 39 0.0036
40 39 0.0065
1632 39 0.0022
39 40 0.0065
354 40 0.0072
37 41 0.0101
42 41 0.0036
44 41 0.0087
41 42 0.0036
349 42 0.0036
41 44 0.0087
50 44 0.0087
36 46 0.0029
47 46 0.0007
370 46 0.0014
46 47 0.0007
373 47 0.0007
1 48 0.0152
49 48 0.0173
54 48 0.0058
48 49 0.0173
51 49 0.0144
328 49 0.0022
44 50 0.0087
51 50 0.0144
324 50 0.0007
330 50 0.0079
351 50 0.0007
49 51 0.0144
50 51 0.0144
48 54 0.0058
327 54 0.0051
312 55 0.0036
313 55 0.0014
323 55 0.0007
57 56 0.0043
58 56 0.0029
60 56 0.0079
311 56 0.0065
1 57 0.0014
56 57 0.0043
58 57 0.0014
56 58 0.0029
57 58 0.0014
312 58 0.0007
1 60 0.0094
56 60 0.0079
61 60 0.0007
1 61 0.0014
60 61 0.0007
1 62 0.0101
63 62 0.0101
62 63 0.0101
261 63 0.0087
310 63 0.0022
1 64 0.0029
264 64 0.0022
265 64 0.0043
250 65 0.0065
265 65 0.0065
1 66 0.0058
67 66 0.0101
72 66 0.0058
264 66 0.0058
66 67 0.0101
241 67 0.0022
245 67 0.0065
246 67 0.0058
1 68 0.0036
69 68 0.0094
75 68 0.0065
68 69 0.0094
70 69 0.0007
72 69 0.0079
1 70 0.0007
69 70 0.0007
66 72 0.0058
69 72 0.0079
73 72 0.0108
214 72 0.0029
72 73 0.0108
74 73 0.0108
90 73 0.0036
73 74 0.0108
215 74 0.0022
245 74 0.0094
68 75 0.0065
76 75 0.0087
87 75 0.0014
75 76 0.0087
77 76 0.0094
87 76 0.0072
76 77 0.0094
91 77 0.0014
194 77 0.0072
1 78 0.0014
79 78 0.0014
1 79 0.0014
78 79 0.0014
1 82 0.0014
93 82 0.0014
1 83 0.0043
84 83 0.0058
86 83 0.0007
83 84 0.0058
85 84 0.0058
84 85 0.0058
86 85 0.0007
99 85 0.0065
113 85 0.0043
83 86 0.0007
85 86 0.0007
75 87 0.0014
76 87 0.0072
88 87 0.0043
91 87 0.0051
213 87 0.0014
87 88 0.0043
89 88 0.0029
213 88 0.0022
88 89 0.0029
90 89 0.0029
214 89 0.0036
73 90 0.0036
89 90 0.0029
92 90 0.0007
216 90 0.0014
77 91 0.0014
87 91 0.0051
92 91 0.0029
90 92 0.0007
91 92 0.0029
209 92 0.0014
82 93 0.0014
94 93 0.0065
178 93 0.0058
93 94 0.0065
162 94 0.0058
164 94 0.0101
1 98 0.0051
99 98 0.0051
85 99 0.0065
98 99 0.0051
100 99 0.0051
99 100 0.0051
101 100 0.0036
102 100 0.0051
100 101 0.0036
102 101 0.0065
119 101 0.0007
967 101 0.0072
100 102 0.0051
101 102 0.0065
103 102 0.0036
112 102 0.0094
102 103 0.0036
121 103 0.0007
127 103 0.0022
1 105 0.0065
106 105 0.0051
107 105 0.0022
105 106 0.0051
111 106 0.0014
114 106 0.0065
1 107 0.0036
105 107 0.0022
109 107 0.0029
110 107 0.0014
1 108 0.0072
109 108 0.0014
684 108 0.0051
107 109 0.0029
108 109 0.0014
110 109 0.0007
107 110 0.0014
109 110 0.0007
106 111 0.0014
114 111 0.0022
102 112 0.0094
113 112 0.0101
85 113 0.0043
112 113 0.0101
151 113 0.0094
1627 113 0.0022
106 114 0.0065
111 114 0.0022
115 114 0.0043
114 115 0.0043
116 115 0.0087
704 115 0.0094
115 116 0.0087
117 116 0.0072
1138 116 0.0036
116 117 0.0072
118 117 0.0058
125 117 0.0036
705 117 0.0007
117 118 0.0058
125 118 0.0036
1615 118 0.0058
101 119 0.0007
120 119 0.0036
125 119 0.0051
967 119 0.0094
968 119 0.0022
969 119 0.0014
119 120 0.0036
121 120 0.0007
969 120 0.0022
103 121 0.0007
120 121 0.0007
117 125 0.0036
118 125 0.0036
119 125 0.0051
126 125 0.0007
125 126 0.0007
128 126 0.0029
965 126 0.0014
103 127 0.0022
128 127 0.0029
126 128 0.0029
127 128 0.0029
129 128 0.0065
150 128 0.0087
966 128 0.0043
128 129 0.0065
130 129 0.0051
965 129 0.0007
129 130 0.0051
131 130 0.0043
966 130 0.0051
130 131 0.0043
132 131 0.0029
143 131 0.0036
131 132 0.0029
133 132 0.0014
837 132 0.0007
132 133 0.0014
135 133 0.0014
133 135 0.0014
136 135 0.0036
141 135 0.0014
1614 135 0.0072
1615 135 0.0072
135 136 0.0036
137 136 0.0079
841 136 0.0014
846 136 0.0058
136 137 0.0079
139 137 0.0014
841 137 0.0058
137 139 0.0014
141 139 0.0014
135 141 0.0014
139 141 0.0014
131 143 0.0036
144 143 0.0029
148 143 0.0043
143 144 0.0029
147 144 0.0043
836 144 0.0036
146 145 0.0065
829 145 0.0036
836 145 0.0022
145 146 0.0065
147 146 0.0036
156 146 0.0051
144 147 0.0043
146 147 0.0036
148 147 0.0029
143 148 0.0043
147 148 0.0029
149 148 0.0036
148 149 0.0036
150 149 0.0029
966 149 0.0043
128 150 0.0087
149 150 0.0029
151 150 0.0079
113 151 0.0094
150 151 0.0079
1627 151 0.0022
146 156 0.0051
157 156 0.0065
162 156 0.0051
163 156 0.0007
156 157 0.0065
158 157 0.0036
160 157 0.0014
157 158 0.0036
824 158 0.0036
157 160 0.0014
161 160 0.0036
828 160 0.0014
160 161 0.0036
165 161 0.0029
828 161 0.0029
990 161 0.0022
94 162 0.0058
156 162 0.0051
163 162 0.0043
156 163 0.0007
162 163 0.0043
164 163 0.0022
94 164 0.0101
163 164 0.0022
165 164 0.0014
1137 164 0.0051
161 165 0.0029
164 165 0.0014
166 165 0.0007
165 166 0.0007
820 166 0.0029
823 166 0.0014
182 168 0.0051
1137 168 0.0051
93 178 0.0058
179 178 0.0058
178 179 0.0058
180 179 0.0058
179 180 0.0058
181 180 0.0058
180 181 0.0058
182 181 0.0079
191 181 0.0029
168 182 0.0051
181 182 0.0079
183 182 0.0022
182 183 0.0022
191 183 0.0022
181 191 0.0029
183 191 0.0022
193 192 0.0043
815 192 0.0036
192 193 0.0043
195 193 0.0014
199 193 0.0036
813 193 0.0051
77 194 0.0072
195 194 0.0043
207 194 0.0022
238 194 0.0051
193 195 0.0014
194 195 0.0043
196 195 0.0065
195 196 0.0065
197 196 0.0022
204 196 0.0036
196 197 0.0022
198 197 0.0043
1136 197 0.0014
197 198 0.0043
199 198 0.0014
1135 198 0.0065
193 199 0.0036
198 199 0.0014
983 199 0.0007
1135 199 0.0043
201 200 0.0014
1136 200 0.0014
200 201 0.0014
1135 201 0.0014
196 204 0.0036
205 204 0.0036
204 205 0.0036
232 205 0.0022
808 205 0.0007
194 207 0.0022
236 207 0.0022
92 209 0.0014
238 209 0.0022
87 213 0.0014
88 213 0.0022
72 214 0.0029
89 214 0.0036
74 215 0.0022
216 215 0.0043
220 215 0.0029
90 216 0.0014
215 216 0.0043
217 216 0.0022
216 217 0.0022
220 217 0.0022
215 220 0.0029
217 220 0.0022
223 222 0.0079
235 222 0.0051
245 222 0.0079
222 223 0.0079
224 223 0.0072
223 224 0.0072
225 224 0.0123
235 224 0.0022
267 224 0.0072
224 225 0.0123
226 225 0.0123
225 226 0.0123
227 226 0.0123
226 227 0.0123
228 227 0.013
236 227 0.0014
227 228 0.013
229 228 0.0007
231 228 0.0115
228 229 0.0007
236 229 0.0007
228 231 0.0115
232 231 0.0072
271 231 0.0108
205 232 0.0022
231 232 0.0072
233 232 0.0029
808 232 0.0007
232 233 0.0029
272 233 0.0029
222 235 0.0051
224 235 0.0022
243 235 0.0022
207 236 0.0022
227 236 0.0014
229 236 0.0007
238 236 0.0036
194 238 0.0051
209 238 0.0022
236 238 0.0036
67 241 0.0022
243 241 0.0022
235 243 0.0022
241 243 0.0022
67 245 0.0065
74 245 0.0094
222 245 0.0079
67 246 0.0058
247 246 0.0058
258 246 0.0051
246 247 0.0058
248 247 0.0029
259 247 0.0022
247 248 0.0029
249 248 0.0014
260 248 0.0007
248 249 0.0014
263 249 0.0014
306 249 0.0036
65 250 0.0065
251 250 0.0043
258 250 0.0029
250 251 0.0043
252 251 0.0058
260 251 0.0014
251 252 0.0058
253 252 0.0022
260 252 0.0029
252 253 0.0022
254 253 0.0029
276 253 0.0058
253 254 0.0029
255 254 0.0115
261 254 0.0079
254 255 0.0115
256 255 0.0115
255 256 0.0115
276 256 0.0079
286 256 0.0029
246 258 0.0051
250 258 0.0029
259 258 0.0029
247 259 0.0022
258 259 0.0029
248 260 0.0007
251 260 0.0014
252 260 0.0029
63 261 0.0087
254 261 0.0079
249 263 0.0014
306 263 0.0014
1 264 0.0022
64 264 0.0022
66 264 0.0058
265 264 0.0058
64 265 0.0043
65 265 0.0065
264 265 0.0058
224 267 0.0072
268 267 0.0065
267 268 0.0065
801 268 0.0065
231 271 0.0108
272 271 0.0029
804 271 0.0072
233 272 0.0029
271 272 0.0029
253 276 0.0058
256 276 0.0079
277 276 0.0014
276 277 0.0014
278 277 0.0029
283 277 0.0051
277 278 0.0029
279 278 0.0029
278 279 0.0029
284 279 0.0029
277 283 0.0051
285 283 0.0029
306 283 0.0014
279 284 0.0029
285 284 0.0043
797 284 0.0007
283 285 0.0029
284 285 0.0043
793 285 0.0014
797 285 0.0029
256 286 0.0029
743 286 0.0029
292 291 0.0022
305 291 0.0022
291 292 0.0022
293 292 0.0029
302 292 0.0058
292 293 0.0029
294 293 0.0065
307 293 0.0029
293 294 0.0065
295 294 0.0022
298 294 0.0094
294 295 0.0022
297 295 0.0022
295 297 0.0022
298 297 0.0036
299 297 0.0007
294 298 0.0094
297 298 0.0036
785 298 0.0029
1191 298 0.0087
297 299 0.0007
785 299 0.0007
292 302 0.0058
303 302 0.0007
305 302 0.0036
790 302 0.0029
302 303 0.0007
305 303 0.0007
291 305 0.0022
302 305 0.0036
303 305 0.0007
249 306 0.0036
263 306 0.0014
283 306 0.0014
293 307 0.0029
782 307 0.0029
63 310 0.0022
311 310 0.0036
317 310 0.0014
56 311 0.0065
310 311 0.0036
312 311 0.0051
316 311 0.0051
55 312 0.0036
58 312 0.0007
311 312 0.0051
55 313 0.0014
314 313 0.0007
316 313 0.0043
320 313 0.0007
313 314 0.0007
315 314 0.0014
1487 314 0.0029
314 315 0.0014
320 315 0.0022
784 315 0.0022
1487 315 0.0043
311 316 0.0051
313 316 0.0043
317 316 0.0036
1487 316 0.0058
310 317 0.0014
316 317 0.0036
1487 317 0.0014
313 320 0.0007
315 320 0.0022
321 320 0.0007
320 321 0.0007
784 321 0.0007
55 323 0.0007
324 323 0.0007
327 323 0.0022
50 324 0.0007
323 324 0.0007
54 327 0.0051
323 327 0.0022
328 327 0.0022
49 328 0.0022
327 328 0.0022
50 330 0.0079
331 330 0.0108
337 330 0.0022
330 331 0.0108
332 331 0.0115
331 332 0.0115
333 332 0.0115
337 332 0.0036
348 332 0.0029
1486 332 0.0014
332 333 0.0115
334 333 0.0058
338 333 0.0108
345 333 0.0043
1616 333 0.0014
333 334 0.0058
335 334 0.0029
779 334 0.0022
334 335 0.0029
336 335 0.0036
760 335 0.0007
979 335 0.0007
335 336 0.0036
750 336 0.0036
330 337 0.0022
332 337 0.0036
783 337 0.0007
333 338 0.0108
339 338 0.0022
341 338 0.0087
1617 338 0.0043
338 339 0.0022
340 339 0.0007
779 339 0.0036
339 340 0.0007
779 340 0.0007
338 341 0.0087
342 341 0.0014
343 341 0.0087
1617 341 0.0014
341 342 0.0014
343 342 0.0014
341 343 0.0087
342 343 0.0014
344 343 0.0072
1616 343 0.0014
343 344 0.0072
783 344 0.0058
1191 344 0.0065
1616 344 0.0007
333 345 0.0043
346 345 0.0007
1482 345 0.0029
345 346 0.0007
763 346 0.0007
332 348 0.0029
1482 348 0.0029
42 349 0.0036
350 349 0.0014
351 349 0.0007
1628 349 0.0043
349 350 0.0014
1484 350 0.0022
1628 350 0.0043
50 351 0.0007
349 351 0.0007
40 354 0.0072
355 354 0.0029
359 354 0.0123
1485 354 0.0014
1631 354 0.0029
354 355 0.0029
356 355 0.0029
355 356 0.0029
357 356 0.0014
366 356 0.0007
356 357 0.0014
959 357 0.0029
961 357 0.0007
354 359 0.0123
360 359 0.0079
365 359 0.0108
359 360 0.0079
361 360 0.0065
1635 360 0.0007
360 361 0.0065
362 361 0.0036
364 361 0.0022
366 361 0.0007
361 362 0.0036
363 362 0.0065
402 362 0.0022
362 363 0.0065
375 363 0.0043
1187 363 0.0058
35 364 0.0014
361 364 0.0022
1634 364 0.0029
359 365 0.0108
1629 365 0.0115
1635 365 0.0029
356 366 0.0007
361 366 0.0007
38 370 0.0014
46 370 0.0014
47 373 0.0007
1632 373 0.0007
1633 373 0.0022
363 375 0.0043
402 375 0.0036
1636 375 0.0029
34 376 0.0051
379 376 0.0007
380 376 0.0065
378 377 0.0079
383 377 0.0079
377 378 0.0079
379 378 0.0029
380 378 0.0072
376 379 0.0007
378 379 0.0029
399 379 0.0014
376 380 0.0065
378 380 0.0072
14 381 0.0014
16 381 0.0022
17 382 0.0014
384 382 0.0029
17 383 0.0123
377 383 0.0079
384 383 0.0036
382 384 0.0029
383 384 0.0036
394 384 0.0014
19 389 0.0014
390 389 0.0022
389 390 0.0022
391 390 0.0036
392 390 0.0007
13 391 0.0065
19 391 0.0022
390 391 0.0036
22 392 0.0007
390 392 0.0007
24 394 0.0007
384 394 0.0014
27 397 0.0152
398 397 0.0144
399 397 0.0029
397 398 0.0144
403 398 0.0051
405 398 0.0079
407 398 0.0058
1638 398 0.0022
379 399 0.0014
397 399 0.0029
401 399 0.0007
399 401 0.0007
402 401 0.0007
1636 401 0.0022
362 402 0.0022
375 402 0.0036
401 402 0.0007
398 403 0.0051
1187 403 0.0087
1188 403 0.0029
1189 403 0.0058
1636 403 0.0029
959 404 0.0036
961 404 0.0043
1187 404 0.0043
398 405 0.0079
406 405 0.0094
409 405 0.0043
1189 405 0.0043
405 406 0.0094
410 406 0.0022
952 406 0.0065
398 407 0.0058
408 407 0.0029
415 407 0.0051
407 408 0.0029
409 408 0.0022
416 408 0.0014
405 409 0.0043
408 409 0.0022
410 409 0.0029
406 410 0.0022
409 410 0.0029
27 411 0.0058
412 411 0.0072
413 411 0.0022
411 412 0.0072
1637 412 0.0072
1638 412 0.0051
411 413 0.0022
426 413 0.0014
1637 413 0.0029
1637 414 0.0022
1638 414 0.0022
407 415 0.0051
416 415 0.0029
425 415 0.0036
951 415 0.0014
408 416 0.0014
415 416 0.0029
951 416 0.0022
27 417 0.0123
418 417 0.0087
430 417 0.0022
417 418 0.0087
419 418 0.0058
427 418 0.0022
418 419 0.0058
420 419 0.0058
419 420 0.0058
421 420 0.0058
420 421 0.0058
423 421 0.0058
421 423 0.0058
425 423 0.0036
1183 423 0.0014
415 425 0.0036
423 425 0.0036
413 426 0.0014
427 426 0.0007
418 427 0.0022
426 427 0.0007
1637 427 0.0036
417 430 0.0022
437 430 0.0014
432 431 0.0036
439 431 0.0043
431 432 0.0036
942 432 0.0036
27 434 0.0043
435 434 0.0022
437 434 0.0014
26 435 0.0022
434 435 0.0022
430 437 0.0014
434 437 0.0014
431 439 0.0043
469 439 0.0014
473 439 0.0065
5 440 0.0036
8 440 0.0014
444 440 0.0029
1173 440 0.0007
970 441 0.0014
1172 441 0.0014
5 443 0.0087
444 443 0.0094
452 443 0.0087
440 444 0.0029
443 444 0.0094
445 444 0.0036
1173 444 0.0043
444 445 0.0036
446 445 0.0022
452 445 0.0007
445 446 0.0022
447 446 0.0014
446 447 0.0014
448 447 0.0014
454 447 0.0036
447 448 0.0014
455 448 0.0014
443 452 0.0087
445 452 0.0007
453 452 0.0072
452 453 0.0072
1143 453 0.0065
447 454 0.0036
455 454 0.0014
456 454 0.0043
1143 454 0.0065
448 455 0.0014
454 455 0.0014
454 456 0.0043
457 456 0.0014
461 456 0.0087
972 456 0.0101
456 457 0.0014
466 457 0.0014
456 461 0.0087
462 461 0.0058
479 461 0.0022
461 462 0.0058
463 462 0.0058
462 463 0.0058
464 463 0.0036
468 463 0.0014
463 464 0.0036
469 464 0.0014
471 464 0.0022
498 464 0.0029
457 466 0.0014
467 466 0.0014
468 466 0.0036
466 467 0.0014
468 467 0.0014
463 468 0.0014
466 468 0.0036
467 468 0.0014
439 469 0.0014
464 469 0.0014
464 471 0.0022
472 471 0.0051
476 471 0.0043
478 471 0.0014
471 472 0.0051
474 472 0.0058
439 473 0.0065
475 473 0.0072
472 474 0.0058
475 474 0.0058
476 474 0.0051
473 475 0.0072
474 475 0.0058
939 475 0.0065
471 476 0.0043
474 476 0.0051
477 476 0.0043
476 477 0.0043
478 477 0.0014
938 477 0.0022
471 478 0.0014
477 478 0.0014
461 479 0.0022
485 479 0.0022
484 483 0.0094
512 483 0.0014
972 483 0.0115
483 484 0.0094
485 484 0.0079
488 484 0.0007
479 485 0.0022
484 485 0.0079
486 485 0.0051
485 486 0.0051
487 486 0.0022
490 486 0.0079
486 487 0.0022
491 487 0.0029
484 488 0.0007
489 488 0.0043
1643 488 0.0029
488 489 0.0043
514 489 0.0051
486 490 0.0079
491 490 0.0058
503 490 0.0014
487 491 0.0029
490 491 0.0058
492 491 0.0058
500 491 0.0014
491 492 0.0058
493 492 0.0051
497 492 0.0029
500 492 0.0022
1640 492 0.0065
492 493 0.0051
494 493 0.0022
499 493 0.0022
493 494 0.0022
497 494 0.0022
492 497 0.0029
494 497 0.0022
464 498 0.0029
499 498 0.0022
1640 498 0.0058
493 499 0.0022
498 499 0.0022
491 500 0.0014
492 500 0.0022
501 500 0.0014
1641 500 0.0022
500 501 0.0014
1641 501 0.0014
490 503 0.0014
504 503 0.0014
505 503 0.0036
503 504 0.0014
505 504 0.0014
503 505 0.0036
504 505 0.0014
506 505 0.0014
505 506 0.0014
507 506 0.0029
508 506 0.0007
506 507 0.0029
509 507 0.0072
510 507 0.0087
506 508 0.0007
929 508 0.0007
507 509 0.0072
524 509 0.0094
928 509 0.0014
507 510 0.0087
514 510 0.0051
523 510 0.0029
1644 510 0.0108
515 511 0.0079
545 511 0.0101
973 511 0.0014
483 512 0.0014
973 512 0.0036
1643 512 0.0014
489 514 0.0051
510 514 0.0051
511 515 0.0079
1142 515 0.0087
1176 515 0.0087
529 516 0.0123
1176 516 0.0123
1 517 0.0043
518 517 0.0072
520 517 0.0036
517 518 0.0072
519 518 0.0036
520 518 0.0014
542 518 0.0065
518 519 0.0036
1168 519 0.0072
1174 519 0.0058
3 520 0.0036
517 520 0.0036
518 520 0.0014
521 520 0.0014
4 521 0.0014
520 521 0.0014
510 523 0.0029
524 523 0.0043
526 523 0.0014
509 524 0.0094
523 524 0.0043
525 524 0.0036
526 524 0.0058
524 525 0.0036
928 525 0.0036
523 526 0.0014
524 526 0.0058
920 526 0.0022
1144 526 0.0051
528 527 0.0014
543 527 0.0007
1168 527 0.0029
1169 527 0.0036
527 528 0.0014
540 528 0.0036
1170 528 0.0058
516 529 0.0123
530 529 0.0072
1171 529 0.0043
529 530 0.0072
531 530 0.0072
530 531 0.0072
532 531 0.0072
531 532 0.0072
533 532 0.0065
532 533 0.0065
534 533 0.0087
1144 533 0.0014
533 534 0.0087
916 534 0.0051
1144 534 0.0072
540 538 0.0014
1171 538 0.0022
528 540 0.0036
538 540 0.0014
541 540 0.0014
540 541 0.0014
1167 541 0.0007
518 542 0.0065
543 542 0.0014
561 542 0.0058
527 543 0.0007
542 543 0.0014
559 544 0.0058
561 544 0.0065
511 545 0.0101
973 545 0.0115
1644 545 0.0094
1 554 0.0022
555 554 0.0014
557 554 0.0014
564 554 0.0022
554 555 0.0014
557 555 0.0014
554 557 0.0014
555 557 0.0014
558 557 0.0014
559 557 0.0014
557 558 0.0014
559 558 0.0022
544 559 0.0058
557 559 0.0014
558 559 0.0022
560 559 0.0051
559 560 0.0051
568 560 0.0051
542 561 0.0058
544 561 0.0065
1 564 0.0014
554 564 0.0022
565 564 0.0022
611 564 0.0014
564 565 0.0022
566 565 0.0022
611 565 0.0051
565 566 0.0022
567 566 0.0022
573 566 0.0051
566 567 0.0022
568 567 0.0065
574 567 0.0108
715 567 0.0065
560 568 0.0051
567 568 0.0065
1167 568 0.0036
1 569 0.0014
570 569 0.0022
1 570 0.013
569 570 0.0022
571 570 0.0123
570 571 0.0123
572 571 0.0159
604 571 0.0022
605 571 0.0108
611 571 0.0029
571 572 0.0159
573 572 0.0115
589 572 0.0022
600 572 0.0036
566 573 0.0051
572 573 0.0115
574 573 0.0137
580 573 0.0014
567 574 0.0108
573 574 0.0137
575 574 0.0108
574 575 0.0108
576 575 0.013
579 575 0.0014
575 576 0.013
577 576 0.013
587 576 0.0036
576 577 0.013
585 577 0.0036
587 577 0.0014
717 577 0.013
1148 577 0.0014
575 579 0.0014
587 579 0.0014
573 580 0.0014
581 580 0.0007
1148 580 0.0029
580 581 0.0007
1148 581 0.0007
577 585 0.0036
1145 585 0.0036
576 587 0.0036
577 587 0.0014
579 587 0.0014
572 589 0.0022
590 589 0.0043
645 589 0.0014
589 590 0.0043
591 590 0.0043
592 590 0.0014
645 590 0.0014
590 591 0.0043
592 591 0.0043
590 592 0.0014
591 592 0.0043
593 592 0.0022
592 593 0.0022
596 593 0.0007
635 593 0.0029
898 593 0.0043
595 594 0.0022
636 594 0.0022
898 594 0.0051
594 595 0.0022
596 595 0.0065
632 595 0.0036
593 596 0.0007
595 596 0.0065
630 596 0.0029
632 596 0.0014
572 600 0.0036
602 600 0.0036
600 602 0.0036
608 602 0.0036
571 604 0.0022
605 604 0.0014
571 605 0.0108
604 605 0.0014
606 605 0.0087
605 606 0.0087
607 606 0.0079
606 607 0.0079
608 607 0.0036
614 607 0.0036
602 608 0.0036
607 608 0.0036
564 611 0.0014
565 611 0.0051
571 611 0.0029
1 612 0.0022
613 612 0.0022
612 613 0.0022
614 613 0.0094
618 613 0.0087
640 613 0.0014
607 614 0.0036
613 614 0.0094
616 614 0.0079
614 616 0.0079
617 616 0.0022
621 616 0.0079
616 617 0.0022
630 617 0.0036
633 617 0.0036
613 618 0.0087
619 618 0.0065
641 618 0.0014
618 619 0.0065
620 619 0.0065
619 620 0.0065
665 620 0.0065
616 621 0.0079
622 621 0.0079
621 622 0.0079
623 622 0.0079
622 623 0.0079
624 623 0.0108
628 623 0.0022
623 624 0.0108
625 624 0.0094
627 624 0.0065
624 625 0.0094
626 625 0.0022
674 625 0.0065
625 626 0.0022
627 626 0.0022
624 627 0.0065
626 627 0.0022
883 627 0.0036
623 628 0.0022
883 628 0.0022
596 630 0.0029
617 630 0.0036
631 630 0.0043
630 631 0.0043
632 631 0.0014
884 631 0.0022
595 632 0.0036
596 632 0.0014
631 632 0.0014
617 633 0.0036
884 633 0.0036
593 635 0.0029
1535 635 0.0036
1538 635 0.0036
594 636 0.0022
637 636 0.0022
636 637 0.0022
894 637 0.0007
898 637 0.0043
1535 637 0.0029
613 640 0.0014
641 640 0.0014
618 641 0.0014
640 641 0.0014
589 645 0.0014
590 645 0.0014
676 647 0.0022
1622 647 0.0043
1624 647 0.0058
656 648 0.0072
658 648 0.0036
1622 648 0.0029
1 649 0.013
650 649 0.0108
653 649 0.0014
649 650 0.0108
1623 650 0.0115
661 651 0.0101
1623 651 0.0101
653 652 0.0022
678 652 0.0014
649 653 0.0014
652 653 0.0022
654 653 0.0022
677 653 0.0058
653 654 0.0022
676 654 0.0029
1 655 0.0014
1624 655 0.0022
648 656 0.0072
657 656 0.0043
660 656 0.0022
656 657 0.0043
732 657 0.0072
878 657 0.0022
648 658 0.0036
659 658 0.0007
660 658 0.0022
658 659 0.0007
877 659 0.0007
656 660 0.0022
658 660 0.0022
651 661 0.0101
662 661 0.0014
680 661 0.0072
739 661 0.0043
661 662 0.0014
663 662 0.0022
737 662 0.0043
662 663 0.0022
664 663 0.0022
663 664 0.0022
711 664 0.0007
737 664 0.0036
620 665 0.0065
666 665 0.0065
665 666 0.0065
667 666 0.0029
672 666 0.0101
666 667 0.0029
668 667 0.0007
671 667 0.0029
667 668 0.0007
669 668 0.0007
670 668 0.0036
1011 668 0.0022
1012 668 0.0022
668 669 0.0007
875 669 0.0007
877 669 0.0029
1010 669 0.0029
668 670 0.0036
876 670 0.0022
1011 670 0.0029
1012 670 0.0029
1517 670 0.0036
667 671 0.0029
672 671 0.0022
666 672 0.0101
671 672 0.0022
673 672 0.0087
675 672 0.0022
672 673 0.0087
674 673 0.0065
879 673 0.0014
625 674 0.0065
673 674 0.0065
672 675 0.0022
726 675 0.0022
1533 675 0.0036
647 676 0.0022
654 676 0.0029
677 676 0.0043
653 677 0.0058
676 677 0.0043
678 677 0.0022
652 678 0.0014
677 678 0.0022
661 680 0.0072
681 680 0.0087
682 680 0.0007
737 680 0.0036
680 681 0.0087
682 681 0.0014
738 681 0.0029
863 681 0.0072
680 682 0.0007
681 682 0.0014
108 684 0.0051
693 684 0.0072
704 684 0.0072
1 685 0.0087
686 685 0.0108
687 685 0.0014
685 686 0.0108
687 686 0.0043
688 686 0.0058
685 687 0.0014
686 687 0.0043
739 687 0.0022
686 688 0.0058
689 688 0.0007
693 688 0.0043
688 689 0.0007
739 689 0.0007
684 693 0.0072
688 693 0.0043
694 693 0.0065
693 694 0.0065
695 694 0.0058
698 694 0.0029
694 695 0.0058
696 695 0.0079
701 695 0.0029
708 695 0.0022
695 696 0.0079
697 696 0.0051
1613 696 0.0051
696 697 0.0051
706 697 0.0058
709 697 0.0036
694 698 0.0029
699 698 0.0029
704 698 0.0036
698 699 0.0029
700 699 0.0014
706 699 0.0007
699 700 0.0014
707 700 0.0007
695 701 0.0029
702 701 0.0043
703 701 0.0036
701 702 0.0043
712 702 0.0051
701 703 0.0036
709 703 0.0022
710 703 0.0036
115 704 0.0094
684 704 0.0072
698 704 0.0036
1138 704 0.0029
117 705 0.0007
1138 705 0.0014
697 706 0.0058
699 706 0.0007
1614 706 0.0043
700 707 0.0007
1614 707 0.0022
1615 707 0.0036
695 708 0.0022
709 708 0.0007
1613 708 0.0036
697 709 0.0036
703 709 0.0022
708 709 0.0007
851 709 0.0029
853 709 0.0014
1613 709 0.0036
703 710 0.0036
712 710 0.0072
736 710 0.0065
664 711 0.0007
738 711 0.0022
864 711 0.0007
702 712 0.0051
710 712 0.0072
736 712 0.0014
567 715 0.0065
910 715 0.0036
1167 715 0.0022
577 717 0.013
905 717 0.0036
1160 717 0.0087
900 718 0.0072
1149 718 0.0022
1166 718 0.0043
675 726 0.0022
876 726 0.0007
880 726 0.0036
1533 726 0.0036
657 732 0.0072
868 732 0.0029
1010 732 0.0036
710 736 0.0065
712 736 0.0014
859 736 0.0043
662 737 0.0043
664 737 0.0036
680 737 0.0036
738 737 0.0029
681 738 0.0029
711 738 0.0022
737 738 0.0029
661 739 0.0043
687 739 0.0022
689 739 0.0007
286 743 0.0029
790 743 0.0029
336 750 0.0036
751 750 0.0087
752 750 0.0072
974 750 0.0022
750 751 0.0087
1455 751 0.0087
750 752 0.0072
1467 752 0.0065
335 760 0.0007
761 760 0.0014
979 760 0.0029
760 761 0.0014
979 761 0.0014
346 763 0.0007
764 763 0.0022
1479 763 0.0036
763 764 0.0022
1186 764 0.0022
334 779 0.0022
339 779 0.0036
340 779 0.0007
307 782 0.0029
783 782 0.0043
784 782 0.0007
337 783 0.0007
344 783 0.0058
782 783 0.0043
315 784 0.0022
321 784 0.0007
782 784 0.0007
298 785 0.0029
299 785 0.0007
1191 785 0.0014
302 790 0.0029
743 790 0.0029
285 793 0.0014
797 793 0.0014
284 797 0.0007
285 797 0.0029
793 797 0.0014
268 801 0.0065
804 801 0.0065
271 804 0.0072
801 804 0.0065
205 808 0.0007
232 808 0.0007
193 813 0.0051
986 813 0.0051
192 815 0.0036
984 815 0.0036
166 820 0.0029
823 820 0.0029
987 820 0.0007
989 820 0.0007
166 823 0.0014
820 823 0.0029
990 823 0.0007
158 824 0.0036
829 824 0.0036
160 828 0.0014
161 828 0.0029
990 828 0.0007
145 829 0.0036
824 829 0.0036
144 836 0.0036
145 836 0.0022
837 836 0.0007
132 837 0.0007
836 837 0.0007
136 841 0.0014
137 841 0.0058
842 841 0.0036
841 842 0.0036
843 842 0.0029
842 843 0.0029
848 843 0.0014
849 843 0.0051
136 846 0.0058
847 846 0.0051
846 847 0.0051
848 847 0.0058
843 848 0.0014
847 848 0.0058
849 848 0.0058
851 848 0.0029
843 849 0.0051
848 849 0.0058
709 851 0.0029
848 851 0.0029
709 853 0.0014
995 853 0.0051
1513 853 0.0022
736 859 0.0043
861 859 0.0043
862 859 0.0087
866 859 0.0014
999 859 0.0022
859 861 0.0043
1005 861 0.0043
859 862 0.0087
866 862 0.0079
1498 862 0.0072
681 863 0.0072
864 863 0.0007
866 863 0.0058
711 864 0.0007
863 864 0.0007
859 866 0.0014
862 866 0.0079
863 866 0.0058
732 868 0.0029
1196 868 0.0029
669 875 0.0007
1011 875 0.0029
1517 875 0.0022
670 876 0.0022
726 876 0.0007
1012 876 0.0007
1532 876 0.0022
659 877 0.0007
669 877 0.0029
878 877 0.0014
657 878 0.0022
877 878 0.0014
1010 878 0.0043
673 879 0.0014
880 879 0.0014
1533 879 0.0036
726 880 0.0036
879 880 0.0014
1198 880 0.0014
1014 881 0.0014
1015 881 0.0014
627 883 0.0036
628 883 0.0022
1018 883 0.0007
631 884 0.0022
633 884 0.0036
1016 884 0.0007
637 894 0.0007
1027 894 0.0036
1030 894 0.0029
1032 894 0.0014
593 898 0.0043
594 898 0.0051
637 898 0.0043
1537 899 0.0022
1538 899 0.0029
718 900 0.0072
1048 900 0.0072
1049 900 0.0022
1061 900 0.0029
1540 900 0.0007
1050 903 0.0036
1052 903 0.0014
1053 903 0.0007
717 905 0.0036
906 905 0.0036
905 906 0.0036
910 906 0.0036
715 910 0.0036
906 910 0.0036
534 916 0.0051
917 916 0.0007
918 916 0.0014
1100 916 0.0043
1379 916 0.0036
916 917 0.0007
1082 917 0.0029
1087 917 0.0014
1100 917 0.0065
916 918 0.0014
1090 918 0.0043
1094 918 0.0043
1385 918 0.0014
1105 919 0.0014
1106 919 0.0007
1361 919 0.0029
1382 919 0.0051
1384 919 0.0051
526 920 0.0022
924 920 0.0022
920 924 0.0022
1109 924 0.0043
1120 924 0.0029
509 928 0.0014
525 928 0.0036
929 928 0.0014
508 929 0.0007
928 929 0.0014
931 929 0.0014
1112 929 0.0043
1120 929 0.0029
929 931 0.0014
1116 931 0.0014
477 938 0.0022
1123 938 0.0029
1126 938 0.0022
1180 938 0.0029
475 939 0.0065
940 939 0.0014
942 939 0.0036
1126 939 0.0043
939 940 0.0014
1126 940 0.0014
432 942 0.0036
939 942 0.0036
415 951 0.0014
416 951 0.0022
406 952 0.0065
1186 952 0.0043
1447 952 0.0014
357 959 0.0029
404 959 0.0036
961 959 0.0029
357 961 0.0007
404 961 0.0043
959 961 0.0029
1186 961 0.0022
126 965 0.0014
129 965 0.0007
128 966 0.0043
130 966 0.0051
149 966 0.0043
101 967 0.0072
119 967 0.0094
968 967 0.0014
119 968 0.0022
967 968 0.0014
119 969 0.0014
120 969 0.0022
23 970 0.0029
24 970 0.0007
441 970 0.0014
971 970 0.0036
23 971 0.0051
970 971 0.0036
1172 971 0.0051
456 972 0.0101
483 972 0.0115
973 972 0.0094
511 973 0.0014
512 973 0.0036
545 973 0.0115
972 973 0.0094
750 974 0.0022
976 974 0.0014
974 976 0.0014
1467 976 0.0029
1468 976 0.0007
335 979 0.0007
760 979 0.0029
761 979 0.0014
199 983 0.0007
985 983 0.0014
986 983 0.0029
815 984 0.0036
985 984 0.0036
983 985 0.0014
984 985 0.0036
986 985 0.0058
813 986 0.0051
983 986 0.0029
985 986 0.0058
820 987 0.0007
988 987 0.0029
989 987 0.0029
1490 987 0.0007
987 988 0.0029
989 988 0.0014
1490 988 0.0007
820 989 0.0007
987 989 0.0029
988 989 0.0014
161 990 0.0022
823 990 0.0007
828 990 0.0007
853 995 0.0051
996 995 0.0051
995 996 0.0051
1197 996 0.0014
1513 996 0.0029
859 999 0.0022
1005 999 0.0043
1197 999 0.0014
861 1005 0.0043
999 1005 0.0043
669 1010 0.0029
732 1010 0.0036
878 1010 0.0043
668 1011 0.0022
670 1011 0.0029
875 1011 0.0029
668 1012 0.0022
670 1012 0.0029
876 1012 0.0007
881 1014 0.0014
1015 1014 0.0029
1570 1014 0.0007
881 1015 0.0014
1014 1015 0.0029
1569 1015 0.0007
884 1016 0.0007
1017 1016 0.0029
1018 1016 0.0014
1016 1017 0.0029
1558 1017 0.0014
1568 1017 0.0051
883 1018 0.0007
1016 1018 0.0014
1568 1018 0.0029
1021 1020 0.0014
1549 1020 0.0014
1020 1021 0.0014
1549 1021 0.0014
894 1027 0.0036
1028 1027 0.0058
1029 1027 0.0014
1027 1028 0.0058
1029 1028 0.0014
1031 1028 0.0029
1034 1028 0.0029
1027 1029 0.0014
1028 1029 0.0014
894 1030 0.0029
1031 1030 0.0036
1154 1030 0.0029
1028 1031 0.0029
1030 1031 0.0036
1154 1031 0.0029
894 1032 0.0014
1199 1032 0.0014
1028 1034 0.0029
1035 1034 0.0043
1041 1034 0.0043
1048 1034 0.0029
1034 1035 0.0043
1036 1035 0.0036
1158 1035 0.0043
1035 1036 0.0036
1037 1036 0.0014
1199 1036 0.0014
1036 1037 0.0014
1038 1037 0.0036
1046 1037 0.0014
1037 1038 0.0036
1039 1038 0.0014
1046 1038 0.0014
1158 1038 0.0036
1038 1039 0.0014
1244 1039 0.0014
1034 1041 0.0043
1042 1041 0.0014
1049 1041 0.0022
1158 1041 0.0036
1041 1042 0.0014
1043 1042 0.0022
1159 1042 0.0029
1042 1043 0.0022
1159 1043 0.0014
1200 1043 0.0014
1252 1043 0.0022
1037 1046 0.0014
1038 1046 0.0014
900 1048 0.0072
1034 1048 0.0029
1154 1048 0.0022
1540 1048 0.0022
1544 1048 0.0036
900 1049 0.0022
1041 1049 0.0022
903 1050 0.0036
1051 1050 0.0014
1052 1050 0.0014
1050 1051 0.0014
1252 1051 0.0036
1264 1051 0.0043
903 1052 0.0014
1050 1052 0.0014
903 1053 0.0007
1054 1053 0.0036
1057 1053 0.0022
1053 1054 0.0036
1055 1054 0.0036
1054 1055 0.0036
1056 1055 0.0036
1055 1056 0.0036
1201 1056 0.0043
1204 1056 0.0058
1207 1056 0.0051
1053 1057 0.0022
1285 1057 0.0029
1547 1057 0.0058
900 1061 0.0029
1064 1061 0.0029
1061 1064 0.0029
1085 1064 0.0029
917 1082 0.0029
1085 1082 0.0029
1064 1085 0.0029
1082 1085 0.0029
917 1087 0.0014
1100 1087 0.0014
918 1090 0.0043
1091 1090 0.0065
1092 1090 0.0014
1090 1091 0.0065
1092 1091 0.0014
1097 1091 0.0043
1090 1092 0.0014
1091 1092 0.0014
918 1094 0.0043
1095 1094 0.0043
1094 1095 0.0043
1213 1095 0.0072
1318 1095 0.0022
1091 1097 0.0043
1098 1097 0.0043
1097 1098 0.0043
1215 1098 0.0079
1218 1098 0.0029
916 1100 0.0043
917 1100 0.0065
1087 1100 0.0014
1377 1101 0.0007
1384 1101 0.0007
919 1105 0.0014
1377 1105 0.0029
1378 1105 0.0022
919 1106 0.0007
1107 1106 0.0022
1350 1106 0.0014
1361 1106 0.0043
1375 1106 0.0022
1106 1107 0.0022
1350 1107 0.0036
1351 1107 0.0043
1361 1107 0.0029
1378 1107 0.0022
1351 1108 0.0007
1377 1108 0.0007
924 1109 0.0043
1110 1109 0.0043
1112 1109 0.0051
1381 1109 0.0036
1109 1110 0.0043
1111 1110 0.0036
1375 1110 0.0014
1381 1110 0.0022
1110 1111 0.0036
1350 1111 0.0043
1352 1111 0.0058
1375 1111 0.0022
929 1112 0.0043
1109 1112 0.0051
1222 1112 0.0043
931 1116 0.0014
1117 1116 0.0036
1398 1116 0.0014
1116 1117 0.0036
1118 1117 0.0014
1398 1117 0.0014
1117 1118 0.0014
1220 1118 0.0022
1222 1118 0.0043
924 1120 0.0029
929 1120 0.0029
938 1123 0.0029
1179 1123 0.0029
938 1126 0.0022
939 1126 0.0043
940 1126 0.0014
198 1135 0.0065
199 1135 0.0043
201 1135 0.0014
1136 1135 0.0036
197 1136 0.0014
200 1136 0.0014
1135 1136 0.0036
164 1137 0.0051
168 1137 0.0051
116 1138 0.0036
704 1138 0.0029
705 1138 0.0014
6 1140 0.0036
7 1140 0.0094
10 1140 0.0072
18 1140 0.0014
5 1142 0.0087
515 1142 0.0087
1143 1142 0.0079
453 1143 0.0065
454 1143 0.0065
1142 1143 0.0079
526 1144 0.0051
533 1144 0.0014
534 1144 0.0072
585 1145 0.0036
1147 1145 0.0007
1537 1145 0.0051
1145 1147 0.0007
1160 1147 0.0022
1165 1147 0.0007
577 1148 0.0014
580 1148 0.0029
581 1148 0.0007
718 1149 0.0022
1151 1149 0.0022
1149 1151 0.0022
1153 1151 0.0022
1151 1153 0.0022
1543 1153 0.0007
1544 1153 0.0036
1030 1154 0.0029
1031 1154 0.0029
1048 1154 0.0022
1035 1158 0.0043
1038 1158 0.0036
1041 1158 0.0036
1159 1158 0.0029
1042 1159 0.0029
1043 1159 0.0014
1158 1159 0.0029
1244 1159 0.0014
717 1160 0.0087
1147 1160 0.0022
1161 1160 0.0115
1160 1161 0.0115
1162 1161 0.0036
1166 1161 0.013
1161 1162 0.0036
1163 1162 0.0029
1165 1162 0.0014
1162 1163 0.0029
1164 1163 0.0087
1166 1163 0.0108
1163 1164 0.0087
1536 1164 0.0043
1539 1164 0.0079
1147 1165 0.0007
1162 1165 0.0014
718 1166 0.0043
1161 1166 0.013
1163 1166 0.0108
541 1167 0.0007
568 1167 0.0036
715 1167 0.0022
519 1168 0.0072
527 1168 0.0029
1169 1168 0.0079
527 1169 0.0036
1168 1169 0.0079
1170 1169 0.0079
528 1170 0.0058
1169 1170 0.0079
1171 1170 0.0072
529 1171 0.0043
538 1171 0.0022
1170 1171 0.0072
441 1172 0.0014
971 1172 0.0051
1173 1172 0.0029
440 1173 0.0007
444 1173 0.0043
1172 1173 0.0029
519 1174 0.0058
1176 1174 0.0058
515 1176 0.0087
516 1176 0.0123
1174 1176 0.0058
1178 1177 0.0014
1404 1177 0.0014
1177 1178 0.0014
1404 1178 0.0014
1123 1179 0.0029
1416 1179 0.0029
938 1180 0.0029
1416 1180 0.0029
423 1183 0.0014
1447 1183 0.0014
764 1186 0.0022
952 1186 0.0043
961 1186 0.0022
1459 1186 0.0029
1481 1186 0.0079
363 1187 0.0058
403 1187 0.0087
404 1187 0.0043
1188 1187 0.0014
403 1188 0.0029
1187 1188 0.0014
1189 1188 0.0007
403 1189 0.0058
405 1189 0.0043
1188 1189 0.0007
298 1191 0.0087
344 1191 0.0065
785 1191 0.0014
868 1196 0.0029
1498 1196 0.0029
996 1197 0.0014
999 1197 0.0014
1506 1197 0.0058
1507 1197 0.0014
880 1198 0.0014
1515 1198 0.0065
1519 1198 0.0022
1532 1198 0.0014
1032 1199 0.0014
1036 1199 0.0014
1043 1200 0.0014
1232 1200 0.0022
1248 1200 0.0043
1056 1201 0.0043
1202 1201 0.0014
1264 1201 0.0065
1201 1202 0.0014
1264 1202 0.0014
1056 1204 0.0058
1205 1204 0.0079
1206 1204 0.0014
1204 1205 0.0079
1206 1205 0.0058
1253 1205 0.0043
1204 1206 0.0014
1205 1206 0.0058
1208 1206 0.0036
1056 1207 0.0051
1208 1207 0.0022
1209 1207 0.0036
1211 1207 0.0007
1206 1208 0.0036
1207 1208 0.0022
1258 1208 0.0007
1207 1209 0.0036
1210 1209 0.0051
1211 1209 0.0014
1547 1209 0.0043
1209 1210 0.0051
1265 1210 0.0029
1269 1210 0.0029
1547 1210 0.0051
1207 1211 0.0007
1209 1211 0.0014
1265 1211 0.0029
1095 1213 0.0072
1214 1213 0.0043
1289 1213 0.0065
1213 1214 0.0043
1313 1214 0.0014
1318 1214 0.0022
1098 1215 0.0079
1216 1215 0.0058
1297 1215 0.0072
1215 1216 0.0058
1545 1216 0.0036
1546 1216 0.0029
1098 1218 0.0029
1285 1218 0.0029
1118 1220 0.0022
1221 1220 0.0022
1220 1221 0.0022
1222 1221 0.0022
1112 1222 0.0043
1118 1222 0.0043
1221 1222 0.0022
1370 1222 0.0022
1200 1232 0.0022
1233 1232 0.0022
1243 1232 0.0051
1232 1233 0.0022
1234 1233 0.0022
1236 1233 0.0022
1241 1233 0.0022
1233 1234 0.0022
1238 1234 0.0022
1233 1236 0.0022
1238 1236 0.0022
1234 1238 0.0022
1236 1238 0.0022
1233 1241 0.0022
1243 1241 0.0022
1232 1243 0.0051
1241 1243 0.0022
1249 1243 0.0022
1039 1244 0.0014
1159 1244 0.0014
1200 1248 0.0043
1249 1248 0.0043
1255 1248 0.0036
1243 1249 0.0022
1248 1249 0.0043
1256 1249 0.0014
1043 1252 0.0022
1051 1252 0.0036
1253 1252 0.0051
1205 1253 0.0043
1252 1253 0.0051
1255 1253 0.0014
1258 1253 0.0007
1248 1255 0.0036
1253 1255 0.0014
1256 1255 0.0014
1249 1256 0.0014
1255 1256 0.0014
1208 1258 0.0007
1253 1258 0.0007
1051 1264 0.0043
1201 1264 0.0065
1202 1264 0.0014
1210 1265 0.0029
1211 1265 0.0029
1210 1269 0.0029
1282 1269 0.0029
1269 1282 0.0029
1283 1282 0.0029
1285 1282 0.0065
1282 1283 0.0029
1545 1283 0.0029
1057 1285 0.0029
1218 1285 0.0029
1282 1285 0.0065
1213 1289 0.0065
1290 1289 0.0014
1298 1289 0.0043
1314 1289 0.0036
1289 1290 0.0014
1314 1290 0.0014
1215 1297 0.0072
1298 1297 0.0043
1308 1297 0.0022
1289 1298 0.0043
1297 1298 0.0043
1307 1304 0.0014
1545 1304 0.0014
1546 1304 0.0036
1304 1307 0.0014
1308 1307 0.0014
1297 1308 0.0022
1307 1308 0.0014
1546 1308 0.0043
1214 1313 0.0014
1314 1313 0.0014
1289 1314 0.0036
1290 1314 0.0014
1313 1314 0.0014
1095 1318 0.0022
1214 1318 0.0022
1106 1350 0.0014
1107 1350 0.0036
1111 1350 0.0043
1107 1351 0.0043
1108 1351 0.0007
1352 1351 0.0029
1111 1352 0.0058
1351 1352 0.0029
1353 1352 0.0022
1352 1353 0.0022
1354 1353 0.0014
1370 1353 0.0043
1353 1354 0.0014
1374 1354 0.0014
919 1361 0.0029
1106 1361 0.0043
1107 1361 0.0029
1378 1361 0.0014
1222 1370 0.0022
1353 1370 0.0043
1372 1370 0.0014
1374 1370 0.0036
1370 1372 0.0014
1374 1372 0.0014
1354 1374 0.0014
1370 1374 0.0036
1372 1374 0.0014
1106 1375 0.0022
1110 1375 0.0014
1111 1375 0.0022
1101 1377 0.0007
1105 1377 0.0029
1108 1377 0.0007
1378 1377 0.0029
1105 1378 0.0022
1107 1378 0.0022
1361 1378 0.0014
1377 1378 0.0029
916 1379 0.0036
1380 1379 0.0058
1385 1379 0.0058
1379 1380 0.0058
1381 1380 0.0022
1382 1380 0.0043
1109 1381 0.0036
1110 1381 0.0022
1380 1381 0.0022
919 1382 0.0051
1380 1382 0.0043
919 1384 0.0051
1101 1384 0.0007
1385 1384 0.0036
918 1385 0.0014
1379 1385 0.0058
1384 1385 0.0036
1116 1398 0.0014
1117 1398 0.0014
1177 1404 0.0014
1178 1404 0.0014
1179 1416 0.0029
1180 1416 0.0029
1437 1436 0.0029
1438 1436 0.0029
1436 1437 0.0029
1444 1437 0.0029
1436 1438 0.0029
1442 1438 0.0029
1438 1442 0.0029
1444 1442 0.0029
1437 1444 0.0029
1442 1444 0.0029
952 1447 0.0014
1183 1447 0.0014
751 1455 0.0087
1456 1455 0.0087
1477 1455 0.0079
1455 1456 0.0087
1457 1456 0.0036
1470 1456 0.0043
1456 1457 0.0036
1459 1457 0.0029
1186 1459 0.0029
1457 1459 0.0029
752 1467 0.0065
976 1467 0.0029
1468 1467 0.0007
1470 1467 0.0043
976 1468 0.0007
1467 1468 0.0007
1456 1470 0.0043
1467 1470 0.0043
1455 1477 0.0079
1478 1477 0.0043
1480 1477 0.0087
1477 1478 0.0043
1479 1478 0.0043
1481 1478 0.0051
763 1479 0.0036
1478 1479 0.0043
1477 1480 0.0087
1481 1480 0.0079
1186 1481 0.0079
1478 1481 0.0051
1480 1481 0.0079
345 1482 0.0029
348 1482 0.0029
350 1484 0.0022
1485 1484 0.0029
1486 1484 0.0036
354 1485 0.0014
1484 1485 0.0029
1486 1485 0.0014
332 1486 0.0014
1484 1486 0.0036
1485 1486 0.0014
314 1487 0.0029
315 1487 0.0043
316 1487 0.0058
317 1487 0.0014
987 1490 0.0007
988 1490 0.0007
862 1498 0.0072
1196 1498 0.0029
1506 1498 0.0036
1197 1506 0.0058
1498 1506 0.0036
1507 1506 0.0014
1197 1507 0.0014
1506 1507 0.0014
853 1513 0.0022
996 1513 0.0029
1198 1515 0.0065
1516 1515 0.0029
1517 1515 0.0022
1532 1515 0.0043
1515 1516 0.0029
1518 1516 0.0022
670 1517 0.0036
875 1517 0.0022
1515 1517 0.0022
1516 1518 0.0022
1519 1518 0.0022
1198 1519 0.0022
1518 1519 0.0022
876 1532 0.0022
1198 1532 0.0014
1515 1532 0.0043
675 1533 0.0036
726 1533 0.0036
879 1533 0.0036
635 1535 0.0036
637 1535 0.0029
1536 1535 0.0029
1164 1536 0.0043
1535 1536 0.0029
1538 1536 0.0058
1539 1536 0.0043
899 1537 0.0022
1145 1537 0.0051
1539 1537 0.0087
635 1538 0.0036
899 1538 0.0029
1536 1538 0.0058
1164 1539 0.0079
1536 1539 0.0043
1537 1539 0.0087
900 1540 0.0007
1048 1540 0.0022
1541 1540 0.0022
1544 1540 0.0036
1540 1541 0.0022
1543 1541 0.0022
1153 1543 0.0007
1541 1543 0.0022
1544 1543 0.0036
1048 1544 0.0036
1153 1544 0.0036
1540 1544 0.0036
1543 1544 0.0036
1216 1545 0.0036
1283 1545 0.0029
1304 1545 0.0014
1546 1545 0.0022
1216 1546 0.0029
1304 1546 0.0036
1308 1546 0.0043
1545 1546 0.0022
1057 1547 0.0058
1209 1547 0.0043
1210 1547 0.0051
1020 1549 0.0014
1021 1549 0.0014
1017 1558 0.0014
1568 1558 0.0014
1017 1568 0.0051
1018 1568 0.0029
1558 1568 0.0014
1015 1569 0.0007
1570 1569 0.0029
1571 1569 0.0043
1572 1569 0.0022
1014 1570 0.0007
1569 1570 0.0029
1579 1570 0.0014
1569 1571 0.0043
1578 1571 0.0022
1579 1571 0.0014
1569 1572 0.0022
1578 1572 0.0022
1571 1578 0.0022
1572 1578 0.0022
1570 1579 0.0014
1571 1579 0.0014
696 1613 0.0051
708 1613 0.0036
709 1613 0.0036
135 1614 0.0072
706 1614 0.0043
707 1614 0.0022
118 1615 0.0058
135 1615 0.0072
707 1615 0.0036
333 1616 0.0014
343 1616 0.0014
344 1616 0.0007
1617 1616 0.0022
338 1617 0.0043
341 1617 0.0014
1616 1617 0.0022
647 1622 0.0043
648 1622 0.0029
1623 1622 0.0079
650 1623 0.0115
651 1623 0.0101
1622 1623 0.0079
1 1624 0.0072
647 1624 0.0058
655 1624 0.0022
113 1627 0.0022
151 1627 0.0022
38 1628 0.0051
349 1628 0.0043
350 1628 0.0043
365 1629 0.0115
1630 1629 0.0094
1634 1629 0.0036
1635 1629 0.0014
1629 1630 0.0094
1631 1630 0.0072
1633 1630 0.0043
354 1631 0.0029
1630 1631 0.0072
1632 1631 0.0036
39 1632 0.0022
373 1632 0.0007
1631 1632 0.0036
373 1633 0.0022
1630 1633 0.0043
1634 1633 0.0014
35 1634 0.0007
364 1634 0.0029
1629 1634 0.0036
1633 1634 0.0014
360 1635 0.0007
365 1635 0.0029
1629 1635 0.0014
375 1636 0.0029
401 1636 0.0022
403 1636 0.0029
412 1637 0.0072
413 1637 0.0029
414 1637 0.0022
427 1637 0.0036
398 1638 0.0022
412 1638 0.0051
414 1638 0.0022
492 1640 0.0065
498 1640 0.0058
500 1641 0.0022
501 1641 0.0014
488 1643 0.0029
512 1643 0.0014
1644 1643 0.0051
510 1644 0.0108
545 1644 0.0094
1643 1644 0.0051
