2 1 0.0233
8 1 0.0233
69 1 0.0068
74 1 0.0068
85 1 0.0301
89 1 0.0082
113 1 0.0123
127 1 0.0014
136 1 0.0205
1 2 0.0233
3 2 0.0274
5 2 0.0027
2 3 0.0274
4 3 0.0315
37 3 0.0027
3 4 0.0315
5 4 0.0274
43 4 0.0082
45 4 0.0041
2 5 0.0027
4 5 0.0274
6 5 0.0233
5 6 0.0233
53 6 0.0233
1 8 0.0233
14 8 0.0082
17 8 0.0329
8 14 0.0082
16 14 0.0082
14 16 0.0082
362 16 0.0082
8 17 0.0329
18 17 0.0329
17 18 0.0329
20 18 0.0329
18 20 0.0329
22 20 0.0384
307 20 0.0233
369 21 0.0192
374 21 0.0192
20 22 0.0384
23 22 0.0082
29 22 0.0288
22 23 0.0082
378 23 0.0082
22 29 0.0288
30 29 0.0288
29 30 0.0288
387 30 0.0288
3 37 0.0027
38 37 0.0041
43 37 0.0082
37 38 0.0041
40 38 0.0041
38 40 0.0041
41 40 0.0041
40 41 0.0041
44 41 0.0041
4 43 0.0082
37 43 0.0082
44 43 0.0096
41 44 0.0041
43 44 0.0096
45 44 0.0041
4 45 0.0041
44 45 0.0041
48 47 0.0315
52 47 0.0137
53 47 0.0301
47 48 0.0315
49 48 0.0315
48 49 0.0315
50 49 0.0315
49 50 0.0315
336 50 0.0315
47 52 0.0137
335 52 0.0137
6 53 0.0233
47 53 0.0301
319 53 0.0055
1 69 0.0068
80 69 0.0068
71 70 0.0041
81 70 0.0041
70 71 0.0041
82 71 0.0041
1 74 0.0068
75 74 0.0068
74 75 0.0068
78 75 0.0068
75 78 0.0068
80 78 0.0068
69 80 0.0068
78 80 0.0068
70 81 0.0041
82 81 0.0041
71 82 0.0041
81 82 0.0041
83 82 0.0055
182 82 0.0055
82 83 0.0055
84 83 0.0055
83 84 0.0055
180 84 0.0055
1 85 0.0301
86 85 0.0205
104 85 0.0329
85 86 0.0205
95 86 0.0205
1 89 0.0082
93 89 0.0082
89 93 0.0082
94 93 0.0123
102 93 0.0219
93 94 0.0123
264 94 0.0123
86 95 0.0205
96 95 0.0247
100 95 0.0219
95 96 0.0247
98 96 0.0247
96 98 0.0247
99 98 0.0301
262 98 0.0041
98 99 0.0301
251 99 0.0274
258 99 0.0342
95 100 0.0219
102 100 0.0219
93 102 0.0219
100 102 0.0219
85 104 0.0329
105 104 0.0274
129 104 0.0041
104 105 0.0274
106 105 0.0082
109 105 0.0329
169 105 0.0027
105 106 0.0082
107 106 0.0027
108 106 0.0041
106 107 0.0027
169 107 0.0027
106 108 0.0041
111 108 0.037
210 108 0.0315
105 109 0.0329
111 109 0.0329
108 111 0.037
109 111 0.0329
210 111 0.0027
1 113 0.0123
114 113 0.0123
127 113 0.0041
113 114 0.0123
115 114 0.0123
156 114 0.0096
114 115 0.0123
116 115 0.011
157 115 0.0082
115 116 0.011
117 116 0.0027
125 116 0.0068
116 117 0.0027
118 117 0.0192
155 117 0.0055
157 117 0.0219
117 118 0.0192
119 118 0.0151
154 118 0.0027
118 119 0.0151
152 119 0.0151
148 122 0.0151
152 122 0.0151
116 125 0.0068
127 125 0.0014
128 125 0.0041
1 127 0.0014
113 127 0.0041
125 127 0.0014
125 128 0.0041
129 128 0.0096
131 128 0.0041
104 129 0.0041
128 129 0.0096
130 129 0.0041
129 130 0.0041
131 130 0.0041
128 131 0.0041
130 131 0.0041
1 136 0.0205
155 136 0.0014
156 136 0.0233
122 148 0.0151
149 148 0.0288
150 148 0.0123
148 149 0.0288
186 149 0.0288
148 150 0.0123
187 150 0.0123
119 152 0.0151
122 152 0.0151
210 153 0.0315
211 153 0.0027
213 153 0.0274
118 154 0.0027
155 154 0.0027
117 155 0.0055
136 155 0.0014
154 155 0.0027
114 156 0.0096
136 156 0.0233
157 156 0.0233
115 157 0.0082
117 157 0.0219
156 157 0.0233
160 159 0.0027
162 159 0.0027
159 160 0.0027
162 160 0.0027
159 162 0.0027
160 162 0.0027
105 169 0.0027
107 169 0.0027
84 180 0.0055
182 180 0.0055
82 182 0.0055
180 182 0.0055
149 186 0.0288
534 186 0.0288
150 187 0.0123
188 187 0.0041
190 187 0.0178
187 188 0.0041
194 188 0.0041
495 189 0.0055
496 189 0.0055
187 190 0.0178
191 190 0.0123
194 190 0.0041
190 191 0.0123
504 191 0.0123
188 194 0.0041
190 194 0.0041
108 210 0.0315
111 210 0.0027
153 210 0.0315
211 210 0.0027
153 211 0.0027
210 211 0.0027
153 213 0.0274
214 213 0.0288
225 213 0.011
213 214 0.0288
215 214 0.0288
214 215 0.0288
216 215 0.0288
230 215 0.026
215 216 0.0288
532 216 0.0288
213 225 0.011
226 225 0.011
225 226 0.011
227 226 0.0096
230 226 0.011
226 227 0.0096
228 227 0.0041
231 227 0.0041
227 228 0.0041
229 228 0.0041
228 229 0.0041
837 229 0.0041
215 230 0.026
226 230 0.011
231 230 0.0247
227 231 0.0041
230 231 0.0247
232 231 0.0192
231 232 0.0192
233 232 0.0123
553 232 0.0055
232 233 0.0123
234 233 0.0123
233 234 0.0123
545 234 0.0123
99 251 0.0274
253 251 0.0274
251 253 0.0274
567 253 0.0274
99 258 0.0342
259 258 0.0288
262 258 0.0041
258 259 0.0288
260 259 0.0247
434 259 0.0219
259 260 0.0247
261 260 0.0247
260 261 0.0247
584 261 0.0247
98 262 0.0041
258 262 0.0041
94 264 0.0123
265 264 0.0123
264 265 0.0123
266 265 0.0123
265 266 0.0123
267 266 0.0123
266 267 0.0123
883 267 0.0123
20 307 0.0233
374 307 0.0233
53 319 0.0055
335 319 0.0055
347 322 0.0041
441 322 0.0041
326 325 0.0123
328 325 0.0041
335 325 0.0068
325 326 0.0123
327 326 0.0123
326 327 0.0123
328 327 0.0123
325 328 0.0041
327 328 0.0123
329 328 0.0068
328 329 0.0068
349 329 0.0068
332 331 0.0027
333 331 0.0027
331 332 0.0027
333 332 0.0027
331 333 0.0027
332 333 0.0027
52 335 0.0137
319 335 0.0055
325 335 0.0068
50 336 0.0315
337 336 0.0315
336 337 0.0315
339 337 0.0315
337 339 0.0315
351 339 0.0315
341 340 0.0041
664 340 0.0041
340 341 0.0041
666 341 0.0041
322 347 0.0041
444 347 0.0041
329 349 0.0068
632 349 0.0068
339 351 0.0315
652 351 0.0315
16 362 0.0082
369 362 0.0082
367 363 0.0178
374 363 0.0329
775 363 0.0301
365 364 0.0356
366 364 0.0205
775 364 0.0301
364 365 0.0356
747 365 0.0356
364 366 0.0205
766 366 0.0247
784 366 0.0027
363 367 0.0178
368 367 0.0068
798 367 0.0096
367 368 0.0068
777 368 0.0068
21 369 0.0192
362 369 0.0082
370 369 0.0096
369 370 0.0096
371 370 0.0096
370 371 0.0096
798 371 0.0096
21 374 0.0192
307 374 0.0233
363 374 0.0329
375 374 0.026
374 375 0.026
378 375 0.026
23 378 0.0082
375 378 0.026
379 378 0.0164
378 379 0.0164
380 379 0.0164
379 380 0.0164
381 380 0.0164
380 381 0.0164
729 381 0.0164
30 387 0.0288
388 387 0.0096
390 387 0.0288
387 388 0.0096
389 388 0.0192
392 388 0.0192
388 389 0.0192
427 389 0.0192
387 390 0.0288
391 390 0.0384
394 390 0.0192
390 391 0.0384
699 391 0.0384
388 392 0.0192
393 392 0.0027
394 392 0.0233
392 393 0.0027
394 393 0.0027
390 394 0.0192
392 394 0.0233
393 394 0.0027
409 408 0.0027
1009 408 0.0027
408 409 0.0027
803 409 0.0014
1009 409 0.0055
389 427 0.0192
719 427 0.0192
259 434 0.0219
605 434 0.0219
322 441 0.0041
444 441 0.0041
347 444 0.0041
441 444 0.0041
189 495 0.0055
827 495 0.0055
189 496 0.0055
498 496 0.0055
496 498 0.0055
828 498 0.0027
829 498 0.0096
191 504 0.0123
505 504 0.0123
504 505 0.0123
506 505 0.0247
1707 505 0.011
505 506 0.0247
507 506 0.0247
506 507 0.0247
546 507 0.0247
216 532 0.0288
534 532 0.0288
186 534 0.0288
532 534 0.0288
234 545 0.0123
546 545 0.0123
507 546 0.0247
545 546 0.0123
831 546 0.011
832 548 0.011
833 548 0.011
232 553 0.0055
838 553 0.0055
253 567 0.0274
576 567 0.0274
567 576 0.0274
577 576 0.0274
576 577 0.0274
581 577 0.0274
577 581 0.0274
582 581 0.0274
581 582 0.0274
845 582 0.0274
261 584 0.0247
585 584 0.0342
598 584 0.0274
584 585 0.0342
586 585 0.0233
596 585 0.0096
585 586 0.0233
587 586 0.0233
586 587 0.0233
852 587 0.0192
854 587 0.011
585 596 0.0096
867 596 0.0096
584 598 0.0274
600 598 0.0274
598 600 0.0274
601 600 0.0274
600 601 0.0274
602 601 0.0178
1695 601 0.0082
601 602 0.0178
862 602 0.0068
867 602 0.0096
434 605 0.0219
606 605 0.0219
610 605 0.026
605 606 0.0219
607 606 0.0027
611 606 0.026
606 607 0.0027
611 607 0.0027
605 610 0.026
882 610 0.026
606 611 0.026
607 611 0.0027
612 611 0.0219
611 612 0.0219
613 612 0.0082
878 612 0.0123
612 613 0.0082
871 613 0.0164
873 613 0.0068
349 632 0.0068
634 632 0.0068
632 634 0.0068
635 634 0.0068
634 635 0.0068
636 635 0.0137
1492 635 0.0055
635 636 0.0137
1486 636 0.0137
351 652 0.0315
653 652 0.0315
652 653 0.0315
655 653 0.0315
653 655 0.0315
916 655 0.0315
340 664 0.0041
666 664 0.0041
341 666 0.0041
664 666 0.0041
391 699 0.0384
707 699 0.0384
699 707 0.0384
708 707 0.0466
712 707 0.0068
707 708 0.0466
709 708 0.0315
716 708 0.0137
708 709 0.0315
710 709 0.0068
714 709 0.0315
715 709 0.0068
709 710 0.0068
713 710 0.0068
707 712 0.0068
713 712 0.0068
710 713 0.0068
712 713 0.0068
709 714 0.0315
935 714 0.0315
709 715 0.0068
942 715 0.0068
708 716 0.0137
953 716 0.0137
943 717 0.0041
948 717 0.0041
427 719 0.0192
723 719 0.0192
719 723 0.0192
724 723 0.0192
723 724 0.0192
968 724 0.0041
1320 724 0.0247
381 729 0.0164
730 729 0.0164
729 730 0.0164
737 730 0.0164
730 737 0.0164
751 737 0.0164
365 747 0.0356
748 747 0.0219
761 747 0.0123
747 748 0.0219
749 748 0.0219
748 749 0.0219
750 749 0.0219
749 750 0.0219
751 750 0.0219
737 751 0.0164
750 751 0.0219
753 751 0.0041
751 753 0.0041
974 753 0.0041
747 761 0.0123
762 761 0.0123
761 762 0.0123
1219 762 0.0123
366 766 0.0247
767 766 0.0205
784 766 0.0027
766 767 0.0205
768 767 0.0205
767 768 0.0205
770 768 0.0205
768 770 0.0205
771 770 0.0123
984 770 0.0068
770 771 0.0123
1218 771 0.0027
1219 771 0.0164
363 775 0.0301
364 775 0.0301
368 777 0.0068
778 777 0.0027
780 777 0.011
777 778 0.0027
780 778 0.0027
777 780 0.011
778 780 0.0027
781 780 0.0055
787 780 0.0137
780 781 0.0055
789 781 0.0055
366 784 0.0027
766 784 0.0027
780 787 0.0137
788 787 0.0137
787 788 0.0137
789 788 0.0137
781 789 0.0055
788 789 0.0137
790 789 0.0068
789 790 0.0068
989 790 0.0137
999 790 0.0055
367 798 0.0096
371 798 0.0096
409 803 0.0014
1009 803 0.0014
809 808 0.0068
811 808 0.0068
808 809 0.0068
810 809 0.0068
809 810 0.0068
1014 810 0.0041
1030 810 0.0123
808 811 0.0068
812 811 0.0123
1053 811 0.0041
811 812 0.0123
813 812 0.0068
815 812 0.0041
812 813 0.0068
814 813 0.0014
1030 813 0.0096
813 814 0.0014
1031 814 0.0082
1032 814 0.0055
812 815 0.0041
1053 815 0.0041
495 827 0.0055
1701 827 0.0055
498 828 0.0027
1704 828 0.0027
498 829 0.0096
1701 829 0.011
1704 829 0.0082
546 831 0.011
1717 831 0.011
548 832 0.011
1723 832 0.0041
1725 832 0.0164
548 833 0.011
834 833 0.011
833 834 0.011
835 834 0.011
834 835 0.011
1727 835 0.011
229 837 0.0041
846 837 0.0041
553 838 0.0055
839 838 0.0055
838 839 0.0055
1605 839 0.0055
582 845 0.0274
846 845 0.0274
837 846 0.0041
845 846 0.0274
1596 846 0.0219
587 852 0.0192
853 852 0.0192
854 852 0.0068
852 853 0.0192
1595 853 0.0068
1596 853 0.0192
587 854 0.011
852 854 0.0068
855 854 0.011
854 855 0.011
1607 855 0.0123
1609 855 0.0082
602 862 0.0068
863 862 0.0068
862 863 0.0068
864 863 0.0068
863 864 0.0068
865 864 0.0123
1586 864 0.0041
864 865 0.0123
866 865 0.0041
1598 865 0.0068
865 866 0.0041
1586 866 0.0041
596 867 0.0096
602 867 0.0096
613 871 0.0164
872 871 0.0137
1535 871 0.0123
871 872 0.0137
1531 872 0.0027
1695 872 0.0123
1698 872 0.0041
613 873 0.0068
874 873 0.0068
873 874 0.0068
1530 874 0.0068
612 878 0.0123
880 878 0.0123
878 880 0.0123
1523 880 0.0123
610 882 0.026
883 882 0.0123
1520 882 0.0123
267 883 0.0123
882 883 0.0123
655 916 0.0315
917 916 0.0151
919 916 0.0479
916 917 0.0151
918 917 0.0082
1470 917 0.0055
917 918 0.0082
1477 918 0.0082
916 919 0.0479
920 919 0.0301
922 919 0.0301
919 920 0.0301
1361 920 0.0301
919 922 0.0301
1380 922 0.0233
1470 922 0.0055
714 935 0.0315
936 935 0.037
1348 935 0.0041
935 936 0.037
937 936 0.0247
938 936 0.0068
1356 936 0.0329
936 937 0.0247
1348 937 0.0123
1351 937 0.011
936 938 0.0068
1350 938 0.0068
1399 938 0.0041
715 942 0.0068
1347 942 0.0068
717 943 0.0041
946 943 0.0041
945 944 0.0014
1335 944 0.0014
944 945 0.0014
1338 945 0.0041
1342 945 0.0014
943 946 0.0041
947 946 0.0041
950 946 0.0096
946 947 0.0041
1324 947 0.0041
717 948 0.0041
950 948 0.0041
946 950 0.0096
948 950 0.0041
1324 950 0.0041
716 953 0.0137
954 953 0.0137
953 954 0.0137
955 954 0.0192
1312 954 0.0041
954 955 0.0192
962 955 0.0192
961 959 0.0205
965 959 0.011
1320 959 0.0192
959 961 0.0205
962 961 0.0178
963 961 0.0096
1306 961 0.0068
955 962 0.0192
961 962 0.0178
1312 962 0.0082
961 963 0.0096
964 963 0.0027
966 963 0.0055
963 964 0.0027
1306 964 0.0027
959 965 0.011
966 965 0.0055
967 965 0.0041
963 966 0.0055
965 966 0.0055
965 967 0.0041
970 967 0.0041
724 968 0.0041
969 968 0.0041
968 969 0.0041
970 969 0.0096
1320 969 0.0151
967 970 0.0041
969 970 0.0096
1271 970 0.0041
974 972 0.0082
976 972 0.0082
753 974 0.0041
972 974 0.0082
975 974 0.0137
974 975 0.0137
1267 975 0.0027
1270 975 0.0178
972 976 0.0082
977 976 0.0082
976 977 0.0082
978 977 0.0082
977 978 0.0082
1248 978 0.0068
1257 978 0.0164
1216 983 0.0041
1218 983 0.0041
770 984 0.0068
992 984 0.0027
1210 984 0.011
1198 988 0.0027
1199 988 0.0027
790 989 0.0137
990 989 0.0192
997 989 0.0041
989 990 0.0192
991 990 0.0068
998 990 0.011
990 991 0.0068
992 991 0.0068
984 992 0.0027
991 992 0.0068
1210 992 0.011
1205 996 0.0027
1207 996 0.0027
989 997 0.0041
998 997 0.0041
990 998 0.011
997 998 0.0041
1196 998 0.0055
790 999 0.0055
1191 999 0.0055
1183 1003 0.0041
1184 1003 0.0041
408 1009 0.0027
409 1009 0.0055
803 1009 0.0014
810 1014 0.0041
1015 1014 0.0027
1020 1014 0.0123
1021 1014 0.0027
1014 1015 0.0027
1018 1015 0.0027
1015 1018 0.0027
1021 1018 0.0027
1014 1020 0.0123
1021 1020 0.011
1027 1020 0.0082
1014 1021 0.0027
1018 1021 0.0027
1020 1021 0.011
1022 1021 0.0027
1021 1022 0.0027
1027 1022 0.0027
1020 1027 0.0082
1022 1027 0.0027
1028 1027 0.0055
1038 1027 0.011
1027 1028 0.0055
1034 1028 0.0055
810 1030 0.0123
813 1030 0.0096
1031 1030 0.0068
814 1031 0.0082
1030 1031 0.0068
1038 1031 0.011
814 1032 0.0055
1033 1032 0.0055
1032 1033 0.0055
1034 1033 0.0055
1028 1034 0.0055
1033 1034 0.0055
1027 1038 0.011
1031 1038 0.011
811 1053 0.0041
815 1053 0.0041
1069 1067 0.0041
1087 1067 0.0041
1106 1068 0.0041
1117 1068 0.0041
1067 1069 0.0041
1088 1069 0.0041
1067 1087 0.0041
1088 1087 0.0041
1069 1088 0.0041
1087 1088 0.0041
1092 1091 0.0027
1104 1091 0.0027
1091 1092 0.0027
1104 1092 0.0027
1130 1103 0.0027
1138 1103 0.0027
1091 1104 0.0027
1092 1104 0.0027
1068 1106 0.0041
1108 1106 0.0027
1110 1106 0.0082
1111 1106 0.0068
1106 1108 0.0027
1112 1108 0.0027
1110 1109 0.0041
1117 1109 0.0041
1106 1110 0.0082
1109 1110 0.0041
1111 1110 0.0027
1106 1111 0.0068
1110 1111 0.0027
1112 1111 0.0027
1108 1112 0.0027
1111 1112 0.0027
1115 1114 0.0027
1145 1114 0.0027
1114 1115 0.0027
1145 1115 0.0027
1068 1117 0.0041
1109 1117 0.0041
1103 1130 0.0027
1131 1130 0.0014
1138 1130 0.0055
1130 1131 0.0014
1138 1131 0.0014
1103 1138 0.0027
1130 1138 0.0055
1131 1138 0.0014
1114 1145 0.0027
1115 1145 0.0027
1003 1183 0.0041
1186 1183 0.0082
1189 1183 0.0027
1003 1184 0.0041
1186 1184 0.0041
1183 1186 0.0082
1184 1186 0.0041
1187 1186 0.0027
1186 1187 0.0027
1189 1187 0.0027
1183 1189 0.0027
1187 1189 0.0027
999 1191 0.0055
1196 1191 0.0055
998 1196 0.0055
1191 1196 0.0055
988 1198 0.0027
1199 1198 0.0027
988 1199 0.0027
1198 1199 0.0027
996 1205 0.0027
1206 1205 0.0027
1208 1205 0.0068
1205 1206 0.0027
1208 1206 0.0027
996 1207 0.0027
1208 1207 0.0027
1205 1208 0.0068
1206 1208 0.0027
1207 1208 0.0027
984 1210 0.011
992 1210 0.011
983 1216 0.0041
1220 1216 0.0041
771 1218 0.0027
983 1218 0.0041
1219 1218 0.0027
1220 1218 0.0041
762 1219 0.0123
771 1219 0.0164
1218 1219 0.0027
1216 1220 0.0041
1218 1220 0.0041
978 1248 0.0068
1251 1248 0.0068
1248 1251 0.0068
1252 1251 0.0027
1254 1251 0.011
1251 1252 0.0027
1253 1252 0.0027
1279 1252 0.0068
1252 1253 0.0027
1277 1253 0.0068
1280 1253 0.0027
1251 1254 0.011
1255 1254 0.0027
1259 1254 0.0068
1254 1255 0.0027
1256 1255 0.0068
1281 1255 0.0027
1255 1256 0.0068
1279 1256 0.0027
1281 1256 0.0027
978 1257 0.0164
1258 1257 0.0219
1264 1257 0.0041
1257 1258 0.0219
1259 1258 0.0151
1263 1258 0.0219
1254 1259 0.0068
1258 1259 0.0151
1260 1259 0.0068
1259 1260 0.0068
1262 1260 0.0068
1260 1262 0.0068
1263 1262 0.0027
1318 1262 0.0027
1258 1263 0.0219
1262 1263 0.0027
1264 1263 0.0041
1266 1263 0.0123
1257 1264 0.0041
1263 1264 0.0041
1263 1266 0.0123
1268 1266 0.0082
1318 1266 0.0027
975 1267 0.0027
1268 1267 0.0082
1270 1267 0.0123
1266 1268 0.0082
1267 1268 0.0082
975 1270 0.0178
1267 1270 0.0123
1271 1270 0.0041
970 1271 0.0041
1270 1271 0.0041
1283 1272 0.0027
1284 1272 0.0027
1253 1277 0.0068
1279 1277 0.0027
1280 1277 0.0027
1252 1279 0.0068
1256 1279 0.0027
1277 1279 0.0027
1253 1280 0.0027
1277 1280 0.0027
1255 1281 0.0027
1256 1281 0.0027
1272 1283 0.0027
1284 1283 0.0027
1272 1284 0.0027
1283 1284 0.0027
961 1306 0.0068
964 1306 0.0027
1313 1306 0.0027
954 1312 0.0041
962 1312 0.0082
1313 1312 0.0027
1306 1313 0.0027
1312 1313 0.0027
1262 1318 0.0027
1266 1318 0.0027
724 1320 0.0247
959 1320 0.0192
969 1320 0.0151
947 1324 0.0041
950 1324 0.0041
944 1335 0.0014
1336 1335 0.0041
1338 1335 0.0068
1335 1336 0.0041
1339 1336 0.0041
945 1338 0.0041
1335 1338 0.0068
1339 1338 0.0068
1336 1339 0.0041
1338 1339 0.0068
1340 1339 0.0096
1342 1339 0.0123
1339 1340 0.0096
1341 1340 0.0068
1345 1340 0.0096
1340 1341 0.0068
1345 1341 0.0027
1412 1341 0.0027
945 1342 0.0014
1339 1342 0.0123
1343 1342 0.0055
1345 1342 0.0027
1342 1343 0.0055
1344 1343 0.0027
1345 1343 0.0014
1343 1344 0.0027
1412 1344 0.0027
1340 1345 0.0096
1341 1345 0.0027
1342 1345 0.0027
1343 1345 0.0014
942 1347 0.0068
1348 1347 0.0068
935 1348 0.0041
937 1348 0.0123
1347 1348 0.0068
938 1350 0.0068
1351 1350 0.0055
1374 1350 0.0027
937 1351 0.011
1350 1351 0.0055
1352 1351 0.0068
1351 1352 0.0068
1366 1352 0.0014
1371 1352 0.0096
1357 1353 0.0027
1398 1353 0.0055
1399 1353 0.0096
936 1356 0.0329
1360 1356 0.0356
1363 1356 0.0096
1379 1356 0.0014
1353 1357 0.0027
1379 1357 0.0027
1356 1360 0.0356
1361 1360 0.0356
920 1361 0.0301
1360 1361 0.0356
1363 1361 0.0041
1356 1363 0.0096
1361 1363 0.0041
1379 1363 0.0041
1352 1366 0.0014
1389 1366 0.0055
1390 1366 0.0027
1368 1367 0.0027
1369 1367 0.0096
1390 1367 0.0055
1367 1368 0.0027
1420 1368 0.0027
1367 1369 0.0096
1420 1369 0.0027
1437 1369 0.0055
1427 1370 0.0055
1437 1370 0.0055
1352 1371 0.0096
1372 1371 0.011
1391 1371 0.0096
1436 1371 0.0027
1371 1372 0.011
1373 1372 0.0164
1411 1372 0.0068
1372 1373 0.0164
1384 1373 0.0178
1392 1373 0.0014
1400 1373 0.0055
1350 1374 0.0027
1377 1374 0.0041
1376 1375 0.0027
1403 1375 0.0014
1375 1376 0.0027
1378 1376 0.0082
1404 1376 0.0096
1374 1377 0.0041
1378 1377 0.0055
1397 1377 0.0055
1376 1378 0.0082
1377 1378 0.0055
1406 1378 0.0096
1356 1379 0.0014
1357 1379 0.0027
1363 1379 0.0041
1399 1379 0.0055
922 1380 0.0233
1381 1380 0.0055
1383 1380 0.0164
1380 1381 0.0055
1382 1381 0.0055
1381 1382 0.0055
1385 1382 0.0027
1386 1382 0.0096
1380 1383 0.0164
1472 1383 0.0301
1474 1383 0.0123
1373 1384 0.0178
1385 1384 0.0123
1408 1384 0.0041
1382 1385 0.0027
1384 1385 0.0123
1386 1385 0.0096
1411 1385 0.0055
1382 1386 0.0096
1385 1386 0.0096
1366 1389 0.0055
1390 1389 0.0096
1391 1389 0.0082
1366 1390 0.0027
1367 1390 0.0055
1389 1390 0.0096
1371 1391 0.0096
1389 1391 0.0082
1436 1391 0.0137
1373 1392 0.0014
1393 1392 0.0068
1436 1392 0.0096
1392 1393 0.0068
1394 1393 0.0041
1440 1393 0.0096
1393 1394 0.0041
1440 1394 0.0027
1377 1397 0.0055
1398 1397 0.0055
1407 1397 0.0068
1353 1398 0.0055
1397 1398 0.0055
1399 1398 0.0027
1407 1398 0.0027
938 1399 0.0041
1353 1399 0.0096
1379 1399 0.0055
1398 1399 0.0027
1373 1400 0.0055
1402 1400 0.0055
1400 1402 0.0055
1403 1402 0.0055
1405 1402 0.0096
1375 1403 0.0014
1402 1403 0.0055
1404 1403 0.0082
1376 1404 0.0096
1403 1404 0.0082
1405 1404 0.0055
1409 1404 0.0068
1402 1405 0.0096
1404 1405 0.0055
1408 1405 0.0041
1378 1406 0.0096
1407 1406 0.0027
1409 1406 0.0055
1397 1407 0.0068
1398 1407 0.0027
1406 1407 0.0027
1384 1408 0.0041
1405 1408 0.0041
1404 1409 0.0068
1406 1409 0.0055
1372 1411 0.0068
1385 1411 0.0055
1341 1412 0.0027
1344 1412 0.0027
1368 1420 0.0027
1369 1420 0.0027
1370 1427 0.0055
1440 1427 0.0055
1371 1436 0.0027
1391 1436 0.0137
1392 1436 0.0096
1437 1436 0.0123
1369 1437 0.0055
1370 1437 0.0055
1436 1437 0.0123
1393 1440 0.0096
1394 1440 0.0027
1427 1440 0.0055
917 1470 0.0055
922 1470 0.0055
1383 1472 0.0301
1498 1472 0.0356
1499 1472 0.0041
1383 1474 0.0123
1496 1474 0.0041
1511 1474 0.0068
918 1477 0.0082
1478 1477 0.0082
1477 1478 0.0082
1487 1478 0.0082
636 1486 0.0137
1487 1486 0.0151
1490 1486 0.0137
1478 1487 0.0082
1486 1487 0.0151
1488 1487 0.0247
1487 1488 0.0247
1500 1488 0.0247
1486 1490 0.0137
1491 1490 0.0068
1492 1490 0.0055
1490 1491 0.0068
1504 1491 0.0068
635 1492 0.0055
1490 1492 0.0055
1474 1496 0.0041
1498 1496 0.0041
1472 1498 0.0356
1496 1498 0.0041
1500 1498 0.0301
1472 1499 0.0041
1500 1499 0.0041
1488 1500 0.0247
1498 1500 0.0301
1499 1500 0.0041
1491 1504 0.0068
1514 1504 0.0068
1474 1511 0.0068
1513 1511 0.0068
1511 1513 0.0068
1514 1513 0.011
1516 1513 0.0027
1504 1514 0.0068
1513 1514 0.011
1516 1514 0.0027
1513 1516 0.0027
1514 1516 0.0027
882 1520 0.0123
1521 1520 0.0123
1520 1521 0.0123
1523 1521 0.0123
880 1523 0.0123
1521 1523 0.0123
1529 1528 0.0041
1551 1528 0.0041
1528 1529 0.0041
1552 1529 0.0041
874 1530 0.0068
1536 1530 0.0068
872 1531 0.0027
1695 1531 0.0027
871 1535 0.0123
1536 1535 0.0068
1698 1535 0.0041
1530 1536 0.0068
1535 1536 0.0068
1528 1551 0.0041
1552 1551 0.0041
1529 1552 0.0041
1551 1552 0.0041
864 1586 0.0041
866 1586 0.0041
1589 1588 0.0041
1610 1588 0.0041
1588 1589 0.0041
1590 1589 0.0151
1639 1589 0.0096
1589 1590 0.0151
1591 1590 0.0151
1610 1590 0.0096
1590 1591 0.0151
1631 1591 0.0151
853 1595 0.0068
1596 1595 0.0027
1609 1595 0.0027
846 1596 0.0219
853 1596 0.0192
1595 1596 0.0027
1620 1596 0.0055
865 1598 0.0068
1622 1598 0.0068
839 1605 0.0055
1606 1605 0.0027
1620 1605 0.0096
1605 1606 0.0027
1620 1606 0.0027
855 1607 0.0123
1608 1607 0.0123
1607 1608 0.0123
1609 1608 0.0041
1622 1608 0.0068
855 1609 0.0082
1595 1609 0.0027
1608 1609 0.0041
1588 1610 0.0041
1590 1610 0.0096
1640 1610 0.0041
1596 1620 0.0055
1605 1620 0.0096
1606 1620 0.0027
1598 1622 0.0068
1608 1622 0.0068
1639 1630 0.0096
1651 1630 0.0096
1591 1631 0.0151
1645 1631 0.0041
1646 1631 0.0096
1589 1639 0.0096
1630 1639 0.0096
1610 1640 0.0041
1643 1640 0.0041
1640 1643 0.0041
1645 1643 0.0041
1631 1645 0.0041
1643 1645 0.0041
1631 1646 0.0096
1653 1646 0.0096
1648 1647 0.0027
1650 1647 0.0027
1647 1648 0.0027
1650 1648 0.0027
1647 1650 0.0027
1648 1650 0.0027
1630 1651 0.0096
1653 1651 0.0096
1646 1653 0.0096
1651 1653 0.0096
1659 1654 0.0027
1676 1654 0.0027
1654 1659 0.0027
1676 1659 0.0055
1677 1659 0.0014
1654 1676 0.0027
1659 1676 0.0055
1677 1676 0.0014
1659 1677 0.0014
1676 1677 0.0014
601 1695 0.0082
872 1695 0.0123
1531 1695 0.0027
872 1698 0.0041
1535 1698 0.0041
827 1701 0.0055
829 1701 0.011
1703 1701 0.0041
1701 1703 0.0041
1704 1703 0.0041
828 1704 0.0027
829 1704 0.0082
1703 1704 0.0041
505 1707 0.011
1709 1707 0.011
1707 1709 0.011
1720 1709 0.011
831 1717 0.011
1720 1717 0.011
1709 1720 0.011
1717 1720 0.011
832 1723 0.0041
1724 1723 0.0041
1723 1724 0.0041
1725 1724 0.0164
1739 1724 0.011
832 1725 0.0164
1724 1725 0.0164
835 1727 0.011
1728 1727 0.011
1727 1728 0.011
1729 1728 0.011
1728 1729 0.011
1739 1729 0.011
1724 1739 0.011
1729 1739 0.011
1743 1742 0.0027
1753 1742 0.0027
1742 1743 0.0027
1753 1743 0.0027
1742 1753 0.0027
1743 1753 0.0027
