125 2 0.002
368 2 0.0013
568 2 0.0013
1207 2 0.002
7 4 0.0013
12 4 0.0033
33 4 0.0013
4 7 0.0013
8 7 0.0026
157 7 0.0007
7 8 0.0026
9 8 0.002
10 8 0.0053
8 9 0.002
365 9 0.0013
832 9 0.0039
8 10 0.0053
21 10 0.0053
4 12 0.0033
13 12 0.0053
18 12 0.0013
33 12 0.0033
12 13 0.0053
18 13 0.0039
22 13 0.002
12 18 0.0013
13 18 0.0039
21 18 0.002
10 21 0.0053
18 21 0.002
832 21 0.0039
13 22 0.002
24 22 0.0013
29 22 0.0033
852 22 0.0039
403 23 0.0013
826 23 0.0039
850 23 0.0026
22 24 0.0013
153 24 0.0013
842 24 0.0033
560 25 0.0039
561 25 0.0033
841 25 0.0053
29 26 0.0026
33 26 0.0013
35 26 0.0007
33 27 0.0026
45 27 0.0013
70 27 0.0046
22 29 0.0033
26 29 0.0026
852 29 0.0026
560 31 0.0039
840 31 0.0026
171 32 0.0013
353 32 0.0013
4 33 0.0013
12 33 0.0033
26 33 0.0013
27 33 0.0026
178 33 0.0026
52 34 0.0013
160 34 0.0013
26 35 0.0007
36 35 0.0033
43 35 0.002
35 36 0.0033
38 36 0.002
852 36 0.0007
36 38 0.002
43 38 0.002
35 43 0.002
38 43 0.002
27 45 0.0013
70 45 0.0033
74 45 0.0026
844 45 0.0007
48 47 0.0007
844 47 0.0013
846 47 0.0033
47 48 0.0007
49 48 0.0026
801 48 0.0007
846 48 0.0026
48 49 0.0026
50 49 0.0046
80 49 0.0039
49 50 0.0046
51 50 0.0072
80 50 0.0013
801 50 0.0013
848 50 0.0026
849 50 0.0053
50 51 0.0072
53 51 0.002
54 51 0.0059
801 51 0.0026
34 52 0.0013
160 52 0.0013
51 53 0.002
54 53 0.0013
51 54 0.0059
53 54 0.0013
56 54 0.0039
54 56 0.0039
560 56 0.0026
575 56 0.0013
577 56 0.0033
568 57 0.0013
588 57 0.0033
813 57 0.0039
1212 57 0.002
107 58 0.002
404 58 0.0039
805 58 0.0013
95 59 0.0013
401 59 0.002
805 59 0.0026
1159 60 0.0033
1205 60 0.0033
1206 60 0.0039
1208 60 0.0039
62 61 0.0013
70 61 0.0039
401 61 0.0033
61 62 0.0013
63 62 0.0046
73 62 0.0039
853 62 0.002
62 63 0.0046
65 63 0.0046
80 63 0.002
66 64 0.0013
77 64 0.0046
78 64 0.0026
353 64 0.002
63 65 0.0046
67 65 0.0007
74 65 0.0013
86 65 0.0026
853 65 0.0046
64 66 0.0013
77 66 0.0026
872 66 0.0007
65 67 0.0007
68 67 0.0026
84 67 0.0013
67 68 0.0026
80 68 0.002
848 68 0.0026
27 70 0.0046
45 70 0.0033
61 70 0.0039
285 71 0.0013
290 71 0.0013
62 73 0.0039
74 73 0.0046
45 74 0.0026
65 74 0.0013
73 74 0.0046
77 76 0.0013
78 76 0.0033
285 76 0.0013
64 77 0.0046
66 77 0.0026
76 77 0.0013
64 78 0.0026
76 78 0.0033
276 78 0.0026
276 79 0.0013
368 79 0.0013
1207 79 0.0033
49 80 0.0039
50 80 0.0013
63 80 0.002
68 80 0.002
1186 81 0.0026
1187 81 0.0026
1189 81 0.0033
1168 83 0.0026
1197 83 0.0026
1202 83 0.0026
1203 83 0.0026
67 84 0.0013
89 84 0.0013
65 86 0.0026
96 86 0.0033
84 89 0.0013
131 89 0.0013
132 89 0.0033
1173 89 0.0039
92 91 0.0013
94 91 0.0013
91 92 0.0013
94 92 0.0013
91 94 0.0013
92 94 0.0013
59 95 0.0013
96 95 0.0053
127 95 0.0033
853 95 0.0033
86 96 0.0033
95 96 0.0053
104 96 0.0013
778 97 0.0007
788 97 0.0013
789 97 0.0026
99 98 0.0026
325 98 0.0007
376 98 0.0013
815 98 0.0026
845 98 0.0026
98 99 0.0026
100 99 0.0026
810 99 0.0026
845 99 0.0026
1093 99 0.002
99 100 0.0026
1088 100 0.0026
1089 100 0.002
96 104 0.0013
1153 104 0.0046
1157 104 0.0046
1174 104 0.0053
909 105 0.0026
913 105 0.0026
58 107 0.002
113 107 0.0007
123 107 0.0007
922 110 0.002
923 110 0.002
107 113 0.0007
115 113 0.0013
135 113 0.0026
259 114 0.0039
883 114 0.0026
1017 114 0.0046
113 115 0.0013
135 115 0.0013
259 117 0.002
1123 117 0.002
121 120 0.0013
122 120 0.0013
259 120 0.0007
934 120 0.0007
120 121 0.0013
122 121 0.0013
120 122 0.0013
121 122 0.0013
107 123 0.0007
127 123 0.0026
139 123 0.0013
2 125 0.002
813 125 0.0013
95 127 0.0033
123 127 0.0026
131 127 0.0039
133 128 0.0013
507 128 0.0013
89 131 0.0013
127 131 0.0039
132 131 0.0046
89 132 0.0033
131 132 0.0046
1174 132 0.0059
128 133 0.0013
507 133 0.0013
113 135 0.0026
115 135 0.0013
138 135 0.0007
135 138 0.0007
1155 138 0.0026
1156 138 0.0013
123 139 0.0013
1153 139 0.0013
389 142 0.0026
431 142 0.0026
805 142 0.0013
818 142 0.002
831 142 0.0026
259 144 0.0026
1018 144 0.0026
824 147 0.0046
834 147 0.0066
836 147 0.0013
150 149 0.002
562 149 0.0046
569 149 0.0026
841 149 0.0046
842 149 0.0039
149 150 0.002
569 150 0.0013
152 151 0.0033
555 151 0.0013
564 151 0.0007
151 152 0.0033
388 152 0.0013
559 152 0.0013
24 153 0.0013
154 153 0.0039
838 153 0.0013
839 153 0.0033
842 153 0.0039
153 154 0.0039
388 154 0.0026
843 154 0.0033
252 156 0.0013
1207 156 0.0013
7 157 0.0007
158 157 0.002
162 157 0.0007
157 158 0.002
159 158 0.0046
173 158 0.0013
365 158 0.0026
158 159 0.0046
163 159 0.0059
369 159 0.0007
814 159 0.0059
34 160 0.0013
52 160 0.0013
162 161 0.0007
166 161 0.0013
157 162 0.0007
161 162 0.0007
163 162 0.002
159 163 0.0059
162 163 0.002
164 163 0.0053
173 163 0.0053
174 163 0.0046
163 164 0.0053
350 164 0.0039
369 164 0.0007
515 165 0.002
712 165 0.0026
733 165 0.0026
161 166 0.0013
167 166 0.0033
175 166 0.0026
166 167 0.0033
173 167 0.0033
32 171 0.0013
515 171 0.0013
158 173 0.0013
163 173 0.0053
167 173 0.0033
163 174 0.0046
347 174 0.002
364 174 0.0053
382 174 0.0026
166 175 0.0026
176 175 0.0013
248 175 0.0026
364 175 0.0066
175 176 0.0013
177 176 0.0053
364 176 0.0072
176 177 0.0053
328 177 0.0053
331 177 0.0013
381 177 0.0039
33 178 0.0026
401 178 0.0026
776 183 0.0026
777 183 0.0026
778 183 0.0039
782 183 0.0033
787 183 0.0013
187 186 0.0079
193 186 0.0013
805 186 0.0059
186 187 0.0079
188 187 0.0072
193 187 0.0026
187 188 0.0072
189 188 0.0079
194 188 0.0026
188 189 0.0079
190 189 0.0059
194 189 0.0013
189 190 0.0059
191 190 0.0072
196 190 0.0026
200 190 0.0026
190 191 0.0072
192 191 0.0039
211 191 0.0026
191 192 0.0039
302 192 0.0086
415 192 0.0039
186 193 0.0013
187 193 0.0026
194 193 0.0007
188 194 0.0026
189 194 0.0013
193 194 0.0007
190 196 0.0026
203 196 0.0026
190 200 0.0026
289 200 0.0026
196 203 0.0026
208 203 0.0013
210 203 0.0046
597 204 0.0053
805 204 0.0053
936 207 0.0033
963 207 0.0039
964 207 0.0026
203 208 0.0013
210 208 0.0013
203 210 0.0046
208 210 0.0013
211 210 0.0026
191 211 0.0026
210 211 0.0026
300 216 0.0013
417 216 0.0013
232 219 0.0079
241 219 0.0046
242 219 0.0039
286 219 0.0033
223 222 0.0007
241 222 0.002
319 222 0.0007
222 223 0.0007
226 223 0.0007
223 226 0.0007
279 226 0.002
805 226 0.0033
235 228 0.0086
805 228 0.0086
236 229 0.002
296 229 0.002
219 232 0.0079
233 232 0.0099
236 232 0.0013
232 233 0.0099
235 233 0.0079
242 233 0.0013
228 235 0.0086
233 235 0.0079
236 235 0.0039
229 236 0.002
232 236 0.0013
235 236 0.0039
241 240 0.002
242 240 0.002
219 241 0.0046
222 241 0.002
240 241 0.002
219 242 0.0039
233 242 0.0013
240 242 0.002
245 244 0.0013
273 244 0.0046
402 244 0.0066
244 245 0.0013
246 245 0.0013
819 245 0.0033
245 246 0.0013
247 246 0.0007
816 246 0.0026
246 247 0.0007
248 247 0.002
402 247 0.0007
175 248 0.0026
247 248 0.002
249 248 0.0046
822 248 0.0053
248 249 0.0046
250 249 0.0039
277 249 0.0039
249 250 0.0039
328 250 0.0033
269 251 0.0066
363 251 0.0072
816 251 0.0053
820 251 0.002
821 251 0.0033
156 252 0.0013
1205 252 0.0026
1212 252 0.002
254 253 0.0026
270 253 0.0026
277 253 0.0046
253 254 0.0026
363 254 0.0026
257 256 0.002
261 256 0.0026
278 256 0.0013
881 256 0.0033
256 257 0.002
258 257 0.0013
261 257 0.0033
257 258 0.0013
260 258 0.0013
114 259 0.0039
117 259 0.002
120 259 0.0007
144 259 0.0026
258 260 0.0013
262 260 0.0072
313 260 0.0053
256 261 0.0026
257 261 0.0033
262 261 0.0026
260 262 0.0072
261 262 0.0026
263 262 0.002
327 262 0.0039
262 263 0.002
264 263 0.0053
265 263 0.0026
263 264 0.0053
321 264 0.0053
263 265 0.0026
266 265 0.002
333 265 0.0053
265 266 0.002
267 266 0.0046
268 266 0.0007
277 266 0.0007
266 267 0.0046
332 267 0.0046
266 268 0.0007
381 268 0.0013
251 269 0.0066
363 269 0.0007
819 269 0.0046
253 270 0.0026
271 270 0.002
270 271 0.002
277 271 0.002
244 273 0.0046
274 273 0.0066
881 273 0.0013
273 274 0.0066
275 274 0.0053
881 274 0.0053
882 274 0.0013
274 275 0.0053
327 275 0.0053
882 275 0.0026
78 276 0.0026
79 276 0.0013
285 276 0.0013
1207 276 0.0026
249 277 0.0039
253 277 0.0046
266 277 0.0007
271 277 0.002
256 278 0.0013
804 278 0.0026
881 278 0.0046
226 279 0.002
804 279 0.0026
71 285 0.0013
76 285 0.0013
276 285 0.0013
290 285 0.0013
219 286 0.0033
288 286 0.002
429 286 0.0007
453 287 0.0039
491 287 0.0033
847 287 0.0007
851 287 0.0013
864 287 0.0053
286 288 0.002
289 288 0.0046
292 288 0.002
200 289 0.0026
288 289 0.0046
308 289 0.0026
71 290 0.0013
285 290 0.0013
288 292 0.002
293 292 0.0007
309 292 0.0033
292 293 0.0007
305 293 0.0013
309 293 0.0026
295 294 0.0013
297 294 0.0026
805 294 0.0007
294 295 0.0013
296 295 0.0007
297 295 0.0026
229 296 0.002
295 296 0.0007
297 296 0.0033
294 297 0.0026
295 297 0.0026
296 297 0.0033
805 297 0.0033
216 300 0.0013
302 300 0.0013
192 302 0.0086
300 302 0.0013
303 302 0.0059
409 302 0.0053
302 303 0.0059
304 303 0.002
877 303 0.0033
303 304 0.002
411 304 0.002
293 305 0.0013
306 305 0.002
309 305 0.0039
305 306 0.002
307 306 0.0007
309 306 0.0007
306 307 0.0007
309 307 0.0033
312 307 0.002
289 308 0.0026
422 308 0.002
292 309 0.0033
293 309 0.0026
305 309 0.0039
306 309 0.0007
307 309 0.0033
310 309 0.0033
422 309 0.0033
309 310 0.0033
311 310 0.002
422 310 0.0007
310 311 0.002
312 311 0.002
307 312 0.002
311 312 0.002
260 313 0.0053
314 313 0.0072
319 313 0.0013
313 314 0.0072
315 314 0.0053
319 314 0.0026
432 314 0.0013
314 315 0.0053
316 315 0.0033
432 315 0.0039
315 316 0.0033
317 316 0.0033
879 316 0.0046
316 317 0.0033
434 317 0.0033
222 319 0.0007
313 319 0.0013
314 319 0.0026
264 321 0.0053
322 321 0.0039
333 321 0.0046
321 322 0.0039
323 322 0.0039
335 322 0.0033
322 323 0.0039
335 323 0.0033
879 323 0.0046
1107 324 0.0046
1109 324 0.0053
1118 324 0.0053
98 325 0.0007
462 325 0.0013
845 325 0.002
858 325 0.0007
1065 325 0.0039
262 327 0.0039
275 327 0.0053
882 327 0.0007
177 328 0.0053
250 328 0.0033
331 328 0.0039
332 330 0.002
333 330 0.0039
334 330 0.0026
340 330 0.0007
177 331 0.0013
328 331 0.0039
332 331 0.002
267 332 0.0046
330 332 0.002
331 332 0.002
265 333 0.0053
321 333 0.0046
330 333 0.0039
330 334 0.0026
335 334 0.0039
336 334 0.0033
322 335 0.0033
323 335 0.0033
334 335 0.0039
337 335 0.0039
334 336 0.0033
337 336 0.002
340 336 0.0007
335 337 0.0039
336 337 0.002
338 337 0.0013
337 338 0.0013
437 338 0.0026
441 338 0.0007
800 339 0.0013
802 339 0.0013
1097 339 0.0033
330 340 0.0007
336 340 0.0007
341 340 0.0007
344 340 0.0007
340 341 0.0007
342 341 0.0026
446 341 0.0013
341 342 0.0026
446 342 0.0039
447 342 0.0007
535 343 0.0007
750 343 0.0013
862 343 0.0026
340 344 0.0007
345 344 0.0053
372 344 0.002
442 344 0.0039
344 345 0.0053
346 345 0.0053
345 346 0.0053
372 346 0.0053
174 347 0.002
360 347 0.0053
372 347 0.0026
755 348 0.0026
811 348 0.0026
847 348 0.0033
855 348 0.002
164 350 0.0039
351 350 0.0059
375 350 0.0026
350 351 0.0059
352 351 0.0039
356 351 0.002
360 351 0.0053
351 352 0.0039
355 352 0.0039
32 353 0.0013
64 353 0.002
515 353 0.0026
733 353 0.0007
872 353 0.0007
1167 353 0.0007
1168 353 0.0039
1187 353 0.0033
1191 353 0.002
1203 353 0.0007
1204 353 0.0013
1207 353 0.0013
1209 353 0.0046
1211 353 0.0007
352 355 0.0039
454 355 0.0046
465 355 0.0026
351 356 0.002
375 356 0.002
347 360 0.0053
351 360 0.0053
251 363 0.0072
254 363 0.0026
269 363 0.0007
822 363 0.0079
174 364 0.0053
175 364 0.0066
176 364 0.0072
9 365 0.0013
158 365 0.0026
814 365 0.0033
823 365 0.0033
828 365 0.0046
367 366 0.0046
829 366 0.002
830 366 0.0072
366 367 0.0046
390 367 0.0059
393 367 0.0033
2 368 0.0013
79 368 0.0013
159 369 0.0007
164 369 0.0007
370 369 0.002
369 370 0.002
371 370 0.0046
374 370 0.0013
370 371 0.0046
823 371 0.0046
825 371 0.0033
829 371 0.0046
344 372 0.002
346 372 0.0053
347 372 0.0026
803 373 0.0026
812 373 0.0013
951 373 0.0013
370 374 0.0013
829 374 0.002
350 375 0.0026
356 375 0.002
98 376 0.0013
815 376 0.002
800 377 0.0007
803 377 0.0007
809 377 0.002
177 381 0.0039
268 381 0.0013
382 381 0.0033
174 382 0.0026
381 382 0.0033
390 383 0.002
830 383 0.0026
386 385 0.0013
388 385 0.0046
843 385 0.0026
385 386 0.0013
388 386 0.0033
540 386 0.0007
152 388 0.0013
154 388 0.0026
385 388 0.0046
386 388 0.0033
142 389 0.0026
395 389 0.0007
818 389 0.0013
826 389 0.002
367 390 0.0059
383 390 0.002
391 390 0.0033
390 391 0.0033
394 391 0.0053
504 391 0.0039
367 393 0.0033
394 393 0.002
398 393 0.0007
391 394 0.0053
393 394 0.002
396 394 0.0026
389 395 0.0007
500 395 0.0013
826 395 0.0046
850 395 0.0059
394 396 0.0026
501 396 0.0026
393 398 0.0007
399 398 0.0026
467 398 0.0013
398 399 0.0026
482 399 0.0026
59 401 0.002
61 401 0.0033
178 401 0.0026
805 401 0.002
244 402 0.0066
247 402 0.0007
805 402 0.0053
23 403 0.0013
827 403 0.0026
1119 403 0.0007
58 404 0.0039
805 404 0.0053
831 404 0.0007
805 405 0.0013
861 405 0.0007
407 406 0.0026
421 406 0.0033
406 407 0.0026
408 407 0.0039
413 407 0.0007
407 408 0.0039
411 408 0.0026
413 408 0.0007
302 409 0.0053
411 409 0.0026
416 409 0.002
304 411 0.002
408 411 0.0026
409 411 0.0026
418 411 0.0033
823 412 0.0039
825 412 0.0053
828 412 0.0046
407 413 0.0007
408 413 0.0007
192 415 0.0039
416 415 0.0039
417 415 0.0033
409 416 0.002
415 416 0.0039
417 416 0.0013
216 417 0.0013
415 417 0.0033
416 417 0.0013
411 418 0.0033
419 418 0.0013
421 418 0.0053
418 419 0.0013
421 419 0.0013
406 421 0.0033
418 421 0.0053
419 421 0.0013
308 422 0.002
309 422 0.0033
310 422 0.0007
546 423 0.002
1107 423 0.0039
1119 423 0.0013
286 429 0.0007
433 429 0.0007
142 431 0.0026
546 431 0.0007
831 431 0.0013
314 432 0.0013
315 432 0.0039
433 432 0.002
429 433 0.0007
432 433 0.002
439 433 0.0007
317 434 0.0033
435 434 0.0026
879 434 0.0046
434 435 0.0026
440 435 0.0026
338 437 0.0026
438 437 0.0013
440 437 0.0033
441 437 0.0046
437 438 0.0013
439 438 0.0013
441 438 0.0033
433 439 0.0007
438 439 0.0013
440 439 0.0026
435 440 0.0026
437 440 0.0033
439 440 0.0026
338 441 0.0007
437 441 0.0046
438 441 0.0033
344 442 0.0039
444 442 0.0039
442 444 0.0039
445 444 0.0053
452 444 0.0007
444 445 0.0053
446 445 0.0026
450 445 0.0026
455 445 0.0046
456 445 0.0013
341 446 0.0013
342 446 0.0039
445 446 0.0026
451 446 0.0026
342 447 0.0007
449 447 0.0007
447 449 0.0007
450 449 0.0039
451 449 0.0053
445 450 0.0026
449 450 0.0039
452 450 0.0033
446 451 0.0026
449 451 0.0053
452 451 0.002
444 452 0.0007
450 452 0.0033
451 452 0.002
287 453 0.0039
755 453 0.0033
805 453 0.0039
847 453 0.0033
355 454 0.0046
455 454 0.0046
466 454 0.0033
445 455 0.0046
454 455 0.0046
456 455 0.002
468 455 0.002
445 456 0.0013
455 456 0.002
457 456 0.0013
468 456 0.002
456 457 0.0013
468 457 0.0013
500 460 0.0026
851 460 0.0046
861 460 0.002
863 460 0.0013
325 462 0.0013
1065 462 0.002
355 465 0.0026
466 465 0.0013
467 465 0.0007
454 466 0.0033
465 466 0.0013
468 466 0.0013
398 467 0.0013
465 467 0.0007
469 467 0.002
482 467 0.0053
455 468 0.002
456 468 0.002
457 468 0.0013
466 468 0.0013
467 469 0.002
483 469 0.002
399 482 0.0026
467 482 0.0053
483 482 0.002
469 483 0.002
482 483 0.002
287 491 0.0033
850 491 0.0046
858 491 0.002
395 500 0.0013
460 500 0.0026
861 500 0.0007
396 501 0.0026
502 501 0.0066
508 501 0.002
501 502 0.0066
503 502 0.0053
513 502 0.0046
502 503 0.0053
506 503 0.0033
519 503 0.0013
391 504 0.0039
505 504 0.0072
532 504 0.002
504 505 0.0072
506 505 0.0066
529 505 0.0039
503 506 0.0033
505 506 0.0066
538 506 0.0026
128 507 0.0013
133 507 0.0013
501 508 0.002
513 508 0.002
520 509 0.002
856 509 0.0013
502 513 0.0046
508 513 0.002
523 513 0.0013
165 515 0.002
171 515 0.0013
353 515 0.0026
712 515 0.0007
1065 516 0.0007
1093 516 0.0026
1119 516 0.0013
503 519 0.0013
521 519 0.0026
523 519 0.0033
526 519 0.0007
509 520 0.002
854 520 0.0013
859 520 0.0039
519 521 0.0026
523 521 0.0013
526 521 0.0007
513 523 0.0013
519 523 0.0033
521 523 0.0013
519 526 0.0007
521 526 0.0007
535 528 0.0033
860 528 0.0013
900 528 0.0013
1034 528 0.0033
505 529 0.0039
531 529 0.0013
533 529 0.002
529 531 0.0013
538 531 0.0026
545 531 0.0007
504 532 0.002
533 532 0.0039
534 532 0.0013
529 533 0.002
532 533 0.0039
534 533 0.0013
532 534 0.0013
533 534 0.0013
343 535 0.0007
528 535 0.0033
862 535 0.0046
865 535 0.0007
1034 535 0.002
506 538 0.0026
531 538 0.0026
386 540 0.0007
541 540 0.0026
549 540 0.0013
540 541 0.0026
542 541 0.0039
545 541 0.0033
541 542 0.0039
543 542 0.0007
547 542 0.0033
549 542 0.0013
542 543 0.0007
547 543 0.0007
531 545 0.0007
541 545 0.0033
547 545 0.002
423 546 0.002
431 546 0.0007
827 546 0.0033
542 547 0.0033
543 547 0.0007
545 547 0.002
540 549 0.0013
542 549 0.0013
551 550 0.0013
553 550 0.0013
550 551 0.0013
553 551 0.0013
550 553 0.0013
551 553 0.0013
151 555 0.0013
556 555 0.0013
559 555 0.0033
555 556 0.0013
559 556 0.0013
152 559 0.0013
555 559 0.0033
556 559 0.0013
25 560 0.0039
31 560 0.0039
56 560 0.0026
575 560 0.0026
25 561 0.0033
562 561 0.0033
570 561 0.002
149 562 0.0046
561 562 0.0033
563 562 0.0033
562 563 0.0033
564 563 0.0039
570 563 0.0007
574 563 0.0013
151 564 0.0007
563 564 0.0039
566 564 0.0007
569 564 0.0007
574 564 0.0026
1109 565 0.0046
1111 565 0.0033
1115 565 0.0026
1122 565 0.0026
564 566 0.0007
567 566 0.0007
572 566 0.002
574 566 0.002
566 567 0.0007
568 567 0.0007
2 568 0.0013
57 568 0.0013
567 568 0.0007
813 568 0.0053
149 569 0.0026
150 569 0.0013
564 569 0.0007
561 570 0.002
563 570 0.0007
571 570 0.0007
570 571 0.0007
572 571 0.0026
573 571 0.0013
566 572 0.002
571 572 0.0026
573 572 0.0026
576 572 0.0046
1193 572 0.002
571 573 0.0013
572 573 0.0026
574 573 0.0007
563 574 0.0013
564 574 0.0026
566 574 0.002
573 574 0.0007
56 575 0.0013
560 575 0.0026
576 575 0.0007
572 576 0.0046
575 576 0.0007
591 576 0.0033
56 577 0.0033
579 577 0.0007
583 577 0.0046
661 578 0.002
663 578 0.0033
891 578 0.002
577 579 0.0007
580 579 0.0039
589 579 0.0026
579 580 0.0039
581 580 0.002
590 580 0.0013
580 581 0.002
582 581 0.002
587 581 0.0046
581 582 0.002
587 582 0.0013
577 583 0.0046
584 583 0.0066
585 583 0.0013
583 584 0.0066
586 584 0.0033
1158 584 0.0039
583 585 0.0013
586 585 0.0046
587 585 0.0026
584 586 0.0033
585 586 0.0046
1205 586 0.002
581 587 0.0046
582 587 0.0013
585 587 0.0026
588 587 0.0033
57 588 0.0033
587 588 0.0033
1212 588 0.0033
579 589 0.0026
590 589 0.0033
591 589 0.0026
580 590 0.0013
589 590 0.0033
591 590 0.0039
1193 590 0.002
576 591 0.0033
589 591 0.0026
590 591 0.0039
604 592 0.0039
671 592 0.0033
677 592 0.002
685 592 0.0026
767 592 0.0026
805 592 0.0026
695 593 0.0013
805 593 0.0013
599 594 0.0039
805 594 0.0039
597 595 0.0046
686 595 0.0026
688 595 0.0039
204 597 0.0053
595 597 0.0046
686 597 0.0039
599 598 0.002
805 598 0.002
594 599 0.0039
598 599 0.002
612 599 0.0013
601 600 0.0026
619 600 0.0026
620 600 0.0026
623 600 0.0026
600 601 0.0026
613 601 0.0007
628 601 0.0033
714 601 0.002
603 602 0.0033
873 602 0.0013
878 602 0.0026
880 602 0.0013
602 603 0.0033
604 603 0.0013
697 603 0.0013
592 604 0.0039
603 604 0.0013
871 604 0.0039
607 606 0.0013
884 606 0.0013
606 607 0.0013
608 607 0.0007
884 607 0.0026
607 608 0.0007
631 608 0.0026
805 608 0.002
629 609 0.002
630 609 0.0026
714 609 0.0013
880 609 0.002
611 610 0.0013
686 610 0.0007
698 610 0.0026
610 611 0.0013
698 611 0.0026
599 612 0.0013
686 612 0.0026
698 612 0.0013
601 613 0.0007
614 613 0.002
633 613 0.0026
875 613 0.0013
878 613 0.0007
613 614 0.002
615 614 0.0033
619 614 0.0033
614 615 0.0033
616 615 0.0026
615 616 0.0026
617 616 0.0013
619 616 0.0033
616 617 0.0013
618 617 0.0007
620 617 0.002
617 618 0.0007
621 618 0.0007
600 619 0.0026
614 619 0.0033
616 619 0.0033
620 619 0.0026
600 620 0.0026
617 620 0.002
619 620 0.0026
621 620 0.002
618 621 0.0007
620 621 0.002
624 621 0.0007
600 623 0.0026
624 623 0.0039
627 623 0.0039
628 623 0.0026
621 624 0.0007
623 624 0.0039
625 624 0.0026
624 625 0.0026
626 625 0.0026
625 626 0.0026
627 626 0.0053
640 626 0.002
623 627 0.0039
626 627 0.0053
636 627 0.0033
601 628 0.0033
623 628 0.0026
629 628 0.0013
714 628 0.002
609 629 0.002
628 629 0.0013
630 629 0.002
645 629 0.002
714 629 0.0013
609 630 0.0026
629 630 0.002
873 630 0.002
880 630 0.0026
608 631 0.0026
632 631 0.0039
697 631 0.0007
631 632 0.0039
874 632 0.0039
875 632 0.002
613 633 0.0026
697 633 0.0026
874 633 0.0046
875 633 0.0026
878 633 0.0039
627 636 0.0033
637 636 0.0053
646 636 0.0039
636 637 0.0053
640 637 0.002
720 637 0.0026
1015 638 0.0046
1017 638 0.0013
1023 638 0.0026
626 640 0.002
637 640 0.002
645 642 0.0026
646 642 0.0013
648 642 0.0013
651 642 0.0026
629 645 0.002
642 645 0.0026
646 645 0.0026
636 646 0.0039
642 646 0.0013
645 646 0.0026
647 646 0.0039
715 646 0.0007
646 647 0.0039
715 647 0.0026
716 647 0.0046
642 648 0.0013
650 648 0.002
650 649 0.0033
654 649 0.0053
656 649 0.002
648 650 0.002
649 650 0.0033
651 650 0.0046
642 651 0.0026
650 651 0.0046
652 651 0.0039
651 652 0.0039
654 652 0.0033
667 652 0.0013
742 653 0.0013
865 653 0.0007
867 653 0.0013
869 653 0.0026
870 653 0.0013
649 654 0.0053
652 654 0.0033
670 654 0.0026
649 656 0.002
657 656 0.0013
664 656 0.0039
656 657 0.0013
658 657 0.0053
892 657 0.0033
657 658 0.0053
661 658 0.0039
892 658 0.0013
894 658 0.0039
892 659 0.0013
894 659 0.0013
578 661 0.002
658 661 0.0039
662 661 0.0026
661 662 0.0026
895 662 0.002
578 663 0.0033
664 663 0.0033
673 663 0.0026
891 663 0.0026
656 664 0.0039
663 664 0.0033
672 664 0.0039
666 665 0.002
667 665 0.0026
668 665 0.0007
871 665 0.0007
665 666 0.002
667 666 0.0026
873 666 0.0013
652 667 0.0013
665 667 0.0026
666 667 0.0026
668 667 0.0013
665 668 0.0007
667 668 0.0013
670 669 0.0033
871 669 0.0026
654 670 0.0026
669 670 0.0033
671 670 0.0053
592 671 0.0033
670 671 0.0053
672 671 0.0026
664 672 0.0039
671 672 0.0026
673 672 0.002
663 673 0.0026
672 673 0.002
674 673 0.0013
673 674 0.0013
675 674 0.0033
676 674 0.0013
678 674 0.0026
891 674 0.0026
674 675 0.0033
676 675 0.002
679 675 0.0007
674 676 0.0013
675 676 0.002
592 677 0.002
685 677 0.0013
674 678 0.0026
679 678 0.0007
891 678 0.002
675 679 0.0007
678 679 0.0007
682 681 0.0007
737 681 0.0013
898 681 0.0026
681 682 0.0007
684 682 0.0007
857 682 0.0026
899 682 0.0026
739 683 0.0026
854 683 0.0039
857 683 0.002
859 683 0.0053
899 683 0.0013
682 684 0.0007
685 684 0.002
748 684 0.0013
771 684 0.0033
854 684 0.0013
592 685 0.0026
677 685 0.0013
684 685 0.002
766 685 0.0033
595 686 0.0026
597 686 0.0039
610 686 0.0007
612 686 0.0026
687 686 0.0007
698 686 0.0026
686 687 0.0007
688 687 0.0026
689 687 0.0013
595 688 0.0039
687 688 0.0026
689 688 0.0046
687 689 0.0013
688 689 0.0046
690 689 0.0026
689 690 0.0026
699 690 0.0013
1060 690 0.0046
593 695 0.0013
805 695 0.0013
603 697 0.0013
631 697 0.0007
633 697 0.0026
874 697 0.002
610 698 0.0026
611 698 0.0026
612 698 0.0013
686 698 0.0026
690 699 0.0013
1060 699 0.002
704 703 0.0013
707 703 0.0013
711 703 0.0033
877 703 0.0013
1060 703 0.0013
703 704 0.0013
709 704 0.0013
703 707 0.0013
711 707 0.0013
704 709 0.0013
711 709 0.0013
703 711 0.0033
707 711 0.0013
709 711 0.0013
165 712 0.0026
515 712 0.0007
733 712 0.0013
601 714 0.002
609 714 0.0013
628 714 0.002
629 714 0.0013
646 715 0.0007
647 715 0.0026
716 715 0.0013
647 716 0.0046
715 716 0.0013
717 716 0.0026
716 717 0.0026
718 717 0.0026
717 718 0.0026
721 718 0.0026
637 720 0.0026
721 720 0.0026
718 721 0.0026
720 721 0.0026
165 733 0.0026
353 733 0.0007
712 733 0.0013
681 737 0.0013
738 737 0.0007
898 737 0.0026
737 738 0.0007
915 738 0.002
945 738 0.0033
683 739 0.0026
741 739 0.0033
742 739 0.002
898 739 0.0013
739 741 0.0033
742 741 0.0007
859 741 0.002
653 742 0.0013
739 742 0.002
741 742 0.0007
743 742 0.002
867 742 0.0026
742 743 0.002
745 743 0.0007
900 743 0.0007
743 745 0.0007
982 745 0.0026
1027 745 0.0007
752 746 0.002
860 746 0.0013
684 748 0.0013
749 748 0.002
771 748 0.0026
748 749 0.002
770 749 0.0013
343 750 0.0013
862 750 0.0033
865 750 0.002
752 751 0.0033
759 751 0.0013
764 751 0.0013
862 751 0.0033
746 752 0.002
751 752 0.0033
753 752 0.0013
754 752 0.0026
759 752 0.002
752 753 0.0013
808 753 0.0053
986 753 0.0013
1039 753 0.0033
1046 753 0.0046
752 754 0.0026
783 754 0.0046
808 754 0.0013
348 755 0.0026
453 755 0.0033
805 755 0.0013
757 756 0.0013
761 756 0.0033
764 756 0.0013
768 756 0.0013
796 756 0.0026
805 756 0.002
756 757 0.0013
758 757 0.0013
796 757 0.0033
757 758 0.0013
786 758 0.002
793 758 0.0013
795 758 0.0013
751 759 0.0013
752 759 0.002
756 761 0.0033
762 761 0.0033
765 761 0.0013
805 761 0.0013
761 762 0.0033
763 762 0.002
765 762 0.002
762 763 0.002
764 763 0.0013
751 764 0.0013
756 764 0.0013
763 764 0.0013
862 764 0.0013
761 765 0.0013
762 765 0.002
767 765 0.002
805 765 0.0013
685 766 0.0033
767 766 0.0013
769 766 0.0013
771 766 0.0033
592 767 0.0026
765 767 0.002
766 767 0.0013
756 768 0.0013
780 768 0.002
796 768 0.0026
805 768 0.0007
766 769 0.0013
770 769 0.002
771 769 0.0026
749 770 0.0013
769 770 0.002
684 771 0.0033
748 771 0.0026
766 771 0.0033
769 771 0.0026
773 772 0.0013
780 772 0.0072
792 772 0.0013
794 772 0.0026
772 773 0.0013
774 773 0.0026
780 773 0.0033
790 773 0.0007
773 774 0.0026
775 774 0.0013
788 774 0.0007
774 775 0.0013
776 775 0.0026
778 775 0.0007
183 776 0.0026
775 776 0.0026
782 776 0.0033
183 777 0.0026
778 777 0.0013
779 777 0.0013
1084 777 0.0007
97 778 0.0007
183 778 0.0039
775 778 0.0007
777 778 0.0013
779 778 0.002
777 779 0.0013
778 779 0.002
789 779 0.0013
768 780 0.002
772 780 0.0072
773 780 0.0033
781 780 0.0053
780 781 0.0053
782 781 0.0039
785 781 0.0046
183 782 0.0033
776 782 0.0033
781 782 0.0039
783 782 0.0039
754 783 0.0046
782 783 0.0039
784 783 0.0007
808 783 0.0066
783 784 0.0007
785 784 0.0007
781 785 0.0046
784 785 0.0007
786 785 0.0039
758 786 0.002
785 786 0.0039
795 786 0.0053
183 787 0.0013
808 787 0.002
97 788 0.0013
774 788 0.0007
790 788 0.0026
97 789 0.0026
779 789 0.0013
1042 789 0.0026
1083 789 0.0033
1084 789 0.0013
773 790 0.0007
788 790 0.0026
791 790 0.0013
799 790 0.0007
809 790 0.0046
790 791 0.0013
809 791 0.0046
1082 791 0.0026
1083 791 0.0033
772 792 0.0013
796 792 0.002
758 793 0.0013
796 793 0.002
772 794 0.0026
795 794 0.0033
758 795 0.0013
786 795 0.0053
794 795 0.0033
756 796 0.0026
757 796 0.0033
768 796 0.0026
792 796 0.002
793 796 0.002
798 797 0.0013
806 797 0.002
797 798 0.0013
799 798 0.0026
806 798 0.0046
790 799 0.0007
798 799 0.0026
807 799 0.0013
339 800 0.0013
377 800 0.0007
809 800 0.002
1081 800 0.0007
1082 800 0.0013
1097 800 0.002
48 801 0.0007
50 801 0.0013
51 801 0.0026
339 802 0.0013
803 802 0.002
1086 802 0.0026
1098 802 0.002
373 803 0.0026
377 803 0.0007
802 803 0.002
806 803 0.0026
807 803 0.0007
855 803 0.002
951 803 0.0013
1098 803 0.0013
278 804 0.0026
279 804 0.0026
805 804 0.0046
58 805 0.0013
59 805 0.0026
142 805 0.0013
186 805 0.0059
204 805 0.0053
226 805 0.0033
228 805 0.0086
294 805 0.0007
297 805 0.0033
401 805 0.002
402 805 0.0053
404 805 0.0053
405 805 0.0013
453 805 0.0039
592 805 0.0026
593 805 0.0013
594 805 0.0039
598 805 0.002
608 805 0.002
695 805 0.0013
755 805 0.0013
756 805 0.002
761 805 0.0013
765 805 0.0013
768 805 0.0007
804 805 0.0046
797 806 0.002
798 806 0.0046
803 806 0.0026
807 806 0.0026
799 807 0.0013
803 807 0.0007
806 807 0.0026
753 808 0.0053
754 808 0.0013
783 808 0.0066
787 808 0.002
1040 808 0.0013
1046 808 0.0007
377 809 0.002
790 809 0.0046
791 809 0.0046
800 809 0.002
99 810 0.0026
815 810 0.0013
951 810 0.0013
1088 810 0.0026
348 811 0.0026
812 811 0.0013
847 811 0.002
1110 811 0.0007
373 812 0.0013
811 812 0.0013
855 812 0.0033
57 813 0.0039
125 813 0.0013
568 813 0.0053
159 814 0.0059
365 814 0.0033
823 814 0.0066
98 815 0.0026
376 815 0.002
810 815 0.0013
246 816 0.0026
251 816 0.0053
820 816 0.0007
821 816 0.0007
142 818 0.002
389 818 0.0013
245 819 0.0033
269 819 0.0046
820 819 0.0007
251 820 0.002
816 820 0.0007
819 820 0.0007
251 821 0.0033
816 821 0.0007
822 821 0.002
248 822 0.0053
363 822 0.0079
821 822 0.002
365 823 0.0033
371 823 0.0046
412 823 0.0039
814 823 0.0066
147 824 0.0046
825 824 0.0066
830 824 0.0053
371 825 0.0033
412 825 0.0053
824 825 0.0066
23 826 0.0039
389 826 0.002
395 826 0.0046
827 826 0.0039
403 827 0.0026
546 827 0.0033
826 827 0.0039
365 828 0.0046
412 828 0.0046
834 828 0.0059
366 829 0.002
371 829 0.0046
374 829 0.002
366 830 0.0072
383 830 0.0026
824 830 0.0053
142 831 0.0026
404 831 0.0007
431 831 0.0013
9 832 0.0039
21 832 0.0039
833 832 0.0033
832 833 0.0033
834 833 0.0066
835 833 0.0039
147 834 0.0066
828 834 0.0059
833 834 0.0066
833 835 0.0039
836 835 0.0033
837 835 0.0039
147 836 0.0013
835 836 0.0033
837 836 0.0013
835 837 0.0039
836 837 0.0013
838 837 0.002
153 838 0.0013
837 838 0.002
839 838 0.0026
153 839 0.0033
838 839 0.0026
843 839 0.0039
31 840 0.0026
841 840 0.0053
852 840 0.002
25 841 0.0053
149 841 0.0046
840 841 0.0053
24 842 0.0033
149 842 0.0039
153 842 0.0039
154 843 0.0033
385 843 0.0026
839 843 0.0039
45 844 0.0007
47 844 0.0013
846 844 0.0026
98 845 0.0026
99 845 0.0026
325 845 0.002
1093 845 0.002
47 846 0.0033
48 846 0.0026
844 846 0.0026
287 847 0.0007
348 847 0.0033
453 847 0.0033
811 847 0.002
1110 847 0.0007
50 848 0.0026
68 848 0.0026
849 848 0.0013
1173 848 0.0013
50 849 0.0053
848 849 0.0013
1158 849 0.0033
23 850 0.0026
395 850 0.0059
491 850 0.0046
858 850 0.0013
287 851 0.0013
460 851 0.0046
864 851 0.0066
22 852 0.0039
29 852 0.0026
36 852 0.0007
840 852 0.002
62 853 0.002
65 853 0.0046
95 853 0.0033
520 854 0.0013
683 854 0.0039
684 854 0.0013
348 855 0.002
803 855 0.002
812 855 0.0033
509 856 0.0013
865 856 0.0007
869 856 0.0026
682 857 0.0026
683 857 0.002
899 857 0.0026
325 858 0.0007
491 858 0.002
850 858 0.0013
1065 858 0.0013
520 859 0.0039
683 859 0.0053
741 859 0.002
870 859 0.002
528 860 0.0013
746 860 0.0013
405 861 0.0007
460 861 0.002
500 861 0.0007
343 862 0.0026
535 862 0.0046
750 862 0.0033
751 862 0.0033
764 862 0.0013
460 863 0.0013
864 863 0.002
287 864 0.0053
851 864 0.0066
863 864 0.002
535 865 0.0007
653 865 0.0007
750 865 0.002
856 865 0.0007
869 865 0.0026
653 867 0.0013
742 867 0.0026
900 867 0.0026
1034 867 0.0013
653 869 0.0026
856 869 0.0026
865 869 0.0026
870 869 0.0039
653 870 0.0013
859 870 0.002
869 870 0.0039
604 871 0.0039
665 871 0.0007
669 871 0.0026
66 872 0.0007
353 872 0.0007
602 873 0.0013
630 873 0.002
666 873 0.0013
880 873 0.002
632 874 0.0039
633 874 0.0046
697 874 0.002
875 874 0.0026
613 875 0.0013
632 875 0.002
633 875 0.0026
874 875 0.0026
876 875 0.0013
884 875 0.0033
875 876 0.0013
884 876 0.002
303 877 0.0033
703 877 0.0013
1060 877 0.0053
602 878 0.0026
613 878 0.0007
633 878 0.0039
316 879 0.0046
323 879 0.0046
434 879 0.0046
602 880 0.0013
609 880 0.002
630 880 0.0026
873 880 0.002
256 881 0.0033
273 881 0.0013
274 881 0.0053
278 881 0.0046
274 882 0.0013
275 882 0.0026
327 882 0.0007
114 883 0.0026
1007 883 0.0033
1123 883 0.0026
606 884 0.0013
607 884 0.0026
875 884 0.0033
876 884 0.002
578 891 0.002
663 891 0.0026
674 891 0.0026
678 891 0.002
657 892 0.0033
658 892 0.0013
659 892 0.0013
658 894 0.0039
659 894 0.0013
895 894 0.002
662 895 0.002
894 895 0.002
681 898 0.0026
737 898 0.0026
739 898 0.0013
899 898 0.0013
682 899 0.0026
683 899 0.0013
857 899 0.0026
898 899 0.0013
528 900 0.0013
743 900 0.0007
867 900 0.0026
909 908 0.0026
911 908 0.0026
105 909 0.0026
908 909 0.0026
908 911 0.0026
913 911 0.0026
105 913 0.0026
911 913 0.0026
738 915 0.002
916 915 0.0039
917 915 0.0013
915 916 0.0039
917 916 0.0039
919 916 0.0046
915 917 0.0013
916 917 0.0039
918 917 0.002
917 918 0.002
927 918 0.002
916 919 0.0046
920 919 0.0039
957 919 0.0026
958 919 0.0033
919 920 0.0039
921 920 0.0046
929 920 0.0039
920 921 0.0046
922 921 0.0013
925 921 0.0066
110 922 0.002
921 922 0.0013
925 922 0.0066
927 922 0.002
110 923 0.002
962 923 0.002
921 925 0.0066
922 925 0.0066
918 927 0.002
922 927 0.002
920 929 0.0039
930 929 0.0053
968 929 0.0039
929 930 0.0053
931 930 0.0053
940 930 0.002
971 930 0.0033
930 931 0.0053
932 931 0.0026
939 931 0.002
940 931 0.002
944 931 0.0059
931 932 0.0026
933 932 0.0033
972 932 0.0026
932 933 0.0033
934 933 0.0026
972 933 0.0039
973 933 0.0007
120 934 0.0007
933 934 0.0026
935 934 0.0013
934 935 0.0013
936 935 0.0013
943 935 0.0033
207 936 0.0033
935 936 0.0013
943 936 0.0039
964 936 0.0007
938 937 0.0013
940 937 0.002
937 938 0.0013
940 938 0.002
931 939 0.002
941 939 0.0007
944 939 0.0026
930 940 0.002
931 940 0.002
937 940 0.002
938 940 0.002
939 941 0.0007
943 941 0.0039
944 941 0.0053
935 943 0.0033
936 943 0.0039
941 943 0.0039
931 944 0.0059
939 944 0.0026
941 944 0.0053
738 945 0.0033
946 945 0.0053
958 945 0.0013
945 946 0.0053
947 946 0.002
949 946 0.0026
952 946 0.0013
958 946 0.0039
946 947 0.002
948 947 0.0007
982 947 0.0026
987 947 0.0013
947 948 0.0007
949 948 0.0033
995 948 0.002
946 949 0.0026
948 949 0.0033
950 949 0.002
959 949 0.0026
996 949 0.0033
949 950 0.002
981 950 0.002
1123 950 0.002
373 951 0.0013
803 951 0.0013
810 951 0.0013
1087 951 0.0007
1088 951 0.0026
946 952 0.0013
953 952 0.0007
959 952 0.0026
980 952 0.002
952 953 0.0007
954 953 0.0046
957 953 0.0026
980 953 0.0026
953 954 0.0046
957 954 0.0007
976 954 0.0039
980 954 0.0039
975 955 0.002
976 955 0.0026
979 955 0.0013
977 956 0.0007
979 956 0.0013
919 957 0.0026
953 957 0.0026
954 957 0.0007
958 957 0.0007
919 958 0.0033
945 958 0.0013
946 958 0.0039
957 958 0.0007
949 959 0.0026
952 959 0.0026
981 959 0.002
923 962 0.002
963 962 0.002
207 963 0.0039
962 963 0.002
964 963 0.0013
207 964 0.0026
936 964 0.0007
963 964 0.0013
929 968 0.0039
969 968 0.0013
971 968 0.0046
975 968 0.0033
968 969 0.0013
973 969 0.0007
930 971 0.0033
968 971 0.0046
972 971 0.0033
973 971 0.002
932 972 0.0026
933 972 0.0039
971 972 0.0033
933 973 0.0007
969 973 0.0007
971 973 0.002
955 975 0.002
968 975 0.0033
976 975 0.0046
954 976 0.0039
955 976 0.0026
975 976 0.0046
977 976 0.0046
956 977 0.0007
976 977 0.0046
979 977 0.002
981 977 0.0033
955 979 0.0013
956 979 0.0013
977 979 0.002
952 980 0.002
953 980 0.0026
954 980 0.0039
981 980 0.0033
950 981 0.002
959 981 0.002
977 981 0.0033
980 981 0.0033
745 982 0.0026
947 982 0.0026
983 982 0.0033
982 983 0.0033
984 983 0.0013
1000 983 0.0053
1027 983 0.002
983 984 0.0013
985 984 0.0039
1000 984 0.0046
1027 984 0.0033
984 985 0.0039
986 985 0.0046
1005 985 0.0039
1027 985 0.0007
753 986 0.0013
985 986 0.0046
1027 986 0.0007
1028 986 0.0046
947 987 0.0013
988 987 0.0026
998 987 0.002
1000 987 0.0026
987 988 0.0026
989 988 0.002
999 988 0.0026
988 989 0.002
990 989 0.0033
999 989 0.0026
1001 989 0.0026
1002 989 0.0007
1014 989 0.0046
989 990 0.0033
991 990 0.0033
999 990 0.0033
990 991 0.0033
992 991 0.0026
1123 991 0.0026
991 992 0.0026
993 992 0.002
999 992 0.0026
992 993 0.002
994 993 0.0026
996 993 0.0026
993 994 0.0026
996 994 0.002
998 994 0.0007
948 995 0.002
996 995 0.0026
949 996 0.0033
993 996 0.0026
994 996 0.002
995 996 0.0026
987 998 0.002
994 998 0.0007
999 998 0.0033
988 999 0.0026
989 999 0.0026
990 999 0.0033
992 999 0.0026
998 999 0.0033
983 1000 0.0053
984 1000 0.0046
987 1000 0.0026
1001 1000 0.002
989 1001 0.0026
1000 1001 0.002
1014 1001 0.0026
989 1002 0.0007
1014 1002 0.0007
985 1005 0.0039
1006 1005 0.0026
1010 1005 0.0046
1005 1006 0.0026
1007 1006 0.0033
1014 1006 0.0026
883 1007 0.0033
1006 1007 0.0033
1005 1010 0.0046
1011 1010 0.0013
1019 1010 0.0007
1029 1010 0.0039
1010 1011 0.0013
1012 1011 0.0046
1023 1011 0.0026
1011 1012 0.0046
1015 1012 0.0046
989 1014 0.0046
1001 1014 0.0026
1002 1014 0.0007
1006 1014 0.0026
638 1015 0.0046
1012 1015 0.0046
114 1017 0.0046
638 1017 0.0013
1018 1017 0.0026
144 1018 0.0026
1017 1018 0.0026
1010 1019 0.0007
1029 1019 0.0007
638 1023 0.0026
1011 1023 0.0026
745 1027 0.0007
983 1027 0.002
984 1027 0.0033
985 1027 0.0007
986 1027 0.0007
986 1028 0.0046
1029 1028 0.0026
1030 1028 0.0013
1010 1029 0.0039
1019 1029 0.0007
1028 1029 0.0026
1028 1030 0.0013
1039 1030 0.002
1032 1031 0.0039
1035 1031 0.002
1048 1031 0.0007
1031 1032 0.0039
1036 1032 0.0033
1048 1032 0.0026
1039 1033 0.002
1046 1033 0.0033
1048 1033 0.0033
1054 1033 0.0007
528 1034 0.0033
535 1034 0.002
867 1034 0.0013
1031 1035 0.002
1036 1035 0.0046
1037 1035 0.0007
1061 1035 0.0007
1032 1036 0.0033
1035 1036 0.0046
1037 1036 0.0007
1061 1036 0.002
1035 1037 0.0007
1036 1037 0.0007
753 1039 0.0033
1030 1039 0.002
1033 1039 0.002
808 1040 0.0013
1041 1040 0.002
1040 1041 0.002
1042 1041 0.0026
1047 1041 0.0039
1049 1041 0.0079
1085 1041 0.0026
789 1042 0.0026
1041 1042 0.0026
1043 1042 0.0033
1042 1043 0.0033
1044 1043 0.0026
1053 1043 0.0039
1072 1043 0.0039
1083 1043 0.0026
1043 1044 0.0026
1045 1044 0.0026
1072 1044 0.0026
1082 1044 0.0026
1044 1045 0.0026
1077 1045 0.0033
1081 1045 0.002
1096 1045 0.0026
753 1046 0.0046
808 1046 0.0007
1033 1046 0.0033
1047 1046 0.0033
1041 1047 0.0039
1046 1047 0.0033
1048 1047 0.0039
1031 1048 0.0007
1032 1048 0.0026
1033 1048 0.0033
1047 1048 0.0039
1041 1049 0.0079
1050 1049 0.0039
1084 1049 0.0033
1049 1050 0.0039
1051 1050 0.0026
1053 1050 0.0033
1054 1050 0.0007
1050 1051 0.0026
1052 1051 0.0033
1056 1051 0.0026
1051 1052 0.0033
1053 1052 0.0039
1062 1052 0.0039
1043 1053 0.0039
1050 1053 0.0033
1052 1053 0.0039
1033 1054 0.0007
1050 1054 0.0007
1051 1056 0.0026
1057 1056 0.002
1099 1056 0.0026
1056 1057 0.002
1058 1057 0.0007
1099 1057 0.0007
1057 1058 0.0007
1061 1058 0.0007
690 1060 0.0046
699 1060 0.002
703 1060 0.0013
877 1060 0.0053
1035 1061 0.0007
1036 1061 0.002
1058 1061 0.0007
1052 1062 0.0039
1063 1062 0.002
1099 1062 0.0013
1062 1063 0.002
1064 1063 0.002
1073 1063 0.0053
1077 1063 0.0007
1100 1063 0.0039
1063 1064 0.002
1069 1064 0.002
325 1065 0.0039
462 1065 0.002
516 1065 0.0007
858 1065 0.0013
1064 1069 0.002
1100 1069 0.002
1043 1072 0.0039
1044 1072 0.0026
1073 1072 0.0033
1063 1073 0.0053
1072 1073 0.0033
1074 1073 0.0013
1073 1074 0.0013
1075 1074 0.0033
1112 1074 0.0013
1074 1075 0.0033
1076 1075 0.0053
1113 1075 0.0013
1075 1076 0.0053
1101 1076 0.0013
1113 1076 0.0033
1045 1077 0.0033
1063 1077 0.0007
1078 1077 0.0007
1096 1077 0.0007
1077 1078 0.0007
1079 1078 0.0026
1105 1078 0.0013
1078 1079 0.0026
1080 1079 0.0039
1096 1079 0.0007
1104 1079 0.0059
1079 1080 0.0039
1094 1080 0.002
1104 1080 0.0013
800 1081 0.0007
1045 1081 0.002
1082 1081 0.002
1095 1081 0.0013
1097 1081 0.0013
791 1082 0.0026
800 1082 0.0013
1044 1082 0.0026
1081 1082 0.002
1083 1082 0.0026
789 1083 0.0033
791 1083 0.0033
1043 1083 0.0026
1082 1083 0.0026
777 1084 0.0007
789 1084 0.0013
1049 1084 0.0033
1085 1084 0.0026
1041 1085 0.0026
1084 1085 0.0026
802 1086 0.0026
1087 1086 0.0007
1097 1086 0.002
951 1087 0.0007
1086 1087 0.0007
1088 1087 0.0026
1094 1087 0.0013
100 1088 0.0026
810 1088 0.0026
951 1088 0.0026
1087 1088 0.0026
1089 1088 0.002
100 1089 0.002
1088 1089 0.002
1090 1089 0.002
1089 1090 0.002
1091 1090 0.0013
1093 1090 0.0026
1121 1090 0.0007
1090 1091 0.0013
1092 1091 0.0007
1119 1091 0.0026
1091 1092 0.0007
1104 1092 0.0007
1105 1092 0.0007
1111 1092 0.0007
99 1093 0.002
516 1093 0.0026
845 1093 0.002
1090 1093 0.0026
1080 1094 0.002
1087 1094 0.0013
1104 1094 0.0007
1121 1094 0.002
1081 1095 0.0013
1097 1095 0.0013
1045 1096 0.0026
1077 1096 0.0007
1079 1096 0.0007
339 1097 0.0033
800 1097 0.002
1081 1097 0.0013
1086 1097 0.002
1095 1097 0.0013
802 1098 0.002
803 1098 0.0013
1056 1099 0.0026
1057 1099 0.0007
1062 1099 0.0013
1063 1100 0.0039
1069 1100 0.002
1101 1100 0.0013
1076 1101 0.0013
1100 1101 0.0013
1079 1104 0.0059
1080 1104 0.0013
1092 1104 0.0007
1094 1104 0.0007
1105 1104 0.0026
1121 1104 0.0007
1078 1105 0.0013
1092 1105 0.0007
1104 1105 0.0026
324 1107 0.0046
423 1107 0.0039
1108 1107 0.0053
1138 1107 0.0046
1155 1107 0.0033
1107 1108 0.0053
1109 1108 0.0033
1119 1108 0.0039
324 1109 0.0053
565 1109 0.0046
1108 1109 0.0033
811 1110 0.0007
847 1110 0.0007
565 1111 0.0033
1092 1111 0.0007
1112 1111 0.002
1074 1112 0.0013
1111 1112 0.002
1113 1112 0.0013
1115 1112 0.002
1075 1113 0.0013
1076 1113 0.0033
1112 1113 0.0013
565 1115 0.0026
1112 1115 0.002
1117 1116 0.002
1124 1116 0.0033
1134 1116 0.0053
1116 1117 0.002
1118 1117 0.0026
1134 1117 0.0039
324 1118 0.0053
1117 1118 0.0026
1122 1118 0.002
403 1119 0.0007
423 1119 0.0013
516 1119 0.0013
1091 1119 0.0026
1108 1119 0.0039
1090 1121 0.0007
1094 1121 0.002
1104 1121 0.0007
565 1122 0.0026
1118 1122 0.002
117 1123 0.002
883 1123 0.0026
950 1123 0.002
991 1123 0.0026
1116 1124 0.0033
1125 1124 0.0033
1124 1125 0.0033
1127 1125 0.0033
1125 1127 0.0033
1136 1127 0.0033
1116 1134 0.0053
1117 1134 0.0039
1135 1134 0.0033
1145 1134 0.002
1134 1135 0.0033
1136 1135 0.0033
1127 1136 0.0033
1135 1136 0.0033
1107 1138 0.0046
1139 1138 0.0046
1154 1138 0.0046
1138 1139 0.0046
1169 1139 0.0013
1172 1139 0.0026
1141 1140 0.0033
1172 1140 0.0046
1195 1140 0.0046
1140 1141 0.0033
1142 1141 0.0026
1204 1141 0.0026
1141 1142 0.0026
1151 1142 0.0013
1204 1142 0.0007
1134 1145 0.002
1146 1145 0.0013
1172 1145 0.0039
1145 1146 0.0013
1147 1146 0.0007
1151 1146 0.0026
1146 1147 0.0007
1151 1147 0.0007
1142 1151 0.0013
1146 1151 0.0026
1147 1151 0.0007
104 1153 0.0046
139 1153 0.0013
1154 1153 0.002
1169 1153 0.0039
1138 1154 0.0046
1153 1154 0.002
1156 1154 0.002
138 1155 0.0026
1107 1155 0.0033
1156 1155 0.0039
138 1156 0.0013
1154 1156 0.002
1155 1156 0.0039
104 1157 0.0046
1169 1157 0.0013
1170 1157 0.0026
1174 1157 0.002
1176 1157 0.002
584 1158 0.0039
849 1158 0.0033
60 1159 0.0033
1160 1159 0.0013
1185 1159 0.0007
1159 1160 0.0013
1208 1160 0.002
1162 1161 0.0013
1170 1161 0.0007
1179 1161 0.0013
1201 1161 0.002
1161 1162 0.0013
1163 1162 0.002
1201 1162 0.0013
1162 1163 0.002
1164 1163 0.002
1165 1163 0.0007
1188 1163 0.0026
1189 1163 0.0013
1163 1164 0.002
1165 1164 0.0033
1199 1164 0.0033
1163 1165 0.0007
1164 1165 0.0033
1166 1165 0.002
1165 1166 0.002
1167 1166 0.0013
1199 1166 0.0039
353 1167 0.0007
1166 1167 0.0013
1168 1167 0.0026
83 1168 0.0026
353 1168 0.0039
1167 1168 0.0026
1197 1168 0.0053
1139 1169 0.0013
1153 1169 0.0039
1157 1169 0.0013
1157 1170 0.0026
1161 1170 0.0007
1176 1170 0.0026
1177 1170 0.0007
1172 1171 0.002
1198 1171 0.0026
1139 1172 0.0026
1140 1172 0.0046
1145 1172 0.0039
1171 1172 0.002
89 1173 0.0039
848 1173 0.0013
1174 1173 0.002
104 1174 0.0053
132 1174 0.0059
1157 1174 0.002
1173 1174 0.002
1157 1176 0.002
1170 1176 0.0026
1177 1176 0.0007
1170 1177 0.0007
1176 1177 0.0007
1161 1179 0.0013
1180 1179 0.0007
1186 1179 0.0013
1188 1179 0.0007
1201 1179 0.0033
1179 1180 0.0007
1181 1180 0.0026
1185 1180 0.0013
1180 1181 0.0026
1185 1181 0.0026
1159 1185 0.0007
1180 1185 0.0013
1181 1185 0.0026
81 1186 0.0026
1179 1186 0.0013
1189 1186 0.002
81 1187 0.0026
353 1187 0.0033
1192 1187 0.0039
1163 1188 0.0026
1179 1188 0.0007
1189 1188 0.002
1201 1188 0.0026
81 1189 0.0033
1163 1189 0.0013
1186 1189 0.002
1188 1189 0.002
1190 1189 0.0013
1189 1190 0.0013
1192 1190 0.002
353 1191 0.002
1192 1191 0.0026
1187 1192 0.0039
1190 1192 0.002
1191 1192 0.0026
572 1193 0.002
590 1193 0.002
1140 1195 0.0046
1198 1195 0.0046
1200 1195 0.0039
1197 1196 0.0013
1202 1196 0.0007
83 1197 0.0026
1168 1197 0.0053
1196 1197 0.0013
1200 1197 0.0039
1171 1198 0.0026
1195 1198 0.0046
1199 1198 0.0026
1164 1199 0.0033
1166 1199 0.0039
1198 1199 0.0026
1200 1199 0.0033
1195 1200 0.0039
1197 1200 0.0039
1199 1200 0.0033
1161 1201 0.002
1162 1201 0.0013
1179 1201 0.0033
1188 1201 0.0026
83 1202 0.0026
1196 1202 0.0007
1203 1202 0.0013
83 1203 0.0026
353 1203 0.0007
1202 1203 0.0013
353 1204 0.0013
1141 1204 0.0026
1142 1204 0.0007
60 1205 0.0033
252 1205 0.0026
586 1205 0.002
1206 1205 0.0033
1208 1205 0.0007
1212 1205 0.0039
60 1206 0.0039
1205 1206 0.0033
1207 1206 0.002
1210 1206 0.0026
2 1207 0.002
79 1207 0.0033
156 1207 0.0013
276 1207 0.0026
353 1207 0.0013
1206 1207 0.002
60 1208 0.0039
1160 1208 0.002
1205 1208 0.0007
1209 1208 0.002
353 1209 0.0046
1208 1209 0.002
1210 1209 0.0053
1211 1209 0.0026
1206 1210 0.0026
1209 1210 0.0053
1211 1210 0.0013
353 1211 0.0007
1209 1211 0.0026
1210 1211 0.0013
57 1212 0.002
252 1212 0.002
588 1212 0.0033
1205 1212 0.0039
