2 1 0.0122
58 1 0.0014
59 1 0.0058
71 1 0.0022
92 1 0.0079
168 1 0.0029
169 1 0.0079
179 1 0.0058
180 1 0.0014
207 1 0.0173
247 1 0.0029
346 1 0.0029
348 1 0.0108
355 1 0.0101
381 1 0.0036
387 1 0.0065
389 1 0.0058
394 1 0.0007
399 1 0.0014
426 1 0.0022
432 1 0.0022
479 1 0.0014
594 1 0.0022
614 1 0.005
617 1 0.0014
672 1 0.0187
679 1 0.0036
693 1 0.0029
696 1 0.0007
702 1 0.0086
703 1 0.0029
788 1 0.0043
1258 1 0.0122
1259 1 0.0007
1261 1 0.0007
1 2 0.0122
3 2 0.0122
419 2 0.0036
2 3 0.0122
4 3 0.0137
421 3 0.005
3 4 0.0137
5 4 0.0137
401 4 0.0079
4 5 0.0137
6 5 0.0122
29 5 0.0137
5 6 0.0122
7 6 0.0058
17 6 0.005
558 6 0.0086
6 7 0.0058
8 7 0.0022
425 7 0.0029
7 8 0.0022
150 8 0.0036
158 8 0.0007
162 12 0.0029
558 12 0.0086
560 12 0.0122
564 13 0.0122
768 13 0.0115
838 13 0.0058
152 14 0.0129
768 14 0.0129
769 14 0.0036
1315 14 0.0108
16 15 0.0065
1315 15 0.0065
15 16 0.0065
854 16 0.0022
862 16 0.005
6 17 0.005
18 17 0.005
17 18 0.005
22 18 0.005
18 22 0.005
23 22 0.0007
26 22 0.0065
22 23 0.0007
24 23 0.0029
26 23 0.0043
23 24 0.0029
28 24 0.0029
22 26 0.0065
23 26 0.0043
27 26 0.0086
26 27 0.0086
28 27 0.0086
24 28 0.0029
27 28 0.0086
884 28 0.005
5 29 0.0137
403 29 0.0144
31 30 0.0043
802 30 0.005
30 31 0.0043
32 31 0.0079
409 31 0.0129
31 32 0.0079
38 32 0.0079
34 33 0.0079
38 33 0.0137
42 33 0.0108
33 34 0.0079
35 34 0.005
124 34 0.0022
34 35 0.005
36 35 0.0072
42 35 0.0072
35 36 0.0072
37 36 0.0043
924 36 0.0022
36 37 0.0043
930 37 0.0014
935 37 0.0022
32 38 0.0079
33 38 0.0137
39 38 0.0014
123 38 0.0072
38 39 0.0014
40 39 0.0014
39 40 0.0014
41 40 0.0014
42 40 0.0036
40 41 0.0014
919 41 0.0014
33 42 0.0108
35 42 0.0072
40 42 0.0036
43 42 0.0129
42 43 0.0129
889 43 0.0122
925 43 0.0043
924 44 0.0014
925 44 0.0036
926 44 0.0014
46 45 0.0115
58 45 0.0014
116 45 0.0108
389 45 0.0079
45 46 0.0115
47 46 0.018
388 46 0.0129
46 47 0.018
48 47 0.0158
388 47 0.0014
47 48 0.0158
49 48 0.0129
580 48 0.0079
48 49 0.0129
50 49 0.0129
49 50 0.0129
51 50 0.0043
759 50 0.0079
50 51 0.0043
52 51 0.0079
471 51 0.0029
51 52 0.0079
53 52 0.0043
468 52 0.0086
52 53 0.0043
54 53 0.0065
467 53 0.0014
53 54 0.0065
55 54 0.0086
466 54 0.0014
54 55 0.0086
56 55 0.0014
466 55 0.0065
55 56 0.0014
57 56 0.0036
972 56 0.0014
56 57 0.0036
961 57 0.005
972 57 0.005
1 58 0.0014
45 58 0.0014
1 59 0.0058
60 59 0.0058
59 60 0.0058
61 60 0.0043
383 60 0.0036
60 61 0.0043
62 61 0.0058
92 61 0.0079
61 62 0.0058
63 62 0.0072
753 62 0.0065
62 63 0.0072
64 63 0.0058
110 63 0.0065
63 64 0.0058
103 64 0.0058
435 64 0.0065
67 65 0.0014
435 65 0.0029
1369 65 0.005
65 67 0.0014
1369 67 0.0014
1 71 0.0022
72 71 0.0022
1252 71 0.0036
71 72 0.0022
378 72 0.0036
379 72 0.0036
381 72 0.0007
74 73 0.0058
345 73 0.0065
377 73 0.0036
378 73 0.0043
73 74 0.0058
75 74 0.0065
588 74 0.0029
74 75 0.0065
76 75 0.0043
89 75 0.0014
833 75 0.0036
75 76 0.0043
77 76 0.0022
834 76 0.0014
76 77 0.0022
78 77 0.0022
115 77 0.005
77 78 0.0022
792 78 0.0022
445 79 0.0043
457 79 0.0043
81 80 0.0043
457 80 0.0043
80 81 0.0043
82 81 0.0043
81 82 0.0043
83 82 0.0043
82 83 0.0043
445 83 0.0043
75 89 0.0014
363 89 0.0007
588 89 0.0029
101 90 0.0029
363 90 0.0029
1 92 0.0079
61 92 0.0079
94 93 0.0029
380 93 0.0036
93 94 0.0029
95 94 0.0029
94 95 0.0029
96 95 0.0014
377 95 0.005
95 96 0.0014
97 96 0.0014
96 97 0.0014
98 97 0.0043
750 97 0.0022
97 98 0.0043
99 98 0.0036
371 98 0.0007
375 98 0.0072
98 99 0.0036
100 99 0.0022
374 99 0.0036
99 100 0.0022
101 100 0.0029
365 100 0.0043
371 100 0.0007
90 101 0.0029
100 101 0.0029
64 103 0.0058
104 103 0.0043
106 103 0.0007
110 103 0.0022
103 104 0.0043
108 104 0.0043
103 106 0.0007
108 106 0.0007
104 108 0.0043
106 108 0.0007
1369 108 0.0029
110 109 0.0036
752 109 0.0029
63 110 0.0065
103 110 0.0022
109 110 0.0036
113 112 0.0115
345 112 0.0086
357 112 0.0022
1255 112 0.0094
112 113 0.0115
114 113 0.0058
131 113 0.0079
345 113 0.0014
832 113 0.0014
113 114 0.0058
115 114 0.005
141 114 0.0058
77 115 0.005
114 115 0.005
45 116 0.0108
117 116 0.0043
1317 116 0.0058
116 117 0.0043
757 117 0.0079
798 117 0.0029
119 118 0.0007
794 118 0.0029
1317 118 0.0043
118 119 0.0007
435 119 0.0007
38 123 0.0072
124 123 0.0022
580 123 0.0043
34 124 0.0022
123 124 0.0022
113 131 0.0079
137 131 0.0079
133 132 0.0043
747 132 0.0043
132 133 0.0043
134 133 0.0043
133 134 0.0043
135 134 0.0022
985 134 0.0072
134 135 0.0022
986 135 0.0022
131 137 0.0079
138 137 0.0043
361 137 0.0029
137 138 0.0043
453 138 0.0014
828 138 0.0065
140 139 0.0036
828 139 0.0043
1003 139 0.0086
139 140 0.0036
980 140 0.0036
114 141 0.0058
142 141 0.0022
361 141 0.0029
141 142 0.0022
143 142 0.0014
144 142 0.0043
142 143 0.0014
144 143 0.0014
142 144 0.0043
143 144 0.0014
792 144 0.0022
147 146 0.0036
157 146 0.0036
677 146 0.0022
684 146 0.0022
146 147 0.0036
675 147 0.0165
705 147 0.0151
149 148 0.0094
311 148 0.0014
706 148 0.0072
148 149 0.0094
150 149 0.0079
153 149 0.0079
8 150 0.0036
149 150 0.0079
1316 150 0.0094
162 151 0.0007
838 151 0.0029
1212 151 0.0101
1316 151 0.0079
14 152 0.0129
1212 152 0.0014
1213 152 0.0151
149 153 0.0079
154 153 0.0029
313 153 0.0043
153 154 0.0029
155 154 0.0014
1316 154 0.005
154 155 0.0014
156 155 0.0058
1214 155 0.0079
155 156 0.0058
1208 156 0.0065
1251 156 0.0043
146 157 0.0036
158 157 0.0007
159 157 0.0022
8 158 0.0007
157 158 0.0007
157 159 0.0022
160 159 0.005
775 159 0.0022
159 160 0.005
163 160 0.0036
573 160 0.005
574 160 0.0065
574 161 0.0043
773 161 0.0043
774 161 0.005
12 162 0.0029
151 162 0.0007
838 162 0.0043
160 163 0.0036
683 163 0.0029
684 163 0.0043
310 164 0.0043
544 164 0.0165
708 164 0.0173
544 165 0.0151
548 165 0.0173
1201 165 0.0014
167 166 0.0014
307 166 0.0079
551 166 0.0079
552 166 0.0014
166 167 0.0014
552 167 0.0014
1 168 0.0029
169 168 0.0014
170 168 0.0007
1 169 0.0079
168 169 0.0014
170 169 0.0058
168 170 0.0007
169 170 0.0058
497 170 0.0022
521 170 0.0058
1629 170 0.0065
505 173 0.0022
524 173 0.0022
1 179 0.0058
180 179 0.0065
1 180 0.0014
179 180 0.0065
191 180 0.0065
589 180 0.0043
182 181 0.0036
188 181 0.0043
590 181 0.0029
181 182 0.0036
183 182 0.005
502 182 0.0036
182 183 0.005
184 183 0.0014
185 183 0.005
495 183 0.0043
503 183 0.0079
183 184 0.0014
1035 184 0.0014
183 185 0.005
186 185 0.005
185 186 0.005
1027 186 0.005
825 187 0.005
1027 187 0.005
181 188 0.0043
189 188 0.0014
1034 188 0.0022
188 189 0.0014
190 189 0.0014
189 190 0.0014
193 190 0.0036
194 190 0.0014
180 191 0.0065
198 191 0.0014
202 191 0.0036
491 191 0.0007
193 192 0.0022
202 192 0.0036
589 192 0.005
190 193 0.0036
192 193 0.0022
194 193 0.0036
196 193 0.0022
190 194 0.0014
193 194 0.0036
195 194 0.0014
194 195 0.0014
1038 195 0.0014
193 196 0.0022
197 196 0.0058
728 196 0.0014
1046 196 0.0007
196 197 0.0058
728 197 0.0043
1042 197 0.005
191 198 0.0014
277 198 0.0014
817 198 0.0029
818 198 0.0014
206 199 0.005
273 199 0.0108
277 199 0.0108
817 199 0.005
201 200 0.0058
734 200 0.0065
1372 200 0.0029
200 201 0.0058
730 201 0.0036
731 201 0.0065
1052 201 0.0029
1373 201 0.0007
191 202 0.0036
192 202 0.0036
206 205 0.0022
816 205 0.0022
199 206 0.005
205 206 0.0022
728 206 0.0022
1 207 0.0173
248 207 0.0043
1261 207 0.0194
209 208 0.0058
250 208 0.0036
1261 208 0.0007
208 209 0.0058
602 209 0.0245
711 209 0.0029
1261 209 0.0173
211 210 0.0022
235 210 0.0058
597 210 0.0043
603 210 0.0079
210 211 0.0022
212 211 0.0072
718 211 0.0014
839 211 0.0079
211 212 0.0072
213 212 0.0036
718 212 0.0029
212 213 0.0036
214 213 0.0036
213 214 0.0036
231 214 0.005
234 214 0.0007
216 215 0.0043
598 215 0.0036
615 215 0.0043
215 216 0.0043
222 216 0.0014
599 216 0.0115
609 216 0.0101
278 217 0.0043
611 217 0.0101
783 217 0.005
219 218 0.0115
275 218 0.0151
784 218 0.0086
218 219 0.0115
268 219 0.0058
821 219 0.005
221 220 0.005
821 220 0.005
220 221 0.005
260 221 0.0072
266 221 0.0014
216 222 0.0014
600 222 0.0029
601 222 0.0007
224 223 0.0115
718 223 0.0007
839 223 0.0129
223 224 0.0115
225 224 0.0065
279 224 0.0043
224 225 0.0065
226 225 0.0065
225 226 0.0065
227 226 0.0065
226 227 0.0065
1065 227 0.0014
1088 227 0.0058
1091 227 0.0022
214 231 0.005
232 231 0.0079
233 231 0.0108
231 232 0.0079
1119 232 0.0014
1123 232 0.0101
231 233 0.0108
1086 233 0.0108
214 234 0.0007
1152 234 0.0007
210 235 0.0058
236 235 0.0058
235 236 0.0058
240 236 0.0072
1155 236 0.0007
238 237 0.0007
1155 237 0.0029
1156 237 0.0014
237 238 0.0007
239 238 0.0022
243 238 0.0036
238 239 0.0022
244 239 0.0043
1154 239 0.0007
1161 239 0.0036
1442 239 0.0029
236 240 0.0072
715 240 0.0022
811 240 0.0101
242 241 0.0072
813 241 0.0072
241 242 0.0072
243 242 0.0072
238 243 0.0036
242 243 0.0072
244 243 0.0086
239 244 0.0043
243 244 0.0086
245 244 0.0079
244 245 0.0079
246 245 0.0014
333 245 0.0101
245 246 0.0014
333 246 0.0014
1 247 0.0029
248 247 0.0029
254 247 0.0036
207 248 0.0043
247 248 0.0029
1263 248 0.005
250 249 0.0036
605 249 0.0022
1262 249 0.005
208 250 0.0036
249 250 0.0036
251 250 0.0007
713 250 0.0094
250 251 0.0007
252 251 0.0237
714 251 0.0252
251 252 0.0237
253 252 0.0209
1256 252 0.0022
252 253 0.0209
280 253 0.0058
651 253 0.0144
247 254 0.0036
255 254 0.0058
667 254 0.0014
254 255 0.0058
256 255 0.0014
667 255 0.0079
255 256 0.0014
486 256 0.0036
1256 256 0.0014
259 258 0.0014
634 258 0.0014
258 259 0.0014
634 259 0.0014
221 260 0.0072
261 260 0.005
266 260 0.0014
260 261 0.005
262 261 0.005
1058 261 0.005
261 262 0.005
263 262 0.0029
264 262 0.0058
732 262 0.0022
262 263 0.0029
1066 263 0.0029
262 264 0.0058
265 264 0.0036
1065 264 0.0014
264 265 0.0036
1078 265 0.0036
1085 265 0.0065
221 266 0.0014
260 266 0.0014
219 268 0.0058
269 268 0.0058
268 269 0.0058
270 269 0.0058
269 270 0.0058
273 270 0.0058
199 273 0.0108
270 273 0.0058
274 273 0.0043
273 274 0.0043
1372 274 0.0043
218 275 0.0151
276 275 0.0101
493 275 0.0043
275 276 0.0101
277 276 0.0101
198 277 0.0014
199 277 0.0108
276 277 0.0101
817 277 0.0022
217 278 0.0043
279 278 0.0043
224 279 0.0043
278 279 0.0043
253 280 0.0058
281 280 0.0058
280 281 0.0058
282 281 0.0058
281 282 0.0058
283 282 0.0014
333 282 0.0079
282 283 0.0014
334 283 0.005
336 283 0.0029
285 284 0.0036
336 284 0.0007
807 284 0.0022
284 285 0.0036
1173 285 0.0036
288 287 0.0094
658 287 0.0014
840 287 0.0115
287 288 0.0094
1483 288 0.0094
292 289 0.0022
1483 289 0.0022
289 292 0.0022
293 292 0.0022
292 293 0.0022
294 293 0.0014
1484 293 0.0036
1635 293 0.0043
293 294 0.0014
1492 294 0.0014
1633 294 0.0036
297 296 0.005
474 296 0.0072
695 296 0.0072
296 297 0.005
298 297 0.0007
1264 297 0.0065
297 298 0.0007
542 298 0.0022
1264 298 0.0036
301 300 0.0007
543 300 0.0007
300 301 0.0007
302 301 0.0122
304 301 0.0137
301 302 0.0122
344 302 0.0022
626 302 0.0094
556 303 0.0094
626 303 0.0094
301 304 0.0137
305 304 0.0036
308 304 0.0137
344 304 0.0036
304 305 0.0036
306 305 0.0022
344 305 0.0007
305 306 0.0022
307 306 0.0022
166 307 0.0079
306 307 0.0022
309 307 0.0108
304 308 0.0137
309 308 0.0158
310 308 0.0014
307 309 0.0108
308 309 0.0158
548 309 0.0216
164 310 0.0043
308 310 0.0014
709 310 0.0022
148 311 0.0014
313 311 0.0014
153 313 0.0043
311 313 0.0014
545 313 0.0022
315 314 0.0094
556 314 0.0094
314 315 0.0094
1186 315 0.0094
321 320 0.0022
670 320 0.0022
320 321 0.0022
324 321 0.0022
321 324 0.0022
670 324 0.0022
326 325 0.0014
328 325 0.0014
325 326 0.0014
328 326 0.0014
325 328 0.0014
326 328 0.0014
245 333 0.0101
246 333 0.0014
282 333 0.0079
283 334 0.005
338 334 0.005
283 336 0.0029
284 336 0.0007
337 336 0.0043
336 337 0.0043
338 337 0.005
340 337 0.0029
334 338 0.005
337 338 0.005
339 338 0.0036
338 339 0.0036
1161 339 0.0022
1171 339 0.0022
337 340 0.0029
341 340 0.0014
343 340 0.005
340 341 0.0014
342 341 0.0058
807 341 0.0036
341 342 0.0058
343 342 0.005
1164 342 0.0043
340 343 0.005
342 343 0.005
1170 343 0.0036
302 344 0.0022
304 344 0.0036
305 344 0.0007
73 345 0.0065
112 345 0.0086
113 345 0.0014
1 346 0.0029
528 346 0.0029
1 348 0.0108
349 348 0.0079
353 348 0.0022
348 349 0.0079
350 349 0.0043
392 349 0.0029
349 350 0.0043
747 350 0.0043
353 351 0.0022
355 351 0.0072
356 351 0.0029
358 351 0.0007
348 353 0.0022
351 353 0.0022
1 355 0.0101
351 355 0.0072
396 355 0.0022
351 356 0.0029
391 356 0.0029
112 357 0.0022
358 357 0.0007
395 357 0.0007
351 358 0.0007
357 358 0.0007
137 361 0.0029
141 361 0.0029
89 363 0.0007
90 363 0.0029
365 363 0.0043
100 365 0.0043
363 365 0.0043
374 365 0.0022
98 371 0.0007
100 371 0.0007
99 374 0.0036
365 374 0.0022
375 374 0.0036
98 375 0.0072
374 375 0.0036
376 375 0.0058
375 376 0.0058
377 376 0.0058
588 376 0.0022
73 377 0.0036
95 377 0.005
376 377 0.0058
379 377 0.0014
380 377 0.0065
72 378 0.0036
73 378 0.0043
379 378 0.0043
72 379 0.0036
377 379 0.0014
378 379 0.0043
380 379 0.0022
93 380 0.0036
377 380 0.0065
379 380 0.0022
381 380 0.005
1 381 0.0036
72 381 0.0007
380 381 0.005
60 383 0.0036
386 383 0.0036
383 386 0.0036
1317 386 0.0036
1 387 0.0065
388 387 0.005
763 387 0.0007
46 388 0.0129
47 388 0.0014
387 388 0.005
389 388 0.0014
578 388 0.0029
1 389 0.0058
45 389 0.0079
388 389 0.0014
356 391 0.0029
392 391 0.0029
349 392 0.0029
391 392 0.0029
1 394 0.0007
1254 394 0.0014
1258 394 0.0029
357 395 0.0007
396 395 0.0022
1258 395 0.0036
355 396 0.0022
395 396 0.0022
1 399 0.0014
400 399 0.0014
399 400 0.0014
401 400 0.0022
4 401 0.0079
400 401 0.0022
402 401 0.0036
1259 401 0.0007
401 402 0.0036
403 402 0.005
763 402 0.0007
29 403 0.0144
402 403 0.005
405 403 0.0129
802 403 0.005
403 405 0.0129
406 405 0.0129
405 406 0.0129
409 406 0.0129
31 409 0.0129
406 409 0.0129
2 419 0.0036
420 419 0.0043
703 419 0.0043
419 420 0.0043
421 420 0.0022
703 420 0.0014
3 421 0.005
420 421 0.0022
422 421 0.0036
421 422 0.0036
423 422 0.0072
704 422 0.0043
422 423 0.0072
424 423 0.0065
575 423 0.0072
423 424 0.0065
425 424 0.0079
577 424 0.0079
7 425 0.0029
424 425 0.0079
569 425 0.0043
1 426 0.0022
427 426 0.0007
678 426 0.0007
426 427 0.0007
428 427 0.0014
433 427 0.0029
427 428 0.0014
429 428 0.0022
430 428 0.0029
682 428 0.0007
428 429 0.0022
573 429 0.0022
428 430 0.0029
434 430 0.0058
575 430 0.0058
432 431 0.005
434 431 0.0079
704 431 0.005
1 432 0.0022
431 432 0.005
433 432 0.005
427 433 0.0029
432 433 0.005
434 433 0.0014
430 434 0.0058
431 434 0.0079
433 434 0.0014
64 435 0.0065
65 435 0.0029
119 435 0.0007
436 435 0.0014
435 436 0.0014
437 436 0.0043
1368 436 0.0022
436 437 0.0043
438 437 0.0043
437 438 0.0043
440 438 0.0014
1368 438 0.0022
438 440 0.0014
441 440 0.005
972 440 0.0029
440 441 0.005
442 441 0.0065
963 441 0.0007
441 442 0.0065
965 442 0.0065
79 445 0.0043
83 445 0.0043
138 453 0.0014
828 453 0.0014
79 457 0.0043
80 457 0.0043
54 466 0.0014
55 466 0.0065
467 466 0.0043
53 467 0.0014
466 467 0.0043
940 467 0.0022
52 468 0.0086
469 468 0.0022
937 468 0.0058
468 469 0.0022
951 469 0.0022
51 471 0.0029
937 471 0.0029
296 474 0.0072
475 474 0.0043
1264 474 0.0022
474 475 0.0043
631 475 0.0043
632 475 0.0094
632 476 0.0094
641 476 0.0094
1 479 0.0014
480 479 0.0014
484 479 0.0036
479 480 0.0014
487 480 0.0014
479 484 0.0036
485 484 0.0014
667 484 0.0058
484 485 0.0014
486 485 0.0058
667 485 0.0079
256 486 0.0036
485 486 0.0058
487 486 0.0014
480 487 0.0014
486 487 0.0014
191 491 0.0007
788 491 0.0014
493 492 0.0022
494 492 0.0014
275 493 0.0043
492 493 0.0022
494 493 0.0058
492 494 0.0014
493 494 0.0058
1628 494 0.0036
183 495 0.0043
1034 495 0.0043
170 497 0.0022
498 497 0.0014
500 497 0.0043
497 498 0.0014
506 498 0.0014
497 500 0.0043
501 500 0.0079
507 500 0.0043
1629 500 0.0079
500 501 0.0079
502 501 0.0029
504 501 0.0072
593 501 0.0007
182 502 0.0036
501 502 0.0029
503 502 0.0022
504 502 0.0014
183 503 0.0079
502 503 0.0022
511 503 0.005
501 504 0.0072
502 504 0.0014
505 504 0.005
173 505 0.0022
504 505 0.005
507 505 0.0022
498 506 0.0014
507 506 0.0014
500 507 0.0043
505 507 0.0022
506 507 0.0014
503 511 0.005
512 511 0.005
511 512 0.005
825 512 0.005
170 521 0.0058
527 521 0.0058
524 523 0.0022
527 523 0.0022
173 524 0.0022
523 524 0.0022
521 527 0.0058
523 527 0.0022
528 527 0.0029
346 528 0.0029
527 528 0.0029
530 529 0.0029
536 529 0.0029
529 530 0.0029
531 530 0.005
743 530 0.0014
530 531 0.005
532 531 0.0014
538 531 0.0029
531 532 0.0014
743 532 0.0014
534 533 0.0014
535 533 0.0014
533 534 0.0014
535 534 0.0014
533 535 0.0014
534 535 0.0014
529 536 0.0029
538 536 0.0029
531 538 0.0029
536 538 0.0029
298 542 0.0022
543 542 0.0029
674 542 0.0029
300 543 0.0007
542 543 0.0029
674 543 0.0014
164 544 0.0165
165 544 0.0151
545 544 0.0036
313 545 0.0022
544 545 0.0036
546 545 0.0007
545 546 0.0007
1201 546 0.0007
165 548 0.0173
309 548 0.0216
549 548 0.0036
548 549 0.0036
551 549 0.0036
166 551 0.0079
549 551 0.0036
554 551 0.0029
1200 551 0.0058
166 552 0.0014
167 552 0.0014
551 554 0.0029
1204 554 0.0022
303 556 0.0094
314 556 0.0094
6 558 0.0086
12 558 0.0086
12 560 0.0122
562 560 0.0122
560 562 0.0122
564 562 0.0122
13 564 0.0122
562 564 0.0122
425 569 0.0043
570 569 0.0043
772 569 0.0036
569 570 0.0043
772 570 0.0014
773 570 0.005
774 570 0.0022
573 572 0.0022
574 572 0.0029
160 573 0.005
429 573 0.0022
572 573 0.0022
160 574 0.0065
161 574 0.0043
572 574 0.0029
423 575 0.0072
430 575 0.0058
576 575 0.005
575 576 0.005
577 576 0.0058
424 577 0.0079
576 577 0.0058
772 577 0.0014
388 578 0.0029
579 578 0.0029
578 579 0.0029
580 579 0.0029
48 580 0.0079
123 580 0.0043
579 580 0.0029
74 588 0.0029
89 588 0.0029
376 588 0.0022
180 589 0.0043
192 589 0.005
590 589 0.0029
181 590 0.0029
589 590 0.0029
591 590 0.0022
590 591 0.0022
593 591 0.0014
1630 591 0.0043
501 593 0.0007
591 593 0.0014
1630 593 0.0029
1 594 0.0022
595 594 0.0007
598 594 0.0036
594 595 0.0007
596 595 0.0029
711 595 0.0014
595 596 0.0029
597 596 0.0029
712 596 0.0036
210 597 0.0043
596 597 0.0029
598 597 0.0036
215 598 0.0036
594 598 0.0036
597 598 0.0036
599 598 0.0043
615 598 0.0043
216 599 0.0115
598 599 0.0043
600 599 0.0122
222 600 0.0029
599 600 0.0122
601 600 0.0115
222 601 0.0007
600 601 0.0115
778 601 0.0101
209 602 0.0245
603 602 0.0079
712 602 0.005
714 602 0.0273
210 603 0.0079
602 603 0.0079
712 603 0.0036
249 605 0.0022
607 605 0.0022
605 607 0.0022
1263 607 0.0014
216 609 0.0101
611 609 0.0101
217 611 0.0101
609 611 0.0101
1 614 0.005
615 614 0.005
215 615 0.0043
598 615 0.0043
614 615 0.005
1 617 0.0014
788 617 0.0022
785 618 0.0007
1628 618 0.0014
302 626 0.0094
303 626 0.0094
475 631 0.0043
645 631 0.0043
475 632 0.0094
476 632 0.0094
258 634 0.0014
259 634 0.0014
635 634 0.0043
638 634 0.0043
634 635 0.0043
636 635 0.0043
635 636 0.0043
663 636 0.0043
634 638 0.0043
639 638 0.0014
641 638 0.0065
638 639 0.0014
641 639 0.0065
642 639 0.0043
476 641 0.0094
638 641 0.0065
639 641 0.0065
639 642 0.0043
645 642 0.0043
631 645 0.0043
642 645 0.0043
253 651 0.0144
652 651 0.0144
651 652 0.0144
656 652 0.0144
652 656 0.0144
658 656 0.0144
287 658 0.0014
656 658 0.0144
659 658 0.0043
840 658 0.0115
658 659 0.0043
661 659 0.0065
665 659 0.0014
659 661 0.0065
663 661 0.0043
665 661 0.0014
636 663 0.0043
661 663 0.0043
659 665 0.0014
661 665 0.0014
254 667 0.0014
255 667 0.0079
484 667 0.0058
485 667 0.0079
320 670 0.0022
324 670 0.0022
1 672 0.0187
675 672 0.0165
689 672 0.0014
674 673 0.0014
689 673 0.0007
692 673 0.0029
542 674 0.0029
543 674 0.0014
673 674 0.0014
692 674 0.0029
147 675 0.0165
672 675 0.0165
677 675 0.005
146 677 0.0022
675 677 0.005
678 677 0.0007
679 677 0.0036
426 678 0.0007
677 678 0.0007
1 679 0.0036
677 679 0.0036
428 682 0.0007
683 682 0.0007
163 683 0.0029
682 683 0.0007
684 683 0.0014
146 684 0.0022
163 684 0.0043
683 684 0.0014
672 689 0.0014
673 689 0.0007
690 689 0.0029
689 690 0.0029
691 690 0.0029
694 690 0.0036
690 691 0.0029
692 691 0.0022
694 691 0.0029
673 692 0.0029
674 692 0.0029
691 692 0.0022
1 693 0.0029
694 693 0.0029
695 693 0.0022
690 694 0.0036
691 694 0.0029
693 694 0.0029
296 695 0.0072
693 695 0.0022
696 695 0.0094
702 695 0.0014
1 696 0.0007
695 696 0.0094
702 696 0.0108
1 702 0.0086
695 702 0.0014
696 702 0.0108
1 703 0.0029
419 703 0.0043
420 703 0.0014
422 704 0.0043
431 704 0.005
147 705 0.0151
706 705 0.0072
708 705 0.0144
148 706 0.0072
705 706 0.0072
164 708 0.0173
705 708 0.0144
709 708 0.0022
310 709 0.0022
708 709 0.0022
209 711 0.0029
595 711 0.0014
712 711 0.0007
596 712 0.0036
602 712 0.005
603 712 0.0036
711 712 0.0007
250 713 0.0094
714 713 0.0101
251 714 0.0252
602 714 0.0273
713 714 0.0101
240 715 0.0022
813 715 0.0022
211 718 0.0014
212 718 0.0029
223 718 0.0007
196 728 0.0014
197 728 0.0043
206 728 0.0022
730 729 0.0036
1058 729 0.005
1373 729 0.0036
201 730 0.0036
729 730 0.0036
1059 730 0.0036
1373 730 0.0036
201 731 0.0065
734 731 0.0022
1050 731 0.0043
1053 731 0.0043
262 732 0.0022
1054 732 0.0007
1059 732 0.0036
200 734 0.0065
731 734 0.0022
1049 734 0.0036
530 743 0.0014
532 743 0.0014
132 747 0.0043
350 747 0.0043
97 750 0.0022
751 750 0.0022
750 751 0.0022
752 751 0.0022
109 752 0.0029
751 752 0.0022
753 752 0.0058
62 753 0.0065
752 753 0.0058
117 757 0.0079
759 757 0.0079
50 759 0.0079
757 759 0.0079
387 763 0.0007
402 763 0.0007
13 768 0.0115
14 768 0.0129
769 768 0.0007
14 769 0.0036
768 769 0.0007
770 769 0.0022
769 770 0.0022
771 770 0.0022
770 771 0.0022
876 771 0.0007
1315 771 0.0036
569 772 0.0036
570 772 0.0014
577 772 0.0014
161 773 0.0043
570 773 0.005
161 774 0.005
570 774 0.0022
775 774 0.0022
159 775 0.0022
774 775 0.0022
601 778 0.0101
839 778 0.0101
217 783 0.005
784 783 0.0086
785 783 0.0043
218 784 0.0086
783 784 0.0086
618 785 0.0007
783 785 0.0043
1628 785 0.0058
1 788 0.0043
491 788 0.0014
617 788 0.0022
78 792 0.0022
144 792 0.0022
118 794 0.0029
795 794 0.0029
794 795 0.0029
798 795 0.0029
117 798 0.0029
795 798 0.0029
30 802 0.005
403 802 0.005
284 807 0.0022
341 807 0.0036
1164 807 0.005
1173 807 0.0086
1176 807 0.0014
240 811 0.0101
813 811 0.0101
241 813 0.0072
715 813 0.0022
811 813 0.0101
205 816 0.0022
818 816 0.0022
198 817 0.0029
199 817 0.005
277 817 0.0022
818 817 0.0043
198 818 0.0014
816 818 0.0022
817 818 0.0043
219 821 0.005
220 821 0.005
187 825 0.005
512 825 0.005
138 828 0.0065
139 828 0.0043
453 828 0.0014
113 832 0.0014
833 832 0.0036
834 832 0.0014
75 833 0.0036
832 833 0.0036
834 833 0.0036
76 834 0.0014
832 834 0.0014
833 834 0.0036
13 838 0.0058
151 838 0.0029
162 838 0.0043
1212 838 0.0043
211 839 0.0079
223 839 0.0129
778 839 0.0101
287 840 0.0115
658 840 0.0115
16 854 0.0022
855 854 0.0043
858 854 0.005
859 854 0.0014
854 855 0.0043
856 855 0.0065
1331 855 0.0014
855 856 0.0065
857 856 0.005
1336 856 0.0079
856 857 0.005
1352 857 0.0086
1354 857 0.0101
854 858 0.005
859 858 0.0065
871 858 0.0065
854 859 0.0014
858 859 0.0065
860 859 0.0043
859 860 0.0043
861 860 0.0036
860 861 0.0036
1319 861 0.0065
1322 861 0.0022
16 862 0.005
863 862 0.0065
1228 862 0.0007
862 863 0.0065
1216 863 0.0101
1225 863 0.0065
1228 863 0.0029
865 864 0.0014
867 864 0.0022
1228 864 0.0014
864 865 0.0014
866 865 0.0058
867 865 0.0043
1308 865 0.0014
865 866 0.0058
1300 866 0.0029
1302 866 0.0022
864 867 0.0022
865 867 0.0043
1314 867 0.0043
858 871 0.0065
872 871 0.0065
871 872 0.0065
873 872 0.0065
872 873 0.0065
1312 873 0.0022
1319 873 0.0036
771 876 0.0007
877 876 0.0014
879 876 0.0029
876 877 0.0014
878 877 0.0029
879 877 0.005
877 878 0.0029
880 878 0.0014
884 878 0.0007
876 879 0.0029
877 879 0.005
880 879 0.0014
878 880 0.0014
879 880 0.0014
28 884 0.005
878 884 0.0007
885 884 0.0036
884 885 0.0036
920 885 0.0036
43 889 0.0122
890 889 0.0115
901 889 0.0072
889 890 0.0115
891 890 0.0129
898 890 0.0079
890 891 0.0129
892 891 0.0158
923 891 0.0065
891 892 0.0158
893 892 0.0137
923 892 0.0014
892 893 0.0137
894 893 0.0158
896 893 0.0014
893 894 0.0158
896 894 0.0014
920 894 0.0065
1351 894 0.0065
1351 895 0.0065
1352 895 0.0065
893 896 0.0014
894 896 0.0014
890 898 0.0079
899 898 0.0065
904 898 0.005
898 899 0.0065
1358 899 0.0065
889 901 0.0072
902 901 0.0079
911 901 0.0079
927 901 0.0072
901 902 0.0079
903 902 0.005
910 902 0.0022
902 903 0.005
904 903 0.0043
907 903 0.0029
898 904 0.005
903 904 0.0043
905 904 0.0029
904 905 0.0029
909 905 0.0022
1361 905 0.0029
903 907 0.0029
908 907 0.0022
910 907 0.0029
915 907 0.0022
907 908 0.0022
909 908 0.0043
915 908 0.0043
905 909 0.0022
908 909 0.0043
955 909 0.0043
902 910 0.0022
907 910 0.0029
911 910 0.0058
901 911 0.0079
910 911 0.0058
912 911 0.0043
911 912 0.0043
914 912 0.0007
916 912 0.0029
915 913 0.005
948 913 0.0043
949 913 0.0043
954 913 0.005
912 914 0.0007
950 914 0.0014
907 915 0.0022
908 915 0.0043
913 915 0.005
912 916 0.0029
928 916 0.0029
41 919 0.0014
920 919 0.0022
923 919 0.0043
885 920 0.0036
894 920 0.0065
919 920 0.0022
891 923 0.0065
892 923 0.0014
919 923 0.0043
36 924 0.0022
44 924 0.0014
925 924 0.0043
43 925 0.0043
44 925 0.0036
924 925 0.0043
44 926 0.0014
927 926 0.0014
901 927 0.0072
926 927 0.0014
928 927 0.005
916 928 0.0029
927 928 0.005
930 928 0.0014
37 930 0.0014
928 930 0.0014
37 935 0.0022
938 935 0.0022
468 937 0.0058
471 937 0.0029
938 937 0.0022
935 938 0.0022
937 938 0.0022
467 940 0.0022
941 940 0.0022
942 940 0.005
951 940 0.005
940 941 0.0022
945 941 0.0022
940 942 0.005
943 942 0.0043
952 942 0.0043
942 943 0.0043
944 943 0.0036
954 943 0.0029
943 944 0.0036
945 944 0.0022
1365 944 0.0007
941 945 0.0022
944 945 0.0022
947 946 0.0022
950 946 0.0007
951 946 0.0007
946 947 0.0022
948 947 0.0036
949 947 0.0036
913 948 0.0043
947 948 0.0036
953 948 0.0029
913 949 0.0043
947 949 0.0036
950 949 0.0029
914 950 0.0014
946 950 0.0007
949 950 0.0029
469 951 0.0022
940 951 0.005
946 951 0.0007
952 951 0.0036
942 952 0.0043
951 952 0.0036
953 952 0.0029
948 953 0.0029
952 953 0.0029
954 953 0.0036
913 954 0.005
943 954 0.0029
953 954 0.0036
955 954 0.0043
909 955 0.0043
954 955 0.0043
958 957 0.0022
1510 957 0.0022
957 958 0.0022
1508 958 0.0022
57 961 0.005
962 961 0.0072
965 961 0.0014
961 962 0.0072
963 962 0.0007
965 962 0.0086
441 963 0.0007
962 963 0.0007
442 965 0.0065
961 965 0.0014
962 965 0.0086
56 972 0.0014
57 972 0.005
440 972 0.0029
140 980 0.0036
981 980 0.0036
980 981 0.0036
982 981 0.0036
981 982 0.0036
983 982 0.0058
995 982 0.0014
982 983 0.0058
984 983 0.0072
985 983 0.0029
995 983 0.0014
983 984 0.0072
988 984 0.0072
134 985 0.0072
983 985 0.0029
986 985 0.0101
1003 985 0.0086
135 986 0.0022
985 986 0.0101
987 986 0.0072
986 987 0.0072
988 987 0.0072
984 988 0.0072
987 988 0.0072
982 995 0.0014
983 995 0.0014
139 1003 0.0086
985 1003 0.0086
186 1027 0.005
187 1027 0.005
188 1034 0.0022
495 1034 0.0043
1035 1034 0.0014
184 1035 0.0014
1034 1035 0.0014
195 1038 0.0014
1039 1038 0.0014
1038 1039 0.0014
1040 1039 0.0014
1045 1039 0.0036
1039 1040 0.0014
1041 1040 0.0022
1045 1040 0.0043
1040 1041 0.0022
1053 1041 0.0029
197 1042 0.005
1043 1042 0.0072
1046 1042 0.0029
1049 1042 0.0007
1042 1043 0.0072
1046 1043 0.0014
1049 1043 0.005
1045 1044 0.0043
1050 1044 0.0043
1039 1045 0.0036
1040 1045 0.0043
1044 1045 0.0043
196 1046 0.0007
1042 1046 0.0029
1043 1046 0.0014
734 1049 0.0036
1042 1049 0.0007
1043 1049 0.005
1050 1049 0.0036
731 1050 0.0043
1044 1050 0.0043
1049 1050 0.0036
201 1052 0.0029
1053 1052 0.0022
1599 1052 0.0014
731 1053 0.0043
1041 1053 0.0029
1052 1053 0.0022
732 1054 0.0007
1055 1054 0.0036
1599 1054 0.0022
1054 1055 0.0036
1056 1055 0.0036
1055 1056 0.0036
1599 1056 0.0043
261 1058 0.005
729 1058 0.005
1059 1058 0.005
730 1059 0.0036
732 1059 0.0036
1058 1059 0.005
227 1065 0.0014
264 1065 0.0014
263 1066 0.0029
1067 1066 0.0029
1066 1067 0.0029
1068 1067 0.0058
1072 1067 0.0022
1067 1068 0.0058
1069 1068 0.0058
1068 1069 0.0058
1072 1069 0.0022
1080 1069 0.0029
1067 1072 0.0022
1069 1072 0.0022
265 1078 0.0036
1097 1078 0.0036
1069 1080 0.0029
1081 1080 0.0058
1083 1080 0.0022
1080 1081 0.0058
1084 1081 0.0058
1080 1083 0.0022
1084 1083 0.0022
1081 1084 0.0058
1083 1084 0.0022
1375 1084 0.005
1380 1084 0.0014
265 1085 0.0065
1375 1085 0.0065
1377 1085 0.0065
233 1086 0.0108
1089 1086 0.0108
227 1088 0.0058
1089 1088 0.0108
1091 1088 0.0086
1086 1089 0.0108
1088 1089 0.0108
227 1091 0.0022
1088 1091 0.0086
1094 1091 0.0072
1091 1094 0.0072
1095 1094 0.0072
1094 1095 0.0072
1099 1095 0.0072
1078 1097 0.0036
1098 1097 0.0029
1108 1097 0.0058
1097 1098 0.0029
1099 1098 0.0072
1110 1098 0.0094
1095 1099 0.0072
1098 1099 0.0072
1100 1099 0.0137
1099 1100 0.0137
1101 1100 0.0072
1103 1100 0.0129
1384 1100 0.0007
1100 1101 0.0072
1102 1101 0.0022
1384 1101 0.0043
1101 1102 0.0022
1103 1102 0.0158
1112 1102 0.0094
1388 1102 0.0029
1100 1103 0.0129
1102 1103 0.0158
1104 1103 0.0022
1103 1104 0.0022
1113 1104 0.0029
1106 1105 0.0094
1114 1105 0.0101
1105 1106 0.0094
1118 1106 0.0094
1097 1108 0.0058
1110 1108 0.0058
1098 1110 0.0094
1108 1110 0.0058
1111 1110 0.0101
1110 1111 0.0101
1383 1111 0.0065
1385 1111 0.0029
1102 1112 0.0094
1113 1112 0.005
1116 1112 0.0094
1104 1113 0.0029
1112 1113 0.005
1114 1113 0.0029
1105 1114 0.0101
1113 1114 0.0029
1115 1114 0.0122
1114 1115 0.0122
1116 1115 0.0094
1118 1115 0.0022
1112 1116 0.0094
1115 1116 0.0094
1117 1116 0.0014
1403 1116 0.0014
1116 1117 0.0014
1394 1117 0.0014
1106 1118 0.0094
1115 1118 0.0022
1120 1118 0.0065
232 1119 0.0014
1120 1119 0.0079
1123 1119 0.0122
1138 1119 0.0043
1118 1120 0.0065
1119 1120 0.0079
1121 1120 0.0007
1120 1121 0.0007
1122 1121 0.005
1133 1121 0.0065
1121 1122 0.005
1126 1122 0.005
232 1123 0.0101
1119 1123 0.0122
1140 1123 0.0043
1122 1126 0.005
1127 1126 0.005
1126 1127 0.005
1128 1127 0.005
1127 1128 0.005
1129 1128 0.0029
1132 1128 0.0086
1128 1129 0.0029
1130 1129 0.0029
1129 1130 0.0029
1410 1130 0.0029
1128 1132 0.0086
1410 1132 0.0029
1421 1132 0.005
1121 1133 0.0065
1134 1133 0.0086
1135 1133 0.0043
1133 1134 0.0086
1424 1134 0.005
1434 1134 0.0029
1133 1135 0.0043
1433 1135 0.0043
1119 1138 0.0043
1139 1138 0.0022
1143 1138 0.0043
1138 1139 0.0022
1440 1139 0.0029
1446 1139 0.0029
1123 1140 0.0043
1141 1140 0.0036
1146 1140 0.0014
1140 1141 0.0036
1142 1141 0.0014
1143 1141 0.0043
1141 1142 0.0014
1444 1142 0.0014
1445 1142 0.0036
1138 1143 0.0043
1141 1143 0.0043
1140 1146 0.0014
1147 1146 0.0029
1148 1146 0.0036
1146 1147 0.0029
1150 1147 0.0036
1451 1147 0.0014
1146 1148 0.0036
1149 1148 0.0036
1152 1148 0.0022
1148 1149 0.0036
1150 1149 0.0043
1151 1149 0.0029
1147 1150 0.0036
1149 1150 0.0043
1151 1150 0.0029
1154 1150 0.0022
1149 1151 0.0029
1150 1151 0.0029
1152 1151 0.0007
1154 1151 0.0007
234 1152 0.0007
1148 1152 0.0022
1151 1152 0.0007
239 1154 0.0007
1150 1154 0.0022
1151 1154 0.0007
236 1155 0.0007
237 1155 0.0029
1156 1155 0.0014
237 1156 0.0014
1155 1156 0.0014
239 1161 0.0036
339 1161 0.0022
1162 1161 0.0022
1444 1161 0.0036
1161 1162 0.0022
1452 1162 0.0022
1453 1162 0.005
1166 1163 0.005
1449 1163 0.0014
1453 1163 0.0029
342 1164 0.0043
807 1164 0.005
1165 1164 0.0043
1164 1165 0.0043
1166 1165 0.0043
1170 1165 0.0036
1163 1166 0.005
1165 1166 0.0043
1167 1166 0.0065
1450 1166 0.0072
1166 1167 0.0065
1168 1167 0.0043
1450 1167 0.0014
1167 1168 0.0043
1169 1168 0.005
1447 1168 0.0043
1168 1169 0.005
1428 1169 0.0036
1448 1169 0.0036
343 1170 0.0036
1165 1170 0.0036
1171 1170 0.0036
339 1171 0.0022
1170 1171 0.0036
1453 1171 0.0022
285 1173 0.0036
807 1173 0.0086
1174 1173 0.0043
1173 1174 0.0043
1175 1174 0.0022
1176 1174 0.0072
1174 1175 0.0022
1178 1175 0.0022
807 1176 0.0014
1174 1176 0.0072
1177 1176 0.005
1176 1177 0.005
1178 1177 0.0022
1180 1177 0.0022
1175 1178 0.0022
1177 1178 0.0022
1177 1180 0.0022
1441 1180 0.0022
1456 1180 0.0014
1457 1180 0.0014
315 1186 0.0094
1188 1186 0.0094
1186 1188 0.0094
1487 1188 0.0122
1626 1188 0.0022
1199 1198 0.0029
1209 1198 0.0022
1198 1199 0.0029
1503 1199 0.0029
551 1200 0.0058
1202 1200 0.0029
1204 1200 0.0022
165 1201 0.0014
546 1201 0.0007
1202 1201 0.0029
1200 1202 0.0029
1201 1202 0.0029
554 1204 0.0022
1200 1204 0.0022
156 1208 0.0065
1209 1208 0.0007
1222 1208 0.0079
1198 1209 0.0022
1208 1209 0.0007
1210 1209 0.0036
1209 1210 0.0036
1223 1210 0.0079
1503 1210 0.0094
151 1212 0.0101
152 1212 0.0014
838 1212 0.0043
1213 1212 0.0129
152 1213 0.0151
1212 1213 0.0129
1214 1213 0.0058
155 1214 0.0079
1213 1214 0.0058
1251 1214 0.0014
863 1216 0.0101
1217 1216 0.0101
1216 1217 0.0101
1218 1217 0.0086
1224 1217 0.0079
1217 1218 0.0086
1219 1218 0.005
1248 1218 0.0029
1218 1219 0.005
1220 1219 0.0079
1221 1219 0.0108
1219 1220 0.0079
1273 1220 0.0079
1219 1221 0.0108
1265 1221 0.0065
1276 1221 0.0036
1208 1222 0.0079
1223 1222 0.005
1251 1222 0.0022
1210 1223 0.0079
1222 1223 0.005
1224 1223 0.0022
1217 1224 0.0079
1223 1224 0.0022
1503 1224 0.0072
1504 1224 0.0029
863 1225 0.0065
1226 1225 0.0043
1237 1225 0.0086
1225 1226 0.0043
1232 1226 0.0007
1235 1226 0.0029
862 1228 0.0007
863 1228 0.0029
864 1228 0.0014
1226 1232 0.0007
1233 1232 0.0007
1234 1232 0.0022
1232 1233 0.0007
1234 1233 0.005
1293 1233 0.0072
1314 1233 0.0058
1232 1234 0.0022
1233 1234 0.005
1291 1234 0.0022
1226 1235 0.0029
1238 1235 0.0029
1225 1237 0.0086
1238 1237 0.0086
1235 1238 0.0029
1237 1238 0.0086
1239 1238 0.005
1238 1239 0.005
1277 1239 0.0036
1288 1239 0.0007
1242 1241 0.0014
1244 1241 0.0014
1241 1242 0.0014
1244 1242 0.0014
1241 1244 0.0014
1242 1244 0.0014
1218 1248 0.0029
1504 1248 0.0029
156 1251 0.0043
1214 1251 0.0014
1222 1251 0.0022
71 1252 0.0036
1253 1252 0.0036
1255 1252 0.0036
1252 1253 0.0036
1254 1253 0.0094
1255 1253 0.0094
394 1254 0.0014
1253 1254 0.0094
1258 1254 0.0115
112 1255 0.0094
1252 1255 0.0036
1253 1255 0.0094
252 1256 0.0022
256 1256 0.0014
1 1258 0.0122
394 1258 0.0029
395 1258 0.0036
1254 1258 0.0115
1 1259 0.0007
401 1259 0.0007
1 1261 0.0007
207 1261 0.0194
208 1261 0.0007
209 1261 0.0173
1262 1261 0.0043
249 1262 0.005
1261 1262 0.0043
1263 1262 0.0072
248 1263 0.005
607 1263 0.0014
1262 1263 0.0072
297 1264 0.0065
298 1264 0.0036
474 1264 0.0022
1221 1265 0.0065
1266 1265 0.0007
1285 1265 0.005
1265 1266 0.0007
1267 1266 0.0072
1289 1266 0.0058
1266 1267 0.0072
1268 1267 0.0043
1272 1267 0.0065
1267 1268 0.0043
1269 1268 0.0043
1268 1269 0.0043
1270 1269 0.0036
1275 1269 0.0022
1619 1269 0.0014
1269 1270 0.0036
1271 1270 0.0014
1619 1270 0.0014
1270 1271 0.0014
1272 1271 0.0043
1616 1271 0.0022
1267 1272 0.0065
1271 1272 0.0043
1550 1272 0.0072
1220 1273 0.0079
1274 1273 0.0079
1273 1274 0.0079
1275 1274 0.0079
1269 1275 0.0022
1274 1275 0.0079
1285 1275 0.005
1221 1276 0.0036
1277 1276 0.0036
1239 1277 0.0036
1276 1277 0.0036
1265 1285 0.005
1275 1285 0.005
1239 1288 0.0007
1289 1288 0.0007
1266 1289 0.0058
1288 1289 0.0007
1563 1289 0.0043
1234 1291 0.0022
1292 1291 0.0036
1293 1291 0.0065
1291 1292 0.0036
1570 1292 0.0036
1233 1293 0.0072
1291 1293 0.0065
1294 1293 0.0036
1300 1293 0.0029
1314 1293 0.0007
1293 1294 0.0036
1295 1294 0.0036
1294 1295 0.0036
1296 1295 0.0036
1295 1296 0.0036
1570 1296 0.0036
866 1300 0.0029
1293 1300 0.0029
866 1302 0.0022
1303 1302 0.0036
1304 1302 0.0065
1302 1303 0.0036
1324 1303 0.0036
1302 1304 0.0065
1305 1304 0.0065
1309 1304 0.0036
1304 1305 0.0065
1306 1305 0.0014
1310 1305 0.0014
1313 1305 0.0065
1305 1306 0.0014
1313 1306 0.0014
865 1308 0.0014
1309 1308 0.0036
1310 1308 0.0014
1304 1309 0.0036
1308 1309 0.0036
1310 1309 0.0036
1305 1310 0.0014
1308 1310 0.0014
1309 1310 0.0036
873 1312 0.0022
1313 1312 0.0043
1578 1312 0.0058
1305 1313 0.0065
1306 1313 0.0014
1312 1313 0.0043
867 1314 0.0043
1233 1314 0.0058
1293 1314 0.0007
14 1315 0.0108
15 1315 0.0065
771 1315 0.0036
150 1316 0.0094
151 1316 0.0079
154 1316 0.005
116 1317 0.0058
118 1317 0.0043
386 1317 0.0036
861 1319 0.0065
873 1319 0.0036
1320 1319 0.0022
1319 1320 0.0022
1322 1320 0.0022
861 1322 0.0022
1320 1322 0.0022
1303 1324 0.0036
1575 1324 0.0036
1326 1325 0.0029
1329 1325 0.0022
1325 1326 0.0029
1327 1326 0.0029
1326 1327 0.0029
1328 1327 0.0036
1330 1327 0.0058
1327 1328 0.0036
1332 1328 0.0086
1592 1328 0.0043
1325 1329 0.0022
1330 1329 0.0022
1327 1330 0.0058
1329 1330 0.0022
1331 1330 0.0029
855 1331 0.0014
1330 1331 0.0029
1332 1331 0.005
1328 1332 0.0086
1331 1332 0.005
1339 1332 0.0043
1596 1332 0.0022
856 1336 0.0079
1337 1336 0.0079
1336 1337 0.0079
1338 1337 0.0029
1339 1337 0.0043
1337 1338 0.0029
1342 1338 0.0014
1359 1338 0.005
1332 1339 0.0043
1337 1339 0.0043
1338 1342 0.0014
1359 1342 0.0014
894 1351 0.0065
895 1351 0.0065
857 1352 0.0086
895 1352 0.0065
1354 1352 0.0014
1354 1353 0.0079
1355 1353 0.0014
1358 1353 0.0065
1359 1353 0.0029
857 1354 0.0101
1352 1354 0.0014
1353 1354 0.0079
1353 1355 0.0014
1363 1355 0.0014
899 1358 0.0065
1353 1358 0.0065
1338 1359 0.005
1342 1359 0.0014
1353 1359 0.0029
905 1361 0.0029
1362 1361 0.0043
1513 1361 0.0036
1361 1362 0.0043
1363 1362 0.0043
1518 1362 0.005
1355 1363 0.0014
1362 1363 0.0043
1364 1363 0.0022
1363 1364 0.0022
1518 1364 0.005
1593 1364 0.0022
944 1365 0.0007
1513 1365 0.0007
436 1368 0.0022
438 1368 0.0022
65 1369 0.005
67 1369 0.0014
108 1369 0.0029
200 1372 0.0029
274 1372 0.0043
1373 1372 0.0036
201 1373 0.0007
729 1373 0.0036
730 1373 0.0036
1372 1373 0.0036
1084 1375 0.005
1085 1375 0.0065
1376 1375 0.005
1375 1376 0.005
1382 1376 0.0014
1387 1376 0.0029
1085 1377 0.0065
1378 1377 0.0014
1383 1377 0.0086
1377 1378 0.0014
1383 1378 0.0014
1084 1380 0.0014
1382 1380 0.0014
1376 1382 0.0014
1380 1382 0.0014
1111 1383 0.0065
1377 1383 0.0086
1378 1383 0.0014
1100 1384 0.0007
1101 1384 0.0043
1385 1384 0.0029
1111 1385 0.0029
1384 1385 0.0029
1376 1387 0.0029
1388 1387 0.0029
1102 1388 0.0029
1387 1388 0.0029
1117 1394 0.0014
1400 1394 0.0014
1403 1394 0.0036
1394 1400 0.0014
1403 1400 0.0014
1116 1403 0.0014
1394 1403 0.0036
1400 1403 0.0014
1410 1408 0.0022
1411 1408 0.0043
1412 1408 0.0014
1130 1410 0.0029
1132 1410 0.0029
1408 1410 0.0022
1417 1410 0.0022
1408 1411 0.0043
1412 1411 0.0014
1415 1411 0.0022
1408 1412 0.0014
1411 1412 0.0014
1411 1415 0.0022
1416 1415 0.005
1603 1415 0.0022
1415 1416 0.005
1419 1416 0.0043
1605 1416 0.0043
1410 1417 0.0022
1418 1417 0.0014
1419 1417 0.0043
1417 1418 0.0014
1419 1418 0.0036
1456 1418 0.0014
1416 1419 0.0043
1417 1419 0.0043
1418 1419 0.0036
1132 1421 0.005
1422 1421 0.005
1421 1422 0.005
1423 1422 0.0022
1425 1422 0.0079
1422 1423 0.0022
1426 1423 0.0029
1134 1424 0.005
1425 1424 0.005
1422 1425 0.0079
1424 1425 0.005
1426 1425 0.0022
1423 1426 0.0029
1425 1426 0.0022
1427 1426 0.0014
1441 1426 0.0022
1426 1427 0.0014
1428 1427 0.0022
1441 1427 0.0043
1169 1428 0.0036
1427 1428 0.0022
1432 1428 0.0007
1432 1431 0.0036
1433 1431 0.0036
1440 1431 0.0022
1428 1432 0.0007
1431 1432 0.0036
1438 1432 0.0022
1135 1433 0.0043
1431 1433 0.0036
1438 1433 0.0058
1134 1434 0.0029
1435 1434 0.005
1436 1434 0.0014
1434 1435 0.005
1436 1435 0.0014
1438 1435 0.0029
1434 1436 0.0014
1435 1436 0.0014
1432 1438 0.0022
1433 1438 0.0058
1435 1438 0.0029
1139 1440 0.0029
1431 1440 0.0022
1448 1440 0.0029
1180 1441 0.0022
1426 1441 0.0022
1427 1441 0.0043
239 1442 0.0029
1443 1442 0.0036
1451 1442 0.0029
1442 1443 0.0036
1444 1443 0.0022
1451 1443 0.0022
1142 1444 0.0014
1161 1444 0.0036
1443 1444 0.0022
1445 1444 0.0043
1142 1445 0.0036
1444 1445 0.0043
1452 1445 0.0029
1139 1446 0.0029
1447 1446 0.0036
1449 1446 0.0029
1168 1447 0.0043
1446 1447 0.0036
1448 1447 0.0043
1169 1448 0.0036
1440 1448 0.0029
1447 1448 0.0043
1163 1449 0.0014
1446 1449 0.0029
1450 1449 0.005
1166 1450 0.0072
1167 1450 0.0014
1449 1450 0.005
1147 1451 0.0014
1442 1451 0.0029
1443 1451 0.0022
1162 1452 0.0022
1445 1452 0.0029
1454 1452 0.0058
1162 1453 0.005
1163 1453 0.0029
1171 1453 0.0022
1454 1453 0.0058
1452 1454 0.0058
1453 1454 0.0058
1180 1456 0.0014
1418 1456 0.0014
1457 1456 0.0036
1180 1457 0.0014
1456 1457 0.0036
1600 1457 0.0014
1459 1458 0.0014
1461 1458 0.0014
1458 1459 0.0014
1461 1459 0.0014
1458 1461 0.0014
1459 1461 0.0014
1470 1469 0.0022
1526 1469 0.0022
1469 1470 0.0022
1527 1470 0.0022
288 1483 0.0094
289 1483 0.0022
1635 1483 0.0122
293 1484 0.0036
1485 1484 0.0043
1489 1484 0.0122
1635 1484 0.0115
1484 1485 0.0043
1486 1485 0.0043
1633 1485 0.0036
1485 1486 0.0043
1493 1486 0.0014
1626 1486 0.0022
1188 1487 0.0122
1488 1487 0.0137
1490 1487 0.0007
1487 1488 0.0137
1489 1488 0.0144
1490 1488 0.0029
1484 1489 0.0122
1488 1489 0.0144
1490 1489 0.0014
1487 1490 0.0007
1488 1490 0.0029
1489 1490 0.0014
294 1492 0.0014
1493 1492 0.0014
1633 1492 0.0036
1486 1493 0.0014
1492 1493 0.0014
1199 1503 0.0029
1210 1503 0.0094
1224 1503 0.0072
1224 1504 0.0029
1248 1504 0.0029
958 1508 0.0022
1510 1508 0.0022
957 1510 0.0022
1508 1510 0.0022
1361 1513 0.0036
1365 1513 0.0007
1514 1513 0.0022
1513 1514 0.0022
1517 1514 0.0029
1518 1514 0.005
1516 1515 0.0065
1517 1515 0.0072
1515 1516 0.0065
1517 1516 0.0014
1591 1516 0.0043
1514 1517 0.0029
1515 1517 0.0072
1516 1517 0.0014
1586 1517 0.0014
1362 1518 0.005
1364 1518 0.005
1514 1518 0.005
1521 1520 0.0014
1522 1520 0.0014
1520 1521 0.0014
1522 1521 0.0014
1520 1522 0.0014
1521 1522 0.0014
1469 1526 0.0022
1527 1526 0.0022
1470 1527 0.0022
1526 1527 0.0022
1272 1550 0.0072
1551 1550 0.0058
1554 1550 0.0079
1550 1551 0.0058
1552 1551 0.0022
1553 1551 0.0029
1551 1552 0.0022
1616 1552 0.0022
1551 1553 0.0029
1555 1553 0.0029
1550 1554 0.0079
1555 1554 0.0029
1561 1554 0.0043
1553 1555 0.0029
1554 1555 0.0029
1554 1561 0.0043
1563 1561 0.0043
1289 1563 0.0043
1561 1563 0.0043
1292 1570 0.0036
1296 1570 0.0036
1324 1575 0.0036
1578 1575 0.0036
1312 1578 0.0058
1575 1578 0.0036
1579 1578 0.0014
1578 1579 0.0014
1580 1579 0.0036
1583 1579 0.0014
1579 1580 0.0036
1581 1580 0.0014
1583 1580 0.0014
1580 1581 0.0014
1587 1581 0.0014
1579 1583 0.0014
1580 1583 0.0014
1517 1586 0.0014
1587 1586 0.0065
1592 1586 0.0043
1581 1587 0.0014
1586 1587 0.0065
1588 1587 0.0014
1591 1587 0.0065
1587 1588 0.0014
1591 1588 0.0014
1516 1591 0.0043
1587 1591 0.0065
1588 1591 0.0014
1328 1592 0.0043
1586 1592 0.0043
1593 1592 0.005
1364 1593 0.0022
1592 1593 0.005
1594 1593 0.0022
1593 1594 0.0022
1596 1594 0.0022
1332 1596 0.0022
1594 1596 0.0022
1052 1599 0.0014
1054 1599 0.0022
1056 1599 0.0043
1457 1600 0.0014
1605 1600 0.0014
1415 1603 0.0022
1605 1603 0.0022
1416 1605 0.0043
1600 1605 0.0014
1603 1605 0.0022
1271 1616 0.0022
1552 1616 0.0022
1269 1619 0.0014
1270 1619 0.0014
1188 1626 0.0022
1486 1626 0.0022
494 1628 0.0036
618 1628 0.0014
785 1628 0.0058
170 1629 0.0065
500 1629 0.0079
1630 1629 0.0036
591 1630 0.0043
593 1630 0.0029
1629 1630 0.0036
294 1633 0.0036
1485 1633 0.0036
1492 1633 0.0036
293 1635 0.0043
1483 1635 0.0122
1484 1635 0.0115
