2 1 0.021
8 1 0.021
69 1 0.0062
74 1 0.0062
85 1 0.0271
89 1 0.0074
113 1 0.0111
127 1 0.0012
136 1 0.0185
1 2 0.021
3 2 0.0247
5 2 0.0025
2 3 0.0247
4 3 0.0284
37 3 0.0025
3 4 0.0284
5 4 0.0247
43 4 0.0074
45 4 0.0037
2 5 0.0025
4 5 0.0247
6 5 0.021
5 6 0.021
53 6 0.021
1 8 0.021
14 8 0.0074
17 8 0.0296
8 14 0.0074
16 14 0.0074
14 16 0.0074
362 16 0.0074
8 17 0.0296
18 17 0.0296
17 18 0.0296
20 18 0.0296
18 20 0.0296
22 20 0.0333
307 20 0.0197
369 21 0.0173
374 21 0.0173
20 22 0.0333
23 22 0.0074
29 22 0.0247
22 23 0.0074
378 23 0.0074
22 29 0.0247
30 29 0.0247
29 30 0.0247
387 30 0.0247
3 37 0.0025
38 37 0.0037
43 37 0.0074
37 38 0.0037
40 38 0.0037
38 40 0.0037
41 40 0.0037
40 41 0.0037
44 41 0.0037
4 43 0.0074
37 43 0.0074
44 43 0.0086
41 44 0.0037
43 44 0.0086
45 44 0.0037
4 45 0.0037
44 45 0.0037
48 47 0.0284
52 47 0.0123
53 47 0.0271
47 48 0.0284
49 48 0.0284
48 49 0.0284
50 49 0.0284
49 50 0.0284
336 50 0.0284
47 52 0.0123
335 52 0.0123
6 53 0.021
47 53 0.0271
319 53 0.0049
1 69 0.0062
80 69 0.0062
71 70 0.0037
81 70 0.0037
70 71 0.0037
82 71 0.0037
1 74 0.0062
75 74 0.0062
74 75 0.0062
78 75 0.0062
75 78 0.0062
80 78 0.0062
69 80 0.0062
78 80 0.0062
70 81 0.0037
82 81 0.0037
71 82 0.0037
81 82 0.0037
83 82 0.0049
182 82 0.0049
82 83 0.0049
84 83 0.0049
83 84 0.0049
180 84 0.0049
1 85 0.0271
86 85 0.0136
104 85 0.0247
85 86 0.0136
95 86 0.0136
1 89 0.0074
93 89 0.0074
89 93 0.0074
94 93 0.0111
102 93 0.0197
93 94 0.0111
264 94 0.0111
86 95 0.0136
96 95 0.0173
100 95 0.0197
95 96 0.0173
98 96 0.0173
96 98 0.0173
99 98 0.0222
262 98 0.0037
98 99 0.0222
251 99 0.0197
258 99 0.0308
95 100 0.0197
102 100 0.0197
93 102 0.0197
100 102 0.0197
85 104 0.0247
105 104 0.0197
129 104 0.0037
104 105 0.0197
106 105 0.0074
109 105 0.0247
169 105 0.0025
105 106 0.0074
107 106 0.0025
108 106 0.0037
106 107 0.0025
169 107 0.0025
106 108 0.0037
111 108 0.0074
210 108 0.0025
105 109 0.0247
111 109 0.0247
108 111 0.0074
109 111 0.0247
210 111 0.0234
1 113 0.0111
114 113 0.0111
127 113 0.0037
113 114 0.0111
115 114 0.0111
156 114 0.0086
114 115 0.0111
116 115 0.0099
157 115 0.0074
115 116 0.0099
117 116 0.0025
125 116 0.0062
116 117 0.0025
118 117 0.0173
155 117 0.0049
157 117 0.0197
117 118 0.0173
119 118 0.0136
154 118 0.0025
118 119 0.0136
152 119 0.0136
148 122 0.0136
152 122 0.0136
116 125 0.0062
127 125 0.0012
128 125 0.0037
1 127 0.0012
113 127 0.0037
125 127 0.0012
125 128 0.0037
129 128 0.0086
131 128 0.0037
104 129 0.0037
128 129 0.0086
130 129 0.0037
129 130 0.0037
131 130 0.0037
128 131 0.0037
130 131 0.0037
1 136 0.0185
155 136 0.0012
156 136 0.021
122 148 0.0136
149 148 0.0259
150 148 0.0111
148 149 0.0259
186 149 0.0259
148 150 0.0111
187 150 0.0111
119 152 0.0136
122 152 0.0136
210 153 0.0234
211 153 0.0025
213 153 0.0197
118 154 0.0025
155 154 0.0025
117 155 0.0049
136 155 0.0012
154 155 0.0025
114 156 0.0086
136 156 0.021
157 156 0.021
115 157 0.0074
117 157 0.0197
156 157 0.021
160 159 0.0025
162 159 0.0025
159 160 0.0025
162 160 0.0025
159 162 0.0025
160 162 0.0025
105 169 0.0025
107 169 0.0025
84 180 0.0049
182 180 0.0049
82 182 0.0049
180 182 0.0049
149 186 0.0259
534 186 0.0259
150 187 0.0111
188 187 0.0037
190 187 0.016
187 188 0.0037
194 188 0.0037
495 189 0.0049
496 189 0.0049
187 190 0.016
191 190 0.0111
194 190 0.0037
190 191 0.0111
504 191 0.0111
188 194 0.0037
190 194 0.0037
108 210 0.0025
111 210 0.0234
153 210 0.0234
211 210 0.0025
153 211 0.0025
210 211 0.0025
153 213 0.0197
214 213 0.0197
225 213 0.0111
213 214 0.0197
215 214 0.0197
214 215 0.0197
216 215 0.0259
230 215 0.0173
215 216 0.0259
532 216 0.0259
213 225 0.0111
226 225 0.0111
225 226 0.0111
227 226 0.0099
230 226 0.0099
226 227 0.0099
228 227 0.0099
231 227 0.0086
227 228 0.0099
229 228 0.0099
228 229 0.0099
838 229 0.0099
215 230 0.0173
226 230 0.0099
231 230 0.016
227 231 0.0086
230 231 0.016
232 231 0.016
231 232 0.016
233 232 0.0111
553 232 0.0037
232 233 0.0111
234 233 0.0111
233 234 0.0111
545 234 0.0111
99 251 0.0197
253 251 0.0197
251 253 0.0197
567 253 0.0197
99 258 0.0308
259 258 0.0259
262 258 0.0037
258 259 0.0259
260 259 0.0222
434 259 0.0197
259 260 0.0222
261 260 0.0222
260 261 0.0222
584 261 0.0222
98 262 0.0037
258 262 0.0037
94 264 0.0111
265 264 0.0111
264 265 0.0111
266 265 0.0111
265 266 0.0111
267 266 0.0111
266 267 0.0111
884 267 0.0111
20 307 0.0197
374 307 0.0197
53 319 0.0049
335 319 0.0049
347 322 0.0037
441 322 0.0037
326 325 0.0111
328 325 0.0037
335 325 0.0062
325 326 0.0111
327 326 0.0111
326 327 0.0111
328 327 0.0111
325 328 0.0037
327 328 0.0111
329 328 0.0062
328 329 0.0062
349 329 0.0062
332 331 0.0025
333 331 0.0025
331 332 0.0025
333 332 0.0025
331 333 0.0025
332 333 0.0025
52 335 0.0123
319 335 0.0049
325 335 0.0062
50 336 0.0284
337 336 0.0284
336 337 0.0284
339 337 0.0284
337 339 0.0284
351 339 0.0284
341 340 0.0037
664 340 0.0037
340 341 0.0037
666 341 0.0037
322 347 0.0037
444 347 0.0037
329 349 0.0062
632 349 0.0062
339 351 0.0284
652 351 0.0284
16 362 0.0074
369 362 0.0074
367 363 0.016
374 363 0.0284
776 363 0.0259
365 364 0.0308
366 364 0.0185
776 364 0.0259
364 365 0.0308
747 365 0.0308
364 366 0.0185
767 366 0.0222
785 366 0.0025
363 367 0.016
368 367 0.0062
799 367 0.0086
367 368 0.0062
778 368 0.0062
21 369 0.0173
362 369 0.0074
370 369 0.0086
369 370 0.0086
371 370 0.0086
370 371 0.0086
799 371 0.0086
21 374 0.0173
307 374 0.0197
363 374 0.0284
375 374 0.0234
374 375 0.0234
378 375 0.0234
23 378 0.0074
375 378 0.0234
379 378 0.0148
378 379 0.0148
380 379 0.0148
379 380 0.0148
381 380 0.0148
380 381 0.0148
729 381 0.0148
30 387 0.0247
388 387 0.0074
390 387 0.0259
387 388 0.0074
389 388 0.016
392 388 0.0173
388 389 0.016
427 389 0.016
387 390 0.0259
391 390 0.0345
394 390 0.0173
390 391 0.0345
699 391 0.0345
388 392 0.0173
393 392 0.0025
394 392 0.021
392 393 0.0025
394 393 0.0025
390 394 0.0173
392 394 0.021
393 394 0.0025
409 408 0.0025
1010 408 0.0025
408 409 0.0025
804 409 0.0012
1010 409 0.0049
389 427 0.016
719 427 0.016
259 434 0.0197
605 434 0.0197
322 441 0.0037
444 441 0.0037
347 444 0.0037
441 444 0.0037
189 495 0.0049
828 495 0.0049
189 496 0.0049
498 496 0.0049
496 498 0.0049
829 498 0.0025
830 498 0.0086
191 504 0.0111
505 504 0.0111
504 505 0.0111
506 505 0.021
1812 505 0.0086
505 506 0.021
507 506 0.021
506 507 0.021
546 507 0.021
216 532 0.0259
534 532 0.0259
186 534 0.0259
532 534 0.0259
234 545 0.0111
546 545 0.0197
547 545 0.0074
507 546 0.021
545 546 0.0197
832 546 0.0173
545 547 0.0074
548 547 0.0074
547 548 0.0074
833 548 0.0197
834 548 0.0111
232 553 0.0037
839 553 0.0037
253 567 0.0197
576 567 0.0197
567 576 0.0197
577 576 0.0197
576 577 0.0197
581 577 0.0197
577 581 0.0197
582 581 0.0197
581 582 0.0197
846 582 0.0197
261 584 0.0222
585 584 0.0308
598 584 0.0247
584 585 0.0308
586 585 0.021
596 585 0.0086
585 586 0.021
587 586 0.021
586 587 0.021
853 587 0.0173
855 587 0.0099
585 596 0.0086
868 596 0.0086
584 598 0.0247
600 598 0.0247
598 600 0.0247
601 600 0.0247
600 601 0.0247
602 601 0.016
1796 601 0.0074
601 602 0.016
863 602 0.0062
868 602 0.0086
434 605 0.0197
606 605 0.0197
610 605 0.0234
605 606 0.0197
607 606 0.0025
611 606 0.0234
606 607 0.0025
611 607 0.0025
605 610 0.0234
883 610 0.0234
606 611 0.0234
607 611 0.0025
612 611 0.0197
611 612 0.0197
613 612 0.0074
879 612 0.0111
612 613 0.0074
872 613 0.0148
874 613 0.0062
349 632 0.0062
634 632 0.0062
632 634 0.0062
635 634 0.0062
634 635 0.0062
636 635 0.0123
1554 635 0.0049
635 636 0.0123
1548 636 0.0123
351 652 0.0284
653 652 0.0284
652 653 0.0284
655 653 0.0284
653 655 0.0284
917 655 0.0284
340 664 0.0037
666 664 0.0037
341 666 0.0037
664 666 0.0037
391 699 0.0345
707 699 0.0345
699 707 0.0345
708 707 0.0419
712 707 0.0062
707 708 0.0419
709 708 0.0284
716 708 0.0123
708 709 0.0284
710 709 0.0062
714 709 0.0284
715 709 0.0062
709 710 0.0062
713 710 0.0062
707 712 0.0062
713 712 0.0062
710 713 0.0062
712 713 0.0062
709 714 0.0284
936 714 0.0284
709 715 0.0062
943 715 0.0062
708 716 0.0123
954 716 0.0123
944 717 0.0037
949 717 0.0037
427 719 0.016
723 719 0.016
719 723 0.016
724 723 0.016
723 724 0.016
969 724 0.0074
1362 724 0.0173
381 729 0.0148
730 729 0.0148
729 730 0.0148
737 730 0.0148
730 737 0.0148
751 737 0.0148
365 747 0.0308
748 747 0.0185
762 747 0.0111
747 748 0.0185
749 748 0.0185
748 749 0.0185
750 749 0.0185
749 750 0.0185
751 750 0.0185
737 751 0.0148
750 751 0.0185
753 751 0.0025
751 753 0.0025
975 753 0.0025
747 762 0.0111
763 762 0.0111
762 763 0.0111
1247 763 0.0111
366 767 0.0222
768 767 0.0185
785 767 0.0025
767 768 0.0185
769 768 0.0185
768 769 0.0185
771 769 0.0185
769 771 0.0185
772 771 0.0111
985 771 0.0062
771 772 0.0111
1246 772 0.0025
1247 772 0.0148
363 776 0.0259
364 776 0.0259
368 778 0.0062
779 778 0.0025
781 778 0.0099
778 779 0.0025
781 779 0.0025
778 781 0.0099
779 781 0.0025
782 781 0.0049
788 781 0.0123
781 782 0.0049
790 782 0.0049
366 785 0.0025
767 785 0.0025
781 788 0.0123
789 788 0.0123
788 789 0.0123
790 789 0.0123
782 790 0.0049
789 790 0.0123
791 790 0.0062
790 791 0.0062
990 791 0.0123
1000 791 0.0049
367 799 0.0086
371 799 0.0086
409 804 0.0012
1010 804 0.0012
810 809 0.0062
812 809 0.0062
809 810 0.0062
811 810 0.0062
810 811 0.0062
1015 811 0.0025
1031 811 0.0099
809 812 0.0062
813 812 0.0111
1054 812 0.0037
812 813 0.0111
814 813 0.0271
816 813 0.0247
813 814 0.0271
815 814 0.0234
1031 814 0.0099
814 815 0.0234
1032 815 0.0086
1033 815 0.0259
813 816 0.0247
817 816 0.0197
1054 816 0.0037
816 817 0.0197
818 817 0.0197
817 818 0.0197
1059 818 0.0197
495 828 0.0049
1806 828 0.0049
498 829 0.0025
1809 829 0.0025
498 830 0.0086
1806 830 0.0099
1809 830 0.0074
546 832 0.0173
1821 832 0.0173
548 833 0.0197
1829 833 0.0123
1831 833 0.016
548 834 0.0111
835 834 0.0111
834 835 0.0111
836 835 0.0111
835 836 0.0111
1833 836 0.0111
229 838 0.0099
1710 838 0.0099
553 839 0.0037
840 839 0.0111
1684 839 0.0062
839 840 0.0111
1686 840 0.0062
1688 840 0.0037
582 846 0.0197
847 846 0.0197
846 847 0.0197
1680 847 0.0185
1710 847 0.0099
587 853 0.0173
854 853 0.0173
855 853 0.0062
853 854 0.0173
1679 854 0.0062
1680 854 0.0173
587 855 0.0099
853 855 0.0062
856 855 0.0099
855 856 0.0099
1690 856 0.0037
1692 856 0.0148
602 863 0.0062
864 863 0.0062
863 864 0.0062
865 864 0.0062
864 865 0.0062
866 865 0.0111
1670 865 0.0037
865 866 0.0111
867 866 0.0037
1682 866 0.0062
866 867 0.0037
1670 867 0.0037
596 868 0.0086
602 868 0.0086
613 872 0.0148
873 872 0.0123
1604 872 0.0111
872 873 0.0123
1601 873 0.0037
1796 873 0.0123
1799 873 0.0037
613 874 0.0062
875 874 0.0062
874 875 0.0062
1600 875 0.0062
612 879 0.0111
881 879 0.0111
879 881 0.0111
1593 881 0.0111
610 883 0.0234
884 883 0.0111
1590 883 0.0111
267 884 0.0111
883 884 0.0111
655 917 0.0284
918 917 0.021
920 917 0.0358
917 918 0.021
919 918 0.0148
1517 918 0.0049
918 919 0.0148
1539 919 0.0148
917 920 0.0358
921 920 0.0271
923 920 0.0197
920 921 0.0271
1405 921 0.0271
920 923 0.0197
1425 923 0.0136
1517 923 0.0049
714 936 0.0284
937 936 0.0321
1391 936 0.0025
936 937 0.0321
938 937 0.0148
939 937 0.0062
1400 937 0.0234
937 938 0.0148
1391 938 0.0099
1396 938 0.0037
937 939 0.0062
1393 939 0.0074
1515 939 0.0049
715 943 0.0062
1390 943 0.0062
717 944 0.0037
947 944 0.0037
946 945 0.0012
1378 945 0.0012
945 946 0.0012
1381 946 0.0037
1385 946 0.0012
944 947 0.0037
948 947 0.0037
951 947 0.0086
947 948 0.0037
1367 948 0.0037
717 949 0.0037
951 949 0.0037
947 951 0.0086
949 951 0.0037
1367 951 0.0037
716 954 0.0123
955 954 0.0123
954 955 0.0123
956 955 0.0173
1349 955 0.0037
955 956 0.0173
963 956 0.0173
962 960 0.0185
966 960 0.0086
1362 960 0.016
960 962 0.0185
963 962 0.0173
964 962 0.0086
1343 962 0.0074
956 963 0.0173
962 963 0.0173
1349 963 0.0086
962 964 0.0086
965 964 0.0049
967 964 0.0074
964 965 0.0049
1343 965 0.0049
960 966 0.0086
967 966 0.0074
968 966 0.0049
964 967 0.0074
966 967 0.0074
966 968 0.0049
1335 968 0.0062
1336 968 0.0049
724 969 0.0074
970 969 0.0074
969 970 0.0074
971 970 0.0062
1362 970 0.0074
970 971 0.0062
1305 971 0.0062
1335 971 0.0062
975 973 0.0074
977 973 0.0074
753 975 0.0025
973 975 0.0074
976 975 0.0111
975 976 0.0111
1301 976 0.0025
1304 976 0.0148
973 977 0.0074
978 977 0.0074
977 978 0.0074
979 978 0.0074
978 979 0.0074
1282 979 0.0062
1291 979 0.0148
1243 984 0.0037
1246 984 0.0037
771 985 0.0062
993 985 0.0025
1237 985 0.0099
1225 989 0.0025
1226 989 0.0025
791 990 0.0123
991 990 0.0173
998 990 0.0037
990 991 0.0173
992 991 0.0062
999 991 0.0099
991 992 0.0062
993 992 0.0062
985 993 0.0025
992 993 0.0062
1237 993 0.0099
1232 997 0.0025
1234 997 0.0025
990 998 0.0037
999 998 0.0037
991 999 0.0099
998 999 0.0037
1223 999 0.0049
791 1000 0.0049
1212 1000 0.0049
1204 1004 0.0037
1205 1004 0.0037
408 1010 0.0025
409 1010 0.0049
804 1010 0.0012
811 1015 0.0025
1016 1015 0.0025
1021 1015 0.0062
1022 1015 0.0062
1015 1016 0.0025
1019 1016 0.0025
1016 1019 0.0025
1022 1019 0.0025
1015 1021 0.0062
1022 1021 0.0062
1028 1021 0.0062
1015 1022 0.0062
1019 1022 0.0025
1021 1022 0.0062
1023 1022 0.0025
1022 1023 0.0025
1028 1023 0.0025
1021 1028 0.0062
1023 1028 0.0025
1029 1028 0.0049
1039 1028 0.0086
1028 1029 0.0049
1035 1029 0.0049
811 1031 0.0099
814 1031 0.0099
1032 1031 0.0062
815 1032 0.0086
1031 1032 0.0062
1039 1032 0.0086
815 1033 0.0259
1034 1033 0.0049
1041 1033 0.0197
1033 1034 0.0049
1035 1034 0.0049
1029 1035 0.0049
1034 1035 0.0049
1028 1039 0.0086
1032 1039 0.0086
1033 1041 0.0197
1044 1041 0.0197
1041 1044 0.0197
1045 1044 0.0074
1046 1044 0.0111
1044 1045 0.0074
1156 1045 0.0074
1044 1046 0.0111
1069 1046 0.0111
812 1054 0.0037
816 1054 0.0037
818 1059 0.0197
1065 1059 0.0197
1059 1065 0.0197
1068 1065 0.0197
1065 1068 0.0197
1069 1068 0.0197
1070 1068 0.0037
1087 1068 0.0037
1046 1069 0.0111
1068 1069 0.0197
1106 1069 0.0123
1117 1069 0.0037
1068 1070 0.0037
1088 1070 0.0037
1068 1087 0.0037
1088 1087 0.0037
1070 1088 0.0037
1087 1088 0.0037
1092 1091 0.0025
1104 1091 0.0025
1091 1092 0.0025
1104 1092 0.0025
1129 1103 0.0025
1136 1103 0.0025
1091 1104 0.0025
1092 1104 0.0025
1069 1106 0.0123
1108 1106 0.0111
1110 1106 0.0074
1111 1106 0.0062
1106 1108 0.0111
1112 1108 0.0111
1110 1109 0.0037
1117 1109 0.0037
1106 1110 0.0074
1109 1110 0.0037
1111 1110 0.0025
1106 1111 0.0062
1110 1111 0.0025
1112 1111 0.0025
1108 1112 0.0111
1111 1112 0.0025
1114 1112 0.0074
1112 1114 0.0074
1115 1114 0.0111
1140 1114 0.0025
1114 1115 0.0111
1121 1115 0.0074
1140 1115 0.0025
1069 1117 0.0037
1109 1117 0.0037
1115 1121 0.0074
1166 1121 0.0074
1103 1129 0.0025
1130 1129 0.0012
1136 1129 0.0049
1129 1130 0.0012
1136 1130 0.0012
1193 1132 0.0025
1195 1132 0.0025
1103 1136 0.0025
1129 1136 0.0049
1130 1136 0.0012
1114 1140 0.0025
1115 1140 0.0025
1045 1156 0.0074
1165 1156 0.0074
1156 1165 0.0074
1166 1165 0.0074
1121 1166 0.0074
1165 1166 0.0074
1132 1193 0.0025
1195 1193 0.0025
1132 1195 0.0025
1193 1195 0.0025
1004 1204 0.0037
1207 1204 0.0074
1210 1204 0.0025
1004 1205 0.0037
1207 1205 0.0037
1204 1207 0.0074
1205 1207 0.0037
1208 1207 0.0025
1207 1208 0.0025
1210 1208 0.0025
1204 1210 0.0025
1208 1210 0.0025
1000 1212 0.0049
1223 1212 0.0049
999 1223 0.0049
1212 1223 0.0049
989 1225 0.0025
1226 1225 0.0025
989 1226 0.0025
1225 1226 0.0025
997 1232 0.0025
1233 1232 0.0025
1235 1232 0.0062
1232 1233 0.0025
1235 1233 0.0025
997 1234 0.0025
1235 1234 0.0025
1232 1235 0.0062
1233 1235 0.0025
1234 1235 0.0025
985 1237 0.0099
993 1237 0.0099
984 1243 0.0037
1248 1243 0.0037
772 1246 0.0025
984 1246 0.0037
1247 1246 0.0025
1248 1246 0.0037
763 1247 0.0111
772 1247 0.0148
1246 1247 0.0025
1243 1248 0.0037
1246 1248 0.0037
979 1282 0.0062
1285 1282 0.0062
1282 1285 0.0062
1286 1285 0.0025
1288 1285 0.0099
1285 1286 0.0025
1287 1286 0.0025
1314 1286 0.0062
1286 1287 0.0025
1312 1287 0.0062
1315 1287 0.0025
1285 1288 0.0099
1289 1288 0.0025
1293 1288 0.0062
1288 1289 0.0025
1290 1289 0.0062
1316 1289 0.0025
1289 1290 0.0062
1314 1290 0.0025
1316 1290 0.0025
979 1291 0.0148
1292 1291 0.0197
1298 1291 0.0037
1291 1292 0.0197
1293 1292 0.0099
1297 1292 0.016
1288 1293 0.0062
1292 1293 0.0099
1294 1293 0.0025
1293 1294 0.0025
1296 1294 0.0025
1294 1296 0.0025
1297 1296 0.0062
1356 1296 0.0025
1292 1297 0.016
1296 1297 0.0062
1298 1297 0.0037
1300 1297 0.0111
1291 1298 0.0037
1297 1298 0.0037
1297 1300 0.0111
1302 1300 0.0074
1356 1300 0.0025
976 1301 0.0025
1302 1301 0.0074
1304 1301 0.0111
1300 1302 0.0074
1301 1302 0.0074
976 1304 0.0148
1301 1304 0.0111
1305 1304 0.0025
971 1305 0.0062
1304 1305 0.0025
1318 1305 0.0025
1307 1306 0.0099
1318 1306 0.0074
1337 1306 0.0012
1306 1307 0.0099
1319 1307 0.0037
1337 1307 0.0049
1287 1312 0.0062
1314 1312 0.0025
1315 1312 0.0025
1286 1314 0.0062
1290 1314 0.0025
1312 1314 0.0025
1287 1315 0.0025
1312 1315 0.0025
1289 1316 0.0025
1290 1316 0.0025
1305 1318 0.0025
1306 1318 0.0074
1319 1318 0.0037
1307 1319 0.0037
1318 1319 0.0037
968 1335 0.0062
971 1335 0.0062
1336 1335 0.0062
968 1336 0.0049
1335 1336 0.0062
1337 1336 0.0062
1366 1336 0.0049
1306 1337 0.0012
1307 1337 0.0049
1336 1337 0.0062
1358 1337 0.0012
1366 1337 0.0049
962 1343 0.0074
965 1343 0.0049
1351 1343 0.0062
955 1349 0.0037
963 1349 0.0086
1350 1349 0.0037
1349 1350 0.0037
1351 1350 0.0037
1343 1351 0.0062
1350 1351 0.0037
1360 1351 0.0012
1296 1356 0.0025
1300 1356 0.0025
1337 1358 0.0012
1359 1358 0.0012
1366 1358 0.0037
1358 1359 0.0012
1360 1359 0.0012
1366 1359 0.0037
1351 1360 0.0012
1359 1360 0.0012
724 1362 0.0173
960 1362 0.016
970 1362 0.0074
1336 1366 0.0049
1337 1366 0.0049
1358 1366 0.0037
1359 1366 0.0037
948 1367 0.0037
951 1367 0.0037
945 1378 0.0012
1379 1378 0.0037
1381 1378 0.0062
1378 1379 0.0037
1382 1379 0.0037
946 1381 0.0037
1378 1381 0.0062
1382 1381 0.0062
1379 1382 0.0037
1381 1382 0.0062
1383 1382 0.0086
1385 1382 0.0111
1382 1383 0.0086
1384 1383 0.0062
1388 1383 0.0086
1383 1384 0.0062
1388 1384 0.0025
1457 1384 0.0025
946 1385 0.0012
1382 1385 0.0111
1386 1385 0.0049
1388 1385 0.0025
1385 1386 0.0049
1387 1386 0.0025
1388 1386 0.0012
1386 1387 0.0025
1457 1387 0.0025
1383 1388 0.0086
1384 1388 0.0025
1385 1388 0.0025
1386 1388 0.0012
943 1390 0.0062
1391 1390 0.0062
936 1391 0.0025
938 1391 0.0099
1390 1391 0.0062
939 1393 0.0074
1394 1393 0.0012
1396 1393 0.0136
1419 1393 0.0025
1515 1393 0.0111
1393 1394 0.0012
1395 1394 0.0062
1396 1394 0.0086
1394 1395 0.0062
1411 1395 0.0012
1416 1395 0.0086
938 1396 0.0037
1393 1396 0.0136
1394 1396 0.0086
1401 1397 0.0025
1443 1397 0.0049
1444 1397 0.0086
937 1400 0.0234
1404 1400 0.0296
1407 1400 0.0037
1397 1401 0.0025
1424 1401 0.0025
1400 1404 0.0296
1405 1404 0.0296
921 1405 0.0271
1404 1405 0.0296
1408 1405 0.0136
1400 1407 0.0037
1408 1407 0.0086
1424 1407 0.0037
1405 1408 0.0136
1407 1408 0.0086
1516 1408 0.0136
1395 1411 0.0012
1434 1411 0.0049
1435 1411 0.0025
1413 1412 0.0025
1414 1412 0.0086
1435 1412 0.0049
1412 1413 0.0025
1465 1413 0.0025
1412 1414 0.0086
1465 1414 0.0025
1481 1414 0.0049
1472 1415 0.0049
1481 1415 0.0049
1395 1416 0.0086
1417 1416 0.0099
1436 1416 0.0086
1480 1416 0.0025
1416 1417 0.0099
1418 1417 0.0148
1456 1417 0.0062
1417 1418 0.0148
1429 1418 0.016
1437 1418 0.0012
1445 1418 0.0049
1393 1419 0.0025
1422 1419 0.0037
1421 1420 0.0025
1448 1420 0.0012
1420 1421 0.0025
1423 1421 0.0074
1449 1421 0.0086
1419 1422 0.0037
1423 1422 0.0049
1442 1422 0.0049
1421 1423 0.0074
1422 1423 0.0049
1451 1423 0.0086
1401 1424 0.0025
1407 1424 0.0037
1444 1424 0.0037
1516 1424 0.0049
923 1425 0.0136
1426 1425 0.0049
1428 1425 0.0074
1425 1426 0.0049
1427 1426 0.0049
1426 1427 0.0049
1430 1427 0.0086
1431 1427 0.0025
1425 1428 0.0074
1534 1428 0.0123
1536 1428 0.0037
1418 1429 0.016
1430 1429 0.0111
1453 1429 0.0037
1427 1430 0.0086
1429 1430 0.0111
1431 1430 0.0062
1456 1430 0.0086
1427 1431 0.0025
1430 1431 0.0062
1432 1431 0.0025
1431 1432 0.0025
1433 1432 0.0062
1504 1432 0.0025
1432 1433 0.0062
1473 1433 0.0025
1504 1433 0.0025
1411 1434 0.0049
1435 1434 0.0086
1436 1434 0.0074
1411 1435 0.0025
1412 1435 0.0049
1434 1435 0.0086
1416 1436 0.0086
1434 1436 0.0074
1480 1436 0.0123
1418 1437 0.0012
1438 1437 0.0062
1480 1437 0.0086
1437 1438 0.0062
1439 1438 0.0037
1484 1438 0.0086
1438 1439 0.0037
1456 1439 0.0037
1484 1439 0.0062
1422 1442 0.0049
1443 1442 0.0049
1452 1442 0.0062
1397 1443 0.0049
1442 1443 0.0049
1444 1443 0.0025
1452 1443 0.0025
1397 1444 0.0086
1424 1444 0.0037
1443 1444 0.0025
1515 1444 0.0025
1418 1445 0.0049
1447 1445 0.0049
1445 1447 0.0049
1448 1447 0.0049
1450 1447 0.0086
1420 1448 0.0012
1447 1448 0.0049
1449 1448 0.0074
1421 1449 0.0086
1448 1449 0.0074
1450 1449 0.0049
1454 1449 0.0062
1447 1450 0.0086
1449 1450 0.0049
1453 1450 0.0037
1423 1451 0.0086
1452 1451 0.0025
1454 1451 0.0049
1442 1452 0.0062
1443 1452 0.0025
1451 1452 0.0025
1429 1453 0.0037
1450 1453 0.0037
1449 1454 0.0062
1451 1454 0.0049
1417 1456 0.0062
1430 1456 0.0086
1439 1456 0.0037
1384 1457 0.0025
1387 1457 0.0025
1413 1465 0.0025
1414 1465 0.0025
1415 1472 0.0049
1473 1472 0.0025
1484 1472 0.0086
1433 1473 0.0025
1472 1473 0.0025
1416 1480 0.0025
1436 1480 0.0123
1437 1480 0.0086
1481 1480 0.0111
1414 1481 0.0049
1415 1481 0.0049
1480 1481 0.0111
1438 1484 0.0086
1439 1484 0.0062
1472 1484 0.0086
1432 1504 0.0025
1433 1504 0.0025
939 1515 0.0049
1393 1515 0.0111
1444 1515 0.0025
1516 1515 0.0086
1408 1516 0.0136
1424 1516 0.0049
1515 1516 0.0086
918 1517 0.0049
923 1517 0.0049
1428 1534 0.0123
1560 1534 0.0173
1561 1534 0.0037
1428 1536 0.0037
1558 1536 0.0111
1574 1536 0.0062
919 1539 0.0148
1540 1539 0.0148
1539 1540 0.0148
1549 1540 0.0148
636 1548 0.0123
1549 1548 0.0136
1552 1548 0.0123
1540 1549 0.0148
1548 1549 0.0136
1550 1549 0.0148
1549 1550 0.0148
1562 1550 0.0148
1548 1552 0.0123
1553 1552 0.0062
1554 1552 0.0049
1552 1553 0.0062
1566 1553 0.0062
635 1554 0.0049
1552 1554 0.0049
1536 1558 0.0111
1560 1558 0.0111
1534 1560 0.0173
1558 1560 0.0111
1562 1560 0.0197
1534 1561 0.0037
1562 1561 0.0037
1550 1562 0.0148
1560 1562 0.0197
1561 1562 0.0037
1553 1566 0.0062
1567 1566 0.0099
1568 1566 0.0025
1566 1567 0.0099
1568 1567 0.0025
1577 1567 0.0062
1566 1568 0.0025
1567 1568 0.0025
1536 1574 0.0062
1576 1574 0.0062
1574 1576 0.0062
1577 1576 0.0099
1579 1576 0.0025
1567 1577 0.0062
1576 1577 0.0099
1579 1577 0.0025
1576 1579 0.0025
1577 1579 0.0025
883 1590 0.0111
1591 1590 0.0111
1590 1591 0.0111
1593 1591 0.0111
881 1593 0.0111
1591 1593 0.0111
1599 1598 0.0037
1620 1598 0.0037
1598 1599 0.0037
1621 1599 0.0037
875 1600 0.0062
1605 1600 0.0062
873 1601 0.0037
1602 1601 0.0025
1802 1601 0.0074
1601 1602 0.0025
1803 1602 0.0025
872 1604 0.0111
1605 1604 0.0062
1799 1604 0.0037
1600 1605 0.0062
1604 1605 0.0062
1598 1620 0.0037
1621 1620 0.0037
1599 1621 0.0037
1620 1621 0.0037
865 1670 0.0037
867 1670 0.0037
1673 1672 0.0037
1693 1672 0.0037
1672 1673 0.0037
1674 1673 0.0111
1724 1673 0.0062
1673 1674 0.0111
1675 1674 0.0111
1693 1674 0.0086
1674 1675 0.0111
1716 1675 0.0111
854 1679 0.0062
1680 1679 0.0025
1692 1679 0.0025
847 1680 0.0185
854 1680 0.0173
1679 1680 0.0025
1703 1680 0.0037
866 1682 0.0062
1705 1682 0.0062
839 1684 0.0062
1707 1684 0.0062
840 1686 0.0062
1695 1686 0.0062
840 1688 0.0037
1689 1688 0.0025
1703 1688 0.0074
1688 1689 0.0025
1703 1689 0.0025
856 1690 0.0037
1691 1690 0.0037
1690 1691 0.0037
1692 1691 0.0111
1705 1691 0.0062
856 1692 0.0148
1679 1692 0.0025
1691 1692 0.0111
1672 1693 0.0037
1674 1693 0.0086
1725 1693 0.0037
1686 1695 0.0062
1707 1695 0.0062
1680 1703 0.0037
1688 1703 0.0074
1689 1703 0.0025
1682 1705 0.0062
1691 1705 0.0062
1684 1707 0.0062
1695 1707 0.0062
838 1710 0.0099
847 1710 0.0099
1724 1715 0.0136
1736 1715 0.0136
1675 1716 0.0111
1730 1716 0.0037
1731 1716 0.0062
1673 1724 0.0062
1715 1724 0.0136
1874 1724 0.0062
1693 1725 0.0037
1728 1725 0.0037
1725 1728 0.0037
1730 1728 0.0037
1716 1730 0.0037
1728 1730 0.0037
1716 1731 0.0062
1737 1731 0.0062
1733 1732 0.0025
1735 1732 0.0025
1732 1733 0.0025
1735 1733 0.0025
1732 1735 0.0025
1733 1735 0.0025
1715 1736 0.0136
1737 1736 0.0062
1740 1736 0.0062
1731 1737 0.0062
1736 1737 0.0062
1744 1738 0.0025
1761 1738 0.0025
1736 1740 0.0062
1741 1740 0.0062
1740 1741 0.0062
1874 1741 0.0062
1738 1744 0.0025
1761 1744 0.0049
1762 1744 0.0012
1755 1754 0.0025
1781 1754 0.0025
1754 1755 0.0025
1781 1755 0.0025
1738 1761 0.0025
1744 1761 0.0049
1762 1761 0.0012
1744 1762 0.0012
1761 1762 0.0012
1754 1781 0.0025
1755 1781 0.0025
601 1796 0.0074
873 1796 0.0123
1802 1796 0.0037
873 1799 0.0037
1604 1799 0.0037
1601 1802 0.0074
1796 1802 0.0037
1803 1802 0.0025
1602 1803 0.0025
1802 1803 0.0025
828 1806 0.0049
830 1806 0.0099
1808 1806 0.0037
1806 1808 0.0037
1809 1808 0.0037
829 1809 0.0025
830 1809 0.0074
1808 1809 0.0037
505 1812 0.0086
1814 1812 0.0086
1812 1814 0.0086
1824 1814 0.0123
1825 1814 0.0025
832 1821 0.0173
1822 1821 0.0074
1824 1821 0.0086
1821 1822 0.0074
1849 1822 0.0074
1814 1824 0.0123
1821 1824 0.0086
1825 1824 0.0025
1814 1825 0.0025
1824 1825 0.0025
833 1829 0.0123
1830 1829 0.0037
1843 1829 0.0074
1829 1830 0.0037
1831 1830 0.016
1847 1830 0.0111
833 1831 0.016
1830 1831 0.016
836 1833 0.0111
1834 1833 0.0111
1833 1834 0.0111
1835 1834 0.0111
1834 1835 0.0111
1845 1835 0.0111
1829 1843 0.0074
1849 1843 0.0074
1835 1845 0.0111
1846 1845 0.0111
1845 1846 0.0111
1847 1846 0.0111
1830 1847 0.0111
1846 1847 0.0111
1822 1849 0.0074
1843 1849 0.0074
1860 1859 0.0025
1869 1859 0.0025
1859 1860 0.0025
1869 1860 0.0025
1859 1869 0.0025
1860 1869 0.0025
1724 1874 0.0062
1741 1874 0.0062
