2 1 0.005
3 1 0.005
5 1 0.0066
7 1 0.0132
16 1 0.0132
33 1 0.005
36 1 0.005
116 1 0.0182
152 1 0.0116
153 1 0.0083
155 1 0.0033
169 1 0.0066
175 1 0.005
483 1 0.0033
674 1 0.0033
1 2 0.005
22 2 0.0033
33 2 0.0066
38 2 0.0017
1 3 0.005
40 3 0.005
41 3 0.005
1 5 0.0066
11 5 0.005
19 5 0.0165
593 5 0.0116
9 6 0.0116
113 6 0.0066
672 6 0.0099
1 7 0.0132
8 7 0.0083
9 7 0.0066
7 8 0.0083
115 8 0.0132
671 8 0.0066
6 9 0.0116
7 9 0.0066
196 9 0.0033
91 10 0.0017
196 10 0.0017
506 10 0.005
5 11 0.005
17 11 0.0017
18 11 0.0083
13 12 0.0083
14 12 0.0017
15 12 0.0182
16 12 0.0248
12 13 0.0083
14 13 0.005
17 13 0.005
18 13 0.0083
12 14 0.0017
13 14 0.005
42 14 0.0017
12 15 0.0182
55 15 0.0017
483 15 0.0215
1 16 0.0132
12 16 0.0248
19 16 0.0165
11 17 0.0017
13 17 0.005
42 17 0.0017
11 18 0.0083
13 18 0.0083
19 18 0.0116
5 19 0.0165
16 19 0.0165
18 19 0.0116
22 21 0.0116
23 21 0.0033
33 21 0.0066
2 22 0.0033
21 22 0.0116
23 22 0.0066
21 23 0.0033
22 23 0.0066
24 23 0.0099
28 23 0.0066
23 24 0.0099
29 24 0.0017
681 24 0.0149
26 25 0.0066
181 25 0.0033
681 25 0.0116
25 26 0.0066
27 26 0.0165
184 26 0.0083
26 27 0.0165
29 27 0.0099
30 27 0.005
31 27 0.0149
23 28 0.0066
181 28 0.0017
681 28 0.0033
24 29 0.0017
27 29 0.0099
681 29 0.0132
27 30 0.005
31 30 0.0066
32 30 0.0017
27 31 0.0149
30 31 0.0066
32 31 0.0132
30 32 0.0017
31 32 0.0132
74 32 0.0099
1 33 0.005
2 33 0.0066
21 33 0.0066
593 34 0.0198
595 34 0.0083
596 34 0.0198
89 35 0.005
102 35 0.0017
103 35 0.0066
253 35 0.0033
594 35 0.0017
1 36 0.005
37 36 0.0083
40 36 0.0083
36 37 0.0083
38 37 0.0017
41 37 0.005
2 38 0.0017
37 38 0.0017
3 40 0.005
36 40 0.0083
41 40 0.0083
3 41 0.005
37 41 0.005
40 41 0.0083
72 41 0.0017
14 42 0.0017
17 42 0.0017
43 42 0.005
46 42 0.005
42 43 0.005
593 43 0.005
42 46 0.005
47 46 0.0099
48 46 0.0033
46 47 0.0099
87 47 0.0083
395 47 0.0066
46 48 0.0033
50 48 0.0033
89 49 0.0033
600 49 0.005
48 50 0.0033
484 50 0.0083
597 50 0.0033
15 55 0.0017
58 55 0.0066
197 55 0.0083
198 55 0.0132
197 56 0.0182
198 56 0.0182
401 56 0.0132
624 56 0.0033
62 57 0.0198
192 57 0.0198
55 58 0.0066
283 58 0.0066
57 62 0.0198
63 62 0.0182
283 62 0.0132
62 63 0.0182
69 63 0.0033
282 63 0.0132
65 64 0.0066
282 64 0.0066
64 65 0.0066
531 65 0.0116
532 65 0.0033
69 66 0.005
287 66 0.0033
670 66 0.0099
63 69 0.0033
66 69 0.005
71 69 0.0099
590 70 0.0033
591 70 0.0033
670 70 0.0083
69 71 0.0099
294 71 0.0083
670 71 0.0099
41 72 0.0017
73 72 0.005
94 72 0.0017
72 73 0.005
94 73 0.0099
226 73 0.0099
32 74 0.0099
75 74 0.0099
83 74 0.0165
221 74 0.0017
222 74 0.0066
74 75 0.0099
76 75 0.0083
222 75 0.0066
75 76 0.0083
77 76 0.0033
82 76 0.0099
98 76 0.0017
76 77 0.0033
81 77 0.0083
235 77 0.0033
80 78 0.005
101 78 0.005
235 78 0.0083
78 80 0.005
81 80 0.0165
510 80 0.0033
604 80 0.0182
77 81 0.0083
80 81 0.0165
82 81 0.0182
76 82 0.0099
81 82 0.0182
83 82 0.0198
74 83 0.0165
82 83 0.0198
187 83 0.0017
223 85 0.0017
258 85 0.0033
225 86 0.005
226 86 0.0083
595 86 0.005
47 87 0.0083
395 87 0.0066
596 87 0.0099
35 89 0.005
49 89 0.0033
395 89 0.0033
594 89 0.0165
596 89 0.0165
254 90 0.0099
263 90 0.0198
594 90 0.0182
10 91 0.0017
92 91 0.0017
91 92 0.0017
302 92 0.0033
658 92 0.0066
664 92 0.0033
667 92 0.0033
72 94 0.0017
73 94 0.0099
95 94 0.0017
223 94 0.0099
94 95 0.0017
96 95 0.0083
248 95 0.0066
95 96 0.0083
242 96 0.0099
99 97 0.0017
248 97 0.0066
255 97 0.0033
76 98 0.0017
222 98 0.005
235 98 0.0033
236 98 0.0132
239 98 0.0231
243 98 0.0099
97 99 0.0017
238 99 0.0132
242 99 0.0099
244 99 0.0099
249 99 0.0033
78 101 0.005
236 101 0.0083
244 101 0.0017
510 101 0.0017
35 102 0.0017
103 102 0.0033
35 103 0.0066
102 103 0.0033
596 103 0.005
401 104 0.0165
506 104 0.0083
666 104 0.0198
306 106 0.0083
309 106 0.0099
628 106 0.0215
646 106 0.0198
216 107 0.0083
301 107 0.005
630 107 0.0132
637 107 0.0066
639 107 0.0116
631 108 0.0033
637 108 0.0083
638 108 0.0033
630 109 0.0149
634 109 0.005
652 109 0.0083
639 110 0.0099
668 110 0.0099
112 111 0.0066
401 111 0.0165
402 111 0.0182
111 112 0.0066
402 112 0.0033
637 112 0.005
638 112 0.0017
6 113 0.0066
196 113 0.0066
8 115 0.0132
116 115 0.0066
118 115 0.005
1 116 0.0182
115 116 0.0066
320 116 0.0099
147 117 0.0132
148 117 0.0033
320 117 0.005
675 117 0.0017
115 118 0.005
145 118 0.0033
146 118 0.0099
143 121 0.0033
144 121 0.005
142 141 0.0099
143 141 0.005
671 141 0.0066
141 142 0.0099
144 142 0.0033
145 142 0.005
121 143 0.0033
141 143 0.005
144 143 0.0099
121 144 0.005
142 144 0.0033
143 144 0.0099
316 144 0.0017
118 145 0.0033
142 145 0.005
146 145 0.0099
118 146 0.0099
145 146 0.0099
117 147 0.0132
148 147 0.0099
675 147 0.0017
117 148 0.0033
147 148 0.0099
328 148 0.005
322 149 0.0116
326 149 0.0033
328 149 0.0066
320 151 0.0033
674 151 0.0033
1 152 0.0116
155 152 0.0116
207 152 0.0083
211 152 0.0215
1 153 0.0083
154 153 0.0033
673 153 0.0132
153 154 0.0033
673 154 0.0033
1 155 0.0033
152 155 0.0116
156 155 0.0066
155 156 0.0066
208 156 0.005
160 159 0.0033
505 159 0.0033
159 160 0.0033
505 160 0.0033
162 161 0.0033
367 161 0.0033
161 162 0.0033
367 162 0.0033
1 169 0.0066
171 169 0.0066
169 171 0.0066
172 171 0.0017
175 171 0.0099
171 172 0.0017
173 172 0.0099
176 172 0.0066
172 173 0.0099
174 173 0.0033
182 173 0.0149
173 174 0.0033
175 174 0.0033
182 174 0.0083
1 175 0.005
171 175 0.0099
174 175 0.0033
172 176 0.0066
180 176 0.0066
179 178 0.0066
344 178 0.0033
357 178 0.0017
178 179 0.0066
344 179 0.0033
357 179 0.0017
176 180 0.0066
347 180 0.0116
349 180 0.005
25 181 0.0033
28 181 0.0017
182 181 0.0066
338 181 0.005
173 182 0.0149
174 182 0.0083
181 182 0.0066
337 182 0.0132
26 184 0.0083
185 184 0.0116
228 184 0.0017
184 185 0.0116
228 185 0.005
229 185 0.0033
230 185 0.0165
83 187 0.0017
189 187 0.0017
602 187 0.005
189 188 0.0017
234 188 0.0033
510 188 0.0066
603 188 0.0033
187 189 0.0017
188 189 0.0017
602 189 0.0066
603 189 0.0066
57 192 0.0198
198 192 0.0198
625 194 0.0099
629 194 0.0066
667 194 0.005
9 196 0.0033
10 196 0.0017
113 196 0.0066
55 197 0.0083
56 197 0.0182
483 197 0.0149
55 198 0.0132
56 198 0.0182
192 198 0.0198
152 207 0.0083
379 207 0.0083
156 208 0.005
211 208 0.0182
486 208 0.0116
211 209 0.0132
381 209 0.0033
382 209 0.0182
382 210 0.005
392 210 0.0083
486 210 0.0149
152 211 0.0215
208 211 0.0182
209 211 0.0132
220 213 0.0033
221 213 0.0083
223 213 0.0033
107 216 0.0083
625 216 0.0215
666 216 0.0182
263 218 0.0083
275 218 0.0033
599 218 0.0033
213 220 0.0033
221 220 0.0033
74 221 0.0017
213 221 0.0083
220 221 0.0033
222 221 0.005
74 222 0.0066
75 222 0.0066
98 222 0.005
221 222 0.005
85 223 0.0017
94 223 0.0099
213 223 0.0033
224 223 0.0099
258 223 0.0066
223 224 0.0099
225 224 0.0066
247 224 0.0017
86 225 0.005
224 225 0.0066
226 225 0.0116
73 226 0.0099
86 226 0.0083
225 226 0.0116
593 226 0.0066
261 227 0.0165
275 227 0.0083
510 227 0.0165
184 228 0.0017
185 228 0.005
229 228 0.0017
185 229 0.0033
228 229 0.0017
230 229 0.0248
232 229 0.0165
185 230 0.0165
229 230 0.0248
268 230 0.0066
265 231 0.0033
270 231 0.0033
229 232 0.0165
233 232 0.0066
266 232 0.0132
267 232 0.0033
232 233 0.0066
234 233 0.0017
267 233 0.0033
188 234 0.0033
233 234 0.0017
510 234 0.0066
77 235 0.0033
78 235 0.0083
98 235 0.0033
98 236 0.0132
101 236 0.0083
237 236 0.0132
236 237 0.0132
238 237 0.0149
244 237 0.0099
99 238 0.0132
237 238 0.0149
98 239 0.0231
240 239 0.0215
239 240 0.0215
241 240 0.0149
243 240 0.005
240 241 0.0149
242 241 0.0116
246 241 0.005
96 242 0.0099
99 242 0.0099
241 242 0.0116
248 242 0.0083
98 243 0.0099
240 243 0.005
245 243 0.0033
99 244 0.0099
101 244 0.0017
237 244 0.0099
257 244 0.005
243 245 0.0033
246 245 0.005
258 245 0.0017
259 245 0.0033
241 246 0.005
245 246 0.005
224 247 0.0017
258 247 0.0033
259 247 0.0066
95 248 0.0066
97 248 0.0066
242 248 0.0083
249 248 0.0017
99 249 0.0033
248 249 0.0017
255 249 0.0066
256 249 0.0083
251 250 0.0099
252 250 0.0083
255 250 0.0033
250 251 0.0099
254 251 0.0132
260 251 0.0083
250 252 0.0083
253 252 0.0066
35 253 0.0033
252 253 0.0066
254 253 0.0116
90 254 0.0099
251 254 0.0132
253 254 0.0116
97 255 0.0033
249 255 0.0066
250 255 0.0033
256 255 0.0066
249 256 0.0083
255 256 0.0066
257 256 0.0066
244 257 0.005
256 257 0.0066
85 258 0.0033
223 258 0.0066
245 258 0.0017
247 258 0.0033
259 258 0.0099
245 259 0.0033
247 259 0.0066
258 259 0.0099
251 260 0.0083
261 260 0.0066
262 260 0.0099
227 261 0.0165
260 261 0.0066
262 261 0.0182
260 262 0.0099
261 262 0.0182
263 262 0.0198
90 263 0.0198
218 263 0.0083
262 263 0.0198
231 265 0.0033
268 265 0.0033
269 265 0.0083
232 266 0.0132
432 266 0.005
437 266 0.0066
232 267 0.0033
233 267 0.0033
230 268 0.0066
265 268 0.0033
269 268 0.0116
265 269 0.0083
268 269 0.0116
270 269 0.0116
231 270 0.0033
269 270 0.0116
437 270 0.0066
218 275 0.0033
227 275 0.0083
510 275 0.0033
63 282 0.0132
64 282 0.0066
283 282 0.005
58 283 0.0066
62 283 0.0132
282 283 0.005
532 286 0.0033
533 286 0.0033
534 286 0.0083
66 287 0.0033
588 287 0.0066
589 287 0.0033
590 287 0.0066
291 290 0.0033
607 290 0.0033
290 291 0.0033
607 291 0.0033
71 294 0.0083
296 294 0.0033
591 294 0.0033
294 296 0.0033
297 296 0.0083
402 296 0.0132
296 297 0.0083
403 297 0.0132
621 297 0.0033
403 300 0.0083
417 300 0.0066
107 301 0.005
627 301 0.0099
640 301 0.0066
92 302 0.0033
629 302 0.005
657 302 0.0066
658 303 0.0066
664 303 0.0066
423 305 0.0149
645 305 0.0149
106 306 0.0083
307 306 0.0033
646 306 0.0099
656 306 0.005
306 307 0.0033
309 307 0.0033
106 309 0.0099
307 309 0.0033
659 309 0.0099
661 309 0.0066
313 312 0.0033
664 312 0.0017
312 313 0.0033
314 313 0.005
315 313 0.0099
313 314 0.005
659 314 0.0017
660 314 0.0083
313 315 0.0099
318 315 0.0066
660 315 0.0149
144 316 0.0017
318 316 0.0083
319 316 0.005
315 318 0.0066
316 318 0.0083
663 318 0.0132
316 319 0.005
662 319 0.005
116 320 0.0099
117 320 0.005
151 320 0.0033
149 322 0.0116
323 322 0.0033
574 322 0.0165
322 323 0.0033
574 323 0.0033
149 326 0.0033
332 326 0.0033
148 328 0.005
149 328 0.0066
573 328 0.0132
326 332 0.0033
575 332 0.0033
182 337 0.0132
338 337 0.0132
181 338 0.005
337 338 0.0132
342 338 0.0066
338 342 0.0066
350 342 0.005
350 343 0.0033
351 343 0.0033
352 343 0.0099
178 344 0.0033
179 344 0.0033
346 345 0.0017
348 345 0.0033
349 345 0.0066
345 346 0.0017
347 346 0.0017
180 347 0.0116
346 347 0.0017
348 347 0.0066
350 347 0.0099
351 347 0.005
345 348 0.0033
347 348 0.0066
349 348 0.0132
180 349 0.005
345 349 0.0066
348 349 0.0132
342 350 0.005
343 350 0.0033
347 350 0.0099
343 351 0.0033
347 351 0.005
352 351 0.0099
343 352 0.0099
351 352 0.0099
178 357 0.0017
179 357 0.0017
360 359 0.0017
467 359 0.0017
359 360 0.0017
466 360 0.0116
467 360 0.0149
467 362 0.0116
468 362 0.0132
161 367 0.0033
162 367 0.0033
207 379 0.0083
380 379 0.0116
387 379 0.005
379 380 0.0116
386 380 0.0066
387 380 0.0033
209 381 0.0033
382 381 0.0066
383 381 0.0017
209 382 0.0182
210 382 0.005
381 382 0.0066
383 382 0.0099
381 383 0.0017
382 383 0.0099
676 383 0.0066
380 386 0.0066
485 386 0.0066
379 387 0.005
380 387 0.0033
392 388 0.0132
678 388 0.0132
210 392 0.0083
388 392 0.0132
393 392 0.0033
392 393 0.0033
394 393 0.0033
486 393 0.0017
678 393 0.0116
393 394 0.0033
573 394 0.005
678 394 0.0099
47 395 0.0066
87 395 0.0066
89 395 0.0033
484 395 0.005
596 395 0.0066
56 401 0.0132
104 401 0.0165
111 401 0.0165
624 401 0.0033
111 402 0.0182
112 402 0.0033
296 402 0.0132
297 403 0.0132
300 403 0.0083
621 403 0.0033
300 417 0.0066
425 417 0.0066
305 423 0.0149
425 423 0.0083
656 423 0.005
417 425 0.0066
423 425 0.0083
266 432 0.005
433 432 0.005
432 433 0.005
434 433 0.0182
457 433 0.0116
433 434 0.0182
435 434 0.0182
434 435 0.0182
476 435 0.0149
553 435 0.0083
266 437 0.0066
270 437 0.0066
433 457 0.0116
581 457 0.0116
360 466 0.0116
473 466 0.0116
359 467 0.0017
360 467 0.0149
362 467 0.0116
362 468 0.0132
469 468 0.0132
468 469 0.0132
679 469 0.0132
466 473 0.0116
679 473 0.0132
435 476 0.0149
477 476 0.0116
562 476 0.0017
476 477 0.0116
478 477 0.0116
477 478 0.0116
581 478 0.0116
1 483 0.0033
15 483 0.0215
197 483 0.0149
672 483 0.0099
50 484 0.0083
395 484 0.005
597 484 0.0033
386 485 0.0066
676 485 0.0116
677 485 0.0033
208 486 0.0116
210 486 0.0149
393 486 0.0017
488 487 0.005
490 487 0.0132
573 487 0.0066
487 488 0.005
489 488 0.005
488 489 0.005
490 489 0.005
487 490 0.0132
489 490 0.005
575 490 0.0066
159 505 0.0033
160 505 0.0033
10 506 0.005
104 506 0.0083
667 506 0.0083
510 508 0.005
516 508 0.0066
523 508 0.0132
510 509 0.0066
528 509 0.0066
80 510 0.0033
101 510 0.0017
188 510 0.0066
227 510 0.0165
234 510 0.0066
275 510 0.0033
508 510 0.005
509 510 0.0066
604 510 0.0198
508 516 0.0066
518 516 0.0066
516 518 0.0066
520 518 0.0066
518 520 0.0066
522 520 0.0099
523 520 0.0182
520 522 0.0099
539 522 0.0033
546 522 0.005
508 523 0.0132
520 523 0.0182
524 523 0.0033
523 524 0.0033
525 524 0.0066
539 524 0.0017
524 525 0.0066
539 525 0.0116
540 525 0.0033
509 528 0.0066
530 528 0.0066
528 530 0.0066
531 530 0.0116
534 530 0.0033
65 531 0.0116
530 531 0.0116
532 531 0.0083
65 532 0.0033
286 532 0.0033
531 532 0.0083
286 533 0.0033
534 533 0.0033
286 534 0.0083
530 534 0.0033
533 534 0.0033
522 539 0.0033
524 539 0.0017
525 539 0.0116
540 539 0.0033
525 540 0.0033
539 540 0.0033
522 546 0.005
547 546 0.0132
552 546 0.0066
546 547 0.0132
548 547 0.0116
613 547 0.0099
547 548 0.0116
614 548 0.0033
617 548 0.0066
569 551 0.0083
613 551 0.0083
546 552 0.0066
617 552 0.0066
435 553 0.0083
556 553 0.0033
561 553 0.0132
553 556 0.0033
557 556 0.0149
561 556 0.0099
565 556 0.0083
556 557 0.0149
613 557 0.0149
553 561 0.0132
556 561 0.0099
562 561 0.0033
564 561 0.0066
476 562 0.0017
561 562 0.0033
564 562 0.0066
561 564 0.0066
562 564 0.0066
556 565 0.0083
569 565 0.0083
551 569 0.0083
565 569 0.0083
328 573 0.0132
394 573 0.005
487 573 0.0066
322 574 0.0165
323 574 0.0033
575 574 0.0116
332 575 0.0033
490 575 0.0066
574 575 0.0116
457 581 0.0116
478 581 0.0116
287 588 0.0066
589 588 0.0066
287 589 0.0033
588 589 0.0066
590 589 0.0017
70 590 0.0033
287 590 0.0066
589 590 0.0017
70 591 0.0033
294 591 0.0033
5 593 0.0116
34 593 0.0198
43 593 0.005
226 593 0.0066
35 594 0.0017
89 594 0.0165
90 594 0.0182
598 594 0.0099
34 595 0.0083
86 595 0.005
596 595 0.005
34 596 0.0198
87 596 0.0099
89 596 0.0165
103 596 0.005
395 596 0.0066
595 596 0.005
50 597 0.0033
484 597 0.0033
594 598 0.0099
599 598 0.0083
600 598 0.005
601 598 0.0033
218 599 0.0033
598 599 0.0083
601 599 0.0033
49 600 0.005
598 600 0.005
598 601 0.0033
599 601 0.0033
187 602 0.005
189 602 0.0066
603 602 0.005
188 603 0.0033
189 603 0.0066
602 603 0.005
80 604 0.0182
510 604 0.0198
290 607 0.0033
291 607 0.0033
547 613 0.0099
551 613 0.0083
557 613 0.0149
614 613 0.0033
548 614 0.0033
613 614 0.0033
548 617 0.0066
552 617 0.0066
297 621 0.0033
403 621 0.0033
56 624 0.0033
401 624 0.0033
194 625 0.0099
216 625 0.0215
626 625 0.0231
625 626 0.0231
627 626 0.0215
629 626 0.0099
301 627 0.0099
626 627 0.0215
628 627 0.0231
106 628 0.0215
627 628 0.0231
641 628 0.0099
194 629 0.0066
302 629 0.005
626 629 0.0099
107 630 0.0132
109 630 0.0149
631 630 0.0099
108 631 0.0033
630 631 0.0099
632 631 0.005
631 632 0.005
633 632 0.0099
650 632 0.0033
632 633 0.0099
635 633 0.005
650 633 0.0033
109 634 0.005
635 634 0.005
633 635 0.005
634 635 0.005
107 637 0.0066
108 637 0.0083
112 637 0.005
638 637 0.0066
108 638 0.0033
112 638 0.0017
637 638 0.0066
107 639 0.0116
110 639 0.0099
301 640 0.0066
641 640 0.0149
643 640 0.0083
628 641 0.0099
640 641 0.0149
642 641 0.0033
641 642 0.0033
643 642 0.0083
644 642 0.0033
640 643 0.0083
642 643 0.0083
644 643 0.0083
642 644 0.0033
643 644 0.0083
645 644 0.0033
305 645 0.0149
644 645 0.0033
646 645 0.0215
106 646 0.0198
306 646 0.0099
645 646 0.0215
632 650 0.0033
633 650 0.0033
109 652 0.0083
653 652 0.0033
668 652 0.0132
652 653 0.0033
654 653 0.0033
655 653 0.0083
653 654 0.0033
655 654 0.0033
653 655 0.0083
654 655 0.0033
668 655 0.005
306 656 0.005
423 656 0.005
302 657 0.0066
658 657 0.0066
659 657 0.0083
92 658 0.0066
303 658 0.0066
657 658 0.0066
659 658 0.0066
309 659 0.0099
314 659 0.0017
657 659 0.0083
658 659 0.0066
314 660 0.0083
315 660 0.0149
661 660 0.0116
309 661 0.0066
660 661 0.0116
663 661 0.0066
319 662 0.005
663 662 0.005
318 663 0.0132
661 663 0.0066
662 663 0.005
92 664 0.0033
303 664 0.0066
312 664 0.0017
104 666 0.0198
216 666 0.0182
667 666 0.0099
92 667 0.0033
194 667 0.005
506 667 0.0083
666 667 0.0099
110 668 0.0099
652 668 0.0132
655 668 0.005
66 670 0.0099
70 670 0.0083
71 670 0.0099
8 671 0.0066
141 671 0.0066
6 672 0.0099
483 672 0.0099
153 673 0.0132
154 673 0.0033
674 673 0.0083
1 674 0.0033
151 674 0.0033
673 674 0.0083
117 675 0.0017
147 675 0.0017
383 676 0.0066
485 676 0.0116
677 676 0.0033
485 677 0.0033
676 677 0.0033
388 678 0.0132
393 678 0.0116
394 678 0.0099
469 679 0.0132
473 679 0.0132
24 681 0.0149
25 681 0.0116
28 681 0.0033
29 681 0.0132
