2 1 0.0062
6 1 0.0229
35 1 0.0104
36 1 0.0167
49 1 0.0042
94 1 0.0083
107 1 0.0042
246 1 0.0062
286 1 0.0167
453 1 0.0042
1 2 0.0062
402 2 0.0062
1 6 0.0229
9 6 0.0333
50 6 0.0125
402 6 0.0229
8 7 0.0062
295 7 0.0062
402 7 0.0146
7 8 0.0062
816 8 0.0062
6 9 0.0333
10 9 0.0292
297 9 0.0104
9 10 0.0292
11 10 0.0167
14 10 0.0229
10 11 0.0167
14 11 0.0104
289 11 0.0167
270 12 0.0062
290 12 0.0104
295 12 0.0021
278 13 0.0146
281 13 0.0062
291 13 0.0229
10 14 0.0229
11 14 0.0104
15 14 0.0333
300 14 0.0083
14 15 0.0333
59 15 0.0146
252 15 0.0333
124 25 0.0042
130 25 0.0042
286 27 0.0083
438 27 0.0083
1 35 0.0104
154 35 0.0104
1 36 0.0167
40 36 0.0208
46 36 0.0042
104 36 0.0167
89 38 0.0208
92 38 0.0104
819 38 0.025
69 39 0.0042
202 39 0.0062
221 39 0.0125
36 40 0.0208
41 40 0.0125
94 40 0.0062
40 41 0.0125
811 41 0.0125
36 46 0.0042
800 46 0.0062
811 46 0.0125
1 49 0.0042
50 49 0.0083
52 49 0.0021
6 50 0.0125
49 50 0.0083
51 50 0.0125
101 50 0.0083
50 51 0.0125
59 51 0.0104
101 51 0.0083
49 52 0.0021
97 52 0.0021
66 57 0.0167
327 57 0.0125
842 57 0.0104
15 59 0.0146
51 59 0.0104
61 59 0.0104
59 61 0.0104
842 61 0.0104
64 63 0.0104
97 63 0.0083
100 63 0.0083
63 64 0.0104
65 64 0.0083
98 64 0.0042
322 64 0.0021
64 65 0.0083
321 65 0.0167
322 65 0.0104
331 65 0.0104
57 66 0.0167
67 66 0.0125
259 66 0.0104
66 67 0.0125
396 67 0.0042
397 67 0.0104
338 68 0.0104
397 68 0.0104
39 69 0.0042
214 69 0.0042
815 69 0.0104
1014 73 0.0042
1016 73 0.0042
515 76 0.0042
518 76 0.0104
836 76 0.0042
513 77 0.0062
531 77 0.0062
218 79 0.0042
506 79 0.0021
508 79 0.0083
82 80 0.0104
489 80 0.0042
506 80 0.0042
80 82 0.0104
83 82 0.0062
490 82 0.0167
504 82 0.025
82 83 0.0062
505 83 0.0062
38 89 0.0208
219 89 0.0167
818 89 0.0104
202 90 0.0104
219 90 0.0104
38 92 0.0104
224 92 0.0062
812 92 0.0104
1 94 0.0083
40 94 0.0062
52 97 0.0021
63 97 0.0083
98 97 0.0042
64 98 0.0042
97 98 0.0042
63 100 0.0083
318 100 0.0167
321 100 0.0042
801 100 0.0125
802 100 0.0062
50 101 0.0083
51 101 0.0083
103 101 0.0042
801 101 0.0125
101 103 0.0042
802 103 0.0062
36 104 0.0167
199 104 0.0167
1 107 0.0042
246 107 0.0042
127 117 0.0083
403 117 0.0083
425 122 0.0042
553 122 0.0042
25 124 0.0042
130 124 0.0167
973 124 0.0104
117 127 0.0083
128 127 0.0083
127 128 0.0083
129 128 0.0083
128 129 0.0083
403 129 0.0083
25 130 0.0042
124 130 0.0167
977 130 0.0104
137 136 0.0021
923 136 0.0021
136 137 0.0021
138 137 0.0042
924 137 0.0083
137 138 0.0042
924 138 0.0042
35 154 0.0104
166 154 0.0104
157 156 0.0125
343 156 0.0188
351 156 0.0083
478 156 0.0188
156 157 0.0125
173 157 0.0062
196 157 0.0042
478 157 0.0104
161 160 0.0167
170 160 0.0042
478 160 0.0188
160 161 0.0167
162 161 0.0167
180 161 0.0083
634 161 0.0083
161 162 0.0167
180 162 0.0104
547 162 0.0167
164 163 0.0125
345 163 0.0229
574 163 0.0062
693 163 0.0125
163 164 0.0125
661 164 0.0083
693 164 0.0062
154 166 0.0104
439 166 0.0104
170 169 0.0042
344 169 0.0104
693 169 0.0083
160 170 0.0042
169 170 0.0042
157 173 0.0062
176 173 0.0083
839 173 0.0125
286 174 0.0271
437 174 0.0271
173 176 0.0083
177 176 0.0104
190 176 0.0042
176 177 0.0104
260 177 0.0104
839 177 0.0146
161 180 0.0083
162 180 0.0104
976 180 0.0083
327 181 0.0146
338 181 0.0146
394 181 0.0104
256 183 0.0125
257 183 0.0104
308 183 0.0104
176 190 0.0042
788 190 0.0125
792 190 0.0146
260 192 0.0083
547 192 0.0208
792 192 0.0188
157 196 0.0042
351 196 0.0083
352 196 0.0021
544 198 0.0062
545 198 0.0125
859 198 0.0042
104 199 0.0167
819 199 0.0167
39 202 0.0062
90 202 0.0104
818 202 0.0021
214 213 0.0083
231 213 0.0208
233 213 0.0146
514 213 0.0083
515 213 0.0042
69 214 0.0042
213 214 0.0083
215 214 0.0021
214 215 0.0021
514 215 0.0021
79 218 0.0042
508 218 0.0042
89 219 0.0167
90 219 0.0104
220 219 0.0208
219 220 0.0208
221 220 0.0021
223 220 0.025
39 221 0.0125
220 221 0.0021
223 221 0.0312
815 221 0.025
220 223 0.025
221 223 0.0312
224 223 0.0125
92 224 0.0062
223 224 0.0125
225 224 0.0083
226 224 0.0021
224 225 0.0083
231 225 0.0146
815 225 0.025
224 226 0.0021
800 226 0.0021
213 231 0.0208
225 231 0.0146
233 231 0.0042
213 233 0.0146
231 233 0.0042
234 233 0.0083
233 234 0.0083
373 234 0.0083
1 246 0.0062
107 246 0.0042
15 252 0.0333
253 252 0.0312
842 252 0.0125
252 253 0.0312
254 253 0.0083
255 253 0.0292
253 254 0.0083
256 254 0.0083
259 254 0.0083
804 254 0.0083
253 255 0.0292
256 255 0.0104
257 255 0.0333
183 256 0.0125
254 256 0.0083
255 256 0.0104
396 256 0.0021
804 256 0.0146
183 257 0.0104
255 257 0.0333
308 257 0.0292
66 259 0.0104
254 259 0.0083
842 259 0.0125
177 260 0.0104
192 260 0.0083
976 260 0.0125
544 268 0.0125
546 268 0.0042
816 268 0.0062
12 270 0.0062
271 270 0.0167
278 270 0.0229
545 270 0.0167
270 271 0.0167
272 271 0.0083
279 271 0.0062
271 272 0.0083
542 272 0.0083
13 278 0.0146
270 278 0.0229
279 278 0.0062
271 279 0.0062
278 279 0.0062
13 281 0.0062
311 281 0.0062
1 286 0.0167
27 286 0.0083
174 286 0.0271
11 289 0.0167
290 289 0.0104
292 289 0.0042
12 290 0.0104
289 290 0.0104
291 290 0.0146
13 291 0.0229
290 291 0.0146
311 291 0.0062
289 292 0.0042
307 292 0.0042
7 295 0.0062
12 295 0.0021
297 295 0.0104
9 297 0.0104
295 297 0.0104
14 300 0.0083
301 300 0.0083
300 301 0.0083
303 301 0.0083
301 303 0.0083
305 303 0.0083
303 305 0.0083
307 305 0.0083
292 307 0.0042
305 307 0.0083
308 307 0.0208
309 307 0.0042
183 308 0.0104
257 308 0.0292
307 308 0.0208
309 308 0.0083
346 308 0.025
365 308 0.0062
307 309 0.0042
308 309 0.0083
310 309 0.0021
309 310 0.0021
340 310 0.0042
346 310 0.0083
281 311 0.0062
291 311 0.0062
317 315 0.0042
578 315 0.0042
315 317 0.0042
578 317 0.0042
100 318 0.0167
319 318 0.0083
321 318 0.0229
802 318 0.0021
318 319 0.0083
320 319 0.0062
331 319 0.0146
319 320 0.0062
325 320 0.0021
329 320 0.0104
65 321 0.0167
100 321 0.0042
318 321 0.0229
64 322 0.0021
65 322 0.0104
379 322 0.0083
320 325 0.0021
335 325 0.0021
57 327 0.0125
181 327 0.0146
328 327 0.0083
327 328 0.0083
381 328 0.0083
320 329 0.0104
334 329 0.0104
65 331 0.0104
319 331 0.0146
332 331 0.0104
331 332 0.0104
333 332 0.0104
334 332 0.0146
332 333 0.0104
335 333 0.0062
379 333 0.0021
329 334 0.0104
332 334 0.0146
335 334 0.0104
325 335 0.0021
333 335 0.0062
334 335 0.0104
68 338 0.0104
181 338 0.0146
394 338 0.0062
310 340 0.0042
341 340 0.0083
573 340 0.0021
340 341 0.0083
342 341 0.0062
348 341 0.0083
341 342 0.0062
343 342 0.0083
344 342 0.0021
348 342 0.0083
573 342 0.0021
729 342 0.0104
156 343 0.0188
342 343 0.0083
344 343 0.0062
729 343 0.0208
169 344 0.0104
342 344 0.0021
343 344 0.0062
345 344 0.0062
163 345 0.0229
344 345 0.0062
533 345 0.0146
308 346 0.025
310 346 0.0083
347 346 0.025
365 346 0.0083
346 347 0.025
348 347 0.025
365 347 0.0062
341 348 0.0083
342 348 0.0083
347 348 0.025
349 348 0.025
348 349 0.025
350 349 0.0021
366 349 0.0104
729 349 0.0208
349 350 0.0021
351 350 0.0083
822 350 0.0042
156 351 0.0083
196 351 0.0083
350 351 0.0083
352 351 0.0062
822 351 0.0083
196 352 0.0021
351 352 0.0062
353 352 0.0021
352 353 0.0021
822 353 0.0021
368 361 0.0062
396 361 0.0062
308 365 0.0062
346 365 0.0083
347 365 0.0062
366 365 0.0021
349 366 0.0104
365 366 0.0021
368 366 0.0062
361 368 0.0062
366 368 0.0062
234 373 0.0083
375 373 0.0083
373 375 0.0083
377 375 0.0083
375 377 0.0083
547 377 0.0083
322 379 0.0083
333 379 0.0021
380 379 0.0062
393 379 0.0042
379 380 0.0062
381 380 0.0083
392 380 0.0146
393 380 0.0042
328 381 0.0083
380 381 0.0083
387 381 0.0104
384 383 0.0062
393 383 0.0083
383 384 0.0062
385 384 0.0062
384 385 0.0062
387 385 0.0042
392 385 0.0125
381 387 0.0104
385 387 0.0042
388 387 0.0042
387 388 0.0042
777 388 0.0042
380 392 0.0146
385 392 0.0125
393 392 0.0167
379 393 0.0042
380 393 0.0042
383 393 0.0083
392 393 0.0167
181 394 0.0104
338 394 0.0062
788 394 0.0062
67 396 0.0042
256 396 0.0021
361 396 0.0062
804 396 0.0125
67 397 0.0104
68 397 0.0104
2 402 0.0062
6 402 0.0229
7 402 0.0146
117 403 0.0083
129 403 0.0083
420 419 0.0083
600 419 0.0083
419 420 0.0083
422 420 0.0083
420 422 0.0083
598 422 0.0083
122 425 0.0042
553 425 0.0042
923 429 0.0042
924 429 0.0042
174 437 0.0271
438 437 0.0208
445 437 0.0042
27 438 0.0083
437 438 0.0208
439 438 0.0104
166 439 0.0104
438 439 0.0104
437 445 0.0042
448 445 0.0083
449 445 0.0021
445 448 0.0083
449 448 0.0167
651 448 0.0062
445 449 0.0021
448 449 0.0167
650 449 0.0125
451 450 0.0104
456 450 0.0271
459 450 0.0146
649 450 0.0229
450 451 0.0104
459 451 0.0042
652 451 0.0042
1 453 0.0042
454 453 0.0042
453 454 0.0042
455 454 0.0104
651 454 0.0042
454 455 0.0104
456 455 0.0167
649 455 0.0042
450 456 0.0271
455 456 0.0167
467 456 0.0083
462 457 0.0146
466 457 0.0083
467 457 0.025
450 459 0.0146
451 459 0.0042
460 459 0.0083
459 460 0.0083
463 460 0.0083
457 462 0.0146
463 462 0.0083
667 462 0.0042
460 463 0.0083
462 463 0.0083
820 464 0.0042
823 464 0.0042
457 466 0.0083
469 466 0.0083
456 467 0.0083
457 467 0.025
468 467 0.0146
467 468 0.0146
469 468 0.0083
678 468 0.0042
466 469 0.0083
468 469 0.0083
156 478 0.0188
157 478 0.0104
160 478 0.0188
80 489 0.0042
490 489 0.0042
82 490 0.0167
489 490 0.0042
491 490 0.0104
490 491 0.0104
492 491 0.0104
491 492 0.0104
493 492 0.0104
492 493 0.0104
496 493 0.0188
845 493 0.0062
493 496 0.0188
497 496 0.0062
501 496 0.0104
496 497 0.0062
845 497 0.0062
496 501 0.0104
510 501 0.0104
82 504 0.025
505 504 0.0125
506 504 0.0083
821 504 0.0208
83 505 0.0062
504 505 0.0125
509 505 0.0042
79 506 0.0021
80 506 0.0042
504 506 0.0083
79 508 0.0083
218 508 0.0042
821 508 0.0021
505 509 0.0042
510 509 0.0104
821 509 0.0167
501 510 0.0104
509 510 0.0104
77 513 0.0062
529 513 0.0146
836 513 0.0062
213 514 0.0083
215 514 0.0021
515 514 0.0104
516 514 0.0042
76 515 0.0042
213 515 0.0042
514 515 0.0104
514 516 0.0042
518 516 0.0229
523 516 0.0167
76 518 0.0104
516 518 0.0229
835 518 0.0229
520 519 0.0208
529 519 0.0104
835 519 0.025
519 520 0.0208
748 520 0.0167
760 520 0.0021
516 523 0.0167
876 523 0.0167
527 525 0.0167
876 525 0.0167
525 527 0.0167
743 527 0.0167
513 529 0.0146
519 529 0.0104
531 529 0.0104
760 529 0.0062
77 531 0.0062
529 531 0.0104
760 531 0.0021
580 532 0.0021
581 532 0.0021
345 533 0.0146
536 533 0.0062
577 533 0.0062
536 535 0.0062
661 535 0.0083
533 536 0.0062
535 536 0.0062
272 542 0.0083
864 542 0.0083
589 543 0.0083
888 543 0.0083
198 544 0.0062
268 544 0.0125
546 544 0.0042
198 545 0.0125
270 545 0.0167
859 545 0.0146
268 546 0.0042
544 546 0.0042
162 547 0.0167
192 547 0.0208
377 547 0.0083
777 547 0.0042
792 547 0.0021
829 547 0.0042
122 553 0.0042
425 553 0.0042
340 573 0.0021
342 573 0.0021
574 573 0.0042
575 573 0.0042
163 574 0.0062
573 574 0.0042
575 574 0.0125
573 575 0.0042
574 575 0.0125
577 575 0.0062
533 577 0.0062
575 577 0.0062
315 578 0.0042
317 578 0.0042
532 580 0.0021
581 580 0.0083
584 580 0.0042
532 581 0.0021
580 581 0.0083
582 581 0.0042
583 581 0.0104
581 582 0.0042
586 582 0.0042
587 582 0.0104
581 583 0.0104
584 583 0.0042
587 583 0.0042
580 584 0.0042
583 584 0.0042
582 586 0.0042
587 586 0.0042
582 587 0.0104
583 587 0.0042
586 587 0.0042
543 589 0.0083
887 589 0.0083
596 595 0.0062
597 595 0.0167
600 595 0.0083
595 596 0.0062
598 596 0.0062
595 597 0.0167
598 597 0.0167
422 598 0.0083
596 598 0.0062
597 598 0.0167
419 600 0.0083
595 600 0.0083
161 634 0.0083
839 634 0.0125
976 634 0.0104
450 649 0.0229
455 649 0.0042
650 649 0.0104
652 649 0.0042
449 650 0.0125
649 650 0.0104
651 650 0.0125
448 651 0.0062
454 651 0.0042
650 651 0.0125
451 652 0.0042
649 652 0.0042
656 655 0.0104
977 655 0.0104
655 656 0.0104
970 656 0.0104
164 661 0.0083
535 661 0.0083
665 664 0.0062
981 664 0.0062
664 665 0.0062
666 665 0.0062
665 666 0.0062
981 666 0.0062
462 667 0.0042
686 667 0.0042
468 678 0.0042
686 678 0.0125
688 678 0.0062
667 686 0.0042
678 686 0.0125
1004 686 0.0062
678 688 0.0062
689 688 0.0042
1006 688 0.0125
688 689 0.0042
1006 689 0.0042
163 693 0.0125
164 693 0.0062
169 693 0.0083
724 723 0.0062
730 723 0.0062
723 724 0.0062
731 724 0.0062
342 729 0.0104
343 729 0.0208
349 729 0.0208
723 730 0.0062
731 730 0.0062
724 731 0.0062
730 731 0.0062
527 743 0.0167
744 743 0.0167
743 744 0.0167
753 744 0.0167
520 748 0.0167
749 748 0.0229
750 748 0.0042
748 749 0.0229
750 749 0.0042
753 749 0.0167
748 750 0.0042
749 750 0.0042
744 753 0.0167
749 753 0.0167
520 760 0.0021
529 760 0.0062
531 760 0.0021
388 777 0.0042
547 777 0.0042
190 788 0.0125
394 788 0.0062
829 788 0.0042
190 792 0.0146
192 792 0.0188
547 792 0.0021
46 800 0.0062
226 800 0.0021
812 800 0.0104
100 801 0.0125
101 801 0.0125
802 801 0.0104
100 802 0.0062
103 802 0.0062
318 802 0.0021
801 802 0.0104
254 804 0.0083
256 804 0.0146
396 804 0.0125
41 811 0.0125
46 811 0.0125
812 811 0.0146
92 812 0.0104
800 812 0.0104
811 812 0.0146
69 815 0.0104
221 815 0.025
225 815 0.025
8 816 0.0062
268 816 0.0062
89 818 0.0104
202 818 0.0021
819 818 0.0062
38 819 0.025
199 819 0.0167
818 819 0.0062
464 820 0.0042
823 820 0.0042
504 821 0.0208
508 821 0.0021
509 821 0.0167
350 822 0.0042
351 822 0.0083
353 822 0.0021
464 823 0.0042
820 823 0.0042
547 829 0.0042
788 829 0.0042
518 835 0.0229
519 835 0.025
836 835 0.0125
76 836 0.0042
513 836 0.0062
835 836 0.0125
173 839 0.0125
177 839 0.0146
634 839 0.0125
57 842 0.0104
61 842 0.0104
252 842 0.0125
259 842 0.0125
493 845 0.0062
497 845 0.0062
198 859 0.0042
545 859 0.0146
864 859 0.0083
542 864 0.0083
859 864 0.0083
870 869 0.0042
884 869 0.0042
869 870 0.0042
884 870 0.0042
523 876 0.0167
525 876 0.0167
869 884 0.0042
870 884 0.0042
589 887 0.0083
903 887 0.0083
543 888 0.0083
903 888 0.0083
887 903 0.0083
888 903 0.0083
136 923 0.0021
429 923 0.0042
924 923 0.0083
137 924 0.0083
138 924 0.0042
429 924 0.0042
923 924 0.0083
656 970 0.0104
973 970 0.0104
124 973 0.0104
970 973 0.0104
180 976 0.0083
260 976 0.0125
634 976 0.0104
130 977 0.0104
655 977 0.0104
664 981 0.0062
666 981 0.0062
686 1004 0.0062
1006 1004 0.0062
688 1006 0.0125
689 1006 0.0042
1004 1006 0.0062
73 1014 0.0042
1016 1014 0.0042
73 1016 0.0042
1014 1016 0.0042
