8 1 0.0029
214 1 0.002
150 2 0.0029
154 2 0.0029
163 2 0.0245
481 2 0.0108
492 2 0.0029
625 2 0.0186
758 2 0.0029
765 2 0.0029
801 2 0.0147
812 2 0.0088
815 2 0.0029
1138 2 0.0029
7 3 0.0078
40 3 0.0059
67 3 0.0039
97 3 0.0108
117 3 0.0029
121 3 0.001
123 3 0.0157
135 3 0.0039
197 3 0.0108
234 3 0.0049
501 3 0.0039
1153 3 0.001
219 4 0.0196
246 4 0.0059
256 4 0.0078
260 4 0.001
309 4 0.0147
322 4 0.001
450 4 0.0069
547 4 0.0069
1182 4 0.0176
98 5 0.0049
168 5 0.001
386 5 0.002
514 5 0.001
595 5 0.0147
613 5 0.0059
912 5 0.0049
993 5 0.0088
91 6 0.001
244 6 0.0049
555 6 0.0176
576 6 0.001
1031 6 0.0206
1060 6 0.0059
1082 6 0.0049
1115 6 0.0078
1166 6 0.0118
1176 6 0.0049
3 7 0.0078
10 7 0.0069
493 7 0.0098
1 8 0.0029
1186 8 0.001
1187 8 0.0049
34 9 0.0039
107 9 0.0039
7 10 0.0069
14 10 0.0059
30 13 0.0088
34 13 0.0039
916 13 0.0078
10 14 0.0059
27 14 0.001
470 14 0.0078
25 15 0.0078
31 15 0.0039
470 15 0.0029
310 16 0.001
312 16 0.002
19 18 0.002
552 18 0.0029
18 19 0.002
553 19 0.0029
22 21 0.0078
25 21 0.0108
27 21 0.002
21 22 0.0078
29 22 0.0029
713 22 0.0039
107 23 0.0039
458 23 0.002
681 23 0.0069
15 25 0.0078
21 25 0.0108
27 25 0.0059
14 27 0.001
21 27 0.002
25 27 0.0059
29 27 0.001
22 29 0.0029
27 29 0.001
705 29 0.001
13 30 0.0088
34 30 0.0069
554 30 0.002
610 30 0.0137
15 31 0.0039
713 31 0.0039
1037 32 0.0225
1039 32 0.0167
1042 32 0.0049
41 33 0.0088
169 33 0.0088
593 33 0.0108
9 34 0.0039
13 34 0.0039
30 34 0.0069
213 34 0.001
41 35 0.0049
169 35 0.0098
922 35 0.0078
39 38 0.0078
922 38 0.0078
38 39 0.0078
233 39 0.0078
3 40 0.0059
43 40 0.0059
33 41 0.0088
35 41 0.0049
42 41 0.0049
183 41 0.001
41 42 0.0049
210 42 0.0049
40 43 0.0059
62 43 0.0088
1154 43 0.0137
108 44 0.002
217 44 0.0078
887 44 0.0049
46 45 0.0108
56 45 0.002
59 45 0.0049
62 45 0.0137
45 46 0.0108
48 46 0.0059
994 46 0.0118
109 47 0.002
217 47 0.002
46 48 0.0059
49 48 0.0088
1013 48 0.0078
48 49 0.0088
50 49 0.0098
1158 49 0.0069
49 50 0.0098
479 50 0.0049
1000 50 0.0039
52 51 0.0108
397 51 0.0029
560 51 0.0147
51 52 0.0108
53 52 0.0088
132 52 0.0069
52 53 0.0088
54 53 0.0069
146 53 0.0088
53 54 0.0069
55 54 0.0078
54 55 0.0078
108 55 0.002
290 55 0.0069
831 55 0.0029
45 56 0.002
1018 56 0.002
129 57 0.0098
290 57 0.0098
45 59 0.0049
66 59 0.0049
125 61 0.0039
132 61 0.002
43 62 0.0088
45 62 0.0137
65 62 0.0039
68 64 0.0049
133 64 0.0059
62 65 0.0039
66 65 0.0069
509 65 0.002
59 66 0.0049
65 66 0.0069
488 66 0.0029
3 67 0.0039
69 67 0.0039
64 68 0.0049
130 68 0.0069
667 68 0.0029
67 69 0.0039
70 69 0.0059
136 69 0.001
69 70 0.0059
71 70 0.0118
1147 70 0.0049
70 71 0.0118
72 71 0.0118
92 71 0.0059
144 71 0.0176
71 72 0.0118
74 72 0.002
79 72 0.0088
397 73 0.0078
577 73 0.0029
850 73 0.0059
72 74 0.002
77 74 0.001
144 74 0.0039
76 75 0.0049
96 75 0.001
1170 75 0.0069
75 76 0.0049
78 76 0.0029
80 76 0.0088
74 77 0.001
148 77 0.0039
149 77 0.002
76 78 0.0029
459 78 0.0059
596 78 0.002
72 79 0.0088
81 79 0.0059
95 79 0.002
76 80 0.0088
459 80 0.0069
469 80 0.0029
79 81 0.0059
84 81 0.0059
92 81 0.0088
81 84 0.0059
87 84 0.0059
662 85 0.002
663 85 0.002
88 86 0.0039
526 86 0.0039
1168 86 0.0029
84 87 0.0059
1025 87 0.0088
1028 87 0.002
86 88 0.0039
89 88 0.0049
94 88 0.0059
88 89 0.0049
90 89 0.001
604 89 0.0069
89 90 0.001
601 90 0.001
604 90 0.0029
6 91 0.001
526 91 0.001
71 92 0.0059
81 92 0.0088
1156 92 0.0059
88 94 0.0059
526 94 0.002
604 94 0.0029
79 95 0.002
159 95 0.001
164 95 0.0039
75 96 0.001
417 96 0.0069
572 96 0.0049
3 97 0.0108
580 97 0.0108
5 98 0.0049
99 98 0.0049
98 99 0.0049
100 99 0.0049
99 100 0.0049
599 100 0.0049
102 101 0.0049
580 101 0.002
589 101 0.0078
101 102 0.0049
106 102 0.0098
187 102 0.0098
177 104 0.0049
599 104 0.0049
102 106 0.0098
799 106 0.0098
802 106 0.0049
9 107 0.0039
23 107 0.0039
44 108 0.002
55 108 0.002
109 108 0.0049
47 109 0.002
108 109 0.0049
824 109 0.002
114 110 0.0039
145 110 0.0039
391 111 0.002
834 111 0.0039
1006 111 0.0029
113 112 0.002
148 112 0.001
185 112 0.0039
112 113 0.002
486 113 0.002
110 114 0.0039
115 114 0.0039
114 115 0.0039
118 115 0.002
824 115 0.0069
134 116 0.0098
145 116 0.0088
824 116 0.0098
3 117 0.0029
120 117 0.0029
115 118 0.002
311 118 0.002
117 120 0.0029
122 120 0.001
623 120 0.0049
3 121 0.001
131 121 0.001
120 122 0.001
623 122 0.0039
806 122 0.002
3 123 0.0157
124 123 0.0157
123 124 0.0157
127 124 0.0127
816 124 0.0098
61 125 0.0039
129 125 0.0098
134 125 0.0039
1129 125 0.002
204 126 0.0216
236 126 0.002
238 126 0.0245
124 127 0.0127
130 127 0.0078
131 127 0.0137
57 129 0.0098
125 129 0.0098
1129 129 0.0049
68 130 0.0069
127 130 0.0078
808 130 0.0088
821 130 0.0069
121 131 0.001
127 131 0.0137
133 131 0.0118
52 132 0.0069
61 132 0.002
363 132 0.0039
64 133 0.0059
131 133 0.0118
134 133 0.0088
116 134 0.0098
125 134 0.0039
133 134 0.0088
3 135 0.0039
145 135 0.0039
69 136 0.001
192 136 0.001
831 142 0.001
850 142 0.002
883 143 0.0108
886 143 0.002
921 143 0.0098
71 144 0.0176
74 144 0.0039
192 144 0.0167
110 145 0.0039
116 145 0.0088
135 145 0.0039
53 146 0.0088
831 146 0.0049
850 146 0.0069
497 147 0.0059
697 147 0.0059
77 148 0.0039
112 148 0.001
149 148 0.002
77 149 0.002
148 149 0.002
2 150 0.0029
868 150 0.0029
156 152 0.002
809 152 0.0059
868 152 0.0029
2 154 0.0029
156 154 0.0029
152 156 0.002
154 156 0.0029
95 159 0.001
164 159 0.0049
587 159 0.0029
437 160 0.0029
953 160 0.0029
162 161 0.0196
490 161 0.002
1038 161 0.0167
161 162 0.0196
163 162 0.0245
490 162 0.0059
1140 162 0.0029
2 163 0.0245
162 163 0.0245
95 164 0.0039
159 164 0.0049
166 164 0.0059
170 165 0.0039
171 165 0.0029
914 165 0.0029
927 165 0.0255
930 165 0.0245
164 166 0.0059
774 166 0.0059
787 166 0.0049
377 167 0.0088
930 167 0.0098
5 168 0.001
170 168 0.001
33 169 0.0088
35 169 0.0098
178 169 0.0118
165 170 0.0039
168 170 0.001
171 170 0.002
607 170 0.0029
165 171 0.0029
170 171 0.002
104 177 0.0049
178 177 0.0127
502 177 0.0176
169 178 0.0118
177 178 0.0127
179 178 0.0137
178 179 0.0137
181 179 0.0098
233 179 0.0206
179 181 0.0098
233 181 0.001
253 181 0.0078
41 183 0.001
311 183 0.001
112 185 0.0039
187 185 0.0069
192 185 0.002
102 187 0.0098
185 187 0.0069
192 187 0.0176
589 187 0.0108
136 192 0.001
144 192 0.0167
185 192 0.002
187 192 0.0176
213 193 0.001
705 193 0.002
1205 193 0.0039
3 197 0.0108
200 197 0.0108
597 198 0.002
601 198 0.002
197 200 0.0108
202 200 0.0196
214 200 0.0078
200 202 0.0196
204 202 0.0167
232 202 0.002
235 202 0.0049
126 204 0.0216
202 204 0.0167
1193 204 0.0029
42 210 0.0049
217 210 0.0049
34 213 0.001
193 213 0.001
1 214 0.002
200 214 0.0078
1195 214 0.0029
1198 214 0.001
44 217 0.0078
47 217 0.002
210 217 0.0049
4 219 0.0196
220 219 0.0196
219 220 0.0196
221 220 0.0216
226 220 0.001
220 221 0.0216
222 221 0.0167
241 221 0.0098
221 222 0.0167
223 222 0.001
230 222 0.0186
222 223 0.001
226 223 0.001
231 223 0.0029
220 226 0.001
223 226 0.001
222 230 0.0186
231 230 0.0176
311 230 0.0039
223 231 0.0029
230 231 0.0176
233 231 0.0137
202 232 0.002
238 232 0.0029
39 233 0.0078
179 233 0.0206
181 233 0.001
231 233 0.0137
3 234 0.0049
235 234 0.0049
202 235 0.0049
234 235 0.0049
126 236 0.002
238 236 0.0206
241 236 0.0176
126 238 0.0245
232 238 0.0029
236 238 0.0206
221 241 0.0098
236 241 0.0176
1189 241 0.0225
293 242 0.002
295 242 0.0069
319 242 0.0098
6 244 0.0049
245 244 0.0049
244 245 0.0049
1092 245 0.0049
4 246 0.0059
253 246 0.0059
181 253 0.0078
246 253 0.0059
514 253 0.001
4 256 0.0078
258 256 0.0078
260 256 0.0059
261 256 0.002
256 258 0.0078
296 258 0.001
326 258 0.0098
4 260 0.001
256 260 0.0059
261 260 0.002
265 260 0.001
256 261 0.002
260 261 0.002
288 262 0.0039
721 262 0.0039
260 265 0.001
278 265 0.001
291 267 0.002
709 267 0.002
271 269 0.0029
335 269 0.0029
272 270 0.002
538 270 0.0235
712 270 0.0206
269 271 0.0029
349 271 0.0029
270 272 0.002
538 272 0.002
275 274 0.0167
1041 274 0.0127
1145 274 0.0029
274 275 0.0167
392 275 0.0029
582 275 0.002
817 275 0.0157
313 277 0.0049
392 277 0.0049
265 278 0.001
282 278 0.002
283 278 0.0039
278 282 0.002
283 282 0.0039
603 282 0.002
639 282 0.0039
278 283 0.0039
282 283 0.0039
285 284 0.0039
453 284 0.0098
1089 284 0.0049
284 285 0.0039
288 285 0.0039
291 287 0.002
712 287 0.0078
1089 287 0.0049
262 288 0.0039
285 288 0.0039
55 290 0.0069
57 290 0.0098
1129 290 0.002
267 291 0.002
287 291 0.002
242 293 0.002
319 293 0.002
242 295 0.0069
542 295 0.0069
258 296 0.001
299 296 0.0069
668 296 0.0049
684 296 0.0069
296 299 0.0069
300 299 0.0118
683 299 0.0118
299 300 0.0118
656 300 0.0137
701 300 0.001
304 303 0.0108
325 303 0.002
326 303 0.0078
303 304 0.0108
312 304 0.0137
325 304 0.0039
454 304 0.0029
781 305 0.0059
1044 305 0.0059
4 309 0.0147
310 309 0.0147
16 310 0.001
309 310 0.0147
312 310 0.0167
118 311 0.002
183 311 0.001
230 311 0.0039
16 312 0.002
304 312 0.0137
310 312 0.0167
277 313 0.0049
352 313 0.0049
615 314 0.002
1067 314 0.002
242 319 0.0098
293 319 0.002
1039 319 0.0069
4 322 0.001
325 322 0.001
303 325 0.002
304 325 0.0039
322 325 0.001
258 326 0.0098
303 326 0.0078
327 326 0.0049
326 327 0.0049
329 327 0.002
684 327 0.0078
327 329 0.002
330 329 0.0059
683 329 0.0088
329 330 0.0059
451 330 0.0059
424 333 0.0167
557 333 0.0029
1190 333 0.0127
269 335 0.0029
349 335 0.0029
348 347 0.002
965 347 0.002
347 348 0.002
965 348 0.002
271 349 0.0029
335 349 0.0029
313 352 0.0049
789 352 0.0049
649 357 0.0069
751 357 0.0069
132 363 0.0039
667 363 0.0039
859 363 0.002
1148 363 0.0059
167 377 0.0088
496 377 0.0039
927 377 0.0039
407 384 0.0078
857 384 0.0029
1006 384 0.0039
5 386 0.002
387 386 0.002
386 387 0.002
388 387 0.0049
399 387 0.002
387 388 0.0049
389 388 0.0196
399 388 0.0196
388 389 0.0196
390 389 0.0196
860 389 0.0049
389 390 0.0196
393 390 0.0049
833 390 0.0137
111 391 0.002
979 391 0.001
275 392 0.0029
277 392 0.0049
582 392 0.0069
390 393 0.0049
396 393 0.0108
418 393 0.0049
393 396 0.0108
428 396 0.0127
993 396 0.0088
51 397 0.0029
73 397 0.0078
556 397 0.0118
387 399 0.002
388 399 0.0196
400 399 0.0265
855 399 0.0088
399 400 0.0265
401 400 0.0294
844 400 0.002
400 401 0.0294
402 401 0.0304
845 401 0.0059
401 402 0.0304
403 402 0.0294
402 403 0.0294
404 403 0.0255
822 403 0.0029
403 404 0.0255
406 404 0.0186
855 404 0.0059
447 405 0.002
449 405 0.0078
536 405 0.0078
987 405 0.002
404 406 0.0186
407 406 0.0176
857 406 0.0078
384 407 0.0078
406 407 0.0176
827 407 0.0137
828 407 0.002
426 408 0.002
427 408 0.002
96 417 0.0069
572 417 0.002
1173 417 0.0039
393 418 0.0049
421 418 0.0049
418 421 0.0049
438 421 0.0049
424 423 0.0186
557 423 0.0078
975 423 0.0118
333 424 0.0167
423 424 0.0186
1155 424 0.001
408 426 0.002
427 426 0.002
408 427 0.002
426 427 0.002
396 428 0.0127
429 428 0.0108
434 428 0.0127
428 429 0.0108
433 429 0.0029
438 429 0.0069
431 430 0.0098
974 430 0.0029
975 430 0.0098
430 431 0.0098
432 431 0.0069
437 431 0.0039
443 431 0.0039
624 431 0.0078
431 432 0.0069
440 432 0.001
1190 432 0.0049
429 433 0.0029
434 433 0.0039
428 434 0.0127
433 434 0.0039
447 434 0.0098
436 435 0.0039
474 435 0.0078
519 435 0.0029
435 436 0.0039
539 436 0.0039
160 437 0.0029
431 437 0.0039
421 438 0.0049
429 438 0.0069
987 438 0.001
432 440 0.001
442 440 0.002
1064 440 0.0029
612 441 0.0039
614 441 0.0049
1196 441 0.0039
440 442 0.002
1064 442 0.0059
1068 442 0.0029
431 443 0.0039
444 443 0.0029
624 443 0.0059
974 443 0.001
443 444 0.0029
524 444 0.0049
551 444 0.001
405 447 0.002
434 447 0.0098
449 447 0.0127
405 449 0.0078
447 449 0.0127
462 449 0.0098
4 450 0.0069
461 450 0.0069
330 451 0.0059
452 451 0.0059
451 452 0.0059
697 452 0.0059
284 453 0.0098
538 453 0.0206
817 453 0.0137
1041 453 0.001
1145 453 0.001
304 454 0.0029
458 454 0.0059
864 454 0.002
23 458 0.002
454 458 0.0059
681 458 0.0059
864 458 0.002
78 459 0.0059
80 459 0.0069
450 461 0.0069
462 461 0.0069
449 462 0.0098
461 462 0.0069
988 462 0.002
80 469 0.0029
1169 469 0.002
14 470 0.0078
15 470 0.0029
498 470 0.0039
435 474 0.0078
1068 474 0.0118
1194 474 0.0069
477 476 0.0049
1015 476 0.0049
476 477 0.0049
479 477 0.0049
50 479 0.0049
477 479 0.0049
2 481 0.0108
766 481 0.0078
829 481 0.002
113 486 0.002
813 486 0.0049
829 486 0.002
66 488 0.0029
489 488 0.002
541 488 0.0059
488 489 0.002
541 489 0.002
161 490 0.002
162 490 0.0059
492 490 0.0029
2 492 0.0029
490 492 0.0029
7 493 0.0098
498 493 0.0039
510 493 0.0049
1171 494 0.0255
1178 494 0.0039
1179 494 0.0304
496 495 0.001
1171 495 0.0049
1181 495 0.0069
377 496 0.0039
495 496 0.001
1181 496 0.0059
147 497 0.0059
977 497 0.0059
470 498 0.0039
493 498 0.0039
515 500 0.002
516 500 0.002
3 501 0.0039
504 501 0.0039
177 502 0.0176
914 502 0.002
927 502 0.0206
657 503 0.002
665 503 0.0049
672 503 0.002
501 504 0.0039
505 504 0.001
510 504 0.0059
504 505 0.001
506 505 0.0029
510 505 0.0049
505 506 0.0029
510 506 0.002
544 507 0.002
611 507 0.0039
636 507 0.0029
1208 507 0.0078
1097 508 0.0108
1192 508 0.0078
1197 508 0.002
65 509 0.002
541 509 0.0029
493 510 0.0049
504 510 0.0059
505 510 0.0049
506 510 0.002
5 514 0.001
253 514 0.001
500 515 0.002
516 515 0.002
500 516 0.002
515 516 0.002
435 519 0.0029
544 519 0.0039
1068 519 0.0078
444 524 0.0049
1017 524 0.0049
86 526 0.0039
91 526 0.001
94 526 0.002
920 532 0.0098
921 532 0.0069
944 532 0.002
405 536 0.0078
987 536 0.0049
988 536 0.002
270 538 0.0235
272 538 0.002
453 538 0.0206
436 539 0.0039
598 539 0.0049
991 539 0.0059
651 540 0.0088
991 540 0.0118
1208 540 0.002
488 541 0.0059
489 541 0.002
509 541 0.0029
295 542 0.0069
781 542 0.0059
507 544 0.002
519 544 0.0039
1208 544 0.0069
4 547 0.0069
549 547 0.0069
547 549 0.0069
550 549 0.0059
1202 549 0.0039
1204 549 0.0049
549 550 0.0059
552 550 0.0049
1201 550 0.0098
444 551 0.001
561 551 0.0078
633 551 0.0098
18 552 0.0029
550 552 0.0049
553 552 0.0069
19 553 0.0029
552 553 0.0069
554 553 0.0049
30 554 0.002
553 554 0.0049
610 554 0.0078
6 555 0.0176
556 555 0.0176
397 556 0.0118
555 556 0.0176
558 556 0.0245
333 557 0.0029
423 557 0.0078
1064 557 0.0039
556 558 0.0245
560 558 0.0284
567 558 0.0029
51 560 0.0147
558 560 0.0284
562 560 0.0275
568 560 0.0137
551 561 0.0078
616 561 0.0078
773 561 0.002
560 562 0.0275
563 562 0.0216
567 562 0.0039
570 562 0.002
562 563 0.0216
564 563 0.0235
1135 563 0.0029
563 564 0.0235
571 564 0.0029
1038 564 0.0196
558 567 0.0029
562 567 0.0039
560 568 0.0137
570 568 0.0059
575 568 0.0069
562 570 0.002
568 570 0.0059
571 570 0.0029
564 571 0.0029
570 571 0.0029
96 572 0.0049
417 572 0.002
609 572 0.002
568 575 0.0069
1148 575 0.0069
6 576 0.001
577 576 0.001
73 577 0.0029
576 577 0.001
578 577 0.0137
1177 577 0.0078
577 578 0.0137
581 578 0.0039
591 578 0.0167
608 579 0.0039
1109 579 0.0039
97 580 0.0108
101 580 0.002
589 580 0.0137
578 581 0.0039
584 581 0.0029
275 582 0.002
392 582 0.0069
789 582 0.0039
581 584 0.0029
593 584 0.0088
887 584 0.0049
159 587 0.0029
776 587 0.0049
1029 587 0.001
101 589 0.0078
187 589 0.0108
580 589 0.0137
799 590 0.0059
804 590 0.0098
805 590 0.0088
578 591 0.0167
593 591 0.0088
1180 591 0.0186
33 593 0.0108
584 593 0.0088
591 593 0.0088
5 595 0.0147
596 595 0.0039
607 595 0.0196
78 596 0.002
595 596 0.0039
597 596 0.001
198 597 0.002
596 597 0.001
601 597 0.0039
539 598 0.0049
600 598 0.0147
603 598 0.0088
100 599 0.0049
104 599 0.0049
598 600 0.0147
608 600 0.0039
957 600 0.0059
985 600 0.0029
90 601 0.001
198 601 0.002
597 601 0.0039
604 601 0.0029
282 603 0.002
598 603 0.0088
639 603 0.0118
89 604 0.0069
90 604 0.0029
94 604 0.0029
601 604 0.0029
636 606 0.0078
677 606 0.0029
1093 606 0.0127
170 607 0.0029
595 607 0.0196
609 607 0.0196
579 608 0.0039
600 608 0.0039
572 609 0.002
607 609 0.0196
1175 609 0.0225
30 610 0.0137
554 610 0.0078
1187 610 0.0147
507 611 0.0039
612 611 0.0029
637 611 0.0039
441 612 0.0039
611 612 0.0029
614 612 0.002
1026 612 0.001
5 613 0.0059
619 613 0.0059
441 614 0.0049
612 614 0.002
650 614 0.002
314 615 0.002
1067 615 0.002
561 616 0.0078
617 616 0.001
1026 616 0.0098
616 617 0.001
1026 617 0.001
613 619 0.0059
866 619 0.0029
872 619 0.0078
878 619 0.0049
120 623 0.0049
122 623 0.0039
806 623 0.0049
816 623 0.0059
431 624 0.0078
443 624 0.0059
953 624 0.0088
2 625 0.0186
626 625 0.0078
652 625 0.0196
625 626 0.0078
627 626 0.0108
646 626 0.002
626 627 0.0108
628 627 0.0078
646 627 0.0098
627 628 0.0078
629 628 0.0039
641 628 0.0029
628 629 0.0039
652 629 0.0039
551 633 0.0098
1093 633 0.0098
507 636 0.0029
606 636 0.0078
1026 636 0.0078
611 637 0.0039
638 637 0.0069
651 637 0.002
637 638 0.0069
651 638 0.0049
1126 638 0.001
282 639 0.0039
603 639 0.0118
1109 639 0.0108
628 641 0.0029
642 641 0.0029
641 642 0.0029
647 642 0.0029
650 643 0.0049
1124 643 0.002
1126 643 0.002
1196 643 0.0049
626 646 0.002
627 646 0.0098
647 646 0.0069
642 647 0.0029
646 647 0.0069
763 647 0.0029
649 648 0.0069
754 648 0.0108
763 648 0.0029
357 649 0.0069
648 649 0.0069
614 650 0.002
643 650 0.0049
1124 650 0.002
540 651 0.0088
637 651 0.002
638 651 0.0049
985 651 0.0049
625 652 0.0196
629 652 0.0039
653 652 0.0147
652 653 0.0147
654 653 0.0147
653 654 0.0147
655 654 0.0216
662 654 0.002
674 654 0.0029
654 655 0.0216
665 655 0.0206
672 655 0.0059
300 656 0.0137
668 656 0.0078
701 656 0.001
977 656 0.0127
503 657 0.002
659 657 0.0176
665 657 0.0186
726 657 0.002
657 659 0.0176
688 659 0.0147
730 659 0.002
85 662 0.002
654 662 0.002
663 662 0.0029
665 662 0.001
85 663 0.002
662 663 0.0029
503 665 0.0049
655 665 0.0206
657 665 0.0186
662 665 0.001
68 667 0.0029
363 667 0.0039
859 667 0.0039
296 668 0.0049
656 668 0.0078
1111 668 0.0059
503 672 0.002
655 672 0.0059
675 672 0.0029
654 674 0.0029
675 674 0.0029
672 675 0.0029
674 675 0.0029
606 677 0.0029
1093 677 0.002
23 681 0.0069
458 681 0.0059
299 683 0.0118
329 683 0.0088
684 683 0.0078
296 684 0.0069
327 684 0.0078
683 684 0.0078
659 688 0.0147
692 688 0.0147
688 692 0.0147
693 692 0.0039
708 692 0.0098
692 693 0.0039
698 693 0.0039
147 697 0.0059
452 697 0.0059
693 698 0.0039
1119 698 0.0039
300 701 0.001
656 701 0.001
29 705 0.001
193 705 0.002
1205 705 0.0039
692 708 0.0098
709 708 0.0147
721 708 0.0039
267 709 0.002
708 709 0.0147
712 709 0.0176
270 712 0.0206
287 712 0.0078
709 712 0.0176
22 713 0.0039
31 713 0.0039
262 721 0.0039
708 721 0.0039
657 726 0.002
730 726 0.002
659 730 0.002
726 730 0.002
357 751 0.0069
753 751 0.0029
757 751 0.0029
751 753 0.0029
782 753 0.0029
648 754 0.0108
757 754 0.0098
764 754 0.0059
751 757 0.0029
754 757 0.0098
760 757 0.002
778 757 0.0029
2 758 0.0029
760 758 0.0029
757 760 0.002
758 760 0.0029
764 760 0.0059
647 763 0.0029
648 763 0.0029
764 763 0.0069
754 764 0.0059
760 764 0.0059
763 764 0.0069
2 765 0.0029
766 765 0.0029
481 766 0.0078
765 766 0.0029
767 766 0.0069
771 766 0.002
766 767 0.0069
768 767 0.0108
792 767 0.0029
767 768 0.0108
769 768 0.0088
774 768 0.0069
768 769 0.0088
787 769 0.0069
792 769 0.0049
766 771 0.002
774 771 0.002
561 773 0.002
1026 773 0.001
166 774 0.0059
768 774 0.0069
771 774 0.002
775 774 0.0049
774 775 0.0049
776 775 0.0049
587 776 0.0049
775 776 0.0049
757 778 0.0029
782 778 0.0029
305 781 0.0059
542 781 0.0059
753 782 0.0029
778 782 0.0029
166 787 0.0049
769 787 0.0069
792 787 0.001
352 789 0.0049
582 789 0.0039
767 792 0.0029
769 792 0.0049
787 792 0.001
897 797 0.002
898 797 0.002
106 799 0.0098
590 799 0.0059
800 799 0.0098
799 800 0.0098
805 800 0.0059
811 800 0.0098
2 801 0.0147
811 801 0.0147
106 802 0.0049
804 802 0.0059
807 802 0.0049
590 804 0.0098
802 804 0.0059
805 804 0.002
590 805 0.0088
800 805 0.0059
804 805 0.002
122 806 0.002
623 806 0.0049
807 806 0.002
802 807 0.0049
806 807 0.002
808 807 0.0059
816 807 0.0088
130 808 0.0088
807 808 0.0059
809 808 0.0078
152 809 0.0059
808 809 0.0078
810 809 0.0098
820 809 0.0039
809 810 0.0098
811 810 0.0098
868 810 0.0069
800 811 0.0098
801 811 0.0147
810 811 0.0098
2 812 0.0088
813 812 0.0088
486 813 0.0049
812 813 0.0088
815 813 0.0029
2 815 0.0029
813 815 0.0029
124 816 0.0098
623 816 0.0059
807 816 0.0088
275 817 0.0157
453 817 0.0137
1145 817 0.0049
809 820 0.0039
821 820 0.0049
130 821 0.0069
820 821 0.0049
859 821 0.001
403 822 0.0029
837 822 0.0029
109 824 0.002
115 824 0.0069
116 824 0.0098
407 827 0.0137
828 827 0.0127
407 828 0.002
827 828 0.0127
843 828 0.0098
481 829 0.002
486 829 0.002
55 831 0.0029
142 831 0.001
146 831 0.0049
390 833 0.0137
834 833 0.0108
862 833 0.002
111 834 0.0039
833 834 0.0108
836 834 0.0098
834 836 0.0098
979 836 0.0098
822 837 0.0029
846 837 0.0078
932 837 0.0039
839 838 0.0069
847 838 0.0078
932 838 0.0078
838 839 0.0069
840 839 0.0098
937 839 0.002
839 840 0.0098
841 840 0.0029
937 840 0.0059
840 841 0.0029
935 841 0.0029
828 843 0.0098
972 843 0.0098
400 844 0.002
845 844 0.002
401 845 0.0059
844 845 0.002
846 845 0.002
837 846 0.0078
845 846 0.002
847 846 0.0049
838 847 0.0078
846 847 0.0049
848 847 0.0039
847 848 0.0039
849 848 0.0029
917 848 0.0059
848 849 0.0029
876 849 0.001
917 849 0.002
73 850 0.0059
142 850 0.002
146 850 0.0069
399 855 0.0088
404 855 0.0059
856 855 0.002
855 856 0.002
857 856 0.0039
860 856 0.001
384 857 0.0029
406 857 0.0078
856 857 0.0039
363 859 0.002
667 859 0.0039
821 859 0.001
389 860 0.0049
856 860 0.001
861 860 0.0029
860 861 0.0029
862 861 0.002
833 862 0.002
861 862 0.002
454 864 0.002
458 864 0.002
619 866 0.0029
867 866 0.0069
888 866 0.0029
866 867 0.0069
869 867 0.0029
870 867 0.0108
150 868 0.0029
152 868 0.0029
810 868 0.0069
867 869 0.0029
871 869 0.0069
959 869 0.0029
867 870 0.0108
871 870 0.0069
895 870 0.0029
869 871 0.0069
870 871 0.0069
619 872 0.0078
873 872 0.0059
874 872 0.002
913 872 0.0059
872 873 0.0059
874 873 0.0098
884 873 0.0069
872 874 0.002
873 874 0.0098
875 874 0.0069
874 875 0.0069
876 875 0.0069
849 876 0.001
875 876 0.0069
877 876 0.0049
876 877 0.0049
940 877 0.0049
619 878 0.0049
879 878 0.0118
883 878 0.0098
878 879 0.0118
880 879 0.0098
886 879 0.001
879 880 0.0098
881 880 0.0108
891 880 0.0078
880 881 0.0108
919 881 0.0098
942 881 0.0029
948 881 0.0039
143 883 0.0108
878 883 0.0098
884 883 0.0039
873 884 0.0069
883 884 0.0039
885 884 0.0078
884 885 0.0078
924 885 0.002
928 885 0.0049
143 886 0.002
879 886 0.001
44 887 0.0049
584 887 0.0049
866 888 0.0029
959 888 0.0029
880 891 0.0078
892 891 0.0078
891 892 0.0078
893 892 0.0029
946 892 0.0039
892 893 0.0029
895 893 0.0029
870 895 0.0029
893 895 0.0029
797 897 0.002
898 897 0.002
797 898 0.002
897 898 0.002
902 901 0.002
1098 901 0.002
901 902 0.002
903 902 0.002
909 902 0.0049
902 903 0.002
909 903 0.002
902 909 0.0049
903 909 0.002
1098 909 0.002
5 912 0.0049
913 912 0.0049
872 913 0.0059
912 913 0.0049
165 914 0.0029
502 914 0.002
13 916 0.0078
1188 916 0.0039
1205 916 0.0029
848 917 0.0059
849 917 0.002
938 917 0.0029
881 919 0.0098
920 919 0.0108
532 920 0.0098
919 920 0.0108
942 920 0.0059
143 921 0.0098
532 921 0.0069
924 921 0.0049
925 921 0.002
35 922 0.0078
38 922 0.0078
885 924 0.002
921 924 0.0049
925 924 0.002
921 925 0.002
924 925 0.002
165 927 0.0255
377 927 0.0039
502 927 0.0206
885 928 0.0049
940 928 0.0049
165 930 0.0245
167 930 0.0098
1175 930 0.0255
837 932 0.0039
838 932 0.0078
933 932 0.0029
932 933 0.0029
935 933 0.0029
841 935 0.0029
933 935 0.0029
839 937 0.002
840 937 0.0059
938 937 0.0029
917 938 0.0029
937 938 0.0029
877 940 0.0049
928 940 0.0049
881 942 0.0029
920 942 0.0059
944 942 0.002
532 944 0.002
942 944 0.002
892 946 0.0039
949 946 0.0039
881 948 0.0039
949 948 0.0039
954 948 0.0088
946 949 0.0039
948 949 0.0039
950 949 0.0088
949 950 0.0088
955 950 0.0088
160 953 0.0029
624 953 0.0088
1017 953 0.0049
948 954 0.0088
955 954 0.0088
950 955 0.0088
954 955 0.0088
600 957 0.0059
977 957 0.0059
869 959 0.0029
888 959 0.0029
347 965 0.002
348 965 0.002
843 972 0.0098
973 972 0.001
979 972 0.0078
972 973 0.001
974 973 0.001
430 974 0.0029
443 974 0.001
973 974 0.001
423 975 0.0118
430 975 0.0098
1155 975 0.001
497 977 0.0059
656 977 0.0127
957 977 0.0059
391 979 0.001
836 979 0.0098
972 979 0.0078
600 985 0.0029
651 985 0.0049
991 985 0.001
405 987 0.002
438 987 0.001
536 987 0.0049
462 988 0.002
536 988 0.002
539 991 0.0059
540 991 0.0118
985 991 0.001
1208 991 0.0088
5 993 0.0088
396 993 0.0088
46 994 0.0118
995 994 0.001
1157 994 0.0059
1158 994 0.0029
994 995 0.001
1008 995 0.001
50 1000 0.0039
1158 1000 0.0029
111 1006 0.0029
384 1006 0.0039
995 1008 0.001
1009 1008 0.002
1156 1008 0.0039
1008 1009 0.002
1010 1009 0.0039
1156 1009 0.0069
1009 1010 0.0039
1025 1010 0.0039
48 1013 0.0078
1015 1013 0.0049
1018 1013 0.002
476 1015 0.0049
1013 1015 0.0049
524 1017 0.0049
953 1017 0.0049
56 1018 0.002
1013 1018 0.002
87 1025 0.0088
1010 1025 0.0039
1028 1025 0.0039
612 1026 0.001
616 1026 0.0098
617 1026 0.001
636 1026 0.0078
773 1026 0.001
87 1028 0.002
1025 1028 0.0039
1029 1028 0.001
587 1029 0.001
1028 1029 0.001
6 1031 0.0206
1032 1031 0.0206
1031 1032 0.0206
1033 1032 0.0049
1036 1032 0.0186
1032 1033 0.0049
1034 1033 0.0069
1036 1033 0.0049
1033 1034 0.0069
1035 1034 0.0029
1122 1034 0.0029
1034 1035 0.0029
1036 1035 0.0029
1032 1036 0.0186
1033 1036 0.0049
1035 1036 0.0029
1037 1036 0.0225
1049 1036 0.0186
32 1037 0.0225
1036 1037 0.0225
161 1038 0.0167
564 1038 0.0196
1135 1038 0.002
32 1039 0.0167
319 1039 0.0069
1040 1039 0.0108
1039 1040 0.0108
1041 1040 0.0108
274 1041 0.0127
453 1041 0.001
1040 1041 0.0108
32 1042 0.0049
1043 1042 0.0049
1042 1043 0.0049
1044 1043 0.0059
1051 1043 0.0118
305 1044 0.0059
1043 1044 0.0059
1036 1049 0.0186
1051 1049 0.0118
1069 1049 0.0059
1043 1051 0.0118
1049 1051 0.0118
6 1060 0.0059
1063 1060 0.0059
1060 1063 0.0059
1065 1063 0.0049
1069 1063 0.0118
440 1064 0.0029
442 1064 0.0059
557 1064 0.0039
1063 1065 0.0049
1066 1065 0.0049
1065 1066 0.0049
1074 1066 0.0049
314 1067 0.002
615 1067 0.002
442 1068 0.0029
474 1068 0.0118
519 1068 0.0078
1049 1069 0.0059
1063 1069 0.0118
1071 1069 0.0049
1069 1071 0.0049
1072 1071 0.0049
1071 1072 0.0049
1074 1072 0.0078
1075 1072 0.002
1066 1074 0.0049
1072 1074 0.0078
1076 1074 0.002
1072 1075 0.002
1076 1075 0.002
1074 1076 0.002
1075 1076 0.002
6 1082 0.0049
1083 1082 0.0049
1082 1083 0.0049
1092 1083 0.0049
1087 1086 0.0029
1088 1086 0.0029
1086 1087 0.0029
1091 1087 0.0029
1086 1088 0.0029
1091 1088 0.0029
284 1089 0.0049
287 1089 0.0049
1087 1091 0.0029
1088 1091 0.0029
245 1092 0.0049
1083 1092 0.0049
606 1093 0.0127
633 1093 0.0098
677 1093 0.002
508 1097 0.0108
1189 1097 0.0078
1192 1097 0.002
901 1098 0.002
909 1098 0.002
579 1109 0.0039
639 1109 0.0108
1111 1109 0.0059
668 1111 0.0059
1109 1111 0.0059
6 1115 0.0078
1116 1115 0.0078
1115 1116 0.0078
1118 1116 0.0039
1122 1116 0.0029
1116 1118 0.0039
1119 1118 0.0039
698 1119 0.0039
1118 1119 0.0039
1034 1122 0.0029
1116 1122 0.0029
643 1124 0.002
650 1124 0.002
638 1126 0.001
643 1126 0.002
125 1129 0.002
129 1129 0.0049
290 1129 0.002
563 1135 0.0029
1038 1135 0.002
2 1138 0.0029
1139 1138 0.0029
1138 1139 0.0029
1140 1139 0.0029
162 1140 0.0029
1139 1140 0.0029
274 1145 0.0029
453 1145 0.001
817 1145 0.0049
70 1147 0.0049
1149 1147 0.002
1154 1147 0.0078
363 1148 0.0059
575 1148 0.0069
1147 1149 0.002
1150 1149 0.0059
1154 1149 0.0088
1149 1150 0.0059
1151 1150 0.001
1157 1150 0.0039
1150 1151 0.001
1157 1151 0.001
3 1153 0.001
1154 1153 0.001
43 1154 0.0137
1147 1154 0.0078
1149 1154 0.0088
1153 1154 0.001
424 1155 0.001
975 1155 0.001
92 1156 0.0059
1008 1156 0.0039
1009 1156 0.0069
994 1157 0.0059
1150 1157 0.0039
1151 1157 0.001
49 1158 0.0069
994 1158 0.0029
1000 1158 0.0029
6 1166 0.0118
1167 1166 0.0118
1166 1167 0.0118
1168 1167 0.0039
1169 1167 0.0127
86 1168 0.0029
1167 1168 0.0039
1169 1168 0.0039
469 1169 0.002
1167 1169 0.0127
1168 1169 0.0039
1170 1169 0.0147
75 1170 0.0069
1169 1170 0.0147
1171 1170 0.0167
494 1171 0.0255
495 1171 0.0049
1170 1171 0.0167
1172 1171 0.0157
1171 1172 0.0157
1173 1172 0.0167
417 1173 0.0039
1172 1173 0.0167
1175 1173 0.0176
609 1175 0.0225
930 1175 0.0255
1173 1175 0.0176
6 1176 0.0049
1177 1176 0.0049
577 1177 0.0078
1176 1177 0.0049
1178 1177 0.002
494 1178 0.0039
1177 1178 0.002
1179 1178 0.001
494 1179 0.0304
1178 1179 0.001
1180 1179 0.0284
591 1180 0.0186
1179 1180 0.0284
1181 1180 0.0108
495 1181 0.0069
496 1181 0.0059
1180 1181 0.0108
4 1182 0.0176
1183 1182 0.0137
1203 1182 0.0049
1182 1183 0.0137
1184 1183 0.0186
1189 1183 0.0196
1183 1184 0.0186
1185 1184 0.0216
1197 1184 0.002
1184 1185 0.0216
1186 1185 0.0108
1197 1185 0.0088
8 1186 0.001
1185 1186 0.0108
1187 1186 0.0137
8 1187 0.0049
610 1187 0.0147
1186 1187 0.0137
1188 1187 0.002
1201 1187 0.0069
916 1188 0.0039
1187 1188 0.002
241 1189 0.0225
1097 1189 0.0078
1183 1189 0.0196
333 1190 0.0127
432 1190 0.0049
1194 1190 0.0069
508 1192 0.0078
1097 1192 0.002
1193 1192 0.0049
204 1193 0.0029
1192 1193 0.0049
1195 1193 0.001
474 1194 0.0069
1190 1194 0.0069
214 1195 0.0029
1193 1195 0.001
1200 1195 0.001
441 1196 0.0039
643 1196 0.0049
508 1197 0.002
1184 1197 0.002
1185 1197 0.0088
1198 1197 0.0029
214 1198 0.001
1197 1198 0.0029
1200 1198 0.001
1195 1200 0.001
1198 1200 0.001
550 1201 0.0098
1187 1201 0.0069
1202 1201 0.0029
549 1202 0.0039
1201 1202 0.0029
1182 1203 0.0049
1204 1203 0.0039
549 1204 0.0049
1203 1204 0.0039
193 1205 0.0039
705 1205 0.0039
916 1205 0.0029
507 1208 0.0078
540 1208 0.002
544 1208 0.0069
991 1208 0.0088
