2 1 0.0058
3 1 0.0039
4 1 0.0058
5 1 0.0039
6 1 0.0087
7 1 0.0058
8 1 0.0039
9 1 0.0068
21 1 0.0019
33 1 0.0039
46 1 0.0029
49 1 0.0039
51 1 0.0039
53 1 0.001
54 1 0.0068
69 1 0.0029
138 1 0.001
154 1 0.0087
1 2 0.0058
60 2 0.0068
1 3 0.0039
18 3 0.0039
70 3 0.0048
1 4 0.0058
21 4 0.0058
24 4 0.0068
30 4 0.001
31 4 0.0039
1 5 0.0039
38 5 0.0039
1 6 0.0087
39 6 0.0116
42 6 0.0039
43 6 0.0048
1 7 0.0058
47 7 0.0058
49 7 0.0048
1 8 0.0039
57 8 0.0039
154 8 0.0097
158 8 0.0078
165 8 0.0029
1 9 0.0068
10 9 0.0078
15 9 0.0058
9 10 0.0078
11 10 0.0068
14 10 0.0058
10 11 0.0068
12 11 0.0097
13 11 0.0019
11 12 0.0097
13 12 0.0087
437 12 0.0039
11 13 0.0019
12 13 0.0087
85 13 0.0039
435 13 0.0107
436 13 0.0107
10 14 0.0058
106 14 0.0068
437 14 0.0058
9 15 0.0058
16 15 0.0048
17 15 0.0039
65 15 0.0048
15 16 0.0048
17 16 0.0029
102 16 0.0048
15 17 0.0039
16 17 0.0029
110 17 0.0039
3 18 0.0039
20 18 0.0029
81 18 0.0048
82 18 0.0019
18 20 0.0029
68 20 0.0058
73 20 0.0039
1 21 0.0019
4 21 0.0058
22 21 0.0029
21 22 0.0029
23 22 0.0048
76 22 0.001
22 23 0.0048
71 23 0.0029
74 23 0.0048
76 23 0.0078
4 24 0.0068
26 24 0.0136
29 24 0.0048
29 25 0.0097
357 25 0.0107
24 26 0.0136
28 26 0.0136
26 28 0.0136
351 28 0.0078
352 28 0.0087
357 28 0.0087
24 29 0.0048
25 29 0.0097
405 29 0.0058
4 30 0.001
31 30 0.0058
387 30 0.0048
389 30 0.0097
405 30 0.0087
4 31 0.0039
30 31 0.0058
32 31 0.001
387 31 0.0029
31 32 0.001
35 32 0.001
388 32 0.0019
1 33 0.0039
35 33 0.0039
32 35 0.001
33 35 0.0039
370 35 0.0068
382 35 0.0029
385 35 0.0029
388 35 0.0039
5 38 0.0039
39 38 0.0039
6 39 0.0116
38 39 0.0039
40 39 0.0068
39 40 0.0068
289 40 0.0029
292 40 0.0068
300 40 0.0058
301 40 0.0078
6 42 0.0039
285 42 0.0068
289 42 0.001
290 42 0.0019
6 43 0.0048
45 43 0.0058
45 44 0.0116
274 44 0.0068
285 44 0.0029
43 45 0.0058
44 45 0.0116
278 45 0.0048
1 46 0.0029
48 46 0.0019
266 46 0.0058
7 47 0.0058
262 47 0.0087
263 47 0.0097
46 48 0.0019
269 48 0.0058
278 48 0.0029
1 49 0.0039
7 49 0.0048
50 49 0.0029
49 50 0.0029
244 50 0.0029
261 50 0.0029
1 51 0.0039
242 51 0.0019
244 51 0.001
53 52 0.0058
226 52 0.0068
237 52 0.0068
1 53 0.001
52 53 0.0058
54 53 0.0097
219 53 0.0068
1 54 0.0068
53 54 0.0097
216 54 0.0019
56 55 0.0116
57 55 0.0068
176 55 0.0058
202 55 0.001
55 56 0.0116
57 56 0.0019
169 56 0.0087
8 57 0.0039
55 57 0.0068
56 57 0.0019
155 58 0.001
157 58 0.0019
89 59 0.0039
90 59 0.0019
136 59 0.0019
138 59 0.0107
151 59 0.0039
2 60 0.0068
61 60 0.0019
62 60 0.0087
89 60 0.0019
60 61 0.0019
63 61 0.0029
94 61 0.001
95 61 0.0078
60 62 0.0087
136 62 0.001
137 62 0.0107
61 63 0.0029
64 63 0.0087
93 63 0.001
94 63 0.0048
135 63 0.0029
63 64 0.0087
66 64 0.0048
95 64 0.0078
96 64 0.0048
121 64 0.0039
15 65 0.0048
66 65 0.0039
95 65 0.0029
110 65 0.0048
64 66 0.0048
65 66 0.0039
110 66 0.0058
68 67 0.0048
69 67 0.0068
70 67 0.0019
20 68 0.0058
67 68 0.0048
72 68 0.0058
1 69 0.0029
67 69 0.0068
70 69 0.0078
3 70 0.0048
67 70 0.0019
69 70 0.0078
23 71 0.0029
72 71 0.0039
68 72 0.0058
71 72 0.0039
73 72 0.0048
74 72 0.0029
20 73 0.0039
72 73 0.0048
75 73 0.0039
77 73 0.0029
23 74 0.0048
72 74 0.0029
75 74 0.0048
339 74 0.0068
73 75 0.0039
74 75 0.0048
338 75 0.0058
22 76 0.001
23 76 0.0078
340 76 0.0029
343 76 0.0019
349 76 0.0048
73 77 0.0029
84 77 0.0019
79 78 0.0019
82 78 0.0029
78 79 0.0019
80 79 0.0048
83 79 0.0019
79 80 0.0048
81 80 0.0039
83 80 0.0039
18 81 0.0048
80 81 0.0039
82 81 0.0058
18 82 0.0019
78 82 0.0029
81 82 0.0058
79 83 0.0019
80 83 0.0039
85 83 0.0048
86 83 0.0029
77 84 0.0019
342 84 0.0029
13 85 0.0039
83 85 0.0048
83 86 0.0029
87 86 0.0019
88 86 0.0019
86 87 0.0019
425 87 0.0039
426 87 0.0029
86 88 0.0019
427 88 0.0019
428 88 0.0029
430 88 0.001
59 89 0.0039
60 89 0.0019
90 89 0.001
59 90 0.0019
89 90 0.001
92 91 0.0019
130 91 0.0029
91 92 0.0019
94 92 0.001
127 92 0.0048
128 92 0.0058
63 93 0.001
94 93 0.0048
127 93 0.0019
132 93 0.0058
133 93 0.0068
61 94 0.001
63 94 0.0048
92 94 0.001
93 94 0.0048
61 95 0.0078
64 95 0.0078
65 95 0.0029
64 96 0.0048
99 96 0.0019
100 96 0.0087
110 96 0.001
111 96 0.0058
111 97 0.0029
120 97 0.0019
123 97 0.0019
100 98 0.0068
101 98 0.0078
112 98 0.0039
114 98 0.0048
115 98 0.0048
96 99 0.0019
100 99 0.0029
96 100 0.0087
98 100 0.0068
99 100 0.0029
101 100 0.0048
98 101 0.0078
100 101 0.0048
109 101 0.0058
113 101 0.001
16 102 0.0048
103 102 0.0039
106 102 0.0097
102 103 0.0039
104 103 0.0048
103 104 0.0048
105 104 0.0087
109 104 0.0048
104 105 0.0087
106 105 0.0097
493 105 0.0058
14 106 0.0068
102 106 0.0097
105 106 0.0097
107 106 0.0068
106 107 0.0068
108 107 0.0058
483 107 0.0078
107 108 0.0058
438 108 0.0019
478 108 0.0029
101 109 0.0058
104 109 0.0048
17 110 0.0039
65 110 0.0048
66 110 0.0058
96 110 0.001
96 111 0.0058
97 111 0.0029
112 111 0.0019
98 112 0.0039
111 112 0.0019
117 112 0.001
101 113 0.001
114 113 0.0019
98 114 0.0048
113 114 0.0019
115 114 0.0019
98 115 0.0048
114 115 0.0019
499 115 0.0019
112 117 0.001
118 117 0.001
119 117 0.0029
117 118 0.001
119 118 0.0048
125 118 0.0029
117 119 0.0029
118 119 0.0048
120 119 0.0048
97 120 0.0019
119 120 0.0048
125 120 0.0039
64 121 0.0039
122 121 0.0068
123 121 0.0019
121 122 0.0068
123 122 0.0048
124 122 0.0029
135 122 0.0048
97 123 0.0019
121 123 0.0019
122 123 0.0048
122 124 0.0029
134 124 0.0019
118 125 0.0029
120 125 0.0039
92 127 0.0048
93 127 0.0019
128 127 0.0019
92 128 0.0058
127 128 0.0019
130 128 0.0029
91 130 0.0029
128 130 0.0029
93 132 0.0058
133 132 0.0019
142 132 0.0029
93 133 0.0068
132 133 0.0019
145 133 0.0029
124 134 0.0019
135 134 0.0029
63 135 0.0029
122 135 0.0048
134 135 0.0029
59 136 0.0019
62 136 0.001
62 137 0.0107
138 137 0.0107
1 138 0.001
59 138 0.0107
137 138 0.0107
154 138 0.0107
132 142 0.0029
143 142 0.0087
595 142 0.0048
142 143 0.0087
145 143 0.0087
133 145 0.0029
143 145 0.0087
590 145 0.0048
595 146 0.0048
918 146 0.0048
59 151 0.0039
152 151 0.0019
153 151 0.0078
160 151 0.0039
151 152 0.0019
153 152 0.0029
151 153 0.0078
152 153 0.0029
160 153 0.001
161 153 0.0029
162 153 0.0058
1 154 0.0087
8 154 0.0097
138 154 0.0107
155 154 0.0039
156 154 0.0068
58 155 0.001
154 155 0.0039
156 155 0.0019
154 156 0.0068
155 156 0.0019
157 156 0.0039
58 157 0.0019
156 157 0.0039
158 157 0.0029
8 158 0.0078
157 158 0.0029
159 158 0.0029
164 158 0.0097
158 159 0.0029
160 159 0.0019
163 159 0.0068
151 160 0.0039
153 160 0.001
159 160 0.0019
153 161 0.0029
162 161 0.0019
153 162 0.0058
161 162 0.0019
171 162 0.0029
159 163 0.0068
164 163 0.0058
158 164 0.0097
163 164 0.0058
167 164 0.0029
8 165 0.0029
166 165 0.0039
165 166 0.0039
167 166 0.0039
164 167 0.0029
166 167 0.0039
56 169 0.0087
170 169 0.0048
173 169 0.0068
175 169 0.0029
169 170 0.0048
171 170 0.0048
175 170 0.0048
162 171 0.0029
170 171 0.0048
172 171 0.0029
171 172 0.0029
173 172 0.001
175 172 0.0029
169 173 0.0068
172 173 0.001
180 173 0.0068
169 175 0.0029
170 175 0.0048
172 175 0.0029
55 176 0.0058
177 176 0.0058
176 177 0.0058
178 177 0.0058
177 178 0.0058
179 178 0.0058
178 179 0.0058
180 179 0.0058
173 180 0.0068
179 180 0.0058
188 187 0.0039
192 187 0.0039
187 188 0.0039
194 188 0.0039
187 192 0.0039
193 192 0.0068
197 192 0.0019
192 193 0.0068
194 193 0.0039
198 193 0.0019
188 194 0.0039
193 194 0.0039
192 197 0.0019
198 197 0.0019
193 198 0.0019
197 198 0.0019
55 202 0.001
220 202 0.001
209 208 0.0029
223 208 0.0029
208 209 0.0029
224 209 0.0029
54 216 0.0019
217 216 0.0019
216 217 0.0019
219 217 0.0048
220 217 0.0019
53 219 0.0068
217 219 0.0048
220 219 0.0068
226 219 0.0048
202 220 0.001
217 220 0.0019
219 220 0.0068
221 220 0.0019
220 221 0.0019
222 221 0.0039
226 221 0.0068
221 222 0.0039
227 222 0.0039
208 223 0.0029
224 223 0.0029
209 224 0.0029
223 224 0.0029
52 226 0.0068
219 226 0.0048
221 226 0.0068
230 226 0.0087
222 227 0.0039
228 227 0.0019
236 227 0.0068
227 228 0.0019
236 228 0.0019
226 230 0.0087
231 230 0.0078
234 230 0.0078
230 231 0.0078
232 231 0.0029
238 231 0.0039
231 232 0.0029
603 232 0.0029
230 234 0.0078
235 234 0.0039
603 234 0.0029
234 235 0.0039
604 235 0.0039
227 236 0.0068
228 236 0.0019
606 236 0.0039
52 237 0.0068
238 237 0.0039
242 237 0.0019
231 238 0.0039
237 238 0.0039
51 242 0.0019
237 242 0.0019
50 244 0.0029
51 244 0.001
245 244 0.001
244 245 0.001
246 245 0.0039
248 245 0.0019
261 245 0.0029
245 246 0.0039
248 246 0.0019
250 246 0.001
245 248 0.0019
246 248 0.0019
246 250 0.001
267 250 0.001
256 255 0.0019
258 255 0.0019
255 256 0.0019
258 256 0.0019
255 258 0.0019
256 258 0.0019
50 261 0.0029
245 261 0.0029
262 261 0.0078
264 261 0.0039
47 262 0.0087
261 262 0.0078
47 263 0.0097
264 263 0.0039
267 263 0.0048
261 264 0.0039
263 264 0.0039
46 266 0.0058
267 266 0.0029
269 266 0.0019
250 267 0.001
263 267 0.0048
266 267 0.0029
48 269 0.0058
266 269 0.0019
271 269 0.0029
269 271 0.0029
272 271 0.0048
278 271 0.0087
271 272 0.0048
273 272 0.0048
272 273 0.0048
274 273 0.0048
44 274 0.0068
273 274 0.0048
275 274 0.001
274 275 0.001
287 275 0.001
45 278 0.0048
48 278 0.0029
271 278 0.0087
42 285 0.0068
44 285 0.0029
290 285 0.0029
287 286 0.001
288 286 0.0048
291 286 0.0039
275 287 0.001
286 287 0.001
288 287 0.0029
286 288 0.0048
287 288 0.0029
289 288 0.0058
917 288 0.0039
40 289 0.0029
42 289 0.001
288 289 0.0058
291 289 0.0039
42 290 0.0019
285 290 0.0029
291 290 0.001
286 291 0.0039
289 291 0.0039
290 291 0.001
40 292 0.0068
293 292 0.0019
917 292 0.0039
292 293 0.0019
300 293 0.0165
313 293 0.0136
40 300 0.0058
293 300 0.0165
303 300 0.0116
626 300 0.0048
40 301 0.0078
302 301 0.0058
303 301 0.0048
301 302 0.0058
370 302 0.0058
377 302 0.0029
300 303 0.0116
301 303 0.0048
314 303 0.0145
330 303 0.0078
305 304 0.0136
307 304 0.001
313 304 0.0155
304 305 0.0136
311 305 0.0136
304 307 0.001
313 307 0.001
305 311 0.0136
626 311 0.0136
293 313 0.0136
304 313 0.0155
307 313 0.001
303 314 0.0145
315 314 0.0029
319 314 0.0107
314 315 0.0029
317 315 0.0029
315 317 0.0029
631 317 0.0019
632 317 0.0058
314 319 0.0107
320 319 0.0097
326 319 0.0078
319 320 0.0097
321 320 0.0068
323 320 0.0039
320 321 0.0068
331 321 0.0068
320 323 0.0039
324 323 0.0068
325 323 0.0097
323 324 0.0068
638 324 0.0068
323 325 0.0097
326 325 0.0058
673 325 0.0029
319 326 0.0078
325 326 0.0058
327 326 0.0068
326 327 0.0068
635 327 0.0068
303 330 0.0078
331 330 0.0068
321 331 0.0068
330 331 0.0068
332 331 0.001
337 331 0.001
331 332 0.001
333 332 0.0039
337 332 0.0039
332 333 0.0039
334 333 0.001
337 333 0.0019
333 334 0.001
335 334 0.0019
979 334 0.0019
334 335 0.0019
402 335 0.0058
640 335 0.0039
980 335 0.0039
337 336 0.0078
380 336 0.0058
381 336 0.0019
401 336 0.0078
331 337 0.001
332 337 0.0039
333 337 0.0019
336 337 0.0078
979 337 0.0078
75 338 0.0058
339 338 0.0058
342 338 0.0048
74 339 0.0068
338 339 0.0058
340 339 0.0058
76 340 0.0029
339 340 0.0058
341 340 0.0019
340 341 0.0019
342 341 0.0029
84 342 0.0029
338 342 0.0048
341 342 0.0029
76 343 0.0019
344 343 0.001
349 343 0.0039
343 344 0.001
345 344 0.001
346 344 0.0019
344 345 0.001
346 345 0.0068
348 345 0.0068
425 345 0.0048
344 346 0.0019
345 346 0.0068
347 346 0.0107
351 346 0.0039
346 347 0.0107
348 347 0.0029
353 347 0.0068
345 348 0.0068
347 348 0.0029
422 348 0.0029
76 349 0.0048
343 349 0.0039
350 349 0.0039
349 350 0.0039
351 350 0.0029
28 351 0.0078
346 351 0.0039
350 351 0.0029
28 352 0.0087
353 352 0.0097
356 352 0.0039
347 353 0.0068
352 353 0.0097
354 353 0.0019
353 354 0.0019
356 354 0.0068
365 354 0.0039
352 356 0.0039
354 356 0.0068
366 356 0.0019
25 357 0.0107
28 357 0.0087
358 357 0.001
406 357 0.0029
357 358 0.001
359 358 0.0019
362 358 0.0039
358 359 0.0019
360 359 0.0048
361 359 0.0019
359 360 0.0048
361 360 0.0029
362 360 0.0029
359 361 0.0019
360 361 0.0029
414 361 0.0019
415 361 0.0029
358 362 0.0039
360 362 0.0029
367 362 0.0019
354 365 0.0039
366 365 0.0039
356 366 0.0019
365 366 0.0039
702 366 0.0048
706 366 0.0029
362 367 0.0019
368 367 0.0039
413 367 0.0029
367 368 0.0039
369 368 0.0078
692 368 0.0029
368 369 0.0078
411 369 0.0029
412 369 0.0097
35 370 0.0068
302 370 0.0058
371 370 0.0039
370 371 0.0039
372 371 0.0048
383 371 0.0058
371 372 0.0048
373 372 0.001
384 372 0.0029
372 373 0.001
374 373 0.0078
376 373 0.0068
386 373 0.0019
373 374 0.0078
375 374 0.0078
391 374 0.0058
400 374 0.0039
374 375 0.0078
376 375 0.0029
379 375 0.0068
380 375 0.0019
373 376 0.0068
375 376 0.0029
377 376 0.0058
986 376 0.0058
302 377 0.0029
376 377 0.0058
986 377 0.0019
379 378 0.0039
986 378 0.0029
375 379 0.0068
378 379 0.0039
380 379 0.0078
336 380 0.0058
375 380 0.0019
379 380 0.0078
381 380 0.0039
336 381 0.0019
380 381 0.0039
35 382 0.0029
383 382 0.0039
384 382 0.0019
371 383 0.0058
382 383 0.0039
384 383 0.0048
372 384 0.0029
382 384 0.0019
383 384 0.0048
35 385 0.0029
386 385 0.0048
387 385 0.0058
388 385 0.0029
373 386 0.0019
385 386 0.0048
387 386 0.0019
30 387 0.0048
31 387 0.0029
385 387 0.0058
386 387 0.0019
32 388 0.0019
35 388 0.0039
385 388 0.0029
30 389 0.0097
390 389 0.0087
404 389 0.0058
389 390 0.0087
391 390 0.0048
403 390 0.0029
374 391 0.0058
390 391 0.0048
392 391 0.0087
397 391 0.0019
391 392 0.0087
393 392 0.0078
399 392 0.0039
392 393 0.0078
394 393 0.0048
400 393 0.0019
393 394 0.0048
395 394 0.001
396 394 0.0068
394 395 0.001
396 395 0.0068
399 395 0.001
650 395 0.0029
394 396 0.0068
395 396 0.0068
651 396 0.0068
391 397 0.0019
399 397 0.0019
392 399 0.0039
395 399 0.001
397 399 0.0019
374 400 0.0039
393 400 0.0019
401 400 0.001
336 401 0.0078
400 401 0.001
402 401 0.0039
645 401 0.001
335 402 0.0058
401 402 0.0039
645 402 0.0058
980 402 0.0097
390 403 0.0029
404 403 0.0019
389 404 0.0058
403 404 0.0019
405 404 0.0019
29 405 0.0058
30 405 0.0087
404 405 0.0019
357 406 0.0029
407 406 0.0048
410 406 0.0019
406 407 0.0048
662 407 0.0058
670 407 0.0058
409 408 0.0019
420 408 0.0029
408 409 0.0019
420 409 0.0019
406 410 0.0019
678 410 0.0019
369 411 0.0029
696 411 0.0078
697 411 0.0058
369 412 0.0097
691 412 0.0029
692 412 0.0058
367 413 0.0029
414 413 0.001
415 413 0.0019
692 413 0.0019
361 414 0.0019
413 414 0.001
415 414 0.0039
361 415 0.0029
413 415 0.0019
414 415 0.0039
408 420 0.0029
409 420 0.0019
421 420 0.0058
688 420 0.0068
420 421 0.0058
681 421 0.0058
348 422 0.0029
423 422 0.0058
424 422 0.0019
422 423 0.0058
424 423 0.0058
427 423 0.0068
422 424 0.0019
423 424 0.0058
428 424 0.0029
87 425 0.0039
345 425 0.0048
426 425 0.0058
87 426 0.0029
425 426 0.0058
427 426 0.0039
88 427 0.0019
423 427 0.0068
426 427 0.0039
88 428 0.0029
424 428 0.0029
88 430 0.001
432 430 0.0048
449 430 0.0048
432 431 0.0029
433 431 0.0019
430 432 0.0048
431 432 0.0029
433 432 0.0039
449 432 0.0019
431 433 0.0019
432 433 0.0039
434 433 0.001
433 434 0.001
435 434 0.0087
448 434 0.0097
457 434 0.0136
13 435 0.0107
434 435 0.0087
440 435 0.0029
13 436 0.0107
437 436 0.0048
439 436 0.0126
440 436 0.0048
12 437 0.0039
14 437 0.0058
436 437 0.0048
438 437 0.0068
108 438 0.0019
437 438 0.0068
439 438 0.0039
436 439 0.0126
438 439 0.0039
444 439 0.0097
435 440 0.0029
436 440 0.0048
447 440 0.0019
442 441 0.0029
443 441 0.0019
441 442 0.0029
443 442 0.0058
446 442 0.0019
441 443 0.0019
442 443 0.0058
457 443 0.0068
463 443 0.0029
439 444 0.0097
445 444 0.0107
471 444 0.0078
444 445 0.0107
446 445 0.0048
447 445 0.0048
468 445 0.0048
442 446 0.0019
445 446 0.0048
447 446 0.0019
440 447 0.0019
445 447 0.0048
446 447 0.0019
434 448 0.0097
449 448 0.0019
450 448 0.0068
430 449 0.0048
432 449 0.0019
448 449 0.0019
448 450 0.0068
451 450 0.0107
455 450 0.0029
450 451 0.0107
452 451 0.0116
453 451 0.0097
451 452 0.0116
458 452 0.0087
713 452 0.0019
451 453 0.0097
454 453 0.0039
715 453 0.0048
453 454 0.0039
455 454 0.0029
450 455 0.0029
454 455 0.0029
434 457 0.0136
443 457 0.0068
458 457 0.0136
452 458 0.0087
457 458 0.0136
459 458 0.0097
458 459 0.0097
461 459 0.0097
459 461 0.0097
462 461 0.0126
535 461 0.0019
461 462 0.0126
535 462 0.0126
536 462 0.0048
443 463 0.0029
535 463 0.0039
465 464 0.0019
468 464 0.0029
464 465 0.0019
468 465 0.0068
470 465 0.0039
445 468 0.0048
464 468 0.0029
465 468 0.0068
465 470 0.0039
472 470 0.0097
527 470 0.0048
444 471 0.0078
472 471 0.0107
475 471 0.0019
470 472 0.0097
471 472 0.0107
474 472 0.0058
524 473 0.0048
525 473 0.0039
526 473 0.0039
472 474 0.0058
475 474 0.0019
477 474 0.0039
519 474 0.0058
471 475 0.0019
474 475 0.0019
474 477 0.0039
518 477 0.0039
523 477 0.0068
108 478 0.0029
479 478 0.001
481 478 0.0048
478 479 0.001
481 479 0.001
478 481 0.0048
479 481 0.001
482 481 0.0058
510 481 0.0019
481 482 0.0058
483 482 0.0097
484 482 0.0068
107 483 0.0078
482 483 0.0097
488 483 0.0078
494 483 0.0058
482 484 0.0068
485 484 0.0048
982 484 0.0087
484 485 0.0048
558 485 0.0058
559 485 0.0039
510 486 0.0019
517 486 0.0078
559 486 0.0048
492 487 0.0039
556 487 0.0058
558 487 0.0048
483 488 0.0078
489 488 0.0058
981 488 0.0029
488 489 0.0058
490 489 0.0087
497 489 0.0039
489 490 0.0087
491 490 0.001
982 490 0.0068
490 491 0.001
567 491 0.0019
568 491 0.0039
487 492 0.0039
560 492 0.0019
982 492 0.001
105 493 0.0058
498 493 0.0048
483 494 0.0058
495 494 0.0048
494 495 0.0048
496 495 0.0039
498 495 0.0058
503 495 0.0087
984 495 0.0029
495 496 0.0039
569 496 0.0039
981 496 0.0048
489 497 0.0039
569 497 0.0058
981 497 0.0029
493 498 0.0048
495 498 0.0058
499 498 0.0058
115 499 0.0019
498 499 0.0058
500 499 0.0029
983 499 0.0068
499 500 0.0029
586 500 0.0029
508 502 0.0029
579 502 0.0039
585 502 0.0029
983 502 0.0116
495 503 0.0087
504 503 0.0136
983 503 0.0116
503 504 0.0136
505 504 0.0097
984 504 0.0029
504 505 0.0097
506 505 0.0058
507 505 0.0126
505 506 0.0058
569 506 0.0048
570 506 0.0029
574 506 0.0039
505 507 0.0126
579 507 0.0126
502 508 0.0029
583 508 0.0029
481 510 0.0019
486 510 0.0019
511 510 0.0048
513 510 0.0068
518 510 0.0029
510 511 0.0048
512 511 0.0048
743 511 0.0019
753 511 0.0029
511 512 0.0048
738 512 0.0019
743 512 0.0019
510 513 0.0068
514 513 0.0087
517 513 0.0107
513 514 0.0087
515 514 0.0058
517 514 0.0019
514 515 0.0058
516 515 0.0029
736 515 0.0019
515 516 0.0029
729 516 0.0029
486 517 0.0078
513 517 0.0107
514 517 0.0019
477 518 0.0039
510 518 0.0029
522 518 0.0058
753 518 0.0048
474 519 0.0058
520 519 0.0029
523 519 0.0039
519 520 0.0029
527 520 0.0019
522 521 0.0029
523 521 0.0039
518 522 0.0058
521 522 0.0029
550 522 0.0019
477 523 0.0068
519 523 0.0039
521 523 0.0039
473 524 0.0048
525 524 0.0019
528 524 0.0019
473 525 0.0039
524 525 0.0019
526 525 0.001
473 526 0.0039
525 526 0.001
527 526 0.0019
470 527 0.0048
520 527 0.0019
526 527 0.0019
524 528 0.0019
529 528 0.0039
545 528 0.001
528 529 0.0039
530 529 0.0019
533 529 0.0068
529 530 0.0019
531 530 0.0019
532 530 0.0048
530 531 0.0019
532 531 0.0068
535 531 0.0048
537 531 0.0039
530 532 0.0048
531 532 0.0068
533 532 0.0048
534 532 0.001
529 533 0.0068
532 533 0.0048
553 533 0.001
532 534 0.001
537 534 0.0019
543 534 0.0068
754 534 0.0058
461 535 0.0019
462 535 0.0126
463 535 0.0039
531 535 0.0048
462 536 0.0048
537 536 0.0048
538 536 0.0048
531 537 0.0039
534 537 0.0019
536 537 0.0048
538 537 0.0029
536 538 0.0048
537 538 0.0029
539 538 0.0039
541 538 0.0058
538 539 0.0039
540 539 0.0039
543 539 0.001
539 540 0.0039
541 540 0.0048
776 540 0.0019
538 541 0.0058
540 541 0.0048
542 541 0.0039
541 542 0.0039
717 542 0.0029
534 543 0.0068
539 543 0.001
544 543 0.0068
543 544 0.0068
765 544 0.0097
774 544 0.0019
528 545 0.001
550 545 0.0019
552 545 0.0039
547 546 0.0029
552 546 0.0039
553 546 0.0039
554 546 0.0029
546 547 0.0029
555 547 0.0029
751 547 0.0048
549 548 0.0019
550 548 0.0058
552 548 0.0048
751 548 0.0029
548 549 0.0019
550 549 0.0039
753 549 0.001
522 550 0.0019
545 550 0.0019
548 550 0.0058
549 550 0.0039
545 552 0.0039
546 552 0.0039
548 552 0.0048
533 553 0.001
546 553 0.0039
554 553 0.0019
546 554 0.0029
553 554 0.0019
547 555 0.0029
748 555 0.0019
752 555 0.0048
487 556 0.0058
557 556 0.0087
561 556 0.0078
556 557 0.0087
558 557 0.0078
559 557 0.0058
485 558 0.0058
487 558 0.0048
557 558 0.0078
485 559 0.0039
486 559 0.0048
557 559 0.0058
492 560 0.0019
561 560 0.0078
568 560 0.001
571 560 0.0068
556 561 0.0078
560 561 0.0078
562 561 0.0068
561 562 0.0068
563 562 0.0078
564 562 0.0039
571 562 0.0029
562 563 0.0078
728 563 0.0039
729 563 0.0029
562 564 0.0039
726 564 0.0039
491 567 0.0019
568 567 0.0019
491 568 0.0039
560 568 0.001
567 568 0.0019
496 569 0.0039
497 569 0.0058
506 569 0.0048
506 570 0.0029
571 570 0.0029
560 571 0.0068
562 571 0.0029
570 571 0.0029
506 574 0.0039
580 574 0.0039
502 579 0.0039
507 579 0.0126
581 579 0.0078
574 580 0.0039
953 580 0.0039
579 581 0.0078
583 581 0.0029
951 581 0.0039
508 583 0.0029
581 583 0.0029
502 585 0.0029
586 585 0.0029
500 586 0.0029
585 586 0.0029
145 590 0.0048
591 590 0.0019
593 590 0.0078
590 591 0.0019
928 591 0.0048
931 591 0.0019
590 593 0.0078
920 593 0.0048
923 593 0.0019
142 595 0.0048
146 595 0.0048
232 603 0.0029
234 603 0.0029
235 604 0.0039
605 604 0.0019
607 604 0.0068
604 605 0.0019
606 605 0.001
607 605 0.0039
236 606 0.0039
605 606 0.001
607 606 0.0058
604 607 0.0068
605 607 0.0039
606 607 0.0058
612 611 0.0019
616 611 0.0019
611 612 0.0019
616 612 0.0019
611 616 0.0019
612 616 0.0019
300 626 0.0048
311 626 0.0136
627 626 0.0078
626 627 0.0078
629 627 0.0039
632 627 0.0029
627 629 0.0039
903 629 0.0058
905 629 0.001
317 631 0.0019
632 631 0.0019
317 632 0.0058
627 632 0.0029
631 632 0.0019
327 635 0.0068
636 635 0.0068
635 636 0.0068
899 636 0.0019
904 636 0.0039
324 638 0.0068
673 638 0.0068
335 640 0.0039
642 640 0.0039
640 642 0.0039
644 642 0.0039
642 644 0.0039
896 644 0.0068
898 644 0.0097
401 645 0.001
402 645 0.0058
646 645 0.0078
653 645 0.0048
645 646 0.0078
647 646 0.0068
648 646 0.0058
646 647 0.0068
648 647 0.0019
884 647 0.0039
646 648 0.0058
647 648 0.0019
649 648 0.0029
648 649 0.0029
888 649 0.0058
889 649 0.0019
395 650 0.0029
651 650 0.0029
396 651 0.0068
650 651 0.0029
652 651 0.0029
651 652 0.0029
653 652 0.0078
659 652 0.0039
645 653 0.0048
652 653 0.0078
654 653 0.0068
881 653 0.0039
653 654 0.0068
655 654 0.0068
654 655 0.0068
660 655 0.0068
652 659 0.0039
660 659 0.0068
870 659 0.0019
655 660 0.0068
659 660 0.0068
871 660 0.0048
407 662 0.0058
664 662 0.0058
662 664 0.0058
665 664 0.0087
667 664 0.0019
675 664 0.0068
664 665 0.0087
669 665 0.0087
867 665 0.0078
868 665 0.0019
664 667 0.0019
669 667 0.0019
665 669 0.0087
667 669 0.0019
849 669 0.0029
866 669 0.0019
407 670 0.0058
671 670 0.0019
672 670 0.0058
675 670 0.0039
670 671 0.0019
672 671 0.0019
670 672 0.0058
671 672 0.0019
847 672 0.0029
325 673 0.0029
638 673 0.0068
674 673 0.0029
673 674 0.0029
896 674 0.0058
902 674 0.0019
664 675 0.0068
670 675 0.0039
676 675 0.0039
675 676 0.0039
849 676 0.0039
410 678 0.0019
847 678 0.0019
421 681 0.0058
682 681 0.0058
681 682 0.0058
683 682 0.0019
840 682 0.0058
854 682 0.0019
682 683 0.0019
684 683 0.0048
685 683 0.0019
683 684 0.0048
685 684 0.0068
845 684 0.001
683 685 0.0019
684 685 0.0068
845 685 0.001
855 685 0.0019
420 688 0.0068
689 688 0.0107
694 688 0.0048
688 689 0.0107
690 689 0.0116
696 689 0.0097
689 690 0.0116
837 690 0.0048
840 690 0.0058
412 691 0.0029
694 691 0.0048
696 691 0.0068
368 692 0.0029
412 692 0.0058
413 692 0.0019
688 694 0.0048
691 694 0.0048
411 696 0.0078
689 696 0.0097
691 696 0.0068
411 697 0.0058
698 697 0.0116
703 697 0.0068
697 698 0.0116
699 698 0.0116
698 699 0.0116
700 699 0.0107
699 700 0.0107
833 700 0.0048
837 700 0.0048
366 702 0.0048
703 702 0.0058
704 702 0.0097
697 703 0.0068
702 703 0.0058
702 704 0.0097
705 704 0.0126
721 704 0.0019
704 705 0.0126
706 705 0.0048
810 705 0.0107
366 706 0.0029
705 706 0.0048
707 706 0.0048
712 706 0.0029
706 707 0.0048
711 707 0.0048
707 711 0.0048
712 711 0.0039
720 711 0.0019
706 712 0.0029
711 712 0.0039
452 713 0.0019
715 713 0.0019
453 715 0.0048
713 715 0.0019
716 715 0.0019
715 716 0.0019
717 716 0.0048
718 716 0.0019
542 717 0.0029
716 717 0.0048
718 717 0.0029
716 718 0.0019
717 718 0.0029
711 720 0.0019
806 720 0.0048
807 720 0.0019
704 721 0.0019
810 721 0.0203
813 721 0.0116
827 721 0.0048
564 726 0.0039
728 726 0.0039
563 728 0.0039
726 728 0.0039
516 729 0.0029
563 729 0.0029
515 736 0.0019
738 736 0.0019
512 738 0.0019
736 738 0.0019
511 743 0.0019
512 743 0.0019
746 745 0.001
750 745 0.0019
745 746 0.001
747 746 0.001
749 746 0.0029
746 747 0.001
748 747 0.0019
749 747 0.0039
555 748 0.0019
747 748 0.0019
749 748 0.0058
752 748 0.0058
746 749 0.0029
747 749 0.0039
748 749 0.0058
750 749 0.001
745 750 0.0019
749 750 0.001
751 750 0.0029
752 750 0.0058
547 751 0.0048
548 751 0.0029
750 751 0.0029
555 752 0.0048
748 752 0.0058
750 752 0.0058
511 753 0.0029
518 753 0.0048
549 753 0.001
534 754 0.0058
762 754 0.0058
754 762 0.0058
764 762 0.0058
762 764 0.0058
768 764 0.0058
544 765 0.0097
767 765 0.0107
774 765 0.0078
765 767 0.0107
768 767 0.0136
771 767 0.0019
764 768 0.0058
767 768 0.0136
771 768 0.0068
767 771 0.0019
768 771 0.0068
772 771 0.0039
771 772 0.0039
978 772 0.0039
544 774 0.0019
765 774 0.0078
775 774 0.0048
774 775 0.0048
776 775 0.0029
778 775 0.0068
540 776 0.0019
775 776 0.0029
777 776 0.0039
776 777 0.0039
782 777 0.0029
775 778 0.0068
779 778 0.0068
780 778 0.0078
787 778 0.0019
778 779 0.0068
780 779 0.0039
976 779 0.001
978 779 0.0039
778 780 0.0078
779 780 0.0039
783 780 0.0097
793 780 0.0068
794 780 0.0039
782 781 0.0029
786 781 0.0019
777 782 0.0029
781 782 0.0029
783 782 0.0048
780 783 0.0097
782 783 0.0048
784 783 0.0068
787 783 0.0019
783 784 0.0068
785 784 0.0039
789 784 0.0019
784 785 0.0039
786 785 0.0048
795 785 0.0039
781 786 0.0019
785 786 0.0048
800 786 0.0019
778 787 0.0019
783 787 0.0019
784 789 0.0019
791 789 0.0019
789 791 0.0019
792 791 0.0019
793 791 0.0048
791 792 0.0019
793 792 0.0039
795 792 0.001
780 793 0.0068
791 793 0.0048
792 793 0.0039
794 793 0.0019
780 794 0.0039
793 794 0.0019
976 794 0.001
785 795 0.0039
792 795 0.001
796 795 0.0116
800 795 0.0145
795 796 0.0116
797 796 0.0107
802 796 0.0078
796 797 0.0107
799 797 0.0107
797 799 0.0107
969 799 0.0107
786 800 0.0019
795 800 0.0145
801 800 0.0039
804 800 0.0068
800 801 0.0039
802 801 0.0039
796 802 0.0078
801 802 0.0039
969 802 0.0029
800 804 0.0068
806 804 0.0068
720 806 0.0048
804 806 0.0068
807 806 0.0019
811 806 0.0097
720 807 0.0019
806 807 0.0019
705 810 0.0107
721 810 0.0203
811 810 0.0145
806 811 0.0097
810 811 0.0145
817 811 0.0039
721 813 0.0116
814 813 0.0068
817 813 0.0039
813 814 0.0068
815 814 0.0068
814 815 0.0068
816 815 0.0068
815 816 0.0068
971 816 0.0068
811 817 0.0039
813 817 0.0039
721 827 0.0048
829 827 0.0048
827 829 0.0048
830 829 0.0019
832 829 0.0078
829 830 0.0019
832 830 0.0019
829 832 0.0078
830 832 0.0019
833 832 0.0048
700 833 0.0048
832 833 0.0048
690 837 0.0048
700 837 0.0048
682 840 0.0058
690 840 0.0058
684 845 0.001
685 845 0.001
672 847 0.0029
678 847 0.0019
850 847 0.0029
853 847 0.0019
669 849 0.0029
676 849 0.0039
850 849 0.0039
863 849 0.0029
847 850 0.0029
849 850 0.0039
851 850 0.0058
850 851 0.0058
852 851 0.0019
863 851 0.0029
851 852 0.0019
853 852 0.0048
859 852 0.0019
847 853 0.0019
852 853 0.0048
854 853 0.0019
682 854 0.0019
853 854 0.0019
855 854 0.0078
859 854 0.0019
685 855 0.0019
854 855 0.0078
859 855 0.0048
852 859 0.0019
854 859 0.0019
855 859 0.0048
849 863 0.0029
851 863 0.0029
669 866 0.0019
867 866 0.0019
665 867 0.0078
866 867 0.0019
868 867 0.0048
665 868 0.0019
867 868 0.0048
869 868 0.0019
868 869 0.0019
870 869 0.0058
876 869 0.0029
659 870 0.0019
869 870 0.0058
871 870 0.0068
878 870 0.0048
660 871 0.0048
870 871 0.0068
878 871 0.001
869 876 0.0029
878 876 0.0029
870 878 0.0048
871 878 0.001
876 878 0.0029
653 881 0.0039
884 881 0.0039
647 884 0.0039
881 884 0.0039
649 888 0.0058
889 888 0.0019
891 888 0.0019
898 888 0.0058
649 889 0.0019
888 889 0.0019
888 891 0.0019
897 891 0.0019
644 896 0.0068
674 896 0.0058
897 896 0.0058
902 896 0.0048
891 897 0.0019
896 897 0.0058
898 897 0.0029
644 898 0.0097
888 898 0.0058
897 898 0.0029
636 899 0.0019
901 899 0.0019
899 901 0.0019
902 901 0.0019
674 902 0.0019
896 902 0.0048
901 902 0.0019
629 903 0.0058
904 903 0.0087
905 903 0.0058
636 904 0.0039
903 904 0.0087
907 904 0.0039
629 905 0.001
903 905 0.0058
906 905 0.0039
905 906 0.0039
907 906 0.0039
904 907 0.0039
906 907 0.0039
288 917 0.0039
292 917 0.0039
146 918 0.0048
920 918 0.0048
593 920 0.0048
918 920 0.0048
593 923 0.0019
924 923 0.0029
928 923 0.0058
923 924 0.0029
929 924 0.0029
591 928 0.0048
923 928 0.0058
929 928 0.0029
931 928 0.0019
924 929 0.0029
928 929 0.0029
591 931 0.0019
928 931 0.0019
581 951 0.0039
953 951 0.0039
580 953 0.0039
951 953 0.0039
799 969 0.0107
802 969 0.0029
970 969 0.0068
969 970 0.0068
971 970 0.0068
816 971 0.0068
970 971 0.0068
779 976 0.001
794 976 0.001
772 978 0.0039
779 978 0.0039
334 979 0.0019
337 979 0.0078
980 979 0.0087
335 980 0.0039
402 980 0.0097
979 980 0.0087
488 981 0.0029
496 981 0.0048
497 981 0.0029
484 982 0.0087
490 982 0.0068
492 982 0.001
499 983 0.0068
502 983 0.0116
503 983 0.0116
495 984 0.0029
504 984 0.0029
376 986 0.0058
377 986 0.0019
378 986 0.0029
