3 1 0.0089
94 1 0.01
104 1 0.0033
128 1 0.0244
203 1 0.01
210 1 0.0011
211 1 0.0044
234 1 0.0177
239 1 0.0122
270 1 0.0022
294 1 0.0022
396 1 0.0033
419 1 0.0022
429 1 0.0055
460 1 0.0022
464 1 0.0044
475 1 0.0011
483 1 0.0011
484 1 0.0067
488 1 0.0022
554 1 0.0244
575 1 0.0388
577 1 0.0055
580 1 0.0033
607 1 0.0177
628 1 0.0022
638 1 0.0144
642 1 0.0022
654 1 0.0089
655 1 0.0022
656 1 0.0055
364 2 0.0055
390 2 0.0033
915 2 0.01
1 3 0.0089
4 3 0.0055
396 3 0.0022
3 4 0.0055
7 4 0.0111
353 4 0.0022
397 4 0.0011
166 5 0.0022
224 5 0.0011
751 5 0.0044
4 7 0.0111
8 7 0.01
353 7 0.0133
7 8 0.01
9 8 0.0144
291 8 0.0122
8 9 0.0144
10 9 0.0211
27 9 0.0211
64 9 0.0055
9 10 0.0211
11 10 0.0166
35 10 0.0033
10 11 0.0166
12 11 0.0089
13 11 0.0177
11 12 0.0089
64 12 0.0011
73 12 0.0067
11 13 0.0177
15 13 0.0133
44 13 0.0144
23 14 0.0055
317 14 0.0089
739 14 0.0022
13 15 0.0133
17 15 0.0133
18 16 0.0044
506 16 0.0022
739 16 0.0011
15 17 0.0133
22 17 0.02
25 17 0.0166
16 18 0.0044
506 18 0.0033
739 18 0.0022
132 19 0.0166
728 19 0.0177
17 22 0.02
833 22 0.0222
836 22 0.0078
14 23 0.0055
24 23 0.0078
132 23 0.0144
23 24 0.0078
30 24 0.0055
521 24 0.0011
17 25 0.0166
843 25 0.0166
840 26 0.0055
843 26 0.0177
851 26 0.0111
9 27 0.0211
28 27 0.0111
35 27 0.0089
27 28 0.0111
29 28 0.0089
291 28 0.0011
28 29 0.0089
32 29 0.0122
330 29 0.0089
24 30 0.0055
367 30 0.0055
29 32 0.0122
323 32 0.0089
830 32 0.0022
34 33 0.0044
132 33 0.0011
781 33 0.0067
33 34 0.0044
349 34 0.0044
10 35 0.0033
27 35 0.0089
40 35 0.0044
37 36 0.0078
41 36 0.0022
727 36 0.0044
781 36 0.01
36 37 0.0078
38 37 0.0044
781 37 0.0022
37 38 0.0044
349 38 0.0044
35 40 0.0044
42 40 0.0044
36 41 0.0022
727 41 0.0022
40 42 0.0044
831 42 0.0011
833 42 0.0067
13 44 0.0144
46 44 0.0022
57 44 0.0177
44 46 0.0022
47 46 0.0044
55 46 0.0011
46 47 0.0044
48 47 0.0078
51 47 0.0022
47 48 0.0078
49 48 0.0033
51 48 0.0033
55 48 0.0011
48 49 0.0033
143 49 0.0044
847 49 0.0089
47 51 0.0022
48 51 0.0033
46 55 0.0011
48 55 0.0011
44 57 0.0177
58 57 0.0211
72 57 0.0022
57 58 0.0211
59 58 0.0022
445 58 0.0255
58 59 0.0022
374 59 0.0011
528 60 0.0022
714 60 0.0022
62 61 0.0022
374 61 0.0011
61 62 0.0022
143 62 0.0033
374 62 0.0055
878 62 0.0067
9 64 0.0055
12 64 0.0011
66 64 0.0033
263 65 0.02
341 65 0.0078
704 65 0.02
64 66 0.0033
68 66 0.0011
354 66 0.0011
77 67 0.0033
263 67 0.0022
326 67 0.0067
66 68 0.0011
69 68 0.0067
368 68 0.0044
68 69 0.0067
70 69 0.0044
73 69 0.0089
369 69 0.0133
69 70 0.0044
71 70 0.0055
72 70 0.0022
73 70 0.0011
70 71 0.0055
72 71 0.0055
370 71 0.0022
371 71 0.0089
445 71 0.0055
57 72 0.0022
70 72 0.0022
71 72 0.0055
12 73 0.0067
69 73 0.0089
70 73 0.0011
341 74 0.0033
438 74 0.0033
67 77 0.0033
341 77 0.0033
438 79 0.0078
708 79 0.0078
88 81 0.0067
696 81 0.0044
887 81 0.0078
83 82 0.0078
880 82 0.0055
887 82 0.0078
82 83 0.0078
88 83 0.0044
89 83 0.0022
89 84 0.0055
325 84 0.0022
881 84 0.0022
81 88 0.0067
83 88 0.0044
695 88 0.0011
83 89 0.0022
84 89 0.0055
325 89 0.0022
328 93 0.0044
859 93 0.0044
1 94 0.01
96 94 0.0111
283 94 0.0089
328 95 0.0022
794 95 0.0022
94 96 0.0111
97 96 0.0089
313 96 0.0078
96 97 0.0089
98 97 0.0111
108 97 0.0011
97 98 0.0111
108 98 0.0011
113 98 0.0089
100 99 0.0177
101 99 0.0144
110 99 0.0055
113 99 0.0089
99 100 0.0177
101 100 0.0022
118 100 0.0144
99 101 0.0144
100 101 0.0022
102 101 0.0111
101 102 0.0111
104 102 0.0078
124 102 0.0022
105 103 0.0055
485 103 0.0033
867 103 0.0033
1 104 0.0033
102 104 0.0078
179 104 0.0122
103 105 0.0055
485 105 0.0022
869 105 0.0022
97 108 0.0011
98 108 0.0011
244 109 0.0022
252 109 0.0078
867 109 0.0044
99 110 0.0055
114 110 0.0055
122 112 0.0022
854 112 0.0022
98 113 0.0089
99 113 0.0089
110 114 0.0055
116 114 0.0011
118 114 0.0033
114 116 0.0011
120 116 0.0044
805 116 0.0022
100 118 0.0144
114 118 0.0033
119 118 0.01
118 119 0.01
120 119 0.0067
123 119 0.0022
116 120 0.0044
119 120 0.0067
121 120 0.0022
171 120 0.0044
120 121 0.0022
171 121 0.0022
112 122 0.0022
167 122 0.0022
119 123 0.0022
124 123 0.0055
125 123 0.0022
102 124 0.0022
123 124 0.0055
125 124 0.0022
123 125 0.0022
124 125 0.0022
1 128 0.0244
129 128 0.02
186 128 0.0033
128 129 0.02
130 129 0.0111
179 129 0.0122
129 130 0.0111
131 130 0.0122
148 130 0.02
130 131 0.0122
148 131 0.0022
268 131 0.0089
19 132 0.0166
23 132 0.0144
33 132 0.0011
134 133 0.0089
169 133 0.0044
268 133 0.0078
133 134 0.0089
135 134 0.0067
142 134 0.0111
169 134 0.0022
171 134 0.0011
134 135 0.0067
137 135 0.0067
135 137 0.0067
138 137 0.0022
142 137 0.0033
137 138 0.0022
141 138 0.0022
140 139 0.0055
471 139 0.0022
651 139 0.0022
139 140 0.0055
471 140 0.0055
653 140 0.0055
138 141 0.0022
145 141 0.0055
795 141 0.0022
134 142 0.0111
137 142 0.0033
145 142 0.0055
49 143 0.0044
62 143 0.0033
853 144 0.0044
854 144 0.0022
856 144 0.0011
141 145 0.0055
142 145 0.0055
146 145 0.0055
145 146 0.0055
159 146 0.0055
787 146 0.0055
130 148 0.02
131 148 0.0022
149 148 0.02
168 148 0.0044
148 149 0.02
150 149 0.0166
170 149 0.0089
149 150 0.0166
151 150 0.0067
191 150 0.0166
266 150 0.0044
150 151 0.0067
152 151 0.0067
165 151 0.0055
151 152 0.0067
153 152 0.0033
165 152 0.0022
152 153 0.0033
154 153 0.0055
157 153 0.0011
153 154 0.0055
155 154 0.0055
157 154 0.0033
191 154 0.0078
154 155 0.0055
159 155 0.0078
213 155 0.01
153 157 0.0011
154 157 0.0033
159 157 0.0011
146 159 0.0055
155 159 0.0078
157 159 0.0011
836 164 0.0011
837 164 0.0022
151 165 0.0055
152 165 0.0022
266 165 0.0011
5 166 0.0022
167 166 0.0111
749 166 0.0155
122 167 0.0022
166 167 0.0111
228 167 0.0078
148 168 0.0044
169 168 0.0033
133 169 0.0044
134 169 0.0022
168 169 0.0033
170 169 0.0055
149 170 0.0089
169 170 0.0055
266 170 0.0022
120 171 0.0044
121 171 0.0022
134 171 0.0011
226 174 0.0044
231 174 0.0055
751 174 0.0044
176 175 0.0022
416 175 0.0044
749 175 0.0078
175 176 0.0022
751 176 0.0022
104 179 0.0122
129 179 0.0122
836 180 0.0022
851 180 0.0022
184 183 0.0033
188 183 0.0067
829 183 0.0022
183 184 0.0033
822 184 0.0033
128 186 0.0033
204 186 0.0078
206 186 0.0033
183 188 0.0067
189 188 0.0055
822 188 0.0067
188 189 0.0055
813 189 0.0022
896 189 0.0089
150 191 0.0166
154 191 0.0078
201 191 0.0011
213 191 0.0144
813 199 0.0055
896 199 0.0055
191 201 0.0011
202 201 0.0022
246 201 0.0044
201 202 0.0022
203 202 0.0033
1 203 0.01
202 203 0.0033
204 203 0.0033
270 203 0.0011
186 204 0.0078
203 204 0.0033
205 204 0.0033
204 205 0.0033
206 205 0.0033
186 206 0.0033
205 206 0.0033
1 210 0.0011
211 210 0.0011
1 211 0.0044
210 211 0.0011
246 211 0.0022
155 213 0.01
191 213 0.0144
214 213 0.01
213 214 0.01
215 214 0.0122
222 214 0.0011
214 215 0.0122
221 215 0.0089
788 215 0.0022
221 219 0.0067
238 219 0.0067
215 221 0.0089
219 221 0.0067
222 221 0.0011
214 222 0.0011
221 222 0.0011
5 224 0.0011
225 224 0.0022
226 224 0.0044
224 225 0.0022
226 225 0.0055
231 225 0.0022
174 226 0.0044
224 226 0.0044
225 226 0.0055
167 228 0.0078
229 228 0.0044
231 228 0.0022
228 229 0.0044
411 229 0.0022
687 229 0.0078
174 231 0.0055
225 231 0.0022
228 231 0.0022
1 234 0.0177
235 234 0.0177
248 234 0.0078
234 235 0.0177
236 235 0.0111
657 235 0.0055
235 236 0.0111
237 236 0.0067
242 236 0.0033
236 237 0.0067
238 237 0.0067
219 238 0.0067
237 238 0.0067
1 239 0.0122
240 239 0.0033
246 239 0.0078
239 240 0.0033
241 240 0.0022
248 240 0.0067
240 241 0.0022
242 241 0.0044
248 241 0.0078
236 242 0.0033
241 242 0.0044
109 244 0.0022
247 244 0.0022
201 246 0.0044
211 246 0.0022
239 246 0.0078
244 247 0.0022
252 247 0.0067
254 247 0.0033
234 248 0.0078
240 248 0.0067
241 248 0.0078
109 252 0.0078
247 252 0.0067
259 252 0.0089
247 254 0.0033
255 254 0.0044
259 254 0.0089
254 255 0.0044
348 255 0.0044
252 259 0.0089
254 259 0.0089
339 262 0.0022
485 262 0.0022
794 262 0.0055
65 263 0.02
67 263 0.0022
326 263 0.0233
150 266 0.0044
165 266 0.0011
170 266 0.0022
131 268 0.0089
133 268 0.0078
1 270 0.0022
203 270 0.0011
94 283 0.0089
284 283 0.0111
291 283 0.01
283 284 0.0111
285 284 0.0111
284 285 0.0111
286 285 0.0089
313 285 0.0078
285 286 0.0089
287 286 0.0089
286 287 0.0089
288 287 0.0089
287 288 0.0089
295 288 0.0089
458 290 0.0022
462 290 0.0022
8 291 0.0122
28 291 0.0011
283 291 0.01
293 291 0.0122
432 292 0.0033
440 292 0.0044
291 293 0.0122
295 293 0.0133
298 293 0.0067
1 294 0.0022
431 294 0.0044
439 294 0.01
440 294 0.0055
288 295 0.0089
293 295 0.0133
296 295 0.01
295 296 0.01
297 296 0.01
296 297 0.01
303 297 0.0067
808 297 0.0089
293 298 0.0067
299 298 0.0078
330 298 0.0067
298 299 0.0078
301 299 0.0122
303 299 0.01
331 299 0.0011
299 301 0.0122
330 301 0.01
331 301 0.0011
297 303 0.0067
299 303 0.01
817 303 0.0089
717 311 0.0022
894 311 0.0022
96 313 0.0078
285 313 0.0078
14 317 0.0089
732 317 0.0078
738 317 0.0011
739 317 0.0033
32 323 0.0089
823 323 0.0055
829 323 0.0022
84 325 0.0022
89 325 0.0022
67 326 0.0067
263 326 0.0233
714 326 0.0155
93 328 0.0044
95 328 0.0022
869 328 0.0078
29 330 0.0089
298 330 0.0067
301 330 0.01
299 331 0.0011
301 331 0.0011
262 339 0.0022
362 339 0.0011
794 339 0.0044
65 341 0.0078
74 341 0.0033
77 341 0.0033
255 348 0.0044
687 348 0.0044
34 349 0.0044
38 349 0.0044
4 353 0.0022
7 353 0.0133
354 353 0.0022
408 353 0.01
66 354 0.0011
353 354 0.0022
356 355 0.0022
368 355 0.0011
355 356 0.0022
357 356 0.0133
378 356 0.0144
356 357 0.0133
359 357 0.0078
376 357 0.0011
378 357 0.0022
357 359 0.0078
360 359 0.0044
410 359 0.0133
359 360 0.0044
361 360 0.0033
360 361 0.0033
400 361 0.0044
339 362 0.0011
794 362 0.0011
2 364 0.0055
365 364 0.0089
366 364 0.0022
364 365 0.0089
366 365 0.0122
684 365 0.0022
364 366 0.0022
365 366 0.0122
367 366 0.0089
30 367 0.0055
366 367 0.0089
684 367 0.0022
68 368 0.0044
355 368 0.0011
369 368 0.0022
69 369 0.0133
368 369 0.0022
370 369 0.0144
391 369 0.0033
71 370 0.0022
369 370 0.0144
371 370 0.0177
71 371 0.0089
370 371 0.0177
372 371 0.0266
911 371 0.0288
371 372 0.0266
873 372 0.0155
876 372 0.0211
374 373 0.0033
911 373 0.0044
59 374 0.0011
61 374 0.0011
62 374 0.0055
373 374 0.0033
877 374 0.01
357 376 0.0011
377 376 0.0044
378 376 0.0067
376 377 0.0044
393 377 0.0044
699 377 0.0055
356 378 0.0144
357 378 0.0022
376 378 0.0067
379 378 0.0122
381 378 0.0033
378 379 0.0122
380 379 0.0067
384 379 0.0067
379 380 0.0067
381 380 0.0067
378 381 0.0033
380 381 0.0067
382 381 0.0033
394 381 0.0044
381 382 0.0033
394 382 0.0022
444 382 0.0022
690 382 0.0011
379 384 0.0067
385 384 0.0133
388 384 0.0022
391 384 0.0022
384 385 0.0133
386 385 0.0177
387 385 0.0011
872 385 0.0011
884 385 0.0067
886 385 0.0022
385 386 0.0177
872 386 0.0055
873 386 0.01
884 386 0.0022
385 387 0.0011
879 387 0.0033
882 387 0.0044
884 387 0.0067
384 388 0.0022
872 388 0.0033
2 390 0.0033
740 390 0.0033
369 391 0.0033
384 391 0.0022
377 393 0.0044
394 393 0.0011
699 393 0.0022
381 394 0.0044
382 394 0.0022
393 394 0.0011
1 396 0.0033
3 396 0.0022
4 397 0.0011
419 397 0.0033
400 399 0.0078
408 399 0.0055
419 399 0.0078
361 400 0.0044
399 400 0.0078
401 400 0.0188
408 400 0.0111
430 400 0.0155
400 401 0.0188
402 401 0.0144
430 401 0.0022
432 401 0.0067
401 402 0.0144
403 402 0.0067
410 402 0.0133
402 403 0.0067
404 403 0.01
424 403 0.0022
403 404 0.01
406 404 0.0078
413 404 0.0022
424 404 0.0111
441 404 0.0078
404 406 0.0078
418 406 0.0022
446 406 0.0033
353 408 0.01
399 408 0.0055
400 408 0.0111
359 410 0.0133
402 410 0.0133
424 410 0.0055
229 411 0.0022
687 411 0.0022
404 413 0.0022
424 413 0.0011
175 416 0.0044
417 416 0.0078
830 416 0.0022
416 417 0.0078
834 417 0.0166
835 417 0.0188
406 418 0.0022
421 418 0.0067
816 418 0.0033
1 419 0.0022
397 419 0.0033
399 419 0.0078
429 419 0.0022
418 421 0.0067
422 421 0.0022
423 421 0.0033
421 422 0.0022
699 422 0.0022
421 423 0.0033
816 423 0.0033
403 424 0.0022
404 424 0.0111
410 424 0.0055
413 424 0.0011
1 429 0.0055
419 429 0.0022
430 429 0.0089
400 430 0.0155
401 430 0.0022
429 430 0.0089
431 430 0.0033
439 430 0.0089
294 431 0.0044
430 431 0.0033
292 432 0.0033
401 432 0.0067
434 432 0.0022
432 434 0.0022
435 434 0.0055
441 434 0.0022
434 435 0.0055
441 435 0.0111
455 435 0.0044
74 438 0.0033
79 438 0.0078
897 438 0.0033
294 439 0.01
430 439 0.0089
292 440 0.0044
294 440 0.0055
404 441 0.0078
434 441 0.0022
435 441 0.0111
382 444 0.0022
690 444 0.0022
691 444 0.0055
58 445 0.0255
71 445 0.0055
911 445 0.0255
406 446 0.0033
447 446 0.0044
907 446 0.0089
446 447 0.0044
448 447 0.0089
451 447 0.0033
447 448 0.0089
449 448 0.0111
450 448 0.0011
448 449 0.0111
450 449 0.0022
457 449 0.0078
448 450 0.0011
449 450 0.0022
447 451 0.0033
452 451 0.0022
451 452 0.0022
453 452 0.0033
487 452 0.0022
490 452 0.0033
452 453 0.0033
454 453 0.0055
457 453 0.0011
453 454 0.0055
455 454 0.0055
460 454 0.0044
466 454 0.0022
435 455 0.0044
454 455 0.0055
456 455 0.0089
455 456 0.0089
457 456 0.0122
907 456 0.0022
449 457 0.0078
453 457 0.0011
456 457 0.0122
907 457 0.0122
290 458 0.0022
462 458 0.0022
1 460 0.0022
454 460 0.0044
465 460 0.0055
290 462 0.0022
458 462 0.0022
1 464 0.0044
465 464 0.0044
815 464 0.0055
460 465 0.0055
464 465 0.0044
466 465 0.0022
815 465 0.0033
454 466 0.0022
465 466 0.0022
471 470 0.0022
481 470 0.0044
815 470 0.0033
139 471 0.0022
140 471 0.0055
470 471 0.0022
473 472 0.0067
477 472 0.01
482 472 0.0022
472 473 0.0067
474 473 0.0055
473 474 0.0055
475 474 0.0033
488 474 0.0011
1 475 0.0011
474 475 0.0033
476 475 0.01
554 475 0.0022
475 476 0.01
477 476 0.0111
554 476 0.0111
472 477 0.01
476 477 0.0111
478 477 0.02
542 477 0.0211
477 478 0.02
552 478 0.0044
553 478 0.0033
649 478 0.0188
480 479 0.0177
649 479 0.0222
653 479 0.0055
479 480 0.0177
491 480 0.0166
470 481 0.0044
482 481 0.0078
484 481 0.0089
472 482 0.0022
481 482 0.0078
483 482 0.0033
1 483 0.0011
482 483 0.0033
484 483 0.0055
1 484 0.0067
481 484 0.0089
483 484 0.0055
103 485 0.0033
105 485 0.0022
262 485 0.0022
869 485 0.0033
452 487 0.0022
490 487 0.0022
1 488 0.0022
474 488 0.0011
452 490 0.0033
487 490 0.0022
480 491 0.0166
494 491 0.02
509 491 0.0067
491 494 0.02
499 494 0.0233
510 494 0.0022
496 495 0.0022
497 495 0.0022
495 496 0.0022
497 496 0.0022
495 497 0.0022
496 497 0.0022
494 499 0.0233
501 499 0.02
510 499 0.0078
511 499 0.0033
515 499 0.0089
499 501 0.02
502 501 0.0166
890 501 0.0055
501 502 0.0166
507 502 0.02
557 502 0.0022
505 504 0.0055
557 504 0.0055
707 504 0.0078
504 505 0.0055
557 505 0.0011
689 505 0.0044
692 505 0.0044
700 505 0.0033
16 506 0.0022
18 506 0.0033
502 507 0.02
557 507 0.0078
704 507 0.02
509 508 0.0033
513 508 0.0011
553 508 0.0011
491 509 0.0067
508 509 0.0033
510 509 0.0022
494 510 0.0022
499 510 0.0078
509 510 0.0022
511 510 0.0011
499 511 0.0033
510 511 0.0011
512 511 0.0011
511 512 0.0011
513 512 0.0011
520 512 0.0033
508 513 0.0011
512 513 0.0011
499 515 0.0089
520 515 0.0089
512 520 0.0033
515 520 0.0089
529 520 0.0044
24 521 0.0011
915 521 0.0022
523 522 0.02
551 522 0.02
522 523 0.02
524 523 0.0144
538 523 0.0067
539 523 0.0033
523 524 0.0144
525 524 0.0177
534 524 0.0022
524 525 0.0177
526 525 0.0166
527 525 0.0011
534 525 0.0022
892 525 0.0033
525 526 0.0166
676 526 0.0022
680 526 0.0166
682 526 0.0022
525 527 0.0011
528 527 0.0022
892 527 0.0044
60 528 0.0022
527 528 0.0022
892 528 0.0044
520 529 0.0044
890 529 0.0055
524 534 0.0022
525 534 0.0022
523 538 0.0067
539 538 0.0022
560 538 0.0033
523 539 0.0033
538 539 0.0022
541 540 0.0033
544 540 0.0011
551 540 0.0022
540 541 0.0033
542 541 0.0211
551 541 0.0211
477 542 0.0211
541 542 0.0211
543 542 0.0233
552 542 0.0022
554 542 0.0222
561 542 0.0078
582 542 0.0033
542 543 0.0233
544 543 0.0044
545 543 0.0244
540 544 0.0011
543 544 0.0044
545 544 0.0022
543 545 0.0244
544 545 0.0022
546 545 0.0188
565 545 0.0011
545 546 0.0188
547 546 0.0188
546 547 0.0188
548 547 0.0188
547 548 0.0188
549 548 0.0078
559 548 0.0233
548 549 0.0078
598 549 0.0122
627 549 0.0033
522 551 0.02
540 551 0.0022
541 551 0.0211
478 552 0.0044
542 552 0.0022
553 552 0.0011
478 553 0.0033
508 553 0.0011
552 553 0.0011
1 554 0.0244
475 554 0.0022
476 554 0.0111
542 554 0.0222
502 557 0.0022
504 557 0.0055
505 557 0.0011
507 557 0.0078
548 559 0.0233
560 559 0.0222
538 560 0.0033
559 560 0.0222
722 560 0.0122
734 560 0.0044
542 561 0.0078
562 561 0.0044
582 561 0.0022
561 562 0.0044
563 562 0.0022
565 562 0.0011
572 562 0.0055
562 563 0.0022
568 563 0.0011
569 563 0.0044
545 565 0.0011
562 565 0.0011
563 568 0.0011
569 568 0.0011
563 569 0.0044
568 569 0.0011
570 569 0.0022
569 570 0.0022
572 570 0.0044
598 570 0.0011
562 572 0.0055
570 572 0.0044
573 572 0.0044
572 573 0.0044
574 573 0.0078
576 573 0.0022
573 574 0.0078
575 574 0.0089
1 575 0.0388
574 575 0.0089
576 575 0.0355
573 576 0.0022
575 576 0.0355
577 576 0.0033
578 576 0.0277
1 577 0.0055
576 577 0.0033
578 577 0.0011
576 578 0.0277
577 578 0.0011
579 578 0.0255
578 579 0.0255
580 579 0.0067
583 579 0.0299
585 579 0.0022
1 580 0.0033
579 580 0.0067
589 580 0.0044
542 582 0.0033
561 582 0.0022
579 583 0.0299
584 583 0.0222
585 583 0.0067
583 584 0.0222
600 584 0.0222
579 585 0.0022
583 585 0.0067
586 585 0.0033
585 586 0.0033
587 586 0.0022
591 586 0.01
592 586 0.0022
586 587 0.0022
604 587 0.0022
580 589 0.0044
590 589 0.0044
589 590 0.0044
591 590 0.0033
586 591 0.01
590 591 0.0033
592 591 0.0055
586 592 0.0022
591 592 0.0055
604 592 0.0022
549 598 0.0122
570 598 0.0011
630 598 0.01
584 600 0.0222
601 600 0.0233
600 601 0.0233
738 601 0.0166
748 601 0.0144
611 602 0.0022
617 602 0.0033
587 604 0.0022
592 604 0.0022
1 607 0.0177
608 607 0.02
626 607 0.0011
607 608 0.02
610 608 0.01
612 608 0.0089
608 610 0.01
611 610 0.01
602 611 0.0022
610 611 0.01
617 611 0.0133
608 612 0.0089
624 612 0.0089
621 613 0.0011
683 613 0.0044
688 613 0.0022
602 617 0.0033
611 617 0.0133
618 617 0.0122
754 617 0.0022
617 618 0.0122
619 618 0.0089
754 618 0.0022
618 619 0.0089
742 619 0.0188
750 619 0.0089
613 621 0.0011
683 621 0.0011
612 624 0.0089
625 624 0.0055
633 624 0.0089
624 625 0.0055
626 625 0.0022
629 625 0.0022
607 626 0.0011
625 626 0.0022
549 627 0.0033
630 627 0.0044
1 628 0.0022
629 628 0.0011
625 629 0.0022
628 629 0.0011
635 629 0.0055
598 630 0.01
627 630 0.0044
734 630 0.0044
632 631 0.0133
635 631 0.0055
636 631 0.0166
637 631 0.0022
631 632 0.0133
633 632 0.0089
644 632 0.0033
624 633 0.0089
632 633 0.0089
635 633 0.0055
629 635 0.0055
631 635 0.0055
633 635 0.0055
631 636 0.0166
637 636 0.0067
642 636 0.0089
631 637 0.0022
636 637 0.0067
648 637 0.0055
652 637 0.0011
1 638 0.0144
639 638 0.0011
642 638 0.0122
638 639 0.0011
640 639 0.0044
652 639 0.0022
639 640 0.0044
652 640 0.0022
654 640 0.0033
662 640 0.0011
1 642 0.0022
636 642 0.0089
638 642 0.0122
632 644 0.0033
648 644 0.0033
637 648 0.0055
644 648 0.0033
652 648 0.0011
478 649 0.0188
479 649 0.0222
651 649 0.0022
139 651 0.0022
649 651 0.0022
653 651 0.0055
637 652 0.0011
639 652 0.0022
640 652 0.0022
648 652 0.0011
140 653 0.0055
479 653 0.0055
651 653 0.0055
1 654 0.0089
640 654 0.0033
655 654 0.0044
1 655 0.0022
654 655 0.0044
656 655 0.0011
1 656 0.0055
655 656 0.0011
657 656 0.0011
660 656 0.0011
235 657 0.0055
656 657 0.0011
660 657 0.0033
656 660 0.0011
657 660 0.0033
662 660 0.0011
640 662 0.0011
660 662 0.0011
672 671 0.0033
782 671 0.0033
671 672 0.0033
776 672 0.0033
526 676 0.0022
682 676 0.0022
526 680 0.0166
681 680 0.0166
680 681 0.0166
714 681 0.0166
526 682 0.0022
676 682 0.0022
613 683 0.0044
621 683 0.0011
685 683 0.0044
764 683 0.0011
365 684 0.0022
367 684 0.0022
683 685 0.0044
686 685 0.0044
688 685 0.0055
685 686 0.0044
688 686 0.0022
764 686 0.0011
229 687 0.0078
348 687 0.0044
411 687 0.0022
613 688 0.0022
685 688 0.0055
686 688 0.0022
505 689 0.0044
690 689 0.0055
382 690 0.0011
444 690 0.0022
689 690 0.0055
691 690 0.0067
700 690 0.0033
444 691 0.0055
690 691 0.0067
505 692 0.0044
693 692 0.0044
692 693 0.0044
695 693 0.0055
696 693 0.0022
88 695 0.0011
693 695 0.0055
708 695 0.0033
81 696 0.0044
693 696 0.0022
886 696 0.0033
377 699 0.0055
393 699 0.0022
422 699 0.0022
505 700 0.0033
690 700 0.0033
65 704 0.02
507 704 0.02
707 704 0.0078
504 707 0.0078
704 707 0.0078
897 707 0.0078
79 708 0.0078
695 708 0.0033
897 708 0.0122
60 714 0.0022
326 714 0.0155
681 714 0.0166
311 717 0.0022
894 717 0.0022
560 722 0.0122
724 722 0.0188
731 722 0.0144
722 724 0.0188
725 724 0.0155
731 724 0.0022
724 725 0.0155
726 725 0.0188
728 725 0.0022
725 726 0.0188
727 726 0.0011
728 726 0.0211
36 727 0.0044
41 727 0.0022
726 727 0.0011
19 728 0.0177
725 728 0.0022
726 728 0.0211
722 731 0.0144
724 731 0.0022
732 731 0.0144
733 731 0.0022
317 732 0.0078
731 732 0.0144
733 732 0.0055
731 733 0.0022
732 733 0.0055
738 733 0.0022
560 734 0.0044
630 734 0.0044
317 738 0.0011
601 738 0.0166
733 738 0.0022
915 738 0.0133
14 739 0.0022
16 739 0.0011
18 739 0.0022
317 739 0.0033
390 740 0.0033
908 740 0.0033
619 742 0.0188
744 742 0.02
744 743 0.0133
745 743 0.0044
748 743 0.0122
742 744 0.02
743 744 0.0133
745 744 0.0122
743 745 0.0044
744 745 0.0122
746 745 0.0133
748 745 0.0055
745 746 0.0133
903 746 0.0133
601 748 0.0144
743 748 0.0122
745 748 0.0055
166 749 0.0155
175 749 0.0078
751 749 0.0089
835 749 0.0144
619 750 0.0089
752 750 0.0133
763 750 0.0033
5 751 0.0044
174 751 0.0044
176 751 0.0022
749 751 0.0089
750 752 0.0133
753 752 0.0166
762 752 0.0022
752 753 0.0166
758 753 0.0133
762 753 0.0089
617 754 0.0022
618 754 0.0022
758 757 0.01
759 757 0.0022
898 757 0.0067
753 758 0.0133
757 758 0.01
759 758 0.0022
760 758 0.0055
757 759 0.0022
758 759 0.0022
758 760 0.0055
761 760 0.0022
762 760 0.0022
760 761 0.0022
902 761 0.0011
752 762 0.0022
753 762 0.0089
760 762 0.0022
763 762 0.0022
750 763 0.0033
762 763 0.0022
683 764 0.0011
686 764 0.0011
771 770 0.0022
773 770 0.0022
770 771 0.0022
773 771 0.0022
770 773 0.0022
771 773 0.0022
672 776 0.0033
782 776 0.0033
33 781 0.0067
36 781 0.01
37 781 0.0022
671 782 0.0033
776 782 0.0033
146 787 0.0055
788 787 0.0022
790 787 0.0022
215 788 0.0022
787 788 0.0022
787 790 0.0022
795 790 0.0022
95 794 0.0022
262 794 0.0055
339 794 0.0044
362 794 0.0011
141 795 0.0022
790 795 0.0022
116 805 0.0022
808 805 0.0022
297 808 0.0089
805 808 0.0022
809 808 0.0089
814 808 0.0022
808 809 0.0089
810 809 0.0022
812 809 0.0122
809 810 0.0022
812 810 0.0055
814 810 0.0022
809 812 0.0122
810 812 0.0055
813 812 0.0022
818 812 0.0022
189 813 0.0022
199 813 0.0055
812 813 0.0022
808 814 0.0022
810 814 0.0022
464 815 0.0055
465 815 0.0033
470 815 0.0033
418 816 0.0033
423 816 0.0033
303 817 0.0089
818 817 0.0033
819 817 0.0067
812 818 0.0022
817 818 0.0033
817 819 0.0067
825 819 0.0055
184 822 0.0033
188 822 0.0067
896 822 0.0022
323 823 0.0055
824 823 0.0055
823 824 0.0055
825 824 0.0055
819 825 0.0055
824 825 0.0055
183 829 0.0022
323 829 0.0022
32 830 0.0022
416 830 0.0022
42 831 0.0011
834 831 0.0011
22 833 0.0222
42 833 0.0067
834 833 0.0188
417 834 0.0166
831 834 0.0011
833 834 0.0188
417 835 0.0188
749 835 0.0144
837 835 0.0055
22 836 0.0078
164 836 0.0011
180 836 0.0022
837 836 0.0067
164 837 0.0022
835 837 0.0055
836 837 0.0067
26 840 0.0055
841 840 0.0078
845 840 0.0011
840 841 0.0078
842 841 0.0033
843 841 0.0033
841 842 0.0033
843 842 0.0067
845 842 0.0067
25 843 0.0166
26 843 0.0177
841 843 0.0033
842 843 0.0067
845 844 0.0033
846 844 0.0022
840 845 0.0011
842 845 0.0067
844 845 0.0033
846 845 0.0089
844 846 0.0022
845 846 0.0089
847 846 0.0055
49 847 0.0089
846 847 0.0055
878 847 0.0133
26 851 0.0111
180 851 0.0022
852 851 0.0133
857 851 0.0055
851 852 0.0133
853 852 0.0155
856 852 0.0011
863 852 0.01
144 853 0.0044
852 853 0.0155
854 853 0.0166
112 854 0.0022
144 854 0.0022
853 854 0.0166
867 854 0.0089
869 854 0.0089
144 856 0.0011
852 856 0.0011
851 857 0.0055
861 857 0.0089
862 857 0.0033
93 859 0.0044
860 859 0.0033
866 859 0.0078
859 860 0.0033
861 860 0.0055
866 860 0.0078
857 861 0.0089
860 861 0.0055
862 861 0.0022
857 862 0.0033
861 862 0.0022
852 863 0.01
866 863 0.01
859 866 0.0078
860 866 0.0078
863 866 0.01
103 867 0.0033
109 867 0.0044
854 867 0.0089
105 869 0.0022
328 869 0.0078
485 869 0.0033
854 869 0.0089
385 872 0.0011
386 872 0.0055
388 872 0.0033
372 873 0.0155
386 873 0.01
874 873 0.0044
873 874 0.0044
875 874 0.0011
876 874 0.0022
874 875 0.0011
878 875 0.0011
372 876 0.0211
874 876 0.0022
877 876 0.01
878 876 0.0133
374 877 0.01
876 877 0.01
878 877 0.0055
62 878 0.0067
847 878 0.0133
875 878 0.0011
876 878 0.0133
877 878 0.0055
387 879 0.0033
880 879 0.0044
887 879 0.0044
82 880 0.0055
879 880 0.0044
881 880 0.0044
84 881 0.0022
880 881 0.0044
883 881 0.0011
387 882 0.0044
883 882 0.0011
885 882 0.0022
881 883 0.0011
882 883 0.0011
385 884 0.0067
386 884 0.0022
387 884 0.0067
885 884 0.0022
882 885 0.0022
884 885 0.0022
385 886 0.0022
696 886 0.0033
887 886 0.0044
81 887 0.0078
82 887 0.0078
879 887 0.0044
886 887 0.0044
501 890 0.0055
529 890 0.0055
525 892 0.0033
527 892 0.0044
528 892 0.0044
311 894 0.0022
717 894 0.0022
189 896 0.0089
199 896 0.0055
822 896 0.0022
438 897 0.0033
707 897 0.0078
708 897 0.0122
757 898 0.0067
900 898 0.0067
898 900 0.0067
902 900 0.0067
761 902 0.0011
900 902 0.0067
903 902 0.0089
746 903 0.0133
902 903 0.0089
908 903 0.0033
446 907 0.0089
456 907 0.0022
457 907 0.0122
740 908 0.0033
903 908 0.0033
371 911 0.0288
373 911 0.0044
445 911 0.0255
2 915 0.01
521 915 0.0022
738 915 0.0133
