2 1 0.0563
3 1 0.0188
4 1 0.0188
6 1 0.0235
7 1 0.0188
8 1 0.0469
9 1 0.0563
10 1 0.0282
11 1 0.0188
13 1 0.0751
15 1 0.0469
19 1 0.0141
36 1 0.0376
54 1 0.0188
438 1 0.0188
452 1 0.0188
1 2 0.0563
39 2 0.0141
43 2 0.0751
1 3 0.0188
148 3 0.0188
1 4 0.0188
22 4 0.0329
28 4 0.0188
1 6 0.0235
88 6 0.0235
1 7 0.0188
80 7 0.0188
1 8 0.0469
71 8 0.0235
81 8 0.0188
1 9 0.0563
70 9 0.0563
1 10 0.0282
60 10 0.0282
1 11 0.0188
56 11 0.0188
428 11 0.0423
1 13 0.0751
14 13 0.0892
94 13 0.0094
13 14 0.0892
94 14 0.0094
96 14 0.0751
1 15 0.0469
16 15 0.0141
17 15 0.0657
15 16 0.0141
249 16 0.0657
253 16 0.0469
15 17 0.0657
249 17 0.0657
234 18 0.0235
240 18 0.0235
1 19 0.0141
20 19 0.0094
22 19 0.0235
230 19 0.0188
19 20 0.0094
230 20 0.0094
4 22 0.0329
19 22 0.0235
23 22 0.0235
22 23 0.0235
24 23 0.0188
27 23 0.0469
23 24 0.0188
25 24 0.0188
24 25 0.0188
208 25 0.0423
217 25 0.0047
220 25 0.0094
23 27 0.0469
207 27 0.0282
208 27 0.0423
4 28 0.0188
38 28 0.0282
207 28 0.0423
1 36 0.0376
37 36 0.0141
38 36 0.0563
36 37 0.0141
106 37 0.0141
28 38 0.0282
36 38 0.0563
106 38 0.0516
183 38 0.0235
2 39 0.0141
41 39 0.0141
39 41 0.0141
42 41 0.0329
43 41 0.0516
41 42 0.0329
98 42 0.0329
2 43 0.0751
41 43 0.0516
44 43 0.0188
43 44 0.0188
148 44 0.0188
1 54 0.0188
436 54 0.0188
11 56 0.0188
422 56 0.0188
10 60 0.0282
61 60 0.0282
60 61 0.0282
62 61 0.0282
61 62 0.0282
63 62 0.0188
354 62 0.0423
397 62 0.0047
62 63 0.0188
396 63 0.0094
397 63 0.0329
9 70 0.0563
75 70 0.0235
354 70 0.0282
8 71 0.0235
301 71 0.0235
70 75 0.0235
323 75 0.0235
7 80 0.0188
81 80 0.0188
8 81 0.0188
80 81 0.0188
6 88 0.0235
286 88 0.0235
13 94 0.0094
14 94 0.0094
14 96 0.0751
266 96 0.0469
281 96 0.0235
42 98 0.0329
102 98 0.0329
98 102 0.0329
104 102 0.0329
102 104 0.0329
115 104 0.0329
37 106 0.0141
38 106 0.0516
107 106 0.0329
106 107 0.0329
111 107 0.0329
107 111 0.0329
115 111 0.0329
104 115 0.0329
111 115 0.0329
128 127 0.0235
144 127 0.0235
127 128 0.0235
130 128 0.0235
128 130 0.0235
132 130 0.0235
130 132 0.0235
133 132 0.0094
137 132 0.0094
139 132 0.0235
132 133 0.0094
137 133 0.0094
132 137 0.0094
133 137 0.0094
132 139 0.0235
144 139 0.0235
127 144 0.0235
139 144 0.0235
3 148 0.0188
44 148 0.0188
38 183 0.0235
184 183 0.0141
186 183 0.0047
183 184 0.0141
207 184 0.0141
183 186 0.0047
187 186 0.0423
189 186 0.0329
186 187 0.0423
188 187 0.0469
206 187 0.0188
187 188 0.0469
201 188 0.0329
206 188 0.0094
186 189 0.0329
191 189 0.0282
194 190 0.0282
201 190 0.0329
189 191 0.0282
192 191 0.0282
191 192 0.0282
193 192 0.0047
194 192 0.0376
192 193 0.0047
194 193 0.0047
190 194 0.0282
192 194 0.0376
193 194 0.0047
188 201 0.0329
190 201 0.0329
187 206 0.0188
188 206 0.0094
207 206 0.0188
212 206 0.0094
27 207 0.0282
28 207 0.0423
184 207 0.0141
206 207 0.0188
25 208 0.0423
27 208 0.0423
212 208 0.0188
213 208 0.0141
217 208 0.0376
206 212 0.0094
208 212 0.0188
213 212 0.0047
208 213 0.0141
212 213 0.0047
214 213 0.0047
213 214 0.0047
215 214 0.0047
217 214 0.0141
214 215 0.0047
216 215 0.0188
221 215 0.0047
215 216 0.0188
217 216 0.0282
220 216 0.0141
25 217 0.0047
208 217 0.0376
214 217 0.0141
216 217 0.0282
25 220 0.0094
216 220 0.0141
215 221 0.0047
230 221 0.0047
19 230 0.0188
20 230 0.0094
221 230 0.0047
18 234 0.0235
235 234 0.0141
237 234 0.0047
234 235 0.0141
236 235 0.0047
240 235 0.0235
235 236 0.0047
237 236 0.0188
238 236 0.0094
234 237 0.0047
236 237 0.0188
238 237 0.0094
236 238 0.0094
237 238 0.0094
18 240 0.0235
235 240 0.0235
16 249 0.0657
17 249 0.0657
16 253 0.0469
255 253 0.0469
253 255 0.0469
258 255 0.0469
255 258 0.0469
260 258 0.0469
258 260 0.0469
262 260 0.0469
260 262 0.0469
270 262 0.0469
96 266 0.0469
267 266 0.0469
266 267 0.0469
268 267 0.0469
267 268 0.0469
270 268 0.0469
262 270 0.0469
268 270 0.0469
96 281 0.0235
282 281 0.0094
286 281 0.0376
281 282 0.0094
286 282 0.0094
88 286 0.0235
281 286 0.0376
282 286 0.0094
71 301 0.0235
302 301 0.0188
307 301 0.0188
314 301 0.0235
301 302 0.0188
309 302 0.0188
301 307 0.0188
308 307 0.0188
307 308 0.0188
309 308 0.0188
302 309 0.0188
308 309 0.0188
301 314 0.0235
315 314 0.0235
314 315 0.0235
331 315 0.0376
332 315 0.0094
75 323 0.0235
324 323 0.0094
331 323 0.0376
323 324 0.0094
326 324 0.0235
327 324 0.0094
324 326 0.0235
327 326 0.0188
331 326 0.0188
324 327 0.0094
326 327 0.0188
328 327 0.0047
327 328 0.0047
332 328 0.0047
315 331 0.0376
323 331 0.0376
326 331 0.0188
332 331 0.0188
315 332 0.0094
328 332 0.0047
331 332 0.0188
335 334 0.0094
346 334 0.0094
334 335 0.0094
337 335 0.0094
346 335 0.0235
348 335 0.0235
335 337 0.0094
338 337 0.0094
337 338 0.0094
343 338 0.0094
348 338 0.0235
338 343 0.0094
344 343 0.0094
343 344 0.0094
347 344 0.0094
334 346 0.0094
335 346 0.0235
347 346 0.0094
344 347 0.0094
346 347 0.0094
348 347 0.0235
335 348 0.0235
338 348 0.0235
347 348 0.0235
62 354 0.0423
70 354 0.0282
355 354 0.0282
374 354 0.0423
354 355 0.0282
356 355 0.0282
355 356 0.0282
357 356 0.0141
361 356 0.0469
356 357 0.0141
358 357 0.0141
357 358 0.0141
361 358 0.0141
356 361 0.0469
358 361 0.0141
366 361 0.0141
372 361 0.0469
361 366 0.0141
368 366 0.0141
366 368 0.0141
369 368 0.0282
372 368 0.0469
368 369 0.0282
392 369 0.0282
361 372 0.0469
368 372 0.0469
354 374 0.0423
375 374 0.0469
378 374 0.0282
396 374 0.0235
374 375 0.0469
377 375 0.0469
375 377 0.0469
378 377 0.0141
386 377 0.0282
374 378 0.0282
377 378 0.0141
399 378 0.0094
377 386 0.0282
388 386 0.0282
386 388 0.0282
392 388 0.0282
369 392 0.0282
388 392 0.0282
63 396 0.0094
374 396 0.0235
397 396 0.0376
62 397 0.0047
63 397 0.0329
396 397 0.0376
398 397 0.0094
397 398 0.0094
399 398 0.0094
378 399 0.0094
398 399 0.0094
56 422 0.0188
431 422 0.0188
11 428 0.0423
429 428 0.0188
436 428 0.0188
428 429 0.0188
431 429 0.0188
422 431 0.0188
429 431 0.0188
54 436 0.0188
428 436 0.0188
1 438 0.0188
440 438 0.0188
438 440 0.0188
442 440 0.0188
440 442 0.0188
450 442 0.0188
442 450 0.0188
451 450 0.0094
452 450 0.0329
450 451 0.0094
452 451 0.0094
1 452 0.0188
450 452 0.0329
451 452 0.0094
