2 1 0.0141
55 1 0.0106
59 1 0.0071
87 1 0.0088
101 1 0.0106
103 1 0.0071
104 1 0.0053
107 1 0.0071
284 1 0.0088
1 2 0.0141
3 2 0.0194
4 2 0.0035
2 3 0.0194
4 3 0.0124
16 3 0.0124
2 4 0.0035
3 4 0.0124
5 4 0.0106
10 4 0.0018
34 4 0.0053
4 5 0.0106
6 5 0.0088
10 5 0.0071
11 5 0.0159
5 6 0.0088
7 6 0.0071
13 6 0.0106
6 7 0.0071
8 7 0.0088
34 7 0.0071
7 8 0.0088
9 8 0.0106
14 8 0.0159
15 8 0.0035
8 9 0.0106
42 9 0.0106
4 10 0.0018
5 10 0.0071
11 10 0.0035
5 11 0.0159
10 11 0.0035
12 11 0.0106
11 12 0.0106
13 12 0.0212
22 12 0.0194
6 13 0.0106
12 13 0.0212
14 13 0.0106
31 13 0.0071
8 14 0.0159
13 14 0.0106
15 14 0.0035
8 15 0.0035
14 15 0.0035
3 16 0.0124
18 16 0.0177
32 16 0.0035
16 18 0.0177
20 18 0.0177
18 20 0.0177
21 20 0.023
48 20 0.0035
20 21 0.023
48 21 0.0124
49 21 0.0088
12 22 0.0194
23 22 0.0212
24 22 0.0071
26 22 0.023
22 23 0.0212
132 23 0.0212
22 24 0.0071
25 24 0.0071
24 25 0.0071
133 25 0.0071
22 26 0.023
27 26 0.0141
29 26 0.0071
26 27 0.0141
28 27 0.0071
536 27 0.0053
27 28 0.0071
47 28 0.0071
26 29 0.0071
30 29 0.0124
36 29 0.0035
29 30 0.0124
31 30 0.0071
36 30 0.0035
13 31 0.0071
30 31 0.0071
16 32 0.0035
477 32 0.0035
4 34 0.0053
7 34 0.0071
41 34 0.0071
29 36 0.0035
30 36 0.0035
34 41 0.0071
471 41 0.0071
9 42 0.0106
43 42 0.0106
44 42 0.0053
141 42 0.0106
476 42 0.0035
42 43 0.0106
137 43 0.0106
42 44 0.0053
143 44 0.0053
28 47 0.0071
532 47 0.0071
20 48 0.0035
21 48 0.0124
463 48 0.0071
21 49 0.0088
51 49 0.0071
458 49 0.0177
58 50 0.0035
68 50 0.0177
154 50 0.0194
458 50 0.0194
49 51 0.0071
52 51 0.0071
51 52 0.0071
53 52 0.0106
155 52 0.0141
158 52 0.0035
52 53 0.0106
158 53 0.0141
520 53 0.0018
1 55 0.0106
56 55 0.0159
57 55 0.0035
55 56 0.0159
57 56 0.0212
64 56 0.0071
55 57 0.0035
56 57 0.0212
58 57 0.0159
50 58 0.0035
57 58 0.0159
458 58 0.0212
1 59 0.0071
60 59 0.0071
71 59 0.0159
59 60 0.0071
61 60 0.0088
62 60 0.0071
60 61 0.0088
62 61 0.0035
322 61 0.0035
60 62 0.0071
61 62 0.0035
63 62 0.0018
62 63 0.0018
442 63 0.0018
56 64 0.0071
65 64 0.0071
64 65 0.0071
66 65 0.0035
68 65 0.0088
65 66 0.0035
67 66 0.0053
468 66 0.0071
66 67 0.0053
449 67 0.0071
468 67 0.0106
50 68 0.0177
65 68 0.0088
154 68 0.0035
464 68 0.0018
59 71 0.0159
72 71 0.0088
80 71 0.0053
71 72 0.0088
74 72 0.0124
798 72 0.023
316 73 0.0194
322 73 0.0159
798 73 0.023
72 74 0.0124
76 74 0.0124
74 76 0.0124
78 76 0.0124
76 78 0.0124
84 78 0.0124
71 80 0.0053
81 80 0.0124
100 80 0.0053
80 81 0.0124
82 81 0.0035
161 81 0.0177
81 82 0.0035
83 82 0.0035
82 83 0.0035
325 83 0.0035
328 83 0.0088
78 84 0.0124
85 84 0.0124
84 85 0.0124
319 85 0.0177
323 85 0.0035
1 87 0.0088
88 87 0.0088
795 87 0.0053
87 88 0.0088
89 88 0.0071
173 88 0.0088
795 88 0.0141
796 88 0.0088
88 89 0.0071
90 89 0.0124
94 89 0.0088
100 89 0.0106
89 90 0.0124
163 90 0.0124
92 91 0.0053
95 91 0.0071
796 91 0.0035
91 92 0.0053
93 92 0.0071
98 92 0.0159
99 92 0.0035
92 93 0.0071
94 93 0.0035
165 93 0.0088
89 94 0.0088
93 94 0.0035
262 94 0.0106
91 95 0.0071
96 95 0.0035
98 95 0.0053
95 96 0.0035
97 96 0.0088
170 96 0.0071
96 97 0.0088
173 97 0.0035
250 97 0.0071
92 98 0.0159
95 98 0.0053
99 98 0.0194
168 98 0.0088
92 99 0.0035
98 99 0.0194
166 99 0.0141
80 100 0.0053
89 100 0.0106
161 100 0.0177
1 101 0.0106
102 101 0.0088
128 101 0.0071
101 102 0.0088
103 102 0.0124
122 102 0.0018
1 103 0.0071
102 103 0.0124
117 103 0.0071
1 104 0.0053
105 104 0.0124
120 104 0.0088
104 105 0.0124
111 105 0.0071
114 105 0.0106
1 107 0.0071
108 107 0.0106
130 107 0.0088
107 108 0.0106
109 108 0.0088
128 108 0.0071
108 109 0.0088
110 109 0.0035
130 109 0.0071
109 110 0.0035
176 110 0.0106
181 110 0.0053
105 111 0.0071
112 111 0.0124
233 111 0.0106
111 112 0.0124
113 112 0.0194
614 112 0.0053
112 113 0.0194
186 113 0.0247
794 113 0.0035
105 114 0.0106
115 114 0.0141
207 114 0.0088
114 115 0.0141
116 115 0.0071
119 115 0.0071
208 115 0.0141
115 116 0.0071
214 116 0.0106
217 116 0.0053
103 117 0.0071
118 117 0.0159
124 117 0.0141
117 118 0.0159
119 118 0.023
120 118 0.0088
115 119 0.0071
118 119 0.023
221 119 0.0035
223 119 0.0194
104 120 0.0088
118 120 0.0088
102 122 0.0018
123 122 0.0018
124 122 0.0053
122 123 0.0018
237 123 0.0071
238 123 0.0035
117 124 0.0141
122 124 0.0053
125 124 0.0159
237 124 0.0071
124 125 0.0159
126 125 0.0106
229 125 0.0035
125 126 0.0106
127 126 0.0018
223 126 0.0141
126 127 0.0018
225 127 0.0018
101 128 0.0071
108 128 0.0071
107 130 0.0088
109 130 0.0071
131 130 0.0035
130 131 0.0035
174 131 0.0071
795 131 0.0088
23 132 0.0212
133 132 0.0247
134 132 0.0124
25 133 0.0071
132 133 0.0247
145 133 0.0159
132 134 0.0124
527 134 0.0035
529 134 0.0071
43 137 0.0106
138 137 0.0106
137 138 0.0106
139 138 0.0035
140 138 0.0159
138 139 0.0035
489 139 0.0106
518 139 0.0053
138 140 0.0159
150 140 0.0194
153 140 0.0124
42 141 0.0106
149 141 0.0106
44 143 0.0053
144 143 0.0053
143 144 0.0053
536 144 0.0106
537 144 0.0035
133 145 0.0159
530 145 0.0071
532 145 0.0071
141 149 0.0106
150 149 0.0106
140 150 0.0194
149 150 0.0106
151 150 0.0071
150 151 0.0071
504 151 0.0071
140 153 0.0124
495 153 0.0035
504 153 0.0071
50 154 0.0194
68 154 0.0035
155 154 0.0141
52 155 0.0141
154 155 0.0141
156 155 0.0124
155 156 0.0124
157 156 0.0141
462 156 0.0071
156 157 0.0141
465 157 0.0035
466 157 0.0088
52 158 0.0035
53 158 0.0141
159 158 0.0088
158 159 0.0088
475 159 0.0053
489 159 0.0053
495 159 0.0035
524 159 0.0141
81 161 0.0177
100 161 0.0177
90 163 0.0124
274 163 0.0106
329 163 0.0141
93 165 0.0088
256 165 0.0247
263 165 0.0212
99 166 0.0141
167 166 0.0141
251 166 0.0159
166 167 0.0141
256 167 0.0141
98 168 0.0088
171 168 0.0088
96 170 0.0071
171 170 0.0088
172 170 0.0141
168 171 0.0088
170 171 0.0088
246 171 0.0071
251 171 0.0071
170 172 0.0141
248 172 0.0124
249 172 0.0106
88 173 0.0088
97 173 0.0035
174 173 0.0071
131 174 0.0071
173 174 0.0071
110 176 0.0106
177 176 0.0159
250 176 0.0071
176 177 0.0159
178 177 0.0053
179 177 0.0071
182 177 0.0106
177 178 0.0053
244 178 0.0053
177 179 0.0071
182 179 0.0035
184 179 0.0018
110 181 0.0053
182 181 0.0053
177 182 0.0106
179 182 0.0035
181 182 0.0053
179 184 0.0018
227 184 0.0018
113 186 0.0247
196 186 0.0053
198 186 0.0212
794 186 0.023
188 187 0.0212
191 187 0.0124
590 187 0.0088
794 187 0.0177
187 188 0.0212
189 188 0.0106
606 188 0.0088
188 189 0.0106
190 189 0.0088
192 189 0.0212
189 190 0.0088
596 190 0.0088
187 191 0.0124
192 191 0.0071
591 191 0.0035
189 192 0.0212
191 192 0.0071
193 192 0.0124
192 193 0.0124
194 193 0.0159
789 193 0.0018
193 194 0.0159
195 194 0.0212
789 194 0.0035
194 195 0.0212
584 195 0.0018
789 195 0.0247
186 196 0.0053
199 196 0.0053
186 198 0.0212
199 198 0.0124
585 198 0.0071
196 199 0.0053
198 199 0.0124
586 199 0.0053
114 207 0.0088
208 207 0.0106
233 207 0.0071
115 208 0.0141
207 208 0.0106
209 208 0.0053
219 208 0.0053
208 209 0.0053
210 209 0.0088
233 209 0.0124
209 210 0.0088
211 210 0.0177
213 210 0.0053
784 210 0.0106
210 211 0.0177
212 211 0.0177
211 212 0.0177
277 212 0.0247
278 212 0.0265
210 213 0.0053
215 213 0.0035
277 213 0.0106
116 214 0.0106
215 214 0.0035
219 214 0.0053
213 215 0.0035
214 215 0.0035
216 215 0.0088
215 216 0.0088
218 216 0.0106
277 216 0.0106
116 217 0.0053
218 217 0.0053
216 218 0.0106
217 218 0.0053
232 218 0.0071
208 219 0.0053
214 219 0.0053
119 221 0.0035
222 221 0.0035
221 222 0.0035
232 222 0.0018
277 222 0.0071
119 223 0.0194
126 223 0.0141
277 223 0.0106
127 225 0.0018
226 225 0.0071
277 225 0.0035
225 226 0.0071
227 226 0.0018
277 226 0.0106
184 227 0.0018
226 227 0.0018
277 227 0.023
771 227 0.0159
125 229 0.0035
237 229 0.0035
218 232 0.0071
222 232 0.0018
277 232 0.0106
111 233 0.0106
207 233 0.0071
209 233 0.0124
123 237 0.0071
124 237 0.0071
229 237 0.0035
238 237 0.0035
123 238 0.0035
237 238 0.0035
178 244 0.0053
248 244 0.0053
171 246 0.0071
247 246 0.0071
246 247 0.0071
248 247 0.0071
172 248 0.0124
244 248 0.0053
247 248 0.0071
249 248 0.0106
172 249 0.0106
248 249 0.0106
250 249 0.0124
97 250 0.0071
176 250 0.0071
249 250 0.0124
166 251 0.0159
171 251 0.0071
252 251 0.0071
251 252 0.0071
254 252 0.0071
252 254 0.0071
271 254 0.0071
165 256 0.0247
167 256 0.0141
257 256 0.0088
256 257 0.0088
259 257 0.0088
257 259 0.0088
273 259 0.0088
94 262 0.0106
264 262 0.0071
329 262 0.0124
165 263 0.0212
264 263 0.0106
273 263 0.0088
262 264 0.0071
263 264 0.0106
265 264 0.0018
332 264 0.0159
440 264 0.0088
264 265 0.0018
266 265 0.0141
332 265 0.0177
265 266 0.0141
267 266 0.0141
266 267 0.0141
268 267 0.0141
267 268 0.0141
269 268 0.0124
406 268 0.0106
268 269 0.0124
380 269 0.0071
404 269 0.0035
271 270 0.0177
347 270 0.0088
380 270 0.0071
254 271 0.0071
270 271 0.0177
356 271 0.0088
259 273 0.0088
263 273 0.0088
163 274 0.0106
275 274 0.0106
274 275 0.0106
276 275 0.0106
343 275 0.0088
275 276 0.0106
343 276 0.0035
344 276 0.0053
212 277 0.0247
213 277 0.0106
216 277 0.0106
222 277 0.0071
223 277 0.0106
225 277 0.0035
226 277 0.0106
227 277 0.023
232 277 0.0106
212 278 0.0265
279 278 0.0194
692 278 0.0053
278 279 0.0194
280 279 0.0159
687 279 0.0018
279 280 0.0159
686 280 0.0159
1 284 0.0088
285 284 0.0141
298 284 0.0071
284 285 0.0141
287 285 0.0141
285 287 0.0141
289 287 0.0141
287 289 0.0141
290 289 0.023
293 289 0.0283
298 289 0.0124
289 290 0.023
291 290 0.023
290 291 0.023
292 291 0.023
291 292 0.023
297 292 0.023
289 293 0.0283
294 293 0.03
302 293 0.0141
293 294 0.03
295 294 0.0177
305 294 0.0106
294 295 0.0177
308 295 0.023
309 295 0.0035
292 297 0.023
576 297 0.023
284 298 0.0071
289 298 0.0124
299 298 0.0071
298 299 0.0071
301 299 0.0071
302 299 0.0124
299 301 0.0071
566 301 0.0071
293 302 0.0141
299 302 0.0124
304 302 0.0053
306 302 0.0071
302 304 0.0053
566 304 0.0053
294 305 0.0106
306 305 0.0106
302 306 0.0071
305 306 0.0106
607 306 0.0018
295 308 0.023
309 308 0.023
295 309 0.0035
308 309 0.023
310 309 0.0177
309 310 0.0177
311 310 0.0177
310 311 0.0177
563 311 0.0177
73 316 0.0194
317 316 0.0194
443 316 0.0124
316 317 0.0194
318 317 0.0194
317 318 0.0194
319 318 0.0124
447 318 0.0053
85 319 0.0177
318 319 0.0124
323 319 0.0035
397 321 0.0035
443 321 0.0053
447 321 0.0106
61 322 0.0035
73 322 0.0159
441 322 0.0124
442 322 0.0106
85 323 0.0035
319 323 0.0035
324 323 0.0035
367 323 0.0035
323 324 0.0035
367 324 0.0035
83 325 0.0035
328 325 0.0124
342 325 0.0071
83 328 0.0088
325 328 0.0124
342 328 0.0018
163 329 0.0141
262 329 0.0124
330 329 0.0106
329 330 0.0106
331 330 0.0088
439 330 0.0071
440 330 0.0088
330 331 0.0088
338 331 0.0194
439 331 0.0159
264 332 0.0159
265 332 0.0177
440 332 0.0106
405 336 0.0053
439 336 0.0053
331 338 0.0194
344 338 0.0053
395 338 0.0124
325 342 0.0071
328 342 0.0018
343 342 0.0035
275 343 0.0088
276 343 0.0035
342 343 0.0035
276 344 0.0053
338 344 0.0053
270 347 0.0088
351 347 0.0088
347 351 0.0088
352 351 0.0035
375 351 0.0141
351 352 0.0035
353 352 0.0106
354 352 0.0053
352 353 0.0106
376 353 0.0124
377 353 0.0106
352 354 0.0053
385 354 0.0053
271 356 0.0088
390 356 0.0088
323 367 0.0035
324 367 0.0035
351 375 0.0141
378 375 0.0124
379 375 0.0177
353 376 0.0124
383 376 0.0053
385 376 0.0053
353 377 0.0106
382 377 0.0035
383 377 0.0053
375 378 0.0124
382 378 0.0124
393 378 0.0159
375 379 0.0177
394 379 0.0124
407 379 0.0141
269 380 0.0071
270 380 0.0071
377 382 0.0035
378 382 0.0124
389 382 0.0071
376 383 0.0053
377 383 0.0053
354 385 0.0053
376 385 0.0053
382 389 0.0071
416 389 0.0071
356 390 0.0088
407 390 0.0088
378 393 0.0159
394 393 0.0071
409 393 0.0071
379 394 0.0124
393 394 0.0071
410 394 0.0035
338 395 0.0124
396 395 0.0071
405 395 0.0212
395 396 0.0071
403 396 0.0071
321 397 0.0035
447 397 0.0035
396 403 0.0071
404 403 0.0035
406 403 0.0124
269 404 0.0035
403 404 0.0035
336 405 0.0053
395 405 0.0212
406 405 0.0141
268 406 0.0106
403 406 0.0124
405 406 0.0141
379 407 0.0141
390 407 0.0088
410 407 0.0035
393 409 0.0071
416 409 0.0071
394 410 0.0035
407 410 0.0035
389 416 0.0071
409 416 0.0071
330 439 0.0071
331 439 0.0159
336 439 0.0053
440 439 0.0106
264 440 0.0088
330 440 0.0088
332 440 0.0106
439 440 0.0106
322 441 0.0124
443 441 0.0053
444 441 0.0053
63 442 0.0018
322 442 0.0106
444 442 0.0071
316 443 0.0124
321 443 0.0053
441 443 0.0053
441 444 0.0053
442 444 0.0071
318 447 0.0053
321 447 0.0106
397 447 0.0035
67 449 0.0071
472 449 0.0053
49 458 0.0177
50 458 0.0194
58 458 0.0212
156 462 0.0071
464 462 0.0071
465 462 0.0088
48 463 0.0071
476 463 0.0053
477 463 0.0141
68 464 0.0018
462 464 0.0071
465 464 0.0035
157 465 0.0035
462 465 0.0088
464 465 0.0035
157 466 0.0088
468 466 0.0018
475 466 0.0053
66 468 0.0071
67 468 0.0106
466 468 0.0018
469 468 0.0053
468 469 0.0053
472 469 0.0053
41 471 0.0071
476 471 0.0106
477 471 0.0088
449 472 0.0053
469 472 0.0053
159 475 0.0053
466 475 0.0053
42 476 0.0035
463 476 0.0053
471 476 0.0106
32 477 0.0035
463 477 0.0141
471 477 0.0088
139 489 0.0106
159 489 0.0053
523 489 0.0177
153 495 0.0035
159 495 0.0035
151 504 0.0071
153 504 0.0071
139 518 0.0053
519 518 0.0053
518 519 0.0053
520 519 0.0053
53 520 0.0018
519 520 0.0053
523 520 0.0088
489 523 0.0177
520 523 0.0088
524 523 0.0141
159 524 0.0141
523 524 0.0141
134 527 0.0035
562 527 0.0035
575 527 0.0088
134 529 0.0071
530 529 0.0124
540 529 0.0106
557 529 0.0053
145 530 0.0071
529 530 0.0124
540 530 0.0035
47 532 0.0071
145 532 0.0071
27 536 0.0053
144 536 0.0106
537 536 0.0035
144 537 0.0035
536 537 0.0035
529 540 0.0106
530 540 0.0035
541 540 0.0053
540 541 0.0053
554 541 0.0053
548 547 0.0071
550 547 0.0071
547 548 0.0071
551 548 0.0071
547 550 0.0071
552 550 0.0071
548 551 0.0071
552 551 0.0071
550 552 0.0071
551 552 0.0071
541 554 0.0053
557 554 0.0053
529 557 0.0053
554 557 0.0053
527 562 0.0035
575 562 0.0035
311 563 0.0177
572 563 0.0177
301 566 0.0071
304 566 0.0053
563 572 0.0177
576 572 0.0177
527 575 0.0088
562 575 0.0035
576 575 0.0035
297 576 0.023
572 576 0.0177
575 576 0.0035
195 584 0.0018
589 584 0.0035
793 584 0.0071
198 585 0.0071
614 585 0.0053
199 586 0.0053
606 586 0.0053
790 588 0.0035
793 588 0.0035
584 589 0.0035
592 589 0.0124
793 589 0.0177
187 590 0.0088
591 590 0.0035
784 590 0.0035
191 591 0.0035
590 591 0.0035
589 592 0.0124
593 592 0.03
647 592 0.023
592 593 0.03
653 593 0.0194
656 593 0.0088
190 596 0.0088
598 596 0.0088
596 598 0.0088
599 598 0.0106
656 598 0.0212
598 599 0.0106
637 599 0.0106
188 606 0.0088
586 606 0.0053
607 606 0.0018
306 607 0.0018
606 607 0.0018
112 614 0.0053
585 614 0.0053
622 621 0.0088
623 621 0.0088
621 622 0.0088
629 622 0.0088
621 623 0.0088
625 623 0.0088
623 625 0.0088
630 625 0.0088
622 629 0.0088
630 629 0.0088
625 630 0.0088
629 630 0.0088
599 637 0.0106
672 637 0.0106
592 647 0.023
648 647 0.0159
653 647 0.0053
647 648 0.0159
651 648 0.0159
648 651 0.0159
691 651 0.0159
593 653 0.0194
647 653 0.0053
654 653 0.0124
653 654 0.0124
655 654 0.0124
654 655 0.0124
661 655 0.0124
593 656 0.0088
598 656 0.0212
658 656 0.0106
656 658 0.0106
670 658 0.0106
655 661 0.0124
663 661 0.0124
661 663 0.0124
664 663 0.0035
721 663 0.0177
663 664 0.0035
720 664 0.0018
721 664 0.0071
658 670 0.0106
672 670 0.0106
637 672 0.0106
670 672 0.0106
280 686 0.0159
697 686 0.0159
279 687 0.0018
688 687 0.0141
691 687 0.0177
687 688 0.0141
689 688 0.0141
688 689 0.0141
690 689 0.0035
699 689 0.0194
689 690 0.0035
699 690 0.0035
651 691 0.0159
687 691 0.0177
703 691 0.0283
278 692 0.0053
785 692 0.0053
686 697 0.0159
707 697 0.0159
689 699 0.0194
690 699 0.0035
700 699 0.0141
699 700 0.0141
701 700 0.0071
702 700 0.023
700 701 0.0071
717 701 0.0071
700 702 0.023
718 702 0.0141
758 702 0.0071
691 703 0.0283
719 703 0.0141
720 703 0.0124
697 707 0.0159
708 707 0.0159
707 708 0.0159
709 708 0.0159
708 709 0.0159
775 709 0.0159
701 717 0.0071
758 717 0.0071
702 718 0.0141
722 718 0.0141
703 719 0.0141
722 719 0.0141
664 720 0.0018
703 720 0.0124
721 720 0.0159
663 721 0.0177
664 721 0.0071
720 721 0.0159
718 722 0.0141
719 722 0.0141
702 758 0.0071
717 758 0.0071
227 771 0.0159
773 771 0.0159
771 773 0.0159
775 773 0.0159
709 775 0.0159
773 775 0.0159
210 784 0.0106
590 784 0.0035
785 784 0.0053
692 785 0.0053
784 785 0.0053
193 789 0.0018
194 789 0.0035
195 789 0.0247
790 789 0.0159
588 790 0.0035
789 790 0.0159
793 790 0.0212
584 793 0.0071
588 793 0.0035
589 793 0.0177
790 793 0.0212
113 794 0.0035
186 794 0.023
187 794 0.0177
87 795 0.0053
88 795 0.0141
131 795 0.0088
796 795 0.0035
88 796 0.0088
91 796 0.0035
795 796 0.0035
72 798 0.023
73 798 0.023
