2 1 0.0059
59 1 0.0011
60 1 0.0032
73 1 0.0032
102 1 0.0043
205 1 0.0054
206 1 0.0011
220 1 0.0065
221 1 0.0011
251 1 0.0016
296 1 0.0022
401 1 0.0027
405 1 0.0011
410 1 0.0022
412 1 0.0032
458 1 0.0011
467 1 0.0016
469 1 0.0032
476 1 0.0005
482 1 0.0011
483 1 0.0038
509 1 0.0016
517 1 0.0027
572 1 0.0011
706 1 0.0048
729 1 0.0016
730 1 0.0016
747 1 0.0016
802 1 0.0032
809 1 0.0032
823 1 0.0027
832 1 0.0129
835 1 0.0022
983 1 0.0032
984 1 0.0022
985 1 0.0032
1650 1 0.0059
1651 1 0.0011
1653 1 0.0124
1 2 0.0059
3 2 0.0059
502 2 0.0038
2 3 0.0059
4 3 0.0043
833 3 0.0011
3 4 0.0043
5 4 0.007
484 4 0.0022
4 5 0.007
6 5 0.0065
27 5 0.0086
5 6 0.0065
7 6 0.0043
17 6 0.0016
661 6 0.0038
6 7 0.0043
8 7 0.0016
508 7 0.0022
7 8 0.0016
187 8 0.0043
195 8 0.0022
199 12 0.0022
661 12 0.0038
663 12 0.0065
667 13 0.0065
954 13 0.0032
1068 13 0.0059
189 14 0.0038
954 14 0.0054
959 14 0.0038
1704 14 0.0065
16 15 0.0043
1102 15 0.0016
1704 15 0.0065
15 16 0.0043
1086 16 0.0016
1096 16 0.0022
6 17 0.0016
18 17 0.0016
17 18 0.0016
22 18 0.0016
18 22 0.0016
23 22 0.0016
25 22 0.0038
22 23 0.0016
26 23 0.0016
22 25 0.0038
26 25 0.0038
23 26 0.0016
25 26 0.0038
1129 26 0.0016
5 27 0.0086
28 27 0.0005
486 27 0.0097
27 28 0.0005
29 28 0.0032
1007 28 0.0043
28 29 0.0032
30 29 0.0054
492 29 0.0091
29 30 0.0054
36 30 0.0054
32 31 0.0043
36 31 0.0091
40 31 0.0075
31 32 0.0043
33 32 0.0027
146 32 0.0011
32 33 0.0027
34 33 0.0059
40 33 0.0059
33 34 0.0059
35 34 0.0032
1174 34 0.0022
34 35 0.0032
1180 35 0.0016
1185 35 0.0011
30 36 0.0054
31 36 0.0091
37 36 0.0016
145 36 0.0043
36 37 0.0016
38 37 0.0016
37 38 0.0016
39 38 0.0011
40 38 0.0032
38 39 0.0011
1169 39 0.0011
31 40 0.0075
33 40 0.0059
38 40 0.0032
41 40 0.0102
40 41 0.0102
1139 41 0.0086
1175 41 0.0032
1174 42 0.0011
1175 42 0.0022
1176 42 0.0005
44 43 0.0091
59 43 0.0011
134 43 0.0075
469 43 0.0048
43 44 0.0091
45 44 0.0124
468 44 0.0081
44 45 0.0124
46 45 0.0108
468 45 0.0011
45 46 0.0108
47 46 0.0081
683 46 0.0054
46 47 0.0081
48 47 0.0081
47 48 0.0081
49 48 0.0027
941 48 0.0081
48 49 0.0027
50 49 0.0027
49 50 0.0027
51 50 0.0027
50 51 0.0027
52 51 0.0022
152 51 0.0022
51 52 0.0022
53 52 0.0048
564 52 0.0022
52 53 0.0048
54 53 0.0032
561 53 0.0065
53 54 0.0032
55 54 0.0032
1233 54 0.0016
54 55 0.0032
56 55 0.0022
560 55 0.0038
55 56 0.0022
57 56 0.0005
560 56 0.0011
56 57 0.0005
58 57 0.0022
1235 57 0.0011
57 58 0.0022
1222 58 0.0027
1235 58 0.0054
1 59 0.0011
43 59 0.0011
1 60 0.0032
61 60 0.0048
1003 60 0.0011
60 61 0.0048
62 61 0.0054
1003 61 0.0032
61 62 0.0054
63 62 0.0038
462 62 0.0043
62 63 0.0038
64 63 0.0032
926 63 0.0043
63 64 0.0032
65 64 0.0043
919 64 0.0048
64 65 0.0043
66 65 0.0027
128 65 0.0043
65 66 0.0027
121 66 0.0038
520 66 0.0038
69 67 0.0011
520 67 0.0022
1781 67 0.0038
67 69 0.0011
1781 69 0.0011
1 73 0.0032
74 73 0.0048
1644 73 0.0022
73 74 0.0048
455 74 0.0054
456 74 0.0027
458 74 0.0022
76 75 0.0011
400 75 0.0022
454 75 0.0043
455 75 0.0054
75 76 0.0011
77 76 0.0022
694 76 0.0027
76 77 0.0022
78 77 0.0048
94 77 0.0027
1061 77 0.0043
77 78 0.0048
79 78 0.0032
1062 78 0.0011
78 79 0.0032
80 79 0.0065
433 79 0.0027
79 80 0.0065
81 80 0.0075
133 80 0.0059
80 81 0.0075
435 81 0.0075
993 81 0.007
83 82 0.0059
435 82 0.0032
531 82 0.0022
82 83 0.0059
84 83 0.0059
83 84 0.0059
549 84 0.0059
86 85 0.0022
549 85 0.0059
551 85 0.0032
85 86 0.0022
87 86 0.0022
86 87 0.0022
88 87 0.0022
87 88 0.0022
531 88 0.0022
77 94 0.0027
430 94 0.0016
694 94 0.0027
117 95 0.0022
430 95 0.0022
97 96 0.0032
101 96 0.0032
96 97 0.0032
931 97 0.0032
99 98 0.0032
932 98 0.0032
98 99 0.0032
101 99 0.0032
96 101 0.0032
99 101 0.0032
1 102 0.0043
103 102 0.0043
102 103 0.0043
925 103 0.0016
926 103 0.0065
925 104 0.0016
926 104 0.0016
108 107 0.0022
457 107 0.0027
107 108 0.0022
109 108 0.0022
108 109 0.0022
110 109 0.0022
454 109 0.0048
109 110 0.0022
111 110 0.0022
110 111 0.0022
112 111 0.0022
111 112 0.0022
113 112 0.0022
112 113 0.0022
114 113 0.0043
916 113 0.0016
113 114 0.0043
115 114 0.0027
443 114 0.0005
452 114 0.0065
114 115 0.0027
116 115 0.0016
451 115 0.0027
115 116 0.0016
117 116 0.0022
432 116 0.0032
443 116 0.0005
95 117 0.0022
116 117 0.0022
66 121 0.0038
122 121 0.0032
124 121 0.0005
128 121 0.0011
121 122 0.0032
126 122 0.0032
121 124 0.0005
126 124 0.0005
122 126 0.0032
124 126 0.0005
1781 126 0.0022
128 127 0.0027
918 127 0.0032
65 128 0.0043
121 128 0.0011
127 128 0.0027
131 130 0.0054
400 130 0.0038
416 130 0.0016
1647 130 0.0043
130 131 0.0054
132 131 0.007
155 131 0.0081
400 131 0.0011
1060 131 0.0027
131 132 0.007
133 132 0.0059
174 132 0.0048
80 133 0.0059
132 133 0.0059
43 134 0.0075
1706 134 0.007
938 135 0.0059
1000 135 0.0054
137 136 0.0016
995 136 0.0054
1706 136 0.0075
136 137 0.0016
138 137 0.0027
1778 137 0.0016
137 138 0.0027
139 138 0.0016
1285 138 0.0016
138 139 0.0016
140 139 0.0016
139 140 0.0016
520 140 0.0016
36 145 0.0043
146 145 0.0011
683 145 0.0027
32 146 0.0011
145 146 0.0011
51 152 0.0022
153 152 0.0032
1243 152 0.0038
152 153 0.0032
1239 153 0.0032
131 155 0.0081
692 155 0.0081
157 156 0.0065
168 156 0.0075
692 156 0.0081
156 157 0.0065
158 157 0.0065
157 158 0.0065
1052 158 0.0065
160 159 0.0048
1053 159 0.0048
159 160 0.0048
161 160 0.0048
160 161 0.0048
162 161 0.0075
645 161 0.0022
161 162 0.0075
163 162 0.0027
165 162 0.0016
903 162 0.0022
162 163 0.0027
164 163 0.0016
173 163 0.0011
1256 163 0.0065
163 164 0.0016
1257 164 0.0016
162 165 0.0016
166 165 0.0016
165 166 0.0016
1281 166 0.0016
1281 167 0.0011
1292 167 0.0011
156 168 0.0075
169 168 0.0065
427 168 0.0048
168 169 0.0065
170 169 0.0043
429 169 0.0016
169 170 0.0043
542 170 0.0011
1055 170 0.0059
172 171 0.0016
173 171 0.0048
1055 171 0.0027
171 172 0.0016
1251 172 0.0016
163 173 0.0011
171 173 0.0048
1275 173 0.0065
132 174 0.0048
429 174 0.0027
696 174 0.0016
176 175 0.0016
179 175 0.0038
696 175 0.0016
175 176 0.0016
177 176 0.0022
180 176 0.0081
181 176 0.0065
176 177 0.0022
180 177 0.0005
1063 177 0.0011
175 179 0.0038
180 179 0.007
993 179 0.007
176 180 0.0081
177 180 0.0005
179 180 0.007
176 181 0.0065
182 181 0.0027
546 181 0.0065
181 182 0.0027
543 182 0.0011
546 182 0.0011
184 183 0.0043
194 183 0.0038
807 183 0.0016
814 183 0.0011
183 184 0.0043
805 184 0.0032
837 184 0.0038
186 185 0.0048
363 185 0.0016
838 185 0.0027
185 186 0.0048
187 186 0.0054
190 186 0.0043
8 187 0.0043
186 187 0.0054
1705 187 0.0048
199 188 0.0005
1068 188 0.0043
1606 188 0.0032
1705 188 0.0038
14 189 0.0038
1606 189 0.0011
1607 189 0.0054
186 190 0.0043
191 190 0.0022
365 190 0.0016
190 191 0.0022
192 191 0.0011
1705 191 0.0038
191 192 0.0011
193 192 0.0043
1608 192 0.0059
192 193 0.0043
1602 193 0.0048
1641 193 0.0032
183 194 0.0038
195 194 0.0022
196 194 0.0011
8 195 0.0022
194 195 0.0022
194 196 0.0011
197 196 0.0032
965 196 0.0016
196 197 0.0032
200 197 0.0027
676 197 0.0032
677 197 0.0038
677 198 0.0016
963 198 0.0016
964 198 0.0038
12 199 0.0022
188 199 0.0005
1068 199 0.0032
197 200 0.0027
813 200 0.0027
814 200 0.0027
362 201 0.007
650 201 0.0038
840 201 0.0038
650 202 0.0054
653 202 0.0048
1595 202 0.0022
360 203 0.0032
655 203 0.0032
1 205 0.0054
597 205 0.0097
627 205 0.0113
1 206 0.0011
207 206 0.0011
627 206 0.0086
633 206 0.0086
206 207 0.0011
907 207 0.0011
631 208 0.0091
895 208 0.0091
605 209 0.0032
895 209 0.0097
1042 209 0.0059
215 210 0.0091
618 210 0.0059
1042 210 0.0059
212 211 0.0016
622 211 0.0011
1343 211 0.0032
211 212 0.0016
626 212 0.0016
210 215 0.0091
1314 215 0.0065
1318 215 0.0065
1 220 0.0065
221 220 0.007
1 221 0.0011
220 221 0.007
232 221 0.0059
701 221 0.0043
223 222 0.0032
229 222 0.0016
702 222 0.0022
222 223 0.0032
224 223 0.0032
226 223 0.0059
595 223 0.0032
603 223 0.0065
223 224 0.0032
225 224 0.0016
1344 224 0.0022
224 225 0.0016
1355 225 0.0011
223 226 0.0059
227 226 0.0059
226 227 0.0059
1336 227 0.0059
1037 228 0.0043
1336 228 0.0059
1355 228 0.0011
222 229 0.0016
230 229 0.0022
1348 229 0.0032
229 230 0.0022
231 230 0.0005
1349 230 0.0022
230 231 0.0005
235 231 0.0016
236 231 0.0016
221 232 0.0059
240 232 0.0027
244 232 0.0032
594 232 0.0005
234 233 0.0011
244 233 0.0032
701 233 0.0027
233 234 0.0011
235 234 0.0011
231 235 0.0016
234 235 0.0011
236 235 0.0022
238 235 0.0016
231 236 0.0016
235 236 0.0022
237 236 0.0011
1789 236 0.0016
236 237 0.0011
1363 237 0.0011
1375 237 0.0011
1387 237 0.0022
235 238 0.0016
239 238 0.0048
331 238 0.0022
875 238 0.0011
1790 238 0.0027
238 239 0.0048
875 239 0.0032
1369 239 0.0022
232 240 0.0027
328 240 0.0027
1028 240 0.0016
249 241 0.0038
324 241 0.0065
328 241 0.007
1028 241 0.0043
243 242 0.0027
885 242 0.0022
1793 242 0.0022
242 243 0.0027
878 243 0.0038
880 243 0.0027
1385 243 0.0027
1794 243 0.0005
232 244 0.0032
233 244 0.0032
248 247 0.0016
1026 247 0.0016
247 248 0.0016
249 248 0.0027
331 248 0.0005
241 249 0.0038
248 249 0.0027
331 249 0.0032
875 249 0.0016
1795 249 0.0011
1 251 0.0016
297 251 0.0027
1653 251 0.0027
253 252 0.0016
299 252 0.0043
845 252 0.0005
1653 252 0.0032
252 253 0.0016
714 253 0.0016
843 253 0.0011
1653 253 0.0011
255 254 0.0016
281 254 0.0054
709 254 0.0038
715 254 0.0075
254 255 0.0016
256 255 0.0043
856 255 0.0011
1069 255 0.0048
255 256 0.0043
257 256 0.0032
856 256 0.0048
256 257 0.0032
258 257 0.0011
858 257 0.0016
257 258 0.0011
259 258 0.0011
258 259 0.0011
277 259 0.0022
280 259 0.0005
261 260 0.0156
267 260 0.0022
268 260 0.014
710 260 0.0081
711 260 0.0027
260 261 0.0156
267 261 0.0011
582 261 0.0011
584 261 0.0011
723 261 0.0108
329 262 0.0022
726 262 0.0097
978 262 0.007
264 263 0.0102
326 263 0.0081
979 263 0.007
263 264 0.0102
319 264 0.0038
1033 264 0.0059
266 265 0.0059
1033 265 0.0059
265 266 0.0059
309 266 0.0075
317 266 0.0011
260 267 0.0022
261 267 0.0011
731 267 0.0005
260 268 0.014
712 268 0.0022
713 268 0.0134
270 269 0.0086
860 269 0.0011
1069 269 0.0102
269 270 0.0086
271 270 0.0059
330 270 0.0022
270 271 0.0059
272 271 0.0059
271 272 0.0059
273 272 0.0059
272 273 0.0059
1407 273 0.0043
1453 273 0.0027
1456 273 0.0011
259 277 0.0022
278 277 0.0048
279 277 0.0054
277 278 0.0048
1500 278 0.0065
1508 278 0.0011
277 279 0.0054
1451 279 0.0027
1458 279 0.0022
259 280 0.0005
1543 280 0.0005
254 281 0.0054
282 281 0.0054
281 282 0.0054
287 282 0.0054
1546 284 0.0011
1547 284 0.0011
286 285 0.0016
292 285 0.0016
285 286 0.0016
293 286 0.0038
1545 286 0.0005
1552 286 0.0032
1907 286 0.0022
282 287 0.0054
288 287 0.0054
287 288 0.0054
851 288 0.0016
1021 288 0.0075
290 289 0.0086
847 289 0.0027
1023 289 0.0054
289 290 0.0086
291 290 0.0054
385 290 0.0027
290 291 0.0054
292 291 0.0054
285 292 0.0016
291 292 0.0054
293 292 0.0075
286 293 0.0038
292 293 0.0075
294 293 0.0075
293 294 0.0075
295 294 0.0011
390 294 0.0091
294 295 0.0011
390 295 0.0011
1 296 0.0022
297 296 0.0022
303 296 0.0027
251 297 0.0027
296 297 0.0022
1655 297 0.0032
299 298 0.0156
716 298 0.0011
1654 298 0.0172
252 299 0.0043
298 299 0.0156
300 299 0.0011
845 299 0.0167
299 300 0.0011
301 300 0.0188
721 300 0.0011
846 300 0.0221
300 301 0.0188
302 301 0.0167
1648 301 0.0016
301 302 0.0167
332 302 0.0054
780 302 0.0108
296 303 0.0027
304 303 0.0043
797 303 0.0011
303 304 0.0043
305 304 0.0027
797 304 0.0043
304 305 0.0027
579 305 0.0011
1648 305 0.0011
308 307 0.0011
763 307 0.0011
307 308 0.0011
763 308 0.0011
266 309 0.0075
310 309 0.0091
317 309 0.0032
876 309 0.0005
309 310 0.0091
311 310 0.0086
1396 310 0.0043
310 311 0.0086
312 311 0.0054
1408 311 0.0059
311 312 0.0054
313 312 0.0043
314 312 0.0048
881 312 0.0048
312 313 0.0043
1402 313 0.0027
1410 313 0.0011
312 314 0.0048
315 314 0.0032
1404 314 0.0011
314 315 0.0032
316 315 0.0022
1406 315 0.0005
315 316 0.0022
1428 316 0.0038
1429 316 0.0043
266 317 0.0011
309 317 0.0032
1408 317 0.0016
264 319 0.0038
320 319 0.0038
319 320 0.0038
321 320 0.0038
320 321 0.0038
324 321 0.0038
241 324 0.0065
321 324 0.0038
325 324 0.0022
324 325 0.0022
873 325 0.0011
1793 325 0.0038
263 326 0.0081
327 326 0.0075
326 327 0.0075
328 327 0.0075
240 328 0.0027
241 328 0.007
327 328 0.0075
1028 328 0.0022
262 329 0.0022
330 329 0.0022
270 330 0.0022
329 330 0.0022
238 331 0.0022
248 331 0.0005
249 331 0.0032
302 332 0.0054
333 332 0.0054
332 333 0.0054
1078 333 0.0054
335 334 0.0054
377 334 0.0011
1078 334 0.007
334 335 0.0054
336 335 0.0016
390 335 0.0075
335 336 0.0016
392 336 0.0016
338 337 0.0054
392 337 0.0005
1013 337 0.0065
337 338 0.0054
1565 338 0.0054
341 340 0.0086
788 340 0.0011
1071 340 0.0102
340 341 0.0086
1958 341 0.0086
347 342 0.0022
1958 342 0.0022
342 347 0.0022
348 347 0.0022
347 348 0.0022
2089 348 0.0022
350 349 0.0118
567 349 0.0038
825 349 0.0118
349 350 0.0118
351 350 0.0005
1656 350 0.0129
350 351 0.0005
648 351 0.0097
1656 351 0.0108
354 353 0.0102
649 353 0.0102
353 354 0.0102
355 354 0.0108
357 354 0.0032
354 355 0.0108
399 355 0.0016
755 355 0.0086
659 356 0.0086
755 356 0.0086
354 357 0.0032
358 357 0.0027
361 357 0.0038
399 357 0.0022
357 358 0.0027
359 358 0.0022
358 359 0.0022
360 359 0.0022
203 360 0.0032
359 360 0.0022
361 360 0.0059
357 361 0.0038
360 361 0.0059
362 361 0.0048
201 362 0.007
361 362 0.0048
841 362 0.0016
185 363 0.0016
365 363 0.0016
190 365 0.0016
363 365 0.0016
368 367 0.0086
659 367 0.0086
367 368 0.0086
1579 368 0.0086
374 373 0.0016
800 373 0.0016
373 374 0.0016
379 374 0.0016
334 377 0.0011
1078 377 0.0011
374 379 0.0016
800 379 0.0016
381 380 0.0027
850 380 0.0027
380 381 0.0027
382 381 0.0027
381 382 0.0027
383 382 0.0043
385 382 0.0011
382 383 0.0043
385 383 0.0043
290 385 0.0027
382 385 0.0011
383 385 0.0043
294 390 0.0091
295 390 0.0011
335 390 0.0075
336 392 0.0016
337 392 0.0005
393 392 0.0027
392 393 0.0027
394 393 0.0038
395 393 0.0027
393 394 0.0038
1552 394 0.0032
1563 394 0.0032
393 395 0.0027
396 395 0.0027
398 395 0.0038
395 396 0.0027
397 396 0.0054
1013 396 0.0043
396 397 0.0054
398 397 0.0032
1555 397 0.0048
395 398 0.0038
397 398 0.0032
1562 398 0.0032
355 399 0.0016
357 399 0.0022
75 400 0.0022
130 400 0.0038
131 400 0.0011
1 401 0.0027
402 401 0.0016
984 401 0.0005
401 402 0.0016
988 402 0.0016
1 405 0.0011
406 405 0.0011
410 405 0.0027
405 406 0.0011
474 406 0.0011
410 409 0.0022
412 409 0.0011
413 409 0.0038
417 409 0.0027
1 410 0.0022
405 410 0.0027
409 410 0.0022
1 412 0.0032
409 412 0.0011
478 412 0.0016
409 413 0.0038
472 413 0.0038
130 416 0.0016
417 416 0.0027
470 416 0.0038
409 417 0.0027
416 417 0.0027
418 417 0.0048
417 418 0.0048
419 418 0.0038
473 418 0.0038
418 419 0.0038
420 419 0.0022
473 419 0.0011
419 420 0.0022
422 420 0.0022
420 422 0.0022
471 422 0.0022
168 427 0.0048
429 427 0.0048
169 429 0.0016
174 429 0.0027
427 429 0.0048
94 430 0.0016
95 430 0.0022
431 430 0.0005
432 430 0.0032
430 431 0.0005
434 431 0.0005
116 432 0.0032
430 432 0.0032
451 432 0.0016
79 433 0.0027
434 433 0.0027
431 434 0.0005
433 434 0.0027
435 434 0.0038
81 435 0.0075
82 435 0.0032
434 435 0.0038
441 440 0.0011
913 440 0.0011
440 441 0.0011
913 441 0.0011
114 443 0.0005
116 443 0.0005
115 451 0.0027
432 451 0.0016
452 451 0.0027
114 452 0.0065
451 452 0.0027
453 452 0.0054
452 453 0.0054
454 453 0.0054
694 453 0.0016
75 454 0.0043
109 454 0.0048
453 454 0.0054
456 454 0.0011
457 454 0.0022
74 455 0.0054
75 455 0.0054
456 455 0.0027
74 456 0.0027
454 456 0.0011
455 456 0.0027
457 456 0.0011
107 457 0.0027
454 457 0.0022
456 457 0.0011
458 457 0.0016
1 458 0.0011
74 458 0.0022
457 458 0.0016
62 462 0.0043
465 462 0.0043
462 465 0.0043
466 465 0.0022
1003 465 0.0016
465 466 0.0022
1706 466 0.0022
1 467 0.0016
468 467 0.0022
949 467 0.0022
44 468 0.0081
45 468 0.0011
467 468 0.0022
469 468 0.0011
681 468 0.0022
1 469 0.0032
43 469 0.0048
468 469 0.0011
416 470 0.0038
471 470 0.0059
1052 470 0.0016
422 471 0.0022
470 471 0.0059
1053 471 0.0032
413 472 0.0038
473 472 0.0022
474 472 0.0011
418 473 0.0038
419 473 0.0011
472 473 0.0022
406 474 0.0011
472 474 0.0011
1 476 0.0005
1646 476 0.0011
1650 476 0.0022
478 477 0.0016
1650 477 0.0016
412 478 0.0016
477 478 0.0016
1 482 0.0011
483 482 0.0011
1 483 0.0038
482 483 0.0011
484 483 0.0022
4 484 0.0022
483 484 0.0022
485 484 0.0032
1651 484 0.0011
484 485 0.0032
486 485 0.0059
949 485 0.0022
27 486 0.0097
485 486 0.0059
488 486 0.0091
1007 486 0.0043
486 488 0.0091
489 488 0.0091
488 489 0.0091
492 489 0.0091
29 492 0.0091
489 492 0.0091
2 502 0.0038
503 502 0.0027
835 502 0.0027
502 503 0.0027
504 503 0.0016
835 503 0.0005
503 504 0.0016
833 504 0.0011
506 505 0.0032
836 505 0.0027
505 506 0.0032
507 506 0.0027
678 506 0.0054
506 507 0.0027
508 507 0.0043
680 507 0.0065
7 508 0.0022
507 508 0.0043
672 508 0.0016
1 509 0.0016
808 509 0.0011
511 510 0.0011
518 510 0.0005
510 511 0.0011
512 511 0.0032
515 511 0.0032
812 511 0.0011
511 512 0.0032
513 512 0.0032
512 513 0.0032
514 513 0.0032
676 513 0.0027
513 514 0.0032
515 514 0.0016
675 514 0.0011
511 515 0.0032
514 515 0.0016
519 515 0.0065
678 515 0.0048
517 516 0.0054
519 516 0.0081
836 516 0.0032
1 517 0.0027
516 517 0.0054
518 517 0.0022
510 518 0.0005
517 518 0.0022
519 518 0.0011
515 519 0.0065
516 519 0.0081
518 519 0.0011
66 520 0.0038
67 520 0.0022
140 520 0.0016
522 521 0.0022
1777 521 0.0016
521 522 0.0022
523 522 0.0022
522 523 0.0022
525 523 0.0016
1777 523 0.0043
523 525 0.0016
526 525 0.0027
528 525 0.0048
525 526 0.0027
527 526 0.0038
1224 526 0.0005
526 527 0.0038
1226 527 0.0038
525 528 0.0048
1234 528 0.0027
1235 528 0.0038
82 531 0.0022
88 531 0.0022
170 542 0.0011
543 542 0.0011
1055 542 0.0027
182 543 0.0011
542 543 0.0011
545 544 0.0011
1248 544 0.0011
544 545 0.0011
1248 545 0.0011
181 546 0.0065
182 546 0.0011
1063 546 0.0048
84 549 0.0059
85 549 0.0059
85 551 0.0032
552 551 0.0016
1782 551 0.0054
551 552 0.0016
1783 552 0.0027
1784 552 0.0005
55 560 0.0038
56 560 0.0011
1190 560 0.0022
53 561 0.0065
562 561 0.0022
1187 561 0.0038
561 562 0.0022
1207 562 0.0022
52 564 0.0022
1187 564 0.0022
349 567 0.0038
568 567 0.0016
1656 567 0.0016
567 568 0.0016
760 568 0.0032
761 568 0.0054
761 569 0.0054
770 569 0.0054
1 572 0.0011
573 572 0.0011
577 572 0.0027
572 573 0.0011
580 573 0.0011
572 577 0.0027
578 577 0.0011
797 577 0.0043
577 578 0.0011
579 578 0.0027
797 578 0.0043
305 579 0.0011
578 579 0.0027
580 579 0.0011
573 580 0.0011
579 580 0.0011
261 582 0.0011
583 582 0.0011
582 583 0.0011
589 583 0.0022
969 583 0.0048
970 583 0.0027
261 584 0.0011
585 584 0.0005
588 584 0.0022
584 585 0.0005
586 585 0.0011
976 585 0.0022
585 586 0.0011
976 586 0.0011
584 588 0.0022
589 588 0.0022
583 589 0.0022
588 589 0.0022
590 589 0.0016
589 590 0.0016
591 590 0.0022
970 590 0.0022
590 591 0.0022
592 591 0.0005
971 591 0.0027
972 591 0.0022
976 591 0.0005
591 592 0.0005
972 592 0.0005
232 594 0.0005
983 594 0.0011
223 595 0.0032
1348 595 0.0032
205 597 0.0097
598 597 0.0016
600 597 0.0091
1045 597 0.0022
597 598 0.0016
610 598 0.0016
597 600 0.0091
601 600 0.0091
611 600 0.0038
600 601 0.0091
602 601 0.0048
604 601 0.007
601 602 0.0048
603 602 0.0032
604 602 0.0011
223 603 0.0065
602 603 0.0032
615 603 0.0059
601 604 0.007
602 604 0.0011
605 604 0.0054
209 605 0.0032
604 605 0.0054
611 605 0.0016
598 610 0.0016
611 610 0.0016
600 611 0.0038
605 611 0.0016
610 611 0.0016
603 615 0.0059
616 615 0.0059
615 616 0.0059
1036 616 0.0059
210 618 0.0059
1343 618 0.0059
211 622 0.0011
624 622 0.0011
622 624 0.0011
625 624 0.0032
1038 624 0.0016
624 625 0.0032
1037 625 0.0032
212 626 0.0016
1333 626 0.0016
205 627 0.0113
206 627 0.0086
628 627 0.0022
627 628 0.0022
1045 628 0.0022
631 630 0.0108
633 630 0.0108
208 631 0.0091
630 631 0.0108
1331 631 0.0011
206 633 0.0086
630 633 0.0108
634 633 0.0048
633 634 0.0048
635 634 0.0059
642 634 0.0038
634 635 0.0059
636 635 0.0075
899 635 0.0011
635 636 0.0075
637 636 0.0048
644 636 0.0022
636 637 0.0048
638 637 0.0032
899 637 0.0011
637 638 0.0032
639 638 0.0048
640 638 0.0011
638 639 0.0048
640 639 0.0011
896 639 0.0032
638 640 0.0011
639 640 0.0011
634 642 0.0038
644 642 0.0038
636 644 0.0022
642 644 0.0038
1331 644 0.0011
161 645 0.0022
901 645 0.0022
351 648 0.0097
649 648 0.0102
804 648 0.0022
353 649 0.0102
648 649 0.0102
804 649 0.0027
201 650 0.0038
202 650 0.0054
651 650 0.0011
650 651 0.0011
1595 651 0.0011
202 653 0.0048
655 653 0.0048
203 655 0.0032
653 655 0.0048
657 655 0.0022
1594 655 0.0027
655 657 0.0022
1598 657 0.0016
356 659 0.0086
367 659 0.0086
6 661 0.0038
12 661 0.0038
12 663 0.0065
665 663 0.0065
663 665 0.0065
667 665 0.0065
13 667 0.0065
665 667 0.0065
508 672 0.0016
673 672 0.0016
962 672 0.0027
672 673 0.0016
962 673 0.0011
963 673 0.0022
964 673 0.0016
514 675 0.0011
676 675 0.0032
677 675 0.0016
197 676 0.0032
513 676 0.0027
675 676 0.0032
197 677 0.0038
198 677 0.0016
675 677 0.0016
506 678 0.0054
515 678 0.0048
679 678 0.0043
678 679 0.0043
680 679 0.0048
507 680 0.0065
679 680 0.0048
962 680 0.0011
468 681 0.0022
682 681 0.0022
681 682 0.0022
683 682 0.0022
46 683 0.0054
145 683 0.0027
682 683 0.0022
155 692 0.0081
156 692 0.0081
76 694 0.0027
94 694 0.0027
453 694 0.0016
174 696 0.0016
175 696 0.0016
221 701 0.0043
233 701 0.0027
702 701 0.0022
222 702 0.0022
701 702 0.0022
1 706 0.0048
707 706 0.0016
710 706 0.0059
706 707 0.0016
708 707 0.0022
843 707 0.0011
707 708 0.0022
709 708 0.0032
844 708 0.0027
254 709 0.0038
708 709 0.0032
710 709 0.0032
260 710 0.0081
706 710 0.0059
709 710 0.0032
711 710 0.0011
260 711 0.0027
710 711 0.0011
712 711 0.0011
268 712 0.0022
711 712 0.0011
713 712 0.0005
268 713 0.0134
712 713 0.0005
968 713 0.0124
253 714 0.0016
715 714 0.0086
844 714 0.0022
846 714 0.0081
254 715 0.0075
714 715 0.0086
798 715 0.0011
844 715 0.0032
298 716 0.0011
719 716 0.0011
716 719 0.0011
1655 719 0.0016
300 721 0.0011
798 721 0.0011
261 723 0.0108
724 723 0.0027
726 723 0.0118
723 724 0.0027
734 724 0.0011
737 724 0.0043
727 725 0.0016
729 725 0.0027
737 725 0.0048
262 726 0.0097
723 726 0.0118
727 726 0.0016
725 727 0.0016
726 727 0.0016
1 729 0.0016
725 729 0.0027
735 729 0.0027
1 730 0.0016
731 730 0.0011
732 730 0.0032
267 731 0.0005
730 731 0.0011
732 731 0.0022
730 732 0.0032
731 732 0.0022
733 732 0.0005
732 733 0.0005
734 733 0.0005
724 734 0.0011
733 734 0.0005
735 734 0.0022
729 735 0.0027
734 735 0.0022
737 735 0.0032
724 737 0.0043
725 737 0.0048
735 737 0.0032
747 738 0.0016
983 738 0.0016
1 747 0.0016
738 747 0.0016
355 755 0.0086
356 755 0.0086
568 760 0.0032
774 760 0.0032
568 761 0.0054
569 761 0.0054
307 763 0.0011
308 763 0.0011
764 763 0.0016
767 763 0.0016
763 764 0.0016
765 764 0.0016
790 764 0.0038
764 765 0.0016
793 765 0.0016
763 767 0.0016
768 767 0.0011
770 767 0.0032
767 768 0.0011
770 768 0.0048
771 768 0.0032
569 770 0.0054
767 770 0.0032
768 770 0.0048
768 771 0.0032
774 771 0.0032
760 774 0.0032
771 774 0.0032
302 780 0.0108
781 780 0.0108
780 781 0.0108
786 781 0.0108
781 786 0.0108
788 786 0.0108
340 788 0.0011
786 788 0.0108
789 788 0.0016
1071 788 0.0102
788 789 0.0016
790 789 0.0038
791 789 0.0016
764 790 0.0038
789 790 0.0038
795 790 0.0038
789 791 0.0016
793 791 0.0016
795 791 0.0038
765 793 0.0016
791 793 0.0016
790 795 0.0038
791 795 0.0038
303 797 0.0011
304 797 0.0043
577 797 0.0043
578 797 0.0043
715 798 0.0011
721 798 0.0011
373 800 0.0016
379 800 0.0016
1 802 0.0032
805 802 0.0032
819 802 0.0027
804 803 0.0038
819 803 0.0022
822 803 0.0032
648 804 0.0022
649 804 0.0027
803 804 0.0038
822 804 0.0011
184 805 0.0032
802 805 0.0032
807 805 0.0038
183 807 0.0016
805 807 0.0038
808 807 0.0011
809 807 0.0032
509 808 0.0011
807 808 0.0011
1 809 0.0032
807 809 0.0032
511 812 0.0011
813 812 0.0011
200 813 0.0027
812 813 0.0011
814 813 0.0011
183 814 0.0011
200 814 0.0027
813 814 0.0011
802 819 0.0027
803 819 0.0022
820 819 0.0022
819 820 0.0022
821 820 0.0011
824 820 0.0038
820 821 0.0011
822 821 0.0016
824 821 0.0032
803 822 0.0032
804 822 0.0011
821 822 0.0016
1 823 0.0027
824 823 0.0022
825 823 0.0022
820 824 0.0038
821 824 0.0032
823 824 0.0022
349 825 0.0118
823 825 0.0022
826 825 0.0011
832 825 0.014
825 826 0.0011
832 826 0.0016
1 832 0.0129
825 832 0.014
826 832 0.0016
3 833 0.0011
504 833 0.0011
1 835 0.0022
502 835 0.0027
503 835 0.0005
505 836 0.0027
516 836 0.0032
184 837 0.0038
838 837 0.0027
840 837 0.0016
185 838 0.0027
837 838 0.0027
201 840 0.0038
837 840 0.0016
841 840 0.0016
362 841 0.0016
840 841 0.0016
253 843 0.0011
707 843 0.0011
844 843 0.0016
708 844 0.0027
714 844 0.0022
715 844 0.0032
843 844 0.0016
252 845 0.0005
299 845 0.0167
846 845 0.0156
300 846 0.0221
714 846 0.0081
845 846 0.0156
289 847 0.0027
848 847 0.0011
850 847 0.0043
847 848 0.0011
850 848 0.0011
380 850 0.0027
847 850 0.0043
848 850 0.0011
288 851 0.0016
1023 851 0.0016
255 856 0.0011
256 856 0.0048
857 856 0.0032
856 857 0.0032
858 857 0.0016
860 857 0.0011
257 858 0.0016
857 858 0.0016
269 860 0.0011
857 860 0.0011
325 873 0.0011
1793 873 0.0011
238 875 0.0011
239 875 0.0032
249 875 0.0016
309 876 0.0005
1794 876 0.0005
878 877 0.0027
1396 877 0.0038
1794 877 0.0038
243 878 0.0038
877 878 0.0027
1397 878 0.0027
1794 878 0.0038
243 880 0.0027
885 880 0.0022
1380 880 0.0016
1386 880 0.0022
312 881 0.0048
882 881 0.0065
884 881 0.0011
881 882 0.0065
884 882 0.0059
1397 882 0.0032
881 884 0.0011
882 884 0.0059
1388 884 0.0043
242 885 0.0022
880 885 0.0022
1381 885 0.0016
208 895 0.0091
209 895 0.0097
1315 895 0.0043
639 896 0.0032
897 896 0.0032
896 897 0.0032
907 897 0.0011
1322 897 0.0016
635 899 0.0011
637 899 0.0011
645 901 0.0022
903 901 0.0022
162 903 0.0022
901 903 0.0022
207 907 0.0011
897 907 0.0011
440 913 0.0011
441 913 0.0011
113 916 0.0016
917 916 0.0016
916 917 0.0016
918 917 0.0016
127 918 0.0032
917 918 0.0016
919 918 0.0054
64 919 0.0048
918 919 0.0054
103 925 0.0016
104 925 0.0016
63 926 0.0043
103 926 0.0065
104 926 0.0016
97 931 0.0032
932 931 0.0032
98 932 0.0032
931 932 0.0032
135 938 0.0059
939 938 0.0022
941 938 0.0086
938 939 0.0022
940 939 0.0011
942 939 0.0038
939 940 0.0011
942 940 0.0038
1778 940 0.0022
48 941 0.0081
938 941 0.0086
1780 941 0.0032
939 942 0.0038
940 942 0.0038
1243 944 0.0038
1286 944 0.0016
1777 944 0.0027
1780 944 0.0027
467 949 0.0022
485 949 0.0022
13 954 0.0032
14 954 0.0054
955 954 0.0016
954 955 0.0016
959 955 0.0016
14 959 0.0038
955 959 0.0016
960 959 0.0016
959 960 0.0016
961 960 0.0016
960 961 0.0016
1116 961 0.0016
1704 961 0.0038
672 962 0.0027
673 962 0.0011
680 962 0.0011
198 963 0.0016
673 963 0.0022
198 964 0.0038
673 964 0.0016
965 964 0.0016
196 965 0.0016
964 965 0.0016
713 968 0.0124
969 968 0.0027
1069 968 0.0091
583 969 0.0048
968 969 0.0027
973 969 0.0016
583 970 0.0027
590 970 0.0022
971 970 0.0032
591 971 0.0027
970 971 0.0032
972 971 0.0032
591 972 0.0022
592 972 0.0005
971 972 0.0032
973 972 0.0016
969 973 0.0016
972 973 0.0016
585 976 0.0022
586 976 0.0011
591 976 0.0005
262 978 0.007
979 978 0.007
263 979 0.007
978 979 0.007
1 983 0.0032
594 983 0.0011
738 983 0.0016
1 984 0.0022
401 984 0.0005
985 984 0.0011
1 985 0.0032
984 985 0.0011
986 985 0.0016
985 986 0.0016
988 986 0.0016
402 988 0.0016
986 988 0.0016
81 993 0.007
179 993 0.007
136 995 0.0054
996 995 0.0054
995 996 0.0054
1000 996 0.0054
135 1000 0.0054
996 1000 0.0054
60 1003 0.0011
61 1003 0.0032
465 1003 0.0016
28 1007 0.0043
486 1007 0.0043
337 1013 0.0065
396 1013 0.0043
1555 1013 0.0011
1565 1013 0.0016
1568 1013 0.0011
288 1021 0.0075
1023 1021 0.0075
289 1023 0.0054
851 1023 0.0016
1021 1023 0.0075
247 1026 0.0016
1028 1026 0.0016
240 1028 0.0016
241 1028 0.0043
328 1028 0.0022
1026 1028 0.0016
264 1033 0.0059
265 1033 0.0059
616 1036 0.0059
1037 1036 0.007
1038 1036 0.0005
228 1037 0.0043
625 1037 0.0032
1036 1037 0.007
1038 1037 0.0027
624 1038 0.0016
1036 1038 0.0005
1037 1038 0.0027
209 1042 0.0059
210 1042 0.0059
597 1045 0.0022
628 1045 0.0022
158 1052 0.0065
470 1052 0.0016
1053 1052 0.0086
159 1053 0.0048
471 1053 0.0032
1052 1053 0.0086
170 1055 0.0059
171 1055 0.0027
542 1055 0.0027
131 1060 0.0027
1061 1060 0.0043
1062 1060 0.0011
77 1061 0.0043
1060 1061 0.0043
1062 1061 0.0027
78 1062 0.0011
1060 1062 0.0011
1061 1062 0.0027
177 1063 0.0011
546 1063 0.0048
1782 1063 0.0032
13 1068 0.0059
188 1068 0.0043
199 1068 0.0032
1606 1068 0.0027
255 1069 0.0048
269 1069 0.0102
968 1069 0.0091
340 1071 0.0102
788 1071 0.0102
333 1078 0.0054
334 1078 0.007
377 1078 0.0011
16 1086 0.0016
1087 1086 0.0043
1092 1086 0.0038
1093 1086 0.0011
1086 1087 0.0043
1088 1087 0.0059
1720 1087 0.0011
1087 1088 0.0059
1089 1088 0.0059
1088 1089 0.0059
1090 1089 0.0054
1091 1089 0.0075
1089 1090 0.0054
1745 1090 0.0048
1749 1090 0.0065
1089 1091 0.0075
1730 1091 0.0075
1086 1092 0.0038
1093 1092 0.0048
1111 1092 0.0048
1086 1093 0.0011
1092 1093 0.0048
1094 1093 0.0032
1093 1094 0.0032
1095 1094 0.0027
1094 1095 0.0027
1708 1095 0.0048
1711 1095 0.0016
16 1096 0.0022
1097 1096 0.0038
1619 1096 0.0011
1096 1097 0.0038
1610 1097 0.0059
1616 1097 0.0043
1619 1097 0.0022
1099 1098 0.0005
1101 1098 0.0016
1619 1098 0.0005
1098 1099 0.0005
1100 1099 0.0038
1101 1099 0.0032
1697 1099 0.0011
1099 1100 0.0038
1689 1100 0.0022
1691 1100 0.0011
1098 1101 0.0016
1099 1101 0.0032
1703 1101 0.0032
15 1102 0.0016
1103 1102 0.0011
1105 1102 0.0027
1108 1102 0.0032
1102 1103 0.0011
1106 1103 0.0011
1102 1105 0.0027
1106 1105 0.0011
1108 1105 0.0011
1103 1106 0.0011
1105 1106 0.0011
1102 1108 0.0032
1105 1108 0.0011
1109 1108 0.0016
1108 1109 0.0016
1121 1109 0.0027
1123 1109 0.0005
1092 1111 0.0048
1112 1111 0.0048
1111 1112 0.0048
1113 1112 0.0048
1112 1113 0.0048
1701 1113 0.0016
1708 1113 0.0027
961 1116 0.0016
1117 1116 0.0011
1120 1116 0.0032
1116 1117 0.0011
1118 1117 0.0032
1120 1117 0.0048
1117 1118 0.0032
1119 1118 0.0043
1134 1118 0.0005
1118 1119 0.0043
1122 1119 0.0043
1116 1120 0.0032
1117 1120 0.0048
1121 1120 0.0054
1109 1121 0.0027
1120 1121 0.0054
1122 1121 0.0022
1119 1122 0.0043
1121 1122 0.0022
1742 1122 0.0016
1109 1123 0.0005
1145 1123 0.0005
26 1129 0.0016
1130 1129 0.0043
1133 1129 0.0022
1129 1130 0.0043
1170 1130 0.0043
1129 1133 0.0022
1134 1133 0.0016
1135 1133 0.0043
1118 1134 0.0005
1133 1134 0.0016
1137 1134 0.0043
1744 1134 0.0032
1133 1135 0.0043
1137 1135 0.0043
1134 1137 0.0043
1135 1137 0.0043
41 1139 0.0086
1140 1139 0.0081
1151 1139 0.0054
1139 1140 0.0081
1141 1140 0.0065
1149 1140 0.0032
1140 1141 0.0065
1142 1141 0.0081
1173 1141 0.0011
1141 1142 0.0081
1143 1142 0.007
1173 1142 0.0048
1142 1143 0.007
1144 1143 0.0091
1147 1143 0.0016
1143 1144 0.0091
1146 1144 0.0027
1170 1144 0.0065
1744 1144 0.0065
1123 1145 0.0005
1742 1145 0.0022
1744 1145 0.0054
1745 1145 0.0038
1144 1146 0.0027
1147 1146 0.0027
1148 1146 0.0016
1143 1147 0.0016
1146 1147 0.0027
1148 1147 0.0005
1146 1148 0.0016
1147 1148 0.0005
1746 1148 0.0005
1140 1149 0.0032
1150 1149 0.0005
1154 1149 0.0022
1149 1150 0.0005
1755 1150 0.0027
1757 1150 0.0016
1139 1151 0.0054
1152 1151 0.0059
1161 1151 0.0059
1177 1151 0.0054
1151 1152 0.0059
1153 1152 0.0038
1160 1152 0.0016
1152 1153 0.0038
1154 1153 0.0032
1157 1153 0.0022
1149 1154 0.0022
1153 1154 0.0032
1155 1154 0.0005
1154 1155 0.0005
1159 1155 0.0022
1765 1155 0.0011
1153 1157 0.0022
1158 1157 0.0016
1160 1157 0.0011
1165 1157 0.0005
1157 1158 0.0016
1159 1158 0.0032
1165 1158 0.0032
1155 1159 0.0022
1158 1159 0.0032
1211 1159 0.0038
1152 1160 0.0016
1157 1160 0.0011
1161 1160 0.0032
1151 1161 0.0059
1160 1161 0.0032
1162 1161 0.0022
1161 1162 0.0022
1164 1162 0.0016
1166 1162 0.0043
1165 1163 0.0027
1204 1163 0.0022
1205 1163 0.0022
1210 1163 0.0027
1162 1164 0.0016
1206 1164 0.0022
1157 1165 0.0005
1158 1165 0.0032
1163 1165 0.0027
1162 1166 0.0043
1167 1166 0.0027
1178 1166 0.0032
1166 1167 0.0027
1168 1167 0.0038
1182 1167 0.0027
1167 1168 0.0038
1183 1168 0.0016
1202 1168 0.0016
39 1169 0.0011
1170 1169 0.0016
1173 1169 0.0032
1130 1170 0.0043
1144 1170 0.0065
1169 1170 0.0016
1141 1173 0.0011
1142 1173 0.0048
1169 1173 0.0032
34 1174 0.0022
42 1174 0.0011
1175 1174 0.0038
41 1175 0.0032
42 1175 0.0022
1174 1175 0.0038
42 1176 0.0005
1177 1176 0.0005
1151 1177 0.0054
1176 1177 0.0005
1178 1177 0.0043
1166 1178 0.0032
1177 1178 0.0043
1180 1178 0.0027
35 1180 0.0016
1178 1180 0.0027
1181 1180 0.0005
1180 1181 0.0005
1182 1181 0.0011
1167 1182 0.0027
1181 1182 0.0011
1183 1182 0.0022
1168 1183 0.0016
1182 1183 0.0022
35 1185 0.0011
1188 1185 0.0011
561 1187 0.0038
564 1187 0.0022
1188 1187 0.0011
1185 1188 0.0011
1187 1188 0.0011
560 1190 0.0022
1191 1190 0.0027
1198 1190 0.0075
1207 1190 0.0016
1190 1191 0.0027
1192 1191 0.0016
1213 1191 0.0048
1191 1192 0.0016
1194 1192 0.0016
1192 1194 0.0016
1216 1194 0.0016
1197 1196 0.0011
1201 1196 0.0043
1213 1196 0.0027
1196 1197 0.0011
1774 1197 0.0027
1990 1197 0.0011
1190 1198 0.0075
1199 1198 0.0043
1208 1198 0.0059
1198 1199 0.0043
1200 1199 0.0043
1210 1199 0.0027
1199 1200 0.0043
1201 1200 0.0027
1769 1200 0.0011
1196 1201 0.0043
1200 1201 0.0027
1775 1201 0.0011
1168 1202 0.0016
1203 1202 0.0048
1206 1202 0.0005
1207 1202 0.0016
1202 1203 0.0048
1204 1203 0.0038
1205 1203 0.0048
1163 1204 0.0022
1203 1204 0.0038
1209 1204 0.0022
1163 1205 0.0022
1203 1205 0.0048
1206 1205 0.0032
1164 1206 0.0022
1202 1206 0.0005
1205 1206 0.0032
562 1207 0.0022
1190 1207 0.0016
1202 1207 0.0016
1208 1207 0.0065
1198 1208 0.0059
1207 1208 0.0065
1209 1208 0.0032
1204 1209 0.0022
1208 1209 0.0032
1210 1209 0.0016
1163 1210 0.0027
1199 1210 0.0027
1209 1210 0.0016
1211 1210 0.0038
1159 1211 0.0038
1210 1211 0.0038
1212 1211 0.0027
1211 1212 0.0027
1763 1212 0.0005
1776 1212 0.0038
1191 1213 0.0048
1196 1213 0.0027
1214 1213 0.0016
1213 1214 0.0016
1215 1214 0.0011
1216 1214 0.0032
1214 1215 0.0011
1216 1215 0.0011
1194 1216 0.0016
1214 1216 0.0032
1215 1216 0.0011
1219 1218 0.0016
1988 1218 0.0016
1218 1219 0.0016
1986 1219 0.0016
58 1222 0.0027
1223 1222 0.0043
1226 1222 0.0011
1222 1223 0.0043
1224 1223 0.0005
1226 1223 0.0054
526 1224 0.0005
1223 1224 0.0005
527 1226 0.0038
1222 1226 0.0011
1223 1226 0.0054
54 1233 0.0016
1234 1233 0.0022
1240 1233 0.0022
528 1234 0.0027
1233 1234 0.0022
1240 1234 0.0032
57 1235 0.0011
58 1235 0.0054
528 1235 0.0038
153 1239 0.0032
1240 1239 0.0027
1777 1239 0.0043
1233 1240 0.0022
1234 1240 0.0032
1239 1240 0.0027
152 1243 0.0038
944 1243 0.0038
544 1248 0.0011
545 1248 0.0011
172 1251 0.0016
1252 1251 0.0016
1251 1252 0.0016
1253 1252 0.0016
1252 1253 0.0016
1254 1253 0.0011
1267 1253 0.0032
1253 1254 0.0011
1255 1254 0.0043
1256 1254 0.0022
1267 1254 0.0032
1254 1255 0.0043
1259 1255 0.0043
163 1256 0.0065
1254 1256 0.0022
1257 1256 0.0065
1275 1256 0.0065
164 1257 0.0016
1256 1257 0.0065
1258 1257 0.0043
1257 1258 0.0043
1259 1258 0.0043
1255 1259 0.0043
1258 1259 0.0043
1253 1267 0.0032
1254 1267 0.0032
173 1275 0.0065
1256 1275 0.0065
166 1281 0.0016
167 1281 0.0011
1282 1281 0.0016
1303 1281 0.0011
1281 1282 0.0016
1283 1282 0.0027
1319 1282 0.0005
1282 1283 0.0027
1284 1283 0.0048
1310 1283 0.0016
1283 1284 0.0048
1321 1284 0.0048
138 1285 0.0016
1286 1285 0.0022
1778 1285 0.0032
944 1286 0.0016
1285 1286 0.0022
1779 1286 0.0032
167 1292 0.0011
1297 1292 0.0032
1300 1292 0.0016
1297 1293 0.0032
1300 1293 0.0032
1292 1297 0.0032
1293 1297 0.0032
1292 1300 0.0016
1293 1300 0.0032
1301 1300 0.0016
1303 1300 0.0032
1300 1301 0.0016
1304 1301 0.0027
1313 1301 0.0005
1281 1303 0.0011
1300 1303 0.0032
1304 1303 0.0016
1301 1304 0.0027
1303 1304 0.0016
1313 1304 0.0011
1283 1310 0.0016
1311 1310 0.0022
1310 1311 0.0022
1312 1311 0.0027
1313 1311 0.0011
1321 1311 0.0038
1311 1312 0.0027
1313 1312 0.0005
1314 1312 0.0016
1301 1313 0.0005
1304 1313 0.0011
1311 1313 0.0011
1312 1313 0.0005
215 1314 0.0065
1312 1314 0.0016
1333 1314 0.0016
1343 1314 0.0022
895 1315 0.0043
1316 1315 0.0059
1323 1315 0.0011
1315 1316 0.0059
1317 1316 0.0048
1323 1316 0.0059
1316 1317 0.0048
1318 1317 0.0032
1319 1317 0.0032
215 1318 0.0065
1317 1318 0.0032
1321 1318 0.0048
1282 1319 0.0005
1317 1319 0.0032
1324 1319 0.0022
1284 1321 0.0048
1311 1321 0.0038
1318 1321 0.0048
897 1322 0.0016
1323 1322 0.0043
1324 1322 0.0022
1315 1323 0.0011
1316 1323 0.0059
1322 1323 0.0043
1319 1324 0.0022
1322 1324 0.0022
631 1331 0.0011
644 1331 0.0011
626 1333 0.0016
1314 1333 0.0016
227 1336 0.0059
228 1336 0.0059
211 1343 0.0032
618 1343 0.0059
1314 1343 0.0022
224 1344 0.0022
1345 1344 0.0038
1357 1344 0.0011
1344 1345 0.0038
1346 1345 0.0032
1350 1345 0.0032
1345 1346 0.0032
1347 1346 0.0022
1350 1346 0.0016
1346 1347 0.0022
1354 1347 0.0022
1357 1347 0.0027
229 1348 0.0032
595 1348 0.0032
1349 1348 0.0038
230 1349 0.0022
1348 1349 0.0038
1350 1349 0.0022
1345 1350 0.0032
1346 1350 0.0016
1349 1350 0.0022
1353 1352 0.0032
1357 1352 0.0011
1359 1352 0.0011
1352 1353 0.0032
1354 1353 0.0016
1359 1353 0.0011
1347 1354 0.0022
1353 1354 0.0016
225 1355 0.0011
228 1355 0.0011
1344 1357 0.0011
1347 1357 0.0027
1352 1357 0.0011
1352 1359 0.0011
1353 1359 0.0011
237 1363 0.0011
1364 1363 0.0005
1384 1363 0.0011
1387 1363 0.0016
1363 1364 0.0005
1365 1364 0.0005
1364 1365 0.0005
1366 1365 0.0005
1383 1365 0.0016
1365 1366 0.0005
1367 1366 0.0011
1372 1366 0.0022
1366 1367 0.0011
1368 1367 0.0022
1372 1367 0.0022
1394 1367 0.0011
1367 1368 0.0022
1386 1368 0.0011
1394 1368 0.0016
239 1369 0.0022
1370 1369 0.0027
1373 1369 0.0032
1379 1369 0.0005
1369 1370 0.0027
1373 1370 0.0032
1379 1370 0.0027
1796 1370 0.0032
1372 1371 0.0016
1382 1371 0.0027
1796 1371 0.0027
1366 1372 0.0022
1367 1372 0.0022
1371 1372 0.0016
1369 1373 0.0032
1370 1373 0.0032
1374 1373 0.0032
1377 1373 0.0011
1791 1373 0.0027
1373 1374 0.0032
1377 1374 0.0005
1384 1374 0.0022
237 1375 0.0011
1376 1375 0.0016
1792 1375 0.0032
1375 1376 0.0016
1791 1376 0.0011
1373 1377 0.0011
1374 1377 0.0005
1369 1379 0.0005
1370 1379 0.0027
1380 1379 0.0022
1381 1379 0.0027
1795 1379 0.0011
880 1380 0.0016
1379 1380 0.0022
1796 1380 0.0022
885 1381 0.0016
1379 1381 0.0027
1795 1381 0.0027
1371 1382 0.0027
1383 1382 0.0022
1384 1382 0.0032
1365 1383 0.0016
1382 1383 0.0022
1384 1383 0.0022
1363 1384 0.0011
1374 1384 0.0022
1382 1384 0.0032
1383 1384 0.0022
243 1385 0.0027
1386 1385 0.0016
2075 1385 0.0016
880 1386 0.0022
1368 1386 0.0011
1385 1386 0.0016
237 1387 0.0022
1363 1387 0.0016
884 1388 0.0043
1389 1388 0.0048
2078 1388 0.0032
1388 1389 0.0048
1393 1389 0.0016
1399 1389 0.0027
1391 1390 0.0027
1399 1390 0.0027
1390 1391 0.0027
1402 1391 0.0027
1389 1393 0.0016
2078 1393 0.0022
1367 1394 0.0011
1368 1394 0.0016
310 1396 0.0043
877 1396 0.0038
1397 1396 0.0032
878 1397 0.0027
882 1397 0.0032
1396 1397 0.0032
1389 1399 0.0027
1390 1399 0.0027
313 1402 0.0027
1391 1402 0.0027
314 1404 0.0011
1405 1404 0.0022
1408 1404 0.0038
1404 1405 0.0022
1406 1405 0.0027
1407 1405 0.0054
315 1406 0.0005
1405 1406 0.0027
1409 1406 0.0016
273 1407 0.0043
1405 1407 0.0054
1409 1407 0.0027
311 1408 0.0059
317 1408 0.0016
1404 1408 0.0038
1406 1409 0.0016
1407 1409 0.0027
1428 1409 0.0005
313 1410 0.0011
1411 1410 0.0048
1415 1410 0.0016
1424 1410 0.0011
1410 1411 0.0048
1412 1411 0.0016
1417 1411 0.007
1411 1412 0.0016
1413 1412 0.0016
1412 1413 0.0016
1417 1413 0.0022
1410 1415 0.0016
1420 1415 0.0016
1411 1417 0.007
1413 1417 0.0022
1418 1417 0.0011
1420 1417 0.0059
1417 1418 0.0011
1419 1418 0.0005
1421 1418 0.0022
1418 1419 0.0005
1440 1419 0.0027
1798 1419 0.0016
1415 1420 0.0016
1417 1420 0.0059
1421 1420 0.0038
1418 1421 0.0022
1420 1421 0.0038
1422 1421 0.0011
1421 1422 0.0011
1424 1422 0.0011
1410 1424 0.0011
1422 1424 0.0011
316 1428 0.0038
1409 1428 0.0005
1431 1428 0.0027
316 1429 0.0043
1430 1429 0.0043
1429 1430 0.0043
1440 1430 0.0043
1428 1431 0.0027
1432 1431 0.0054
1447 1431 0.0022
1431 1432 0.0054
1433 1432 0.0091
1466 1432 0.0032
1432 1433 0.0091
1434 1433 0.0075
1466 1433 0.0011
1433 1434 0.0075
1435 1434 0.0081
1434 1435 0.0081
1471 1435 0.007
1513 1435 0.0038
1437 1436 0.0016
1438 1436 0.0011
1436 1437 0.0016
1439 1437 0.0054
1798 1437 0.0043
1436 1438 0.0011
1439 1438 0.0011
1437 1439 0.0054
1438 1439 0.0011
1800 1439 0.0022
1808 1439 0.0011
1419 1440 0.0027
1430 1440 0.0043
1441 1440 0.0054
1440 1441 0.0054
1442 1441 0.0038
1798 1441 0.0065
1802 1441 0.0048
1441 1442 0.0038
1804 1442 0.0054
1813 1442 0.0011
1431 1447 0.0022
1448 1447 0.0032
1449 1447 0.0005
1447 1448 0.0032
1449 1448 0.0027
1472 1448 0.0043
1447 1449 0.0005
1448 1449 0.0027
1450 1449 0.0016
1449 1450 0.0016
1483 1450 0.0032
1813 1450 0.0011
279 1451 0.0027
1454 1451 0.0027
273 1453 0.0027
1454 1453 0.0027
1456 1453 0.0027
1451 1454 0.0027
1453 1454 0.0027
273 1456 0.0011
1453 1456 0.0027
1457 1456 0.0005
1463 1456 0.0022
1456 1457 0.0005
1458 1457 0.0032
1462 1457 0.0022
279 1458 0.0022
1457 1458 0.0032
1459 1458 0.0059
1458 1459 0.0059
1460 1459 0.0032
1481 1459 0.0043
1459 1460 0.0032
1461 1460 0.0011
1485 1460 0.0048
1460 1461 0.0011
1462 1461 0.0032
1485 1461 0.0048
1457 1462 0.0022
1461 1462 0.0032
1463 1462 0.0005
1456 1463 0.0022
1462 1463 0.0005
1464 1463 0.0032
1463 1464 0.0032
1465 1464 0.0022
1467 1464 0.0059
1464 1465 0.0022
1466 1465 0.0016
1432 1466 0.0032
1433 1466 0.0011
1465 1466 0.0016
1464 1467 0.0059
1469 1467 0.0059
1467 1469 0.0059
1470 1469 0.0038
1474 1469 0.0048
1469 1470 0.0038
1471 1470 0.0022
1513 1470 0.0032
1435 1471 0.007
1470 1471 0.0022
1472 1471 0.007
1513 1471 0.0022
1448 1472 0.0043
1471 1472 0.007
1473 1472 0.0065
1483 1472 0.0038
1472 1473 0.0065
1474 1473 0.0032
1490 1473 0.007
1469 1474 0.0048
1473 1474 0.0032
1475 1474 0.0054
1474 1475 0.0054
1476 1475 0.0011
1478 1475 0.0081
1815 1475 0.0005
1475 1476 0.0011
1477 1476 0.0032
1815 1476 0.0016
1476 1477 0.0032
1478 1477 0.0113
1492 1477 0.0102
1834 1477 0.0043
1475 1478 0.0081
1477 1478 0.0113
1479 1478 0.0027
1478 1479 0.0027
1493 1479 0.0022
1481 1480 0.0043
1494 1480 0.0048
1459 1481 0.0043
1480 1481 0.0043
1499 1481 0.0048
1450 1483 0.0032
1472 1483 0.0038
1490 1483 0.0032
1460 1485 0.0048
1461 1485 0.0048
1473 1490 0.007
1483 1490 0.0032
1491 1490 0.0065
1490 1491 0.0065
1814 1491 0.0054
1816 1491 0.0005
1477 1492 0.0102
1493 1492 0.0032
1497 1492 0.0086
1479 1493 0.0022
1492 1493 0.0032
1494 1493 0.0005
1480 1494 0.0048
1493 1494 0.0005
1495 1494 0.0059
1494 1495 0.0059
1496 1495 0.0091
1499 1495 0.0086
1509 1495 0.0043
1495 1496 0.0091
1497 1496 0.0108
1510 1496 0.0011
1492 1497 0.0086
1496 1497 0.0108
1498 1497 0.0048
1512 1497 0.007
1497 1498 0.0048
1839 1498 0.0032
1846 1498 0.0011
1481 1499 0.0048
1495 1499 0.0086
1501 1499 0.0086
278 1500 0.0065
1501 1500 0.0038
1508 1500 0.0032
1529 1500 0.0005
1499 1501 0.0086
1500 1501 0.0038
1502 1501 0.0043
1501 1502 0.0043
1503 1502 0.0075
1523 1502 0.0027
1502 1503 0.0075
1504 1503 0.0022
1516 1503 0.0048
1503 1504 0.0022
1505 1504 0.0032
1514 1504 0.0005
1504 1505 0.0032
1506 1505 0.0038
1509 1505 0.0011
1514 1505 0.0005
1505 1506 0.0038
1507 1506 0.0016
1509 1506 0.0059
1506 1507 0.0016
1510 1507 0.0027
1856 1507 0.0005
278 1508 0.0011
1500 1508 0.0032
1531 1508 0.0016
1495 1509 0.0043
1505 1509 0.0011
1506 1509 0.0059
1496 1510 0.0011
1507 1510 0.0027
1511 1510 0.0011
1512 1510 0.0059
1510 1511 0.0011
1512 1511 0.0059
1855 1511 0.0043
1497 1512 0.007
1510 1512 0.0059
1511 1512 0.0059
1435 1513 0.0038
1470 1513 0.0032
1471 1513 0.0022
1504 1514 0.0005
1505 1514 0.0005
1503 1516 0.0048
1517 1516 0.0048
1516 1517 0.0048
1518 1517 0.0048
1517 1518 0.0048
1519 1518 0.0043
1522 1518 0.0054
1518 1519 0.0043
1520 1519 0.0038
1867 1519 0.0032
1519 1520 0.0038
1872 1520 0.0038
1518 1522 0.0054
1872 1522 0.0022
1883 1522 0.0027
1502 1523 0.0027
1524 1523 0.0043
1525 1523 0.0011
1523 1524 0.0043
1887 1524 0.0027
1898 1524 0.0011
1523 1525 0.0011
1894 1525 0.0005
1897 1525 0.0022
1500 1529 0.0005
1530 1529 0.0016
1534 1529 0.0027
1529 1530 0.0016
1904 1530 0.0027
1912 1530 0.0048
1508 1531 0.0016
1532 1531 0.0016
1537 1531 0.0016
1531 1532 0.0016
1533 1532 0.0027
1534 1532 0.0027
1532 1533 0.0027
1909 1533 0.0022
1910 1533 0.0032
1529 1534 0.0027
1532 1534 0.0027
1531 1537 0.0016
1538 1537 0.0027
1539 1537 0.0027
1537 1538 0.0027
1541 1538 0.0027
1917 1538 0.0016
1537 1539 0.0027
1540 1539 0.0027
1543 1539 0.0016
1539 1540 0.0027
1541 1540 0.0043
1542 1540 0.0032
1538 1541 0.0027
1540 1541 0.0043
1542 1541 0.0011
1545 1541 0.0016
1540 1542 0.0032
1541 1542 0.0011
1543 1542 0.0005
1545 1542 0.0005
280 1543 0.0005
1539 1543 0.0016
1542 1543 0.0005
286 1545 0.0005
1541 1545 0.0016
1542 1545 0.0005
284 1546 0.0011
1547 1546 0.0011
284 1547 0.0011
1546 1547 0.0011
286 1552 0.0032
394 1552 0.0032
1553 1552 0.0022
1909 1552 0.0022
1552 1553 0.0022
1918 1553 0.0016
1919 1553 0.0043
1557 1554 0.0022
1915 1554 0.0032
1919 1554 0.0027
397 1555 0.0048
1013 1555 0.0011
1556 1555 0.0032
1555 1556 0.0032
1557 1556 0.0027
1562 1556 0.0022
1554 1557 0.0022
1556 1557 0.0027
1558 1557 0.0032
1916 1557 0.0027
1557 1558 0.0032
1559 1558 0.0038
1916 1558 0.0032
1558 1559 0.0038
1560 1559 0.0048
1913 1559 0.0027
1559 1560 0.0048
1891 1560 0.0027
1914 1560 0.0016
398 1562 0.0032
1556 1562 0.0022
1563 1562 0.0027
394 1563 0.0032
1562 1563 0.0027
1919 1563 0.0022
338 1565 0.0054
1013 1565 0.0016
1566 1565 0.0032
1565 1566 0.0032
1567 1566 0.0016
1568 1566 0.0054
1566 1567 0.0016
1570 1567 0.0016
1013 1568 0.0011
1566 1568 0.0054
1569 1568 0.0038
1568 1569 0.0038
1570 1569 0.0016
1572 1569 0.0016
1567 1570 0.0016
1569 1570 0.0016
1569 1572 0.0016
1906 1572 0.0016
1922 1572 0.0011
1925 1572 0.0011
368 1579 0.0086
1581 1579 0.0086
1579 1581 0.0086
1961 1581 0.0086
1593 1592 0.0027
1603 1592 0.0022
1592 1593 0.0027
1978 1593 0.0027
655 1594 0.0027
1596 1594 0.0005
1598 1594 0.0016
202 1595 0.0022
651 1595 0.0011
1596 1595 0.0005
1594 1596 0.0005
1595 1596 0.0005
657 1598 0.0016
1594 1598 0.0016
193 1602 0.0048
1603 1602 0.0011
1614 1602 0.0065
1592 1603 0.0022
1602 1603 0.0011
1604 1603 0.0038
1603 1604 0.0038
1615 1604 0.0016
1978 1604 0.0027
188 1606 0.0032
189 1606 0.0011
1068 1606 0.0027
1607 1606 0.0048
189 1607 0.0054
1606 1607 0.0048
1608 1607 0.0043
192 1608 0.0059
1607 1608 0.0043
1641 1608 0.0011
1097 1610 0.0059
1611 1610 0.0075
1638 1610 0.0011
1610 1611 0.0075
1612 1611 0.0032
1638 1611 0.0038
1611 1612 0.0032
1613 1612 0.0091
1663 1612 0.0054
1612 1613 0.0091
1657 1613 0.0038
1666 1613 0.0048
1602 1614 0.0065
1615 1614 0.0043
1641 1614 0.0016
1604 1615 0.0016
1614 1615 0.0043
1980 1615 0.0022
1097 1616 0.0043
1617 1616 0.0022
1628 1616 0.007
1616 1617 0.0022
1623 1617 0.0005
1626 1617 0.0032
1096 1619 0.0011
1097 1619 0.0022
1098 1619 0.0005
1617 1623 0.0005
1624 1623 0.0011
1625 1623 0.0022
1623 1624 0.0011
1625 1624 0.0054
1682 1624 0.007
1703 1624 0.0048
1623 1625 0.0022
1624 1625 0.0054
1681 1625 0.0027
1617 1626 0.0032
1629 1626 0.0032
1616 1628 0.007
1629 1628 0.007
1626 1629 0.0032
1628 1629 0.007
1630 1629 0.0032
1629 1630 0.0032
1667 1630 0.0048
1678 1630 0.0011
1633 1632 0.0011
1635 1632 0.0011
1632 1633 0.0011
1635 1633 0.0011
1632 1635 0.0011
1633 1635 0.0011
1610 1638 0.0011
1611 1638 0.0038
1980 1638 0.0022
193 1641 0.0032
1608 1641 0.0011
1614 1641 0.0016
73 1644 0.0022
1645 1644 0.0016
1647 1644 0.0032
1644 1645 0.0016
1646 1645 0.0027
1647 1645 0.0038
476 1646 0.0011
1645 1646 0.0027
1650 1646 0.0043
130 1647 0.0043
1644 1647 0.0032
1645 1647 0.0038
301 1648 0.0016
305 1648 0.0011
1 1650 0.0059
476 1650 0.0022
477 1650 0.0016
1646 1650 0.0043
1 1651 0.0011
484 1651 0.0011
1 1653 0.0124
251 1653 0.0027
252 1653 0.0032
253 1653 0.0011
1654 1653 0.0156
298 1654 0.0172
1653 1654 0.0156
1655 1654 0.0054
297 1655 0.0032
719 1655 0.0016
1654 1655 0.0054
350 1656 0.0129
351 1656 0.0108
567 1656 0.0016
1613 1657 0.0038
1675 1657 0.0032
1659 1658 0.0059
1679 1658 0.0054
1658 1659 0.0059
1660 1659 0.0032
1662 1659 0.0054
1659 1660 0.0032
1661 1660 0.0032
1660 1661 0.0032
1662 1661 0.0011
1665 1661 0.0016
1659 1662 0.0054
1661 1662 0.0011
2026 1662 0.0038
1612 1663 0.0054
1664 1663 0.0054
1663 1664 0.0054
1665 1664 0.0054
1661 1665 0.0016
1664 1665 0.0054
1675 1665 0.0032
1613 1666 0.0048
1667 1666 0.0048
1630 1667 0.0048
1666 1667 0.0048
1657 1675 0.0032
1665 1675 0.0032
1630 1678 0.0011
1679 1678 0.0011
1658 1679 0.0054
1678 1679 0.0011
2038 1679 0.0038
1625 1681 0.0027
2045 1681 0.0027
1624 1682 0.007
1683 1682 0.0027
1689 1682 0.0022
1703 1682 0.0011
1682 1683 0.0027
1684 1683 0.0027
1683 1684 0.0027
1685 1684 0.0027
1684 1685 0.0027
2045 1685 0.0027
1100 1689 0.0022
1682 1689 0.0022
1100 1691 0.0011
1692 1691 0.0022
1693 1691 0.0038
1691 1692 0.0022
1713 1692 0.0022
1691 1693 0.0038
1694 1693 0.0038
1698 1693 0.0027
1693 1694 0.0038
1695 1694 0.0011
1699 1694 0.0011
1702 1694 0.0038
1694 1695 0.0011
1702 1695 0.0011
1099 1697 0.0011
1698 1697 0.0027
1699 1697 0.0011
1693 1698 0.0027
1697 1698 0.0027
1699 1698 0.0027
1694 1699 0.0011
1697 1699 0.0011
1698 1699 0.0027
1113 1701 0.0016
1702 1701 0.0022
2054 1701 0.0043
1694 1702 0.0038
1695 1702 0.0011
1701 1702 0.0022
1101 1703 0.0032
1624 1703 0.0048
1682 1703 0.0011
14 1704 0.0065
15 1704 0.0065
961 1704 0.0038
187 1705 0.0048
188 1705 0.0038
191 1705 0.0038
134 1706 0.007
136 1706 0.0075
466 1706 0.0022
1095 1708 0.0048
1113 1708 0.0027
1709 1708 0.0016
1708 1709 0.0016
1711 1709 0.0016
1095 1711 0.0016
1709 1711 0.0016
1692 1713 0.0022
2050 1713 0.0022
1715 1714 0.0022
1718 1714 0.0016
1714 1715 0.0022
1716 1715 0.0022
1715 1716 0.0022
1717 1716 0.0027
1719 1716 0.0043
1716 1717 0.0027
1723 1717 0.0091
2069 1717 0.0059
1714 1718 0.0016
1719 1718 0.0016
1716 1719 0.0043
1718 1719 0.0016
1722 1719 0.0022
1087 1720 0.0011
1721 1720 0.0011
1720 1721 0.0011
1722 1721 0.0011
1719 1722 0.0022
1721 1722 0.0011
1723 1722 0.0038
1717 1723 0.0091
1722 1723 0.0038
1733 1723 0.0059
2073 1723 0.0016
1091 1730 0.0075
1731 1730 0.0075
1730 1731 0.0075
1732 1731 0.0054
1733 1731 0.0059
1731 1732 0.0054
1736 1732 0.0011
1759 1732 0.007
1723 1733 0.0059
1731 1733 0.0059
1732 1736 0.0011
1759 1736 0.0011
1122 1742 0.0016
1145 1742 0.0022
1744 1742 0.0022
1134 1744 0.0032
1144 1744 0.0065
1145 1744 0.0054
1742 1744 0.0022
1090 1745 0.0048
1145 1745 0.0038
1746 1745 0.0027
1148 1746 0.0005
1745 1746 0.0027
1747 1746 0.0005
1749 1746 0.0027
1746 1747 0.0005
1748 1747 0.0043
1749 1747 0.0054
1747 1748 0.0043
1752 1748 0.0016
1755 1748 0.0005
1759 1748 0.0054
1090 1749 0.0065
1746 1749 0.0027
1747 1749 0.0054
1748 1752 0.0016
1767 1752 0.0016
1150 1755 0.0027
1748 1755 0.0005
1756 1755 0.0016
1755 1756 0.0016
1757 1756 0.0016
1150 1757 0.0016
1756 1757 0.0016
1732 1759 0.007
1736 1759 0.0011
1748 1759 0.0054
1212 1763 0.0005
1771 1763 0.0005
1155 1765 0.0011
1766 1765 0.0011
1992 1765 0.0027
1765 1766 0.0011
1767 1766 0.0016
1997 1766 0.0032
1752 1767 0.0016
1766 1767 0.0016
1768 1767 0.0038
1767 1768 0.0038
1997 1768 0.0038
2070 1768 0.0038
1200 1769 0.0011
1770 1769 0.0027
1775 1769 0.0005
1776 1769 0.0032
1769 1770 0.0027
1771 1770 0.0016
1774 1770 0.0005
1763 1771 0.0005
1770 1771 0.0016
1772 1771 0.0011
1776 1771 0.0043
1771 1772 0.0011
1992 1772 0.0011
1197 1774 0.0027
1770 1774 0.0005
1775 1774 0.0022
1990 1774 0.0011
1201 1775 0.0011
1769 1775 0.0005
1774 1775 0.0022
1212 1776 0.0038
1769 1776 0.0032
1771 1776 0.0043
521 1777 0.0016
523 1777 0.0043
944 1777 0.0027
1239 1777 0.0043
137 1778 0.0016
940 1778 0.0022
1285 1778 0.0032
1779 1778 0.0038
1286 1779 0.0032
1778 1779 0.0038
1780 1779 0.0032
941 1780 0.0032
944 1780 0.0027
1779 1780 0.0032
67 1781 0.0038
69 1781 0.0011
126 1781 0.0022
551 1782 0.0054
1063 1782 0.0032
1783 1782 0.0016
552 1783 0.0027
1782 1783 0.0016
1784 1783 0.0005
552 1784 0.0005
1783 1784 0.0005
236 1789 0.0016
1790 1789 0.0048
1792 1789 0.0048
238 1790 0.0027
1789 1790 0.0048
1791 1790 0.0043
1792 1790 0.0011
1373 1791 0.0027
1376 1791 0.0011
1790 1791 0.0043
1375 1792 0.0032
1789 1792 0.0048
1790 1792 0.0011
242 1793 0.0022
325 1793 0.0038
873 1793 0.0011
1794 1793 0.0027
243 1794 0.0005
876 1794 0.0005
877 1794 0.0038
878 1794 0.0038
1793 1794 0.0027
249 1795 0.0011
1379 1795 0.0011
1381 1795 0.0027
1370 1796 0.0032
1371 1796 0.0027
1380 1796 0.0022
1419 1798 0.0016
1437 1798 0.0043
1441 1798 0.0065
1439 1800 0.0022
1801 1800 0.0038
1811 1800 0.0011
1800 1801 0.0038
1802 1801 0.0032
1811 1801 0.0022
1441 1802 0.0048
1801 1802 0.0032
1803 1802 0.0032
1802 1803 0.0032
1810 1803 0.0011
1811 1803 0.0005
1819 1803 0.0005
1442 1804 0.0054
1820 1804 0.0022
1824 1804 0.0081
1806 1805 0.0027
1813 1805 0.0065
1824 1805 0.0054
1805 1806 0.0027
1814 1806 0.0027
1831 1806 0.0016
1439 1808 0.0011
1810 1808 0.0011
1803 1810 0.0011
1808 1810 0.0011
1800 1811 0.0011
1801 1811 0.0022
1803 1811 0.0005
1442 1813 0.0011
1450 1813 0.0011
1805 1813 0.0065
1814 1813 0.0065
1491 1814 0.0054
1806 1814 0.0027
1813 1814 0.0065
1475 1815 0.0005
1476 1815 0.0016
1816 1815 0.0005
1491 1816 0.0005
1815 1816 0.0005
1803 1819 0.0005
1833 1819 0.0005
1804 1820 0.0022
1821 1820 0.0022
1820 1821 0.0022
1822 1821 0.0005
1825 1821 0.0032
1821 1822 0.0005
1825 1822 0.0005
1804 1824 0.0081
1805 1824 0.0054
1825 1824 0.0022
1821 1825 0.0032
1822 1825 0.0005
1824 1825 0.0022
1806 1831 0.0016
1832 1831 0.0022
1834 1831 0.0022
1831 1832 0.0022
1833 1832 0.0022
1835 1832 0.0027
1819 1833 0.0005
1832 1833 0.0022
1835 1833 0.0011
1477 1834 0.0043
1831 1834 0.0022
1835 1834 0.0011
1837 1834 0.0032
1832 1835 0.0027
1833 1835 0.0011
1834 1835 0.0011
1834 1837 0.0032
1838 1837 0.0032
1837 1838 0.0032
1841 1838 0.0032
1498 1839 0.0032
1840 1839 0.0032
1839 1840 0.0032
1841 1840 0.0032
1838 1841 0.0032
1840 1841 0.0032
1498 1846 0.0011
1852 1846 0.0011
1855 1846 0.0027
1846 1852 0.0011
1855 1852 0.0011
1511 1855 0.0043
1846 1855 0.0027
1852 1855 0.0011
1856 1855 0.0027
1507 1856 0.0005
1855 1856 0.0027
1862 1856 0.0016
1856 1862 0.0016
1863 1862 0.0022
1867 1862 0.0043
1862 1863 0.0022
1864 1863 0.0038
1865 1863 0.0011
1863 1864 0.0038
1865 1864 0.0011
1869 1864 0.0022
1863 1865 0.0011
1864 1865 0.0011
1519 1867 0.0032
1862 1867 0.0043
1868 1867 0.0038
1867 1868 0.0038
1869 1868 0.0022
1874 1868 0.0011
1864 1869 0.0022
1868 1869 0.0022
1520 1872 0.0038
1522 1872 0.0022
1873 1872 0.0038
1879 1872 0.0022
1872 1873 0.0038
1874 1873 0.0011
1877 1873 0.0022
1868 1874 0.0011
1873 1874 0.0011
1873 1877 0.0022
1878 1877 0.0038
2082 1877 0.0011
1877 1878 0.0038
1881 1878 0.0048
2084 1878 0.0038
1872 1879 0.0022
1880 1879 0.0011
1881 1879 0.0038
1879 1880 0.0011
1881 1880 0.0038
1923 1880 0.0022
1878 1881 0.0048
1879 1881 0.0038
1880 1881 0.0038
1522 1883 0.0027
1884 1883 0.0043
1892 1883 0.0011
1883 1884 0.0043
1885 1884 0.0027
1892 1884 0.0011
1884 1885 0.0027
1886 1885 0.0011
1888 1885 0.0043
1885 1886 0.0011
1889 1886 0.0027
1906 1886 0.0011
1524 1887 0.0027
1888 1887 0.0027
1885 1888 0.0043
1887 1888 0.0027
1889 1888 0.0011
1886 1889 0.0027
1888 1889 0.0011
1890 1889 0.0005
1906 1889 0.0022
1889 1890 0.0005
1891 1890 0.0016
1906 1890 0.0027
1560 1891 0.0027
1890 1891 0.0016
1905 1891 0.0005
1883 1892 0.0011
1884 1892 0.0011
1525 1894 0.0005
1895 1894 0.0022
1904 1894 0.0005
1905 1894 0.0022
1894 1895 0.0022
1896 1895 0.0032
1897 1895 0.0027
1895 1896 0.0032
1902 1896 0.0016
1905 1896 0.0011
1525 1897 0.0022
1895 1897 0.0027
1902 1897 0.0032
1524 1898 0.0011
1899 1898 0.0027
1900 1898 0.0011
1898 1899 0.0027
1900 1899 0.0011
1902 1899 0.0011
1898 1900 0.0011
1899 1900 0.0011
1896 1902 0.0016
1897 1902 0.0032
1899 1902 0.0011
1530 1904 0.0027
1894 1904 0.0005
1914 1904 0.0016
1891 1905 0.0005
1894 1905 0.0022
1896 1905 0.0011
1572 1906 0.0016
1886 1906 0.0011
1889 1906 0.0022
1890 1906 0.0027
286 1907 0.0022
1908 1907 0.0027
1917 1907 0.0022
1907 1908 0.0027
1909 1908 0.0022
1917 1908 0.0022
1533 1909 0.0022
1552 1909 0.0022
1908 1909 0.0022
1910 1909 0.0022
1533 1910 0.0032
1909 1910 0.0022
1918 1910 0.0027
1530 1912 0.0048
1913 1912 0.0027
1915 1912 0.0038
1559 1913 0.0027
1912 1913 0.0027
1914 1913 0.0038
1560 1914 0.0016
1904 1914 0.0016
1913 1914 0.0038
1554 1915 0.0032
1912 1915 0.0038
1916 1915 0.0032
1557 1916 0.0027
1558 1916 0.0032
1915 1916 0.0032
1538 1917 0.0016
1907 1917 0.0022
1908 1917 0.0022
1553 1918 0.0016
1910 1918 0.0027
1920 1918 0.0048
1553 1919 0.0043
1554 1919 0.0027
1563 1919 0.0022
1920 1919 0.0048
1918 1920 0.0048
1919 1920 0.0048
1572 1922 0.0011
1923 1922 0.0022
1925 1922 0.0038
1880 1923 0.0022
1922 1923 0.0022
1572 1925 0.0011
1922 1925 0.0038
1929 1925 0.0022
1927 1926 0.0011
1931 1926 0.0011
1926 1927 0.0011
1931 1927 0.0011
1925 1929 0.0022
2079 1929 0.0022
1926 1931 0.0011
1927 1931 0.0011
341 1958 0.0086
342 1958 0.0022
2089 1958 0.0113
1963 1959 0.0086
2089 1959 0.0086
1581 1961 0.0086
1962 1961 0.0097
1964 1961 0.0005
1961 1962 0.0097
1963 1962 0.0102
1964 1962 0.0022
1959 1963 0.0086
1962 1963 0.0102
1964 1963 0.0011
1961 1964 0.0005
1962 1964 0.0022
1963 1964 0.0011
1593 1978 0.0027
1604 1978 0.0027
1615 1980 0.0022
1638 1980 0.0022
1219 1986 0.0016
1988 1986 0.0016
1218 1988 0.0016
1986 1988 0.0016
1197 1990 0.0011
1774 1990 0.0011
1765 1992 0.0027
1772 1992 0.0011
1993 1992 0.0011
1992 1993 0.0011
1994 1993 0.0005
1996 1993 0.0027
1997 1993 0.0032
1993 1994 0.0005
1995 1994 0.0011
1996 1994 0.0022
1994 1995 0.0011
1996 1995 0.0032
2068 1995 0.0016
1993 1996 0.0027
1994 1996 0.0022
1995 1996 0.0032
2063 1996 0.0038
1766 1997 0.0032
1768 1997 0.0038
1993 1997 0.0032
1662 2026 0.0038
2030 2026 0.0038
2026 2030 0.0038
2036 2030 0.0038
2030 2036 0.0038
2038 2036 0.0038
1679 2038 0.0038
2036 2038 0.0038
1681 2045 0.0027
1685 2045 0.0027
1713 2050 0.0022
2051 2050 0.0016
2054 2050 0.0043
2050 2051 0.0016
2055 2051 0.0016
1701 2054 0.0043
2050 2054 0.0043
2055 2054 0.0038
2051 2055 0.0016
2054 2055 0.0038
2056 2055 0.0016
2055 2056 0.0016
2057 2056 0.0032
2060 2056 0.0011
2056 2057 0.0032
2058 2057 0.0016
2060 2057 0.0011
2057 2058 0.0016
2064 2058 0.0016
2056 2060 0.0011
2057 2060 0.0011
1996 2063 0.0038
2064 2063 0.0038
2069 2063 0.0038
2058 2064 0.0016
2063 2064 0.0038
2065 2064 0.0005
2068 2064 0.0027
2064 2065 0.0005
2068 2065 0.0005
1995 2068 0.0016
2064 2068 0.0027
2065 2068 0.0005
1717 2069 0.0059
2063 2069 0.0038
2070 2069 0.0059
1768 2070 0.0038
2069 2070 0.0059
2071 2070 0.0016
2070 2071 0.0016
2073 2071 0.0016
1723 2073 0.0016
2071 2073 0.0016
1385 2075 0.0016
2078 2075 0.0016
1388 2078 0.0032
1393 2078 0.0022
2075 2078 0.0016
1929 2079 0.0022
2084 2079 0.0022
1877 2082 0.0011
2084 2082 0.0011
1878 2084 0.0038
2079 2084 0.0022
2082 2084 0.0011
348 2089 0.0022
1958 2089 0.0113
1959 2089 0.0086
