141 1 0.0012
145 1 0.0071
154 1 0.0259
461 1 0.0012
470 1 0.0035
581 1 0.0189
685 1 0.0035
692 1 0.0035
727 1 0.0189
736 1 0.0106
739 1 0.0035
1034 1 0.0035
6 2 0.0083
37 2 0.0071
64 2 0.0094
93 2 0.0083
112 2 0.0035
115 2 0.0024
116 2 0.02
128 2 0.0047
184 2 0.0106
221 2 0.0047
478 2 0.0047
1048 2 0.0012
206 3 0.0224
233 3 0.0071
243 3 0.0094
247 3 0.0012
295 3 0.0106
308 3 0.0012
433 3 0.0047
522 3 0.0071
1076 3 0.0153
94 4 0.0071
159 4 0.0012
371 4 0.0024
489 4 0.0012
566 4 0.0177
575 4 0.0071
829 4 0.0059
903 4 0.0094
87 5 0.0012
231 5 0.0059
530 5 0.02
550 5 0.0012
938 5 0.02
965 5 0.0059
984 5 0.0059
1014 5 0.0094
1061 5 0.0118
1071 5 0.0012
2 6 0.0083
9 6 0.0071
471 6 0.0118
6 9 0.0071
12 9 0.0047
1082 9 0.0012
9 12 0.0047
25 12 0.0024
451 12 0.0083
23 13 0.0024
451 13 0.0024
296 14 0.0012
298 14 0.0024
17 16 0.0024
527 16 0.0035
16 17 0.0024
528 17 0.0024
23 19 0.0024
25 19 0.0024
13 23 0.0024
19 23 0.0024
25 23 0.0059
12 25 0.0024
19 25 0.0024
23 25 0.0059
529 28 0.0024
574 28 0.0024
32 31 0.0118
153 31 0.0106
167 31 0.0142
31 32 0.0118
38 32 0.0059
838 32 0.0094
180 35 0.0094
838 35 0.0094
2 37 0.0071
40 37 0.0071
32 38 0.0059
39 38 0.0059
153 38 0.0106
170 38 0.0012
38 39 0.0059
197 39 0.0059
37 40 0.0071
59 40 0.0083
1049 40 0.0142
103 41 0.0024
204 41 0.0094
806 41 0.0059
43 42 0.0106
53 42 0.0024
56 42 0.0047
59 42 0.013
42 43 0.0106
45 43 0.0071
904 43 0.0118
104 44 0.0024
204 44 0.0024
43 45 0.0071
46 45 0.0106
923 45 0.0094
45 46 0.0106
47 46 0.0118
910 46 0.0024
1053 46 0.0059
46 47 0.0118
459 47 0.0059
910 47 0.0047
49 48 0.0106
382 48 0.0035
534 48 0.0153
48 49 0.0106
50 49 0.0059
125 49 0.0059
49 50 0.0059
51 50 0.0035
138 50 0.0083
50 51 0.0035
52 51 0.0071
58 51 0.0024
51 52 0.0071
103 52 0.0024
277 52 0.0071
752 52 0.0024
42 53 0.0024
928 53 0.0024
122 54 0.0106
277 54 0.0106
42 56 0.0047
63 56 0.0047
51 58 0.0024
118 58 0.0059
125 58 0.0012
40 59 0.0083
42 59 0.013
62 59 0.0059
65 61 0.0047
126 61 0.0059
59 62 0.0059
63 62 0.0094
484 62 0.0024
56 63 0.0047
62 63 0.0094
466 63 0.0035
2 64 0.0094
66 64 0.0094
61 65 0.0047
123 65 0.0071
348 65 0.0035
64 66 0.0094
67 66 0.0118
129 66 0.0012
66 67 0.0118
68 67 0.0094
1042 67 0.0059
67 68 0.0094
69 68 0.0165
88 68 0.0094
136 68 0.0165
68 69 0.0165
71 69 0.0035
76 69 0.0118
382 70 0.0106
551 70 0.0083
771 70 0.0083
69 71 0.0035
74 71 0.0012
136 71 0.0059
73 72 0.0047
92 72 0.0024
1065 72 0.0083
72 73 0.0047
75 73 0.0035
77 73 0.0094
71 74 0.0012
139 74 0.0047
140 74 0.0024
73 75 0.0035
567 75 0.0024
588 75 0.0071
69 76 0.0118
81 76 0.013
91 76 0.0094
73 77 0.0094
78 77 0.0035
588 77 0.0094
77 78 0.0035
588 78 0.0012
1064 78 0.0012
76 81 0.013
83 81 0.013
84 82 0.0047
501 82 0.0047
1063 82 0.0035
81 83 0.013
934 83 0.0165
935 83 0.0024
82 84 0.0047
85 84 0.0059
90 84 0.0071
84 85 0.0059
86 85 0.0012
571 85 0.0083
85 86 0.0012
570 86 0.0012
571 86 0.0035
5 87 0.0012
501 87 0.0012
68 88 0.0094
1051 88 0.0094
84 90 0.0071
501 90 0.0024
571 90 0.0035
76 91 0.0094
149 91 0.0024
155 91 0.013
72 92 0.0024
402 92 0.0059
546 92 0.0024
2 93 0.0083
553 93 0.0083
4 94 0.0071
95 94 0.0071
94 95 0.0071
96 95 0.0071
95 96 0.0071
569 96 0.0071
98 97 0.0059
553 97 0.0024
562 97 0.0094
97 98 0.0059
102 98 0.0118
174 98 0.0118
166 100 0.0071
569 100 0.0071
98 102 0.0118
725 102 0.0118
728 102 0.0059
41 103 0.0024
52 103 0.0024
104 103 0.0059
44 104 0.0024
103 104 0.0059
746 104 0.0024
109 105 0.0047
137 105 0.0047
376 106 0.0024
755 106 0.0059
916 106 0.0024
108 107 0.0035
139 107 0.0012
172 107 0.0059
107 108 0.0035
464 108 0.0035
105 109 0.0047
110 109 0.0047
109 110 0.0047
113 110 0.0024
746 110 0.0083
127 111 0.0118
137 111 0.0106
746 111 0.0118
2 112 0.0035
732 112 0.0035
110 113 0.0024
297 113 0.0024
2 115 0.0024
124 115 0.0024
2 116 0.02
117 116 0.02
116 117 0.02
120 117 0.0165
732 117 0.0118
58 118 0.0059
122 118 0.0024
127 118 0.0047
1026 118 0.0106
191 119 0.0224
223 119 0.0024
225 119 0.0259
117 120 0.0165
123 120 0.0083
124 120 0.0165
54 122 0.0106
118 122 0.0024
1026 122 0.0142
65 123 0.0071
120 123 0.0083
733 123 0.0106
743 123 0.0083
115 124 0.0024
120 124 0.0165
126 124 0.013
49 125 0.0059
58 125 0.0012
348 125 0.0059
61 126 0.0059
124 126 0.013
127 126 0.0106
111 127 0.0118
118 127 0.0047
126 127 0.0106
2 128 0.0047
137 128 0.0047
66 129 0.0012
179 129 0.0012
554 134 0.0024
752 134 0.0035
771 134 0.0071
802 135 0.013
805 135 0.0024
837 135 0.0118
68 136 0.0165
71 136 0.0059
179 136 0.0142
105 137 0.0047
111 137 0.0106
128 137 0.0047
50 138 0.0083
752 138 0.0071
771 138 0.0094
74 139 0.0047
107 139 0.0012
140 139 0.0024
74 140 0.0024
139 140 0.0024
1 141 0.0012
143 141 0.0012
141 143 0.0012
147 143 0.0059
734 143 0.0083
1 145 0.0071
147 145 0.0071
143 147 0.0059
145 147 0.0071
91 149 0.0024
155 149 0.0035
152 151 0.02
468 151 0.0024
580 151 0.0165
151 152 0.02
154 152 0.0259
468 152 0.0071
1036 152 0.0035
31 153 0.0106
38 153 0.0106
565 153 0.013
1 154 0.0259
152 154 0.0259
91 155 0.013
149 155 0.0035
157 155 0.0106
160 156 0.0035
161 156 0.0035
831 156 0.0047
843 156 0.0307
846 156 0.0295
155 157 0.0106
700 157 0.0142
713 157 0.0024
362 158 0.0071
846 158 0.0118
1067 158 0.0035
4 159 0.0012
160 159 0.0012
156 160 0.0035
159 160 0.0012
161 160 0.0012
572 160 0.0035
156 161 0.0035
160 161 0.0012
831 161 0.0012
100 166 0.0071
167 166 0.0142
479 166 0.0212
31 167 0.0142
166 167 0.0142
168 167 0.0153
167 168 0.0153
220 168 0.0212
240 168 0.0094
38 170 0.0012
297 170 0.0012
107 172 0.0059
174 172 0.0094
179 172 0.0024
98 174 0.0118
172 174 0.0094
179 174 0.0153
562 174 0.0083
129 179 0.0012
136 179 0.0142
172 179 0.0024
174 179 0.0153
35 180 0.0094
220 180 0.0094
2 184 0.0106
187 184 0.0106
568 185 0.0024
570 185 0.0024
184 187 0.0106
189 187 0.0189
201 187 0.0071
187 189 0.0189
191 189 0.0165
219 189 0.0024
222 189 0.0047
119 191 0.0224
189 191 0.0165
1087 191 0.0035
39 197 0.0059
204 197 0.0059
187 201 0.0071
1089 201 0.0035
1092 201 0.0012
41 204 0.0094
44 204 0.0024
197 204 0.0059
3 206 0.0224
207 206 0.0224
206 207 0.0224
208 207 0.0248
213 207 0.0012
207 208 0.0248
209 208 0.0189
228 208 0.0118
208 209 0.0189
210 209 0.0012
217 209 0.0212
209 210 0.0012
213 210 0.0012
218 210 0.0035
207 213 0.0012
210 213 0.0012
209 217 0.0212
218 217 0.02
297 217 0.0047
210 218 0.0035
217 218 0.02
220 218 0.0153
189 219 0.0024
225 219 0.0035
168 220 0.0212
180 220 0.0094
218 220 0.0153
2 221 0.0047
222 221 0.0047
189 222 0.0047
221 222 0.0047
119 223 0.0024
225 223 0.0212
228 223 0.0177
119 225 0.0259
219 225 0.0035
223 225 0.0212
208 228 0.0118
223 228 0.0177
1083 228 0.0236
281 229 0.0024
283 229 0.0118
305 229 0.0153
5 231 0.0059
232 231 0.0059
231 232 0.0059
994 232 0.0059
3 233 0.0071
240 233 0.0071
168 240 0.0094
233 240 0.0071
489 240 0.0012
3 243 0.0094
245 243 0.0071
247 243 0.0047
248 243 0.0024
243 245 0.0071
312 245 0.0071
3 247 0.0012
243 247 0.0047
248 247 0.0024
243 248 0.0024
247 248 0.0024
275 249 0.0047
648 249 0.0047
278 254 0.0024
638 254 0.0024
258 256 0.0035
320 256 0.0035
259 257 0.0024
513 257 0.0248
639 257 0.0212
256 258 0.0035
334 258 0.0035
257 259 0.0024
513 259 0.0024
262 261 0.0189
948 261 0.0142
1040 261 0.0035
261 262 0.0189
377 262 0.0024
555 262 0.0059
740 262 0.0153
299 264 0.0047
377 264 0.0047
272 271 0.0047
436 271 0.0118
991 271 0.0059
271 272 0.0047
275 272 0.0047
278 274 0.0024
639 274 0.0094
991 274 0.0059
249 275 0.0047
272 275 0.0047
52 277 0.0071
54 277 0.0106
1026 277 0.0024
254 278 0.0024
274 278 0.0024
229 281 0.0024
305 281 0.0024
229 283 0.0118
286 283 0.0118
283 286 0.0118
707 286 0.0083
715 286 0.0024
290 289 0.0106
311 289 0.0024
312 289 0.0071
289 290 0.0106
298 290 0.0094
311 290 0.0047
707 291 0.0083
951 291 0.0083
3 295 0.0106
296 295 0.0106
14 296 0.0012
295 296 0.0106
298 296 0.013
113 297 0.0024
170 297 0.0012
217 297 0.0047
14 298 0.0024
290 298 0.0094
296 298 0.013
264 299 0.0047
337 299 0.0047
576 300 0.0024
971 300 0.0024
229 305 0.0153
281 305 0.0024
946 305 0.0118
3 308 0.0012
311 308 0.0012
289 311 0.0024
290 311 0.0047
308 311 0.0012
245 312 0.0071
289 312 0.0071
408 318 0.0024
409 318 0.0083
1084 318 0.0047
256 320 0.0035
334 320 0.0035
333 332 0.0024
878 332 0.0024
332 333 0.0024
878 333 0.0024
258 334 0.0035
320 334 0.0035
299 337 0.0047
715 337 0.0047
600 342 0.0083
678 342 0.0083
65 348 0.0035
125 348 0.0059
743 348 0.0012
1043 348 0.0059
158 362 0.0071
474 362 0.0012
843 362 0.0047
392 369 0.0083
778 369 0.0035
916 369 0.0035
4 371 0.0024
372 371 0.0024
371 372 0.0024
373 372 0.0259
384 372 0.0224
372 373 0.0259
374 373 0.0224
384 373 0.0024
373 374 0.0224
375 374 0.0224
780 374 0.0059
374 375 0.0224
378 375 0.0035
754 375 0.0177
106 376 0.0024
891 376 0.0012
262 377 0.0024
264 377 0.0047
555 377 0.0083
375 378 0.0035
381 378 0.0106
403 378 0.0059
378 381 0.0106
413 381 0.0118
903 381 0.0094
48 382 0.0035
70 382 0.0106
531 382 0.0153
372 384 0.0224
373 384 0.0024
385 384 0.0248
776 384 0.0047
384 385 0.0248
387 385 0.033
765 385 0.0071
385 387 0.033
388 387 0.0295
766 387 0.0024
387 388 0.0295
389 388 0.0236
744 388 0.0047
388 389 0.0236
391 389 0.0224
776 389 0.0094
430 390 0.0024
432 390 0.0094
511 390 0.0094
898 390 0.0024
389 391 0.0224
392 391 0.02
778 391 0.0106
369 392 0.0083
391 392 0.02
749 392 0.0142
750 392 0.0024
411 393 0.0024
412 393 0.0024
92 402 0.0059
546 402 0.0059
1068 402 0.0059
378 403 0.0059
406 403 0.0059
403 406 0.0059
423 406 0.0059
318 408 0.0024
409 408 0.0118
888 408 0.0083
318 409 0.0083
408 409 0.0118
1050 409 0.0024
393 411 0.0024
412 411 0.0024
393 412 0.0024
411 412 0.0024
381 413 0.0118
414 413 0.013
419 413 0.0118
413 414 0.013
418 414 0.0035
423 414 0.0083
416 415 0.0047
888 415 0.0047
415 416 0.0047
417 416 0.0083
422 416 0.0024
416 417 0.0083
425 417 0.0083
1084 417 0.0106
414 418 0.0035
419 418 0.0047
413 419 0.0118
418 419 0.0047
430 419 0.0083
493 420 0.0047
1088 420 0.0047
416 422 0.0024
425 422 0.0024
406 423 0.0059
414 423 0.0083
898 423 0.0012
417 425 0.0083
422 425 0.0024
427 425 0.0047
425 427 0.0047
493 427 0.0047
390 430 0.0024
419 430 0.0083
432 430 0.0118
390 432 0.0094
430 432 0.0118
444 432 0.0083
3 433 0.0047
443 433 0.0047
271 436 0.0118
513 436 0.0212
740 436 0.013
948 436 0.0012
1040 436 0.0012
433 443 0.0047
444 443 0.0047
432 444 0.0083
443 444 0.0047
899 444 0.0024
12 451 0.0083
13 451 0.0024
475 451 0.0047
457 456 0.0059
925 456 0.0059
456 457 0.0059
459 457 0.0059
47 459 0.0059
457 459 0.0059
1 461 0.0012
464 461 0.0012
108 464 0.0035
461 464 0.0012
737 464 0.0059
63 466 0.0035
467 466 0.0024
515 466 0.0071
466 467 0.0024
515 467 0.0024
151 468 0.0024
152 468 0.0071
470 468 0.0035
1 470 0.0035
468 470 0.0035
6 471 0.0118
475 471 0.0047
485 471 0.0059
1066 472 0.0212
1072 472 0.0035
1073 472 0.0212
474 473 0.0047
1066 473 0.0071
1075 473 0.0083
362 474 0.0012
473 474 0.0047
1075 474 0.0024
451 475 0.0047
471 475 0.0047
490 477 0.0024
491 477 0.0024
2 478 0.0047
480 478 0.0047
166 479 0.0212
831 479 0.0024
843 479 0.0248
478 480 0.0047
481 480 0.0012
485 480 0.0071
480 481 0.0012
482 481 0.0035
485 481 0.0059
481 482 0.0035
485 482 0.0024
998 483 0.0153
1086 483 0.0142
1091 483 0.0047
62 484 0.0024
515 484 0.0035
471 485 0.0059
480 485 0.0071
481 485 0.0059
482 485 0.0024
4 489 0.0012
240 489 0.0012
477 490 0.0024
491 490 0.0024
477 491 0.0024
490 491 0.0024
420 493 0.0047
427 493 0.0047
82 501 0.0047
87 501 0.0012
90 501 0.0024
836 507 0.0118
837 507 0.0083
860 507 0.0024
390 511 0.0094
898 511 0.0059
899 511 0.0024
257 513 0.0248
259 513 0.0024
436 513 0.0212
466 515 0.0071
467 515 0.0024
484 515 0.0035
3 522 0.0071
524 522 0.0071
522 524 0.0071
525 524 0.0059
1096 524 0.0047
1098 524 0.0059
524 525 0.0059
527 525 0.0059
1095 525 0.0106
16 527 0.0035
525 527 0.0059
528 527 0.0083
17 528 0.0024
527 528 0.0083
529 528 0.0047
28 529 0.0024
528 529 0.0047
574 529 0.0083
5 530 0.02
531 530 0.02
382 531 0.0153
530 531 0.02
532 531 0.0248
531 532 0.0248
534 532 0.0283
541 532 0.0024
48 534 0.0153
532 534 0.0283
535 534 0.0248
542 534 0.0118
534 535 0.0248
537 535 0.0224
541 535 0.0035
544 535 0.0083
535 537 0.0224
538 537 0.0248
1032 537 0.0035
537 538 0.0248
545 538 0.0035
580 538 0.02
532 541 0.0024
535 541 0.0035
534 542 0.0118
544 542 0.0035
549 542 0.0071
535 544 0.0083
542 544 0.0035
545 544 0.0035
538 545 0.0035
544 545 0.0035
92 546 0.0024
402 546 0.0059
573 546 0.0024
542 549 0.0071
1043 549 0.0071
5 550 0.0012
551 550 0.0012
70 551 0.0083
550 551 0.0012
552 551 0.0106
551 552 0.0106
554 552 0.0071
564 552 0.0118
93 553 0.0083
97 553 0.0024
562 553 0.0118
134 554 0.0024
552 554 0.0071
557 554 0.0035
262 555 0.0059
377 555 0.0083
715 555 0.0083
554 557 0.0035
565 557 0.0106
806 557 0.0059
702 560 0.0059
936 560 0.0047
97 562 0.0094
174 562 0.0083
553 562 0.0118
725 563 0.0071
730 563 0.0094
731 563 0.0059
552 564 0.0118
565 564 0.0106
1074 564 0.0142
153 565 0.013
557 565 0.0106
564 565 0.0106
4 566 0.0177
567 566 0.0047
572 566 0.0236
75 567 0.0024
566 567 0.0047
568 567 0.0012
185 568 0.0024
567 568 0.0012
570 568 0.0047
96 569 0.0071
100 569 0.0071
86 570 0.0012
185 570 0.0024
568 570 0.0047
571 570 0.0035
85 571 0.0083
86 571 0.0035
90 571 0.0035
570 571 0.0035
160 572 0.0035
566 572 0.0236
573 572 0.0236
546 573 0.0024
572 573 0.0236
1070 573 0.0271
28 574 0.0024
529 574 0.0083
1081 574 0.0047
4 575 0.0071
577 575 0.0071
300 576 0.0024
971 576 0.0024
575 577 0.0071
785 577 0.0035
791 577 0.0094
797 577 0.0059
151 580 0.0165
538 580 0.02
1032 580 0.0024
1 581 0.0189
582 581 0.0094
601 581 0.02
581 582 0.0094
583 582 0.013
597 582 0.0024
582 583 0.013
584 583 0.0094
597 583 0.0118
583 584 0.0094
585 584 0.0047
593 584 0.0035
584 585 0.0047
601 585 0.0047
75 588 0.0071
77 588 0.0094
78 588 0.0012
584 593 0.0035
594 593 0.0035
593 594 0.0035
598 594 0.0035
582 597 0.0024
583 597 0.0118
598 597 0.0083
594 598 0.0035
597 598 0.0083
690 598 0.0035
600 599 0.0083
681 599 0.0177
690 599 0.0083
342 600 0.0083
599 600 0.0083
581 601 0.02
585 601 0.0047
602 601 0.0142
601 602 0.0142
603 602 0.0142
602 603 0.0142
604 603 0.0224
608 603 0.0024
615 603 0.0035
603 604 0.0224
611 604 0.0212
614 604 0.0071
606 605 0.0177
611 605 0.0189
619 605 0.0024
653 605 0.0024
605 606 0.0177
621 606 0.0142
657 606 0.0024
603 608 0.0024
609 608 0.0024
611 608 0.0012
612 608 0.0035
608 609 0.0024
612 609 0.0035
604 611 0.0212
605 611 0.0189
608 611 0.0012
619 611 0.0059
608 612 0.0035
609 612 0.0035
604 614 0.0071
616 614 0.0035
619 614 0.0024
603 615 0.0035
616 615 0.0035
614 616 0.0035
615 616 0.0035
605 619 0.0024
611 619 0.0059
614 619 0.0024
606 621 0.0142
622 621 0.0142
621 622 0.0142
623 622 0.0047
637 622 0.0083
622 623 0.0047
627 623 0.0047
623 627 0.0047
1018 627 0.0047
622 637 0.0083
638 637 0.0142
648 637 0.0047
254 638 0.0024
637 638 0.0142
639 638 0.0177
257 639 0.0212
274 639 0.0094
638 639 0.0177
249 648 0.0047
637 648 0.0047
605 653 0.0024
657 653 0.0024
606 657 0.0024
653 657 0.0024
342 678 0.0083
680 678 0.0035
684 678 0.0035
678 680 0.0035
708 680 0.0035
599 681 0.0177
684 681 0.0165
691 681 0.0071
678 684 0.0035
681 684 0.0165
687 684 0.0071
704 684 0.0035
1 685 0.0035
687 685 0.0035
684 687 0.0071
685 687 0.0035
691 687 0.0024
598 690 0.0035
599 690 0.0083
691 690 0.0035
681 691 0.0071
687 691 0.0024
690 691 0.0035
1 692 0.0035
693 692 0.0035
692 693 0.0035
694 693 0.0071
698 693 0.0024
693 694 0.0071
695 694 0.0106
718 694 0.0024
694 695 0.0106
696 695 0.0059
700 695 0.0106
695 696 0.0059
713 696 0.0059
718 696 0.0059
693 698 0.0024
700 698 0.0024
157 700 0.0142
695 700 0.0106
698 700 0.0024
701 700 0.0059
700 701 0.0059
702 701 0.0059
560 702 0.0059
701 702 0.0059
684 704 0.0035
708 704 0.0035
286 707 0.0083
291 707 0.0083
680 708 0.0035
704 708 0.0035
157 713 0.0024
696 713 0.0059
718 713 0.0024
286 715 0.0024
337 715 0.0047
555 715 0.0083
694 718 0.0024
696 718 0.0059
713 718 0.0024
815 723 0.0024
816 723 0.0024
102 725 0.0118
563 725 0.0071
726 725 0.0106
730 725 0.0012
725 726 0.0106
728 726 0.0035
731 726 0.0024
735 726 0.0118
1 727 0.0189
735 727 0.0189
102 728 0.0059
726 728 0.0035
730 728 0.0035
732 728 0.0059
563 730 0.0094
725 730 0.0012
728 730 0.0035
731 730 0.0024
563 731 0.0059
726 731 0.0024
730 731 0.0024
112 732 0.0035
117 732 0.0118
728 732 0.0059
733 732 0.0071
123 733 0.0106
732 733 0.0071
734 733 0.0094
143 734 0.0083
733 734 0.0094
735 734 0.013
742 734 0.0047
726 735 0.0118
727 735 0.0189
734 735 0.013
1 736 0.0106
737 736 0.0106
464 737 0.0059
736 737 0.0106
739 737 0.0035
1 739 0.0035
737 739 0.0035
262 740 0.0153
436 740 0.013
1040 740 0.0059
734 742 0.0047
743 742 0.0059
123 743 0.0083
348 743 0.0012
742 743 0.0059
388 744 0.0047
758 744 0.0047
104 746 0.0024
110 746 0.0083
111 746 0.0118
392 749 0.0142
750 749 0.013
392 750 0.0024
749 750 0.013
764 750 0.0094
52 752 0.0024
134 752 0.0035
138 752 0.0071
375 754 0.0177
755 754 0.0142
782 754 0.0024
106 755 0.0059
754 755 0.0142
757 755 0.0118
755 757 0.0118
891 757 0.0118
744 758 0.0047
767 758 0.0142
848 758 0.0083
760 759 0.0083
768 759 0.0035
848 759 0.013
759 760 0.0083
761 760 0.0118
853 760 0.0024
760 761 0.0118
762 761 0.0035
853 761 0.0071
761 762 0.0035
851 762 0.0035
750 764 0.0094
885 764 0.0094
385 765 0.0071
766 765 0.0071
387 766 0.0024
765 766 0.0071
767 766 0.0035
758 767 0.0142
766 767 0.0035
768 767 0.0094
759 768 0.0035
767 768 0.0094
769 768 0.0047
768 769 0.0047
770 769 0.0083
834 769 0.0024
769 770 0.0083
795 770 0.0012
834 770 0.0071
70 771 0.0083
134 771 0.0071
138 771 0.0094
384 776 0.0047
389 776 0.0094
777 776 0.0035
776 777 0.0035
778 777 0.0059
780 777 0.0012
369 778 0.0035
391 778 0.0106
777 778 0.0059
374 780 0.0059
777 780 0.0012
781 780 0.0035
780 781 0.0035
782 781 0.0024
754 782 0.0024
781 782 0.0024
577 785 0.0035
786 785 0.0083
807 785 0.0035
785 786 0.0083
788 786 0.0035
789 786 0.013
786 788 0.0035
790 788 0.0083
872 788 0.0035
786 789 0.013
790 789 0.0083
813 789 0.0035
788 790 0.0083
789 790 0.0083
577 791 0.0094
792 791 0.0071
793 791 0.0024
830 791 0.0071
791 792 0.0071
793 792 0.0118
803 792 0.0083
791 793 0.0024
792 793 0.0118
794 793 0.0083
793 794 0.0083
795 794 0.0083
770 795 0.0012
794 795 0.0083
796 795 0.0059
795 796 0.0059
856 796 0.0059
577 797 0.0059
798 797 0.0142
802 797 0.0118
797 798 0.0142
799 798 0.0118
805 798 0.0012
798 799 0.0118
800 799 0.013
809 799 0.0094
799 800 0.013
835 800 0.0118
858 800 0.0035
864 800 0.0047
135 802 0.013
797 802 0.0118
803 802 0.0047
792 803 0.0083
802 803 0.0047
804 803 0.0094
803 804 0.0094
840 804 0.0024
844 804 0.0059
135 805 0.0024
798 805 0.0012
41 806 0.0059
557 806 0.0059
785 807 0.0035
872 807 0.0035
799 809 0.0094
810 809 0.0094
809 810 0.0094
811 810 0.0035
862 810 0.0047
810 811 0.0035
813 811 0.0035
789 813 0.0035
811 813 0.0035
723 815 0.0024
816 815 0.0024
723 816 0.0024
815 816 0.0024
820 819 0.0024
999 819 0.0024
819 820 0.0024
821 820 0.0059
826 820 0.0024
820 821 0.0059
826 821 0.0059
820 826 0.0024
821 826 0.0059
999 826 0.0024
4 829 0.0059
830 829 0.0059
791 830 0.0071
829 830 0.0059
156 831 0.0047
161 831 0.0012
479 831 0.0024
769 834 0.0024
770 834 0.0071
854 834 0.0035
800 835 0.0118
836 835 0.013
507 836 0.0118
835 836 0.013
858 836 0.0071
135 837 0.0118
507 837 0.0083
840 837 0.0059
841 837 0.0024
32 838 0.0094
35 838 0.0094
804 840 0.0024
837 840 0.0059
841 840 0.0024
837 841 0.0024
840 841 0.0024
156 843 0.0307
362 843 0.0047
479 843 0.0248
804 844 0.0059
856 844 0.0059
156 846 0.0295
158 846 0.0118
1070 846 0.0307
758 848 0.0083
759 848 0.013
849 848 0.0035
848 849 0.0035
851 849 0.0035
762 851 0.0035
849 851 0.0035
760 853 0.0024
761 853 0.0071
854 853 0.0035
834 854 0.0035
853 854 0.0035
796 856 0.0059
844 856 0.0059
800 858 0.0035
836 858 0.0071
860 858 0.0024
507 860 0.0024
858 860 0.0024
810 862 0.0047
865 862 0.0047
800 864 0.0047
865 864 0.0047
868 864 0.0106
862 865 0.0047
864 865 0.0047
866 865 0.0106
865 866 0.0106
869 866 0.0106
864 868 0.0106
869 868 0.0106
866 869 0.0106
868 869 0.0106
788 872 0.0035
807 872 0.0035
332 878 0.0024
333 878 0.0024
764 885 0.0094
891 885 0.0094
408 888 0.0083
415 888 0.0047
1050 888 0.0024
376 891 0.0012
757 891 0.0118
885 891 0.0094
390 898 0.0024
423 898 0.0012
511 898 0.0059
444 899 0.0024
511 899 0.0024
4 903 0.0094
381 903 0.0094
43 904 0.0118
905 904 0.0012
1052 904 0.0047
1053 904 0.0035
904 905 0.0012
918 905 0.0012
46 910 0.0024
47 910 0.0047
1053 910 0.0012
106 916 0.0024
369 916 0.0035
905 918 0.0012
919 918 0.0106
1051 918 0.013
918 919 0.0106
920 919 0.0071
1051 919 0.0024
919 920 0.0071
934 920 0.0071
45 923 0.0094
925 923 0.0059
928 923 0.0024
456 925 0.0059
923 925 0.0059
53 928 0.0024
923 928 0.0024
83 934 0.0165
920 934 0.0071
935 934 0.0083
83 935 0.0024
934 935 0.0083
936 935 0.0047
560 936 0.0047
935 936 0.0047
5 938 0.02
939 938 0.02
938 939 0.02
940 939 0.0059
943 939 0.0177
939 940 0.0059
941 940 0.0083
943 940 0.0059
940 941 0.0083
942 941 0.0035
1021 941 0.0035
941 942 0.0035
943 942 0.0035
939 943 0.0177
940 943 0.0059
942 943 0.0035
944 943 0.0259
956 943 0.0236
943 944 0.0259
945 944 0.0259
944 945 0.0259
946 945 0.0177
949 945 0.0071
305 946 0.0118
945 946 0.0177
947 946 0.0118
946 947 0.0118
948 947 0.0118
261 948 0.0142
436 948 0.0012
947 948 0.0118
945 949 0.0071
950 949 0.0071
949 950 0.0071
951 950 0.0083
958 950 0.0165
291 951 0.0083
950 951 0.0083
943 956 0.0236
958 956 0.0165
972 956 0.0059
950 958 0.0165
956 958 0.0165
5 965 0.0059
968 965 0.0059
965 968 0.0059
969 968 0.0059
972 968 0.013
968 969 0.0059
970 969 0.0059
969 970 0.0059
976 970 0.0059
300 971 0.0024
576 971 0.0024
956 972 0.0059
968 972 0.013
973 972 0.0059
972 973 0.0059
974 973 0.0059
973 974 0.0059
976 974 0.0094
977 974 0.0024
970 976 0.0059
974 976 0.0094
978 976 0.0024
974 977 0.0024
978 977 0.0024
976 978 0.0024
977 978 0.0024
5 984 0.0059
985 984 0.0059
984 985 0.0059
994 985 0.0059
989 988 0.0035
990 988 0.0035
988 989 0.0035
993 989 0.0035
988 990 0.0035
993 990 0.0035
271 991 0.0059
274 991 0.0059
989 993 0.0035
990 993 0.0035
232 994 0.0059
985 994 0.0059
483 998 0.0153
1083 998 0.0118
1086 998 0.0024
819 999 0.0024
826 999 0.0024
5 1014 0.0094
1015 1014 0.0094
1014 1015 0.0094
1017 1015 0.0047
1021 1015 0.0035
1015 1017 0.0047
1018 1017 0.0047
627 1018 0.0047
1017 1018 0.0047
941 1021 0.0035
1015 1021 0.0035
118 1026 0.0106
122 1026 0.0142
277 1026 0.0024
537 1032 0.0035
580 1032 0.0024
1 1034 0.0035
1035 1034 0.0035
1034 1035 0.0035
1036 1035 0.0035
152 1036 0.0035
1035 1036 0.0035
261 1040 0.0035
436 1040 0.0012
740 1040 0.0059
67 1042 0.0059
1044 1042 0.0024
1049 1042 0.0094
348 1043 0.0059
549 1043 0.0071
1042 1044 0.0024
1045 1044 0.0047
1049 1044 0.0083
1044 1045 0.0047
1046 1045 0.0012
1052 1045 0.0071
1045 1046 0.0012
1052 1046 0.0012
2 1048 0.0012
1049 1048 0.0012
40 1049 0.0142
1042 1049 0.0094
1044 1049 0.0083
1048 1049 0.0012
409 1050 0.0024
888 1050 0.0024
88 1051 0.0094
918 1051 0.013
919 1051 0.0024
904 1052 0.0047
1045 1052 0.0071
1046 1052 0.0012
46 1053 0.0059
904 1053 0.0035
910 1053 0.0012
5 1061 0.0118
1062 1061 0.0118
1061 1062 0.0118
1063 1062 0.0047
1064 1062 0.013
82 1063 0.0035
1062 1063 0.0047
1064 1063 0.0047
78 1064 0.0012
1062 1064 0.013
1063 1064 0.0047
1065 1064 0.0142
72 1065 0.0083
1064 1065 0.0142
1066 1065 0.0189
472 1066 0.0212
473 1066 0.0071
1065 1066 0.0189
1067 1066 0.0165
158 1067 0.0035
1066 1067 0.0165
1068 1067 0.0212
402 1068 0.0059
1067 1068 0.0212
1070 1068 0.0212
573 1070 0.0271
846 1070 0.0307
1068 1070 0.0212
5 1071 0.0012
1072 1071 0.0012
472 1072 0.0035
1071 1072 0.0012
1073 1072 0.0012
472 1073 0.0212
1072 1073 0.0012
1074 1073 0.0189
564 1074 0.0142
1073 1074 0.0189
1075 1074 0.0059
473 1075 0.0083
474 1075 0.0024
1074 1075 0.0059
3 1076 0.0153
1077 1076 0.0106
1097 1076 0.0059
1076 1077 0.0106
1078 1077 0.0106
1083 1077 0.0177
1077 1078 0.0106
1079 1078 0.0083
1091 1078 0.0083
1078 1079 0.0083
1080 1079 0.0035
1091 1079 0.0024
1079 1080 0.0035
1081 1080 0.0047
1095 1080 0.0012
574 1081 0.0047
1080 1081 0.0047
1082 1081 0.0012
1095 1081 0.0083
9 1082 0.0012
1081 1082 0.0012
228 1083 0.0236
998 1083 0.0118
1077 1083 0.0177
318 1084 0.0047
417 1084 0.0106
1088 1084 0.0047
483 1086 0.0142
998 1086 0.0024
1087 1086 0.0106
191 1087 0.0035
1086 1087 0.0106
1089 1087 0.0059
420 1088 0.0047
1084 1088 0.0047
201 1089 0.0035
1087 1089 0.0059
1094 1089 0.0012
483 1091 0.0047
1078 1091 0.0083
1079 1091 0.0024
1092 1091 0.0035
201 1092 0.0012
1091 1092 0.0035
1094 1092 0.0012
1089 1094 0.0012
1092 1094 0.0012
525 1095 0.0106
1080 1095 0.0012
1081 1095 0.0083
1096 1095 0.0035
524 1096 0.0047
1095 1096 0.0035
1076 1097 0.0059
1098 1097 0.0047
524 1098 0.0059
1097 1098 0.0047
