891 1 0.0048
1201 1 0.0048
278 2 0.0036
311 2 0.0107
335 2 0.0155
407 2 0.0036
429 2 0.0048
4 3 0.0155
14 3 0.0107
27 3 0.0024
3 4 0.0155
5 4 0.019
27 4 0.0119
4 5 0.019
8 5 0.019
9 5 0.0107
11 5 0.0036
7 6 0.0095
17 6 0.0107
937 6 0.0143
958 6 0.0012
6 7 0.0095
41 7 0.0095
5 8 0.019
121 8 0.0071
137 8 0.0107
5 9 0.0107
10 9 0.0107
9 10 0.0107
87 10 0.0107
5 11 0.0036
44 11 0.0036
3 14 0.0107
18 14 0.0107
497 15 0.0048
757 15 0.0083
936 15 0.0083
937 15 0.0119
17 16 0.0083
604 16 0.006
757 16 0.0107
6 17 0.0107
16 17 0.0083
93 17 0.006
604 17 0.0036
14 18 0.0107
202 18 0.0107
219 19 0.0071
221 19 0.0012
250 19 0.0083
803 19 0.0071
24 23 0.0024
93 23 0.0036
592 23 0.0024
604 23 0.006
23 24 0.0024
25 24 0.0024
600 24 0.006
602 24 0.0036
980 24 0.0012
24 25 0.0024
600 25 0.0071
1024 25 0.0036
3 27 0.0024
4 27 0.0119
44 27 0.0083
45 40 0.0083
214 40 0.006
953 40 0.0036
7 41 0.0095
163 41 0.0048
980 41 0.0036
45 43 0.0071
49 43 0.0071
954 43 0.0083
1015 43 0.0083
11 44 0.0036
27 44 0.0083
46 44 0.0119
56 44 0.0048
64 44 0.0036
40 45 0.0083
43 45 0.0071
402 45 0.0071
406 45 0.0083
44 46 0.0119
48 46 0.0083
66 46 0.0119
46 48 0.0083
51 48 0.0036
720 48 0.0036
43 49 0.0071
390 49 0.0143
397 49 0.0155
48 51 0.0036
52 51 0.0024
69 51 0.0071
51 52 0.0024
715 52 0.0024
55 54 0.0083
961 54 0.0083
54 55 0.0083
239 55 0.0083
44 56 0.0048
58 56 0.0095
59 56 0.0012
740 56 0.0012
56 58 0.0095
59 58 0.0131
729 58 0.0024
56 59 0.0012
58 59 0.0131
729 59 0.0107
734 59 0.0143
740 59 0.0119
160 62 0.0155
397 62 0.0107
1196 62 0.0036
44 64 0.0036
66 64 0.0036
46 66 0.0119
64 66 0.0036
69 66 0.0071
68 67 0.006
971 67 0.006
67 68 0.006
72 68 0.0036
379 68 0.0095
580 68 0.0071
51 69 0.0071
66 69 0.0071
695 69 0.0024
715 69 0.0024
68 72 0.0036
755 72 0.0036
195 79 0.0036
224 79 0.0048
246 79 0.0024
661 79 0.0036
367 81 0.0012
721 81 0.0012
467 82 0.0048
665 82 0.0048
327 83 0.0036
628 83 0.0036
10 87 0.0107
109 87 0.0024
638 87 0.0071
17 93 0.006
23 93 0.0036
980 93 0.006
87 109 0.0024
112 109 0.0071
698 109 0.0107
109 112 0.0071
114 112 0.0071
609 113 0.0048
1134 113 0.0048
112 114 0.0071
678 114 0.0071
8 121 0.0071
124 121 0.006
127 121 0.0143
164 122 0.006
183 122 0.0048
560 122 0.0048
121 124 0.006
632 124 0.006
121 127 0.0143
130 127 0.0143
127 130 0.0143
131 130 0.0179
156 130 0.0024
130 131 0.0179
132 131 0.0143
156 131 0.0024
131 132 0.0143
154 132 0.0143
193 133 0.0024
758 133 0.006
1030 133 0.0024
182 136 0.0048
1108 136 0.006
1193 136 0.0071
8 137 0.0107
139 137 0.0107
172 138 0.0071
179 138 0.006
182 138 0.0048
137 139 0.0107
140 139 0.0143
242 139 0.0024
139 140 0.0143
141 140 0.0107
242 140 0.0024
140 141 0.0107
147 141 0.0119
188 141 0.0179
612 141 0.0048
144 143 0.006
780 143 0.0012
1108 143 0.0083
143 144 0.006
146 144 0.0095
176 144 0.0071
146 145 0.0107
908 145 0.0107
144 146 0.0095
145 146 0.0107
148 146 0.0119
141 147 0.0119
165 147 0.0048
170 147 0.006
146 148 0.0119
196 148 0.0119
220 149 0.0048
245 149 0.0048
322 150 0.006
1198 150 0.006
132 154 0.0143
629 154 0.0024
632 154 0.0179
464 155 0.0036
467 155 0.0048
644 155 0.0095
130 156 0.0024
131 156 0.0024
163 158 0.0024
891 158 0.0024
62 160 0.0155
390 160 0.0048
421 160 0.0095
432 160 0.0083
41 163 0.0048
158 163 0.0024
891 163 0.0083
122 164 0.006
600 164 0.0071
615 164 0.0071
147 165 0.0048
167 165 0.0048
165 167 0.0048
611 167 0.0048
147 170 0.006
171 170 0.0036
177 170 0.0107
170 171 0.0036
608 171 0.0036
138 172 0.0071
957 172 0.0071
1005 172 0.0083
144 176 0.0071
185 176 0.0012
196 176 0.0048
170 177 0.0107
180 177 0.0024
607 177 0.0143
138 179 0.006
195 179 0.0048
486 179 0.0048
1005 179 0.006
177 180 0.0024
607 180 0.0024
136 182 0.0048
138 182 0.0048
1108 182 0.0036
122 183 0.0048
487 183 0.0048
928 183 0.006
176 185 0.0012
203 185 0.0036
217 185 0.0012
141 188 0.0179
192 188 0.0143
200 188 0.019
207 190 0.0083
462 190 0.0036
1006 190 0.0107
196 191 0.006
201 191 0.0036
322 191 0.0107
188 192 0.0143
194 192 0.006
578 192 0.0071
133 193 0.0024
924 193 0.0036
957 193 0.0071
192 194 0.006
586 194 0.0036
606 194 0.0107
79 195 0.0036
179 195 0.0048
486 195 0.0048
148 196 0.0119
176 196 0.0048
191 196 0.006
201 199 0.0071
209 199 0.0024
322 199 0.0036
188 200 0.019
546 200 0.0107
555 200 0.0071
191 201 0.0036
199 201 0.0071
1168 201 0.0024
18 202 0.0107
205 202 0.0167
248 202 0.0048
185 203 0.0036
221 203 0.0012
224 203 0.006
202 205 0.0167
206 205 0.0167
205 206 0.0167
262 206 0.0048
548 206 0.0107
190 207 0.0083
461 207 0.0048
1006 207 0.0024
199 209 0.0024
1168 209 0.0024
40 214 0.006
553 214 0.006
185 217 0.0012
219 217 0.0048
1194 217 0.0024
19 219 0.0071
217 219 0.0048
220 219 0.0071
1194 219 0.0048
149 220 0.0048
219 220 0.0071
254 220 0.0012
19 221 0.0012
203 221 0.0012
803 221 0.0036
223 222 0.0048
227 222 0.0024
230 222 0.0012
222 223 0.0048
227 223 0.0048
79 224 0.0048
203 224 0.006
252 224 0.006
803 224 0.0071
683 226 0.0071
698 226 0.0071
222 227 0.0024
223 227 0.0048
230 227 0.0012
222 230 0.0012
227 230 0.0012
55 239 0.0083
965 239 0.0083
1015 239 0.0107
139 242 0.0024
140 242 0.0024
245 244 0.0024
246 244 0.0048
472 244 0.0012
149 245 0.0048
244 245 0.0024
250 245 0.0083
79 246 0.0024
244 246 0.0048
661 246 0.0036
202 248 0.0048
251 248 0.0083
257 248 0.0024
266 249 0.0036
275 249 0.0024
486 249 0.0036
1005 249 0.0024
19 250 0.0083
245 250 0.0083
252 250 0.006
803 250 0.006
248 251 0.0083
257 251 0.0024
262 251 0.0048
224 252 0.006
250 252 0.006
661 252 0.006
220 254 0.0012
1194 254 0.0012
248 257 0.0024
251 257 0.0024
706 260 0.0071
707 260 0.0071
795 260 0.0024
801 260 0.0083
805 260 0.0048
206 262 0.0048
251 262 0.0048
338 263 0.0071
904 263 0.0036
1178 263 0.0024
249 266 0.0036
271 266 0.0036
907 266 0.0036
786 269 0.0036
788 269 0.006
799 269 0.0012
266 271 0.0036
275 271 0.006
907 271 0.006
249 275 0.0024
271 275 0.006
317 275 0.0071
904 275 0.0036
2 278 0.0036
303 278 0.0036
284 282 0.0071
352 282 0.0024
899 282 0.0024
900 282 0.0071
282 284 0.0071
285 284 0.0107
1167 284 0.0024
284 285 0.0107
376 285 0.006
1166 285 0.0048
1167 285 0.0048
714 288 0.0131
836 288 0.006
839 288 0.0071
317 291 0.006
815 291 0.0024
899 291 0.0024
878 293 0.0095
1144 293 0.0095
301 300 0.0143
302 300 0.006
445 300 0.0119
300 301 0.0143
927 301 0.0036
1150 301 0.0095
300 302 0.006
309 302 0.0036
1143 302 0.0012
278 303 0.0036
304 303 0.006
311 303 0.0107
303 304 0.006
305 304 0.006
304 305 0.006
307 305 0.006
305 307 0.006
313 307 0.0131
450 307 0.006
302 309 0.0036
1151 309 0.0036
2 311 0.0107
303 311 0.0107
312 311 0.0131
311 312 0.0131
313 312 0.0131
307 313 0.0131
312 313 0.0131
275 317 0.0071
291 317 0.006
904 317 0.006
905 317 0.0071
321 318 0.0012
323 318 0.0012
325 320 0.0024
585 320 0.0024
318 321 0.0012
323 321 0.0048
473 321 0.0024
150 322 0.006
191 322 0.0107
199 322 0.0036
318 323 0.0012
321 323 0.0048
473 323 0.0024
320 325 0.0024
585 325 0.0024
83 327 0.0036
618 327 0.0036
433 333 0.0048
484 333 0.0083
485 333 0.0024
2 335 0.0155
336 335 0.0226
351 335 0.0048
364 335 0.006
685 335 0.0071
335 336 0.0226
339 336 0.0024
342 336 0.0262
263 338 0.0071
902 338 0.0012
903 338 0.0095
336 339 0.0024
340 339 0.0226
342 339 0.0262
339 340 0.0226
341 340 0.0262
816 340 0.0024
340 341 0.0262
700 341 0.0024
703 341 0.0119
816 341 0.0262
336 342 0.0262
339 342 0.0262
733 347 0.0024
1129 347 0.0024
335 351 0.0048
353 351 0.0083
423 351 0.0024
282 352 0.0024
899 352 0.006
905 352 0.0071
1169 352 0.0036
351 353 0.0083
356 353 0.0083
353 356 0.0083
358 356 0.0083
356 358 0.0083
789 358 0.0083
335 364 0.006
822 364 0.006
81 367 0.0012
726 367 0.0119
961 367 0.0119
971 367 0.0107
373 371 0.0036
375 371 0.0155
685 371 0.0107
580 372 0.0107
653 372 0.0095
898 372 0.0048
371 373 0.0036
377 373 0.006
829 373 0.0012
371 375 0.0155
377 375 0.0155
383 375 0.006
285 376 0.006
388 376 0.0024
889 376 0.0048
1163 376 0.0083
373 377 0.006
375 377 0.0155
834 377 0.0131
68 379 0.0095
961 379 0.0095
901 380 0.0024
1055 380 0.0024
375 383 0.006
389 383 0.0024
685 383 0.0024
376 388 0.0024
694 388 0.0036
894 388 0.006
1167 388 0.0048
383 389 0.0024
394 389 0.0024
49 390 0.0143
160 390 0.0048
1015 390 0.0083
393 392 0.0155
965 392 0.0095
983 392 0.0048
392 393 0.0155
410 393 0.0071
411 393 0.0083
716 393 0.0048
389 394 0.0024
395 394 0.0024
394 395 0.0024
396 395 0.0048
403 395 0.0012
395 396 0.0048
398 396 0.006
401 396 0.0048
49 397 0.0155
62 397 0.0107
962 397 0.0036
396 398 0.006
400 398 0.006
398 400 0.006
841 400 0.0071
853 400 0.0071
396 401 0.0048
845 401 0.0036
853 401 0.0048
45 402 0.0071
962 402 0.0071
395 403 0.0012
858 403 0.0048
860 403 0.0024
45 406 0.0083
527 406 0.0107
576 406 0.0083
2 407 0.0036
408 407 0.0095
772 407 0.0048
407 408 0.0095
412 408 0.0095
447 409 0.0071
1055 409 0.0036
1134 409 0.0024
393 410 0.0071
447 410 0.0071
448 410 0.006
393 411 0.0083
448 411 0.006
1133 411 0.0083
408 412 0.0095
413 412 0.0083
775 412 0.0095
412 413 0.0083
776 413 0.0036
782 413 0.0036
437 414 0.0024
515 414 0.006
582 414 0.0024
716 417 0.0048
983 417 0.0048
160 421 0.0095
422 421 0.0083
426 421 0.0071
421 422 0.0083
1133 422 0.0083
351 423 0.0024
424 423 0.0024
423 424 0.0024
795 424 0.0024
582 425 0.0036
596 425 0.0036
933 425 0.006
421 426 0.0071
484 426 0.006
560 426 0.0048
2 429 0.0048
430 429 0.0095
444 429 0.006
429 430 0.0095
435 430 0.0119
439 430 0.0024
1183 430 0.0048
596 431 0.006
871 431 0.006
936 431 0.006
160 432 0.0083
433 432 0.0095
1199 432 0.0095
333 433 0.0048
432 433 0.0095
434 433 0.006
433 434 0.006
491 434 0.0083
499 434 0.0012
430 435 0.0119
436 435 0.0107
1181 435 0.0095
435 436 0.0107
759 436 0.0083
1183 436 0.0012
414 437 0.0024
491 437 0.006
1199 437 0.0071
513 438 0.0024
515 438 0.0048
518 438 0.0012
430 439 0.0024
440 439 0.0024
442 439 0.006
439 440 0.0024
442 440 0.0048
762 440 0.0012
513 441 0.0071
962 441 0.0048
1196 441 0.0012
439 442 0.006
440 442 0.0048
443 442 0.006
766 442 0.0048
442 443 0.006
766 443 0.0024
1183 443 0.0024
429 444 0.006
449 444 0.006
300 445 0.0119
927 445 0.0167
1143 445 0.0202
409 447 0.0071
410 447 0.0071
448 447 0.006
410 448 0.006
411 448 0.006
447 448 0.006
444 449 0.006
751 449 0.006
307 450 0.006
452 450 0.006
450 452 0.006
454 452 0.0095
458 452 0.0024
452 454 0.0095
456 454 0.006
458 454 0.0024
643 455 0.0119
668 455 0.0024
1134 455 0.0083
454 456 0.006
1109 456 0.006
452 458 0.0024
454 458 0.0024
462 460 0.0095
469 460 0.0024
1133 460 0.006
207 461 0.0048
625 461 0.0048
190 462 0.0036
460 462 0.0095
464 462 0.0036
469 462 0.0024
155 464 0.0036
462 464 0.0036
643 464 0.006
466 465 0.0036
468 465 0.0036
465 466 0.0036
471 466 0.0036
82 467 0.0048
155 467 0.0048
465 468 0.0036
471 468 0.0036
460 469 0.0024
462 469 0.0024
466 471 0.0036
468 471 0.0036
244 472 0.0012
1175 472 0.0012
321 473 0.0024
323 473 0.0024
333 484 0.0083
426 484 0.006
485 484 0.006
333 485 0.0024
484 485 0.006
487 485 0.0024
179 486 0.0048
195 486 0.0048
249 486 0.0036
183 487 0.0048
485 487 0.0024
893 487 0.0036
434 491 0.0083
437 491 0.006
493 491 0.0036
491 493 0.0036
494 493 0.0036
497 493 0.006
499 493 0.006
493 494 0.0036
596 494 0.0036
15 497 0.0048
493 497 0.006
499 497 0.0048
434 499 0.0012
493 499 0.006
497 499 0.0048
893 499 0.0024
513 500 0.0083
520 500 0.0083
522 500 0.006
503 502 0.0024
506 502 0.0024
502 503 0.0024
504 503 0.0024
506 503 0.006
503 504 0.0024
508 504 0.0024
502 506 0.0024
503 506 0.006
507 506 0.0024
506 507 0.0024
508 507 0.0071
510 507 0.0036
504 508 0.0024
507 508 0.0071
514 508 0.0036
507 510 0.0036
511 510 0.0012
514 510 0.006
510 511 0.0012
514 511 0.0012
438 513 0.0024
441 513 0.0071
500 513 0.0083
515 513 0.0107
518 513 0.0012
508 514 0.0036
510 514 0.006
511 514 0.0012
414 515 0.006
438 515 0.0048
513 515 0.0107
582 515 0.0071
438 518 0.0012
513 518 0.0012
500 520 0.0083
962 520 0.0083
500 522 0.006
558 522 0.006
406 527 0.0107
529 527 0.0083
553 527 0.0083
527 529 0.0083
532 529 0.006
553 529 0.0036
529 532 0.006
939 532 0.006
200 546 0.0107
548 546 0.0107
206 548 0.0107
546 548 0.0107
214 553 0.006
527 553 0.0083
529 553 0.0036
200 555 0.0071
561 555 0.0071
522 558 0.006
940 558 0.006
122 560 0.0048
426 560 0.0048
555 561 0.0071
562 561 0.0071
561 562 0.0071
1033 562 0.0071
761 566 0.0024
1116 566 0.0024
406 576 0.0083
940 576 0.0083
192 578 0.0071
583 578 0.0071
68 580 0.0071
372 580 0.0107
898 580 0.0024
414 582 0.0024
425 582 0.0036
515 582 0.0071
578 583 0.0071
1033 583 0.0071
320 585 0.0024
325 585 0.0024
194 586 0.0036
597 586 0.0036
23 592 0.0024
604 592 0.0083
893 592 0.0048
425 596 0.0036
431 596 0.006
494 596 0.0036
586 597 0.0036
598 597 0.0024
601 597 0.0024
606 597 0.0036
597 598 0.0024
601 598 0.0024
24 600 0.006
25 600 0.0071
164 600 0.0071
928 600 0.006
597 601 0.0024
598 601 0.0024
24 602 0.0036
893 602 0.0036
928 602 0.006
16 604 0.006
17 604 0.0036
23 604 0.006
592 604 0.0083
194 606 0.0107
597 606 0.0036
607 606 0.006
177 607 0.0143
180 607 0.0024
606 607 0.006
608 607 0.0036
171 608 0.0036
607 608 0.0036
113 609 0.0048
1122 609 0.0048
167 611 0.0048
612 611 0.0048
141 612 0.0048
611 612 0.0048
164 615 0.0071
1006 615 0.0071
327 618 0.0036
628 618 0.0036
461 625 0.0048
1024 625 0.0036
83 628 0.0036
618 628 0.0036
154 629 0.0024
630 629 0.0024
629 630 0.0024
631 630 0.0036
632 630 0.0071
630 631 0.0036
633 631 0.0036
645 631 0.0036
647 631 0.0036
124 632 0.006
154 632 0.0179
630 632 0.0071
633 632 0.0119
631 633 0.0036
632 633 0.0119
638 633 0.0071
87 638 0.0071
633 638 0.0071
455 643 0.0119
464 643 0.006
644 643 0.006
668 643 0.0119
155 644 0.0095
643 644 0.006
665 644 0.0095
631 645 0.0036
1008 645 0.0036
631 647 0.0036
1009 647 0.0048
1012 647 0.0095
650 649 0.0036
651 649 0.0036
649 650 0.0036
652 650 0.0036
649 651 0.0036
652 651 0.0036
650 652 0.0036
651 652 0.0036
372 653 0.0095
755 653 0.0071
898 653 0.0012
665 659 0.0036
1197 659 0.0036
79 661 0.0036
246 661 0.0036
252 661 0.006
82 665 0.0048
644 665 0.0095
659 665 0.0036
455 668 0.0024
643 668 0.0119
1122 668 0.0083
680 676 0.0024
900 676 0.0024
114 678 0.0071
683 678 0.0071
676 680 0.0024
888 680 0.0024
1163 682 0.0036
1164 682 0.0024
226 683 0.0071
678 683 0.0071
684 683 0.0024
687 683 0.0024
683 684 0.0024
687 684 0.0024
335 685 0.0071
371 685 0.0107
383 685 0.0024
744 686 0.0095
949 686 0.0095
683 687 0.0024
684 687 0.0024
388 694 0.0036
697 694 0.0036
892 694 0.006
69 695 0.0024
698 695 0.0024
694 697 0.0036
699 697 0.0048
700 697 0.0024
109 698 0.0107
226 698 0.0071
695 698 0.0024
697 699 0.0048
810 699 0.006
812 699 0.0119
341 700 0.0024
697 700 0.0024
1111 700 0.0036
341 703 0.0119
704 703 0.0131
809 703 0.0107
1111 703 0.0071
703 704 0.0131
816 704 0.0024
817 704 0.0107
825 704 0.0048
260 706 0.0071
707 706 0.0036
826 706 0.0048
260 707 0.0071
706 707 0.0036
802 707 0.006
910 707 0.0071
714 713 0.0048
842 713 0.0036
843 713 0.0048
848 713 0.006
288 714 0.0131
713 714 0.0048
843 714 0.0119
851 714 0.006
52 715 0.0024
69 715 0.0024
393 716 0.0048
417 716 0.0048
48 720 0.0036
721 720 0.006
723 720 0.0107
81 721 0.0012
720 721 0.006
963 721 0.0036
720 723 0.0107
726 723 0.0024
731 723 0.0143
367 726 0.0119
723 726 0.0024
731 726 0.0131
954 726 0.0083
58 729 0.0024
59 729 0.0107
731 729 0.0071
723 731 0.0143
726 731 0.0131
729 731 0.0071
347 733 0.0024
1129 733 0.006
1139 733 0.0024
59 734 0.0143
736 734 0.0143
734 736 0.0143
737 736 0.0143
736 737 0.0143
949 737 0.0143
955 737 0.006
1137 738 0.0024
1139 738 0.0024
56 740 0.0012
59 740 0.0119
741 740 0.0095
740 741 0.0095
743 741 0.0095
741 743 0.0095
744 743 0.0095
686 744 0.0095
743 744 0.0095
449 751 0.006
752 751 0.0036
1181 751 0.0083
751 752 0.0036
939 752 0.0036
72 755 0.0036
653 755 0.0071
901 755 0.0024
15 757 0.0083
16 757 0.0107
893 757 0.0012
133 758 0.006
957 758 0.006
1030 758 0.006
436 759 0.0083
779 759 0.0036
1181 759 0.0036
566 761 0.0024
1116 761 0.0024
440 762 0.0012
766 762 0.0012
442 766 0.0048
443 766 0.0024
762 766 0.0012
407 772 0.0048
774 772 0.0048
772 774 0.0048
775 774 0.0048
412 775 0.0095
774 775 0.0048
776 775 0.0036
413 776 0.0036
775 776 0.0036
759 779 0.0036
926 779 0.0036
143 780 0.0012
1108 780 0.0107
1193 780 0.0083
413 782 0.0036
783 782 0.0036
782 783 0.0036
785 783 0.0024
804 783 0.0071
783 785 0.0024
786 785 0.0036
788 785 0.0048
796 785 0.0036
269 786 0.0036
785 786 0.0036
269 788 0.006
785 788 0.0048
918 788 0.0012
919 788 0.0024
358 789 0.0083
790 789 0.0107
808 789 0.0012
789 790 0.0107
804 790 0.0024
806 790 0.0143
260 795 0.0024
424 795 0.0024
796 795 0.006
785 796 0.0036
795 796 0.006
797 796 0.0048
808 796 0.0071
796 797 0.0048
798 797 0.0024
801 797 0.0083
797 798 0.0024
799 798 0.0024
801 798 0.006
269 799 0.0012
798 799 0.0024
910 799 0.006
916 799 0.0024
260 801 0.0083
797 801 0.0083
798 801 0.006
802 801 0.0012
707 802 0.006
801 802 0.0012
912 802 0.0036
19 803 0.0071
221 803 0.0036
224 803 0.0071
250 803 0.006
783 804 0.0071
790 804 0.0024
805 804 0.0024
806 804 0.0143
260 805 0.0048
804 805 0.0024
1188 805 0.0083
790 806 0.0143
804 806 0.0143
808 806 0.0226
789 808 0.0012
796 808 0.0071
806 808 0.0226
824 808 0.0143
703 809 0.0107
810 809 0.0036
812 809 0.0155
699 810 0.006
809 810 0.0036
815 810 0.0024
902 810 0.0048
699 812 0.0119
809 812 0.0155
813 812 0.0024
819 812 0.0107
812 813 0.0024
892 813 0.0024
291 815 0.0024
810 815 0.0024
340 816 0.0024
341 816 0.0262
704 816 0.0024
824 816 0.019
704 817 0.0107
818 817 0.0048
826 817 0.0036
1111 817 0.0024
817 818 0.0048
819 818 0.0048
812 819 0.0107
818 819 0.0048
909 819 0.0012
910 819 0.0095
364 822 0.006
823 822 0.006
822 823 0.006
824 823 0.006
808 824 0.0143
816 824 0.019
823 824 0.006
825 824 0.006
704 825 0.0048
824 825 0.006
826 825 0.0071
1188 825 0.0083
706 826 0.0048
817 826 0.0036
825 826 0.0071
373 829 0.0012
830 829 0.0024
834 829 0.0036
829 830 0.0024
831 830 0.0036
835 830 0.0048
830 831 0.0036
832 831 0.0036
835 831 0.006
831 832 0.0036
836 832 0.0024
377 834 0.0131
829 834 0.0036
835 834 0.0119
839 834 0.0036
842 834 0.0048
851 834 0.0012
830 835 0.0048
831 835 0.006
834 835 0.0119
836 835 0.0107
839 835 0.006
875 835 0.0012
288 836 0.006
832 836 0.0024
835 836 0.0107
837 836 0.0119
836 837 0.0119
870 837 0.0119
288 839 0.0071
834 839 0.0036
835 839 0.006
851 839 0.0048
400 841 0.0071
842 841 0.0071
713 842 0.0036
834 842 0.0048
841 842 0.0071
847 842 0.006
853 842 0.006
713 843 0.0048
714 843 0.0119
844 843 0.0107
843 844 0.0107
849 844 0.0048
877 844 0.0119
401 845 0.0036
846 845 0.006
855 845 0.006
845 846 0.006
847 846 0.0036
850 846 0.006
842 847 0.006
846 847 0.0036
848 847 0.006
850 847 0.006
713 848 0.006
847 848 0.006
849 848 0.0012
850 848 0.0024
844 849 0.0048
848 849 0.0012
877 849 0.0024
846 850 0.006
847 850 0.006
848 850 0.0024
856 850 0.0048
714 851 0.006
834 851 0.0012
839 851 0.0048
400 853 0.0071
401 853 0.0048
842 853 0.006
845 855 0.006
856 855 0.0071
858 855 0.0048
850 856 0.0048
855 856 0.0071
887 856 0.0024
889 856 0.0071
403 858 0.0048
855 858 0.0048
862 858 0.0024
889 858 0.0024
403 860 0.0024
861 860 0.0024
862 860 0.006
860 861 0.0024
862 861 0.0024
858 862 0.0024
860 862 0.006
861 862 0.0024
837 870 0.0119
872 870 0.0048
1152 870 0.006
431 871 0.006
876 871 0.0083
938 871 0.0012
870 872 0.0048
873 872 0.0048
872 873 0.0048
1150 873 0.0048
835 875 0.0012
1144 875 0.0012
871 876 0.0083
933 876 0.0131
935 876 0.0155
844 877 0.0119
849 877 0.0024
878 877 0.0095
881 877 0.0131
293 878 0.0095
877 878 0.0095
877 881 0.0131
1141 881 0.0131
856 887 0.0024
888 887 0.0024
680 888 0.0024
887 888 0.0024
1165 888 0.006
376 889 0.0048
856 889 0.0071
858 889 0.0024
890 889 0.0071
889 890 0.0071
1163 890 0.006
1165 890 0.0048
1 891 0.0048
158 891 0.0024
163 891 0.0083
694 892 0.006
813 892 0.0024
894 892 0.0024
487 893 0.0036
499 893 0.0024
592 893 0.0048
602 893 0.0036
757 893 0.0012
388 894 0.006
892 894 0.0024
1167 894 0.0024
372 898 0.0048
580 898 0.0024
653 898 0.0012
282 899 0.0024
291 899 0.0024
352 899 0.006
282 900 0.0071
676 900 0.0024
1166 900 0.0036
380 901 0.0024
755 901 0.0024
338 902 0.0012
810 902 0.0048
903 902 0.0071
338 903 0.0095
902 903 0.0071
904 903 0.0083
263 904 0.0036
275 904 0.0036
317 904 0.006
903 904 0.0083
317 905 0.0071
352 905 0.0071
907 905 0.006
1175 905 0.006
1100 906 0.0048
1127 906 0.0048
266 907 0.0036
271 907 0.006
905 907 0.006
145 908 0.0107
1198 908 0.0107
819 909 0.0012
921 909 0.0012
707 910 0.0071
799 910 0.006
819 910 0.0095
912 910 0.0179
802 912 0.0036
910 912 0.0179
913 912 0.0024
918 912 0.0095
912 913 0.0024
916 913 0.0024
799 916 0.0024
913 916 0.0024
788 918 0.0012
912 918 0.0095
920 918 0.0143
921 918 0.0012
788 919 0.0024
920 919 0.006
922 919 0.0024
918 920 0.0143
919 920 0.006
921 920 0.0071
922 920 0.0131
909 921 0.0012
918 921 0.0012
920 921 0.0071
923 921 0.0024
919 922 0.0024
920 922 0.0131
923 922 0.0095
921 923 0.0024
922 923 0.0095
1110 923 0.006
193 924 0.0036
1110 924 0.0012
1178 924 0.006
779 926 0.0036
1110 926 0.0036
301 927 0.0036
445 927 0.0167
1141 927 0.0036
1145 927 0.0071
183 928 0.006
600 928 0.006
602 928 0.006
425 933 0.006
876 933 0.0131
934 933 0.0095
938 933 0.0036
1181 933 0.0024
1192 933 0.0036
933 934 0.0095
1195 934 0.0036
1201 934 0.0048
876 935 0.0155
936 935 0.0083
938 935 0.006
15 936 0.0083
431 936 0.006
935 936 0.0083
6 937 0.0143
15 937 0.0119
958 937 0.0012
871 938 0.0012
933 938 0.0036
935 938 0.006
532 939 0.006
752 939 0.0036
940 939 0.0083
558 940 0.006
576 940 0.0083
939 940 0.0083
945 944 0.0024
946 944 0.0024
944 945 0.0024
946 945 0.0024
944 946 0.0024
945 946 0.0024
686 949 0.0095
737 949 0.0143
950 949 0.0036
949 950 0.0036
953 950 0.0036
40 953 0.0036
950 953 0.0036
43 954 0.0083
726 954 0.0083
955 954 0.006
737 955 0.006
954 955 0.006
172 957 0.0071
193 957 0.0071
758 957 0.006
6 958 0.0012
937 958 0.0012
54 961 0.0083
367 961 0.0119
379 961 0.0095
397 962 0.0036
402 962 0.0071
441 962 0.0048
520 962 0.0083
721 963 0.0036
964 963 0.0036
963 964 0.0036
971 964 0.0036
239 965 0.0083
392 965 0.0095
1055 965 0.0071
67 971 0.006
367 971 0.0107
964 971 0.0036
24 980 0.0012
41 980 0.0036
93 980 0.006
392 983 0.0048
417 983 0.0048
172 1005 0.0083
179 1005 0.006
249 1005 0.0024
1178 1005 0.0048
190 1006 0.0107
207 1006 0.0024
615 1006 0.0071
645 1008 0.0036
1012 1008 0.0036
647 1009 0.0048
1011 1009 0.0048
1009 1011 0.0048
1013 1011 0.0048
647 1012 0.0095
1008 1012 0.0036
1013 1012 0.0048
1011 1013 0.0048
1012 1013 0.0048
43 1015 0.0083
239 1015 0.0107
390 1015 0.0083
25 1024 0.0036
625 1024 0.0036
133 1030 0.0024
758 1030 0.006
1192 1030 0.0024
562 1033 0.0071
583 1033 0.0071
380 1055 0.0024
409 1055 0.0036
965 1055 0.0071
906 1100 0.0048
1101 1100 0.0024
1103 1100 0.0048
1106 1100 0.0024
1100 1101 0.0024
1106 1101 0.0024
1100 1103 0.0048
1105 1103 0.0048
1103 1105 0.0048
1127 1105 0.0048
1100 1106 0.0024
1101 1106 0.0024
136 1108 0.006
143 1108 0.0083
182 1108 0.0036
780 1108 0.0107
456 1109 0.006
1129 1109 0.0024
1130 1109 0.0024
1152 1109 0.006
923 1110 0.006
924 1110 0.0012
926 1110 0.0036
700 1111 0.0036
703 1111 0.0071
817 1111 0.0024
566 1116 0.0024
761 1116 0.0024
609 1122 0.0048
668 1122 0.0083
1197 1122 0.0024
906 1127 0.0048
1105 1127 0.0048
347 1129 0.0024
733 1129 0.006
1109 1129 0.0024
1109 1130 0.0024
1131 1130 0.0071
1135 1130 0.0036
1130 1131 0.0071
1137 1131 0.0071
1139 1131 0.006
411 1133 0.0083
422 1133 0.0083
460 1133 0.006
113 1134 0.0048
409 1134 0.0024
455 1134 0.0083
1130 1135 0.0036
1137 1135 0.0036
738 1137 0.0024
1131 1137 0.0071
1135 1137 0.0036
733 1139 0.0024
738 1139 0.0024
1131 1139 0.006
881 1141 0.0131
927 1141 0.0036
1142 1141 0.0179
1141 1142 0.0179
1143 1142 0.0179
302 1143 0.0012
445 1143 0.0202
1142 1143 0.0179
293 1144 0.0095
875 1144 0.0012
1145 1144 0.0071
927 1145 0.0071
1144 1145 0.0071
301 1150 0.0095
873 1150 0.0048
1151 1150 0.0036
309 1151 0.0036
1150 1151 0.0036
870 1152 0.006
1109 1152 0.006
376 1163 0.0083
682 1163 0.0036
890 1163 0.006
1164 1163 0.0083
682 1164 0.0024
1163 1164 0.0083
1165 1164 0.0048
888 1165 0.006
890 1165 0.0048
1164 1165 0.0048
285 1166 0.0048
900 1166 0.0036
284 1167 0.0024
285 1167 0.0048
388 1167 0.0048
894 1167 0.0024
201 1168 0.0024
209 1168 0.0024
352 1169 0.0036
1170 1169 0.0071
1171 1169 0.0024
1169 1170 0.0071
1171 1170 0.0024
1173 1170 0.0036
1169 1171 0.0024
1170 1171 0.0024
1170 1173 0.0036
1175 1173 0.0036
472 1175 0.0012
905 1175 0.006
1173 1175 0.0036
263 1178 0.0024
924 1178 0.006
1005 1178 0.0048
435 1181 0.0095
751 1181 0.0083
759 1181 0.0036
933 1181 0.0024
430 1183 0.0048
436 1183 0.0012
443 1183 0.0024
805 1188 0.0083
825 1188 0.0083
933 1192 0.0036
1030 1192 0.0024
1193 1192 0.0071
136 1193 0.0071
780 1193 0.0083
1192 1193 0.0071
217 1194 0.0024
219 1194 0.0048
254 1194 0.0012
934 1195 0.0036
1198 1195 0.0036
62 1196 0.0036
441 1196 0.0012
1199 1196 0.006
659 1197 0.0036
1122 1197 0.0024
150 1198 0.006
908 1198 0.0107
1195 1198 0.0036
432 1199 0.0095
437 1199 0.0071
1196 1199 0.006
1 1201 0.0048
934 1201 0.0048
