2 1 0.0067
3 1 0.0121
4 1 0.0108
5 1 0.0027
6 1 0.0148
12 1 0.0067
19 1 0.0027
21 1 0.0216
117 1 0.004
128 1 0.0027
160 1 0.0108
181 1 0.0054
233 1 0.0081
342 1 0.0162
359 1 0.0027
1 2 0.0067
21 2 0.004
23 2 0.004
1 3 0.0121
192 3 0.0094
359 3 0.0081
360 3 0.0054
1 4 0.0108
154 4 0.0121
159 4 0.004
598 4 0.0054
1 5 0.0027
146 5 0.0013
1 6 0.0148
120 6 0.0121
128 6 0.004
11 10 0.0081
15 10 0.0027
109 10 0.0054
498 10 0.0108
10 11 0.0081
12 11 0.0081
15 11 0.0175
1 12 0.0067
11 12 0.0081
14 13 0.0148
617 13 0.0135
13 14 0.0148
15 14 0.0135
16 14 0.0108
10 15 0.0027
11 15 0.0175
14 15 0.0135
14 16 0.0108
618 16 0.0148
619 16 0.0027
18 17 0.0027
616 17 0.0148
617 17 0.0108
17 18 0.0027
19 18 0.0081
25 18 0.0094
616 18 0.0202
1 19 0.0027
18 19 0.0081
20 19 0.0121
19 20 0.0121
21 20 0.0189
22 20 0.0081
1 21 0.0216
2 21 0.004
20 21 0.0189
20 22 0.0081
244 22 0.0067
2 23 0.004
220 23 0.0027
616 24 0.0121
617 24 0.0094
618 24 0.0027
625 24 0.0108
18 25 0.0094
26 25 0.0162
621 25 0.0054
25 26 0.0162
622 26 0.0162
37 27 0.0121
622 27 0.0121
29 28 0.0094
618 28 0.0108
619 28 0.0054
28 29 0.0094
480 29 0.0081
484 29 0.0135
97 30 0.0027
478 30 0.0054
484 30 0.0094
32 31 0.004
89 31 0.0027
90 31 0.0054
478 31 0.0013
31 32 0.004
479 32 0.0081
481 32 0.0027
34 33 0.0054
39 33 0.0054
33 34 0.0054
35 34 0.0121
625 34 0.0108
34 35 0.0121
36 35 0.004
37 35 0.0094
35 36 0.004
40 36 0.0081
508 36 0.0027
27 37 0.0121
35 37 0.0094
234 37 0.0013
33 39 0.0054
40 39 0.0067
476 39 0.0054
36 40 0.0081
39 40 0.0067
42 40 0.0081
42 41 0.0094
44 41 0.0067
511 41 0.0094
40 42 0.0081
41 42 0.0094
50 42 0.0081
41 44 0.0067
435 44 0.0067
48 45 0.0108
511 45 0.0081
512 45 0.0013
48 47 0.0094
51 47 0.0067
510 47 0.0094
45 48 0.0108
47 48 0.0094
51 48 0.0081
42 50 0.0081
508 50 0.0067
511 50 0.0081
47 51 0.0067
48 51 0.0081
53 51 0.0054
54 51 0.0148
254 51 0.0013
507 51 0.0081
234 52 0.0013
506 52 0.0013
507 52 0.004
51 53 0.0054
415 53 0.0054
506 53 0.004
51 54 0.0148
414 54 0.0162
415 54 0.0081
57 55 0.0054
443 55 0.0027
454 55 0.0013
434 56 0.0067
435 56 0.0108
442 56 0.0027
55 57 0.0054
443 57 0.0054
444 57 0.0054
451 57 0.0054
62 58 0.0135
71 58 0.0094
457 58 0.0013
458 58 0.0094
459 58 0.0027
446 59 0.0054
459 59 0.004
258 60 0.0027
430 60 0.0027
256 61 0.0027
430 61 0.0027
431 61 0.0067
58 62 0.0135
63 62 0.0027
460 62 0.0175
62 63 0.0027
460 63 0.0027
65 64 0.0081
67 64 0.0229
460 64 0.0135
64 65 0.0081
462 65 0.0081
463 65 0.0027
464 65 0.0027
64 67 0.0229
68 67 0.0067
73 67 0.0094
462 67 0.004
67 68 0.0067
466 68 0.0027
476 68 0.0027
58 71 0.0094
72 71 0.0135
80 71 0.0027
71 72 0.0135
80 72 0.0135
67 73 0.0094
75 73 0.0094
73 75 0.0094
76 75 0.0027
77 75 0.0135
75 76 0.0027
77 76 0.0027
75 77 0.0135
76 77 0.0027
79 77 0.0094
77 79 0.0094
86 79 0.0094
71 80 0.0027
72 80 0.0135
81 80 0.0094
80 81 0.0094
86 81 0.0027
472 81 0.0135
79 86 0.0094
81 86 0.0027
472 86 0.0135
31 89 0.0027
90 89 0.0054
91 89 0.0013
31 90 0.0054
89 90 0.0054
91 90 0.004
89 91 0.0013
90 91 0.004
92 91 0.0013
91 92 0.0013
93 92 0.0027
94 92 0.0081
95 92 0.0013
92 93 0.0027
94 93 0.0054
476 93 0.0013
92 94 0.0081
93 94 0.0054
95 94 0.0013
92 95 0.0013
94 95 0.0013
30 97 0.0027
98 97 0.0027
97 98 0.0027
484 98 0.0108
485 98 0.004
619 98 0.0013
104 99 0.0067
105 99 0.0013
485 99 0.004
103 102 0.004
488 102 0.004
102 103 0.004
104 103 0.0027
105 103 0.0067
489 103 0.0054
99 104 0.0067
103 104 0.0027
489 104 0.0108
99 105 0.0013
103 105 0.0067
488 105 0.004
489 107 0.004
497 107 0.0094
629 107 0.004
110 108 0.0054
497 108 0.004
498 108 0.0108
10 109 0.0054
110 109 0.0054
108 110 0.0054
109 110 0.0054
1 117 0.004
121 117 0.004
6 120 0.0121
606 120 0.0108
608 120 0.0027
609 120 0.0121
117 121 0.004
609 121 0.004
151 123 0.0027
607 123 0.0081
608 123 0.004
151 124 0.0094
610 124 0.0094
150 127 0.0108
610 127 0.0094
1 128 0.0027
6 128 0.004
130 129 0.0027
605 129 0.0027
129 130 0.0027
131 130 0.0094
144 130 0.0054
130 131 0.0094
132 131 0.0135
136 131 0.0162
131 132 0.0135
606 132 0.0175
607 132 0.0027
135 134 0.0027
150 134 0.004
134 135 0.0027
136 135 0.0027
150 135 0.0067
131 136 0.0162
135 136 0.0027
138 136 0.0121
136 138 0.0121
143 138 0.0121
138 143 0.0121
144 143 0.0094
145 143 0.0094
147 143 0.0067
130 144 0.0054
143 144 0.0094
145 144 0.0027
143 145 0.0094
144 145 0.0027
146 145 0.0054
5 146 0.0013
145 146 0.0054
148 146 0.0027
143 147 0.0067
148 147 0.0067
152 147 0.0067
146 148 0.0027
147 148 0.0067
152 148 0.0027
127 150 0.0108
134 150 0.004
135 150 0.0067
151 150 0.0054
123 151 0.0027
124 151 0.0094
150 151 0.0054
147 152 0.0067
148 152 0.0027
153 152 0.0027
152 153 0.0027
601 153 0.0013
4 154 0.0121
158 154 0.0162
601 154 0.0027
157 155 0.0054
599 155 0.0054
155 157 0.0054
158 157 0.0094
177 157 0.0027
154 158 0.0162
157 158 0.0094
161 158 0.0054
4 159 0.004
160 159 0.0121
164 159 0.0067
1 160 0.0108
159 160 0.0121
169 160 0.0054
158 161 0.0054
598 161 0.0054
159 164 0.0067
166 164 0.0108
596 164 0.0027
166 165 0.0094
171 165 0.0027
583 165 0.0013
596 165 0.0027
164 166 0.0108
165 166 0.0094
167 166 0.0054
166 167 0.0054
168 167 0.0067
181 167 0.0135
167 168 0.0067
169 168 0.004
181 168 0.0027
160 169 0.0054
168 169 0.004
170 169 0.0108
169 170 0.0108
181 170 0.0094
165 171 0.0027
172 171 0.0067
173 171 0.0027
171 172 0.0067
174 172 0.0027
175 172 0.0108
171 173 0.0027
178 173 0.0054
179 173 0.0027
180 173 0.0013
594 173 0.0027
172 174 0.0027
175 174 0.0054
176 174 0.0054
177 174 0.0027
172 175 0.0108
174 175 0.0054
594 175 0.0094
174 176 0.0054
177 176 0.0067
594 176 0.0054
157 177 0.0027
174 177 0.0027
176 177 0.0067
173 178 0.0054
179 178 0.0054
180 178 0.0013
301 178 0.0013
173 179 0.0027
178 179 0.0054
300 179 0.0013
173 180 0.0013
178 180 0.0013
1 181 0.0054
167 181 0.0135
168 181 0.0027
170 181 0.0094
362 181 0.0054
359 182 0.0013
360 182 0.0027
295 183 0.0013
361 183 0.0027
362 183 0.0054
194 184 0.004
361 184 0.0027
186 185 0.0027
194 185 0.0094
338 185 0.0135
185 186 0.0027
188 186 0.0081
364 186 0.004
338 187 0.0067
363 187 0.0013
364 187 0.0094
186 188 0.0081
189 188 0.0027
363 188 0.0121
188 189 0.0027
190 189 0.0148
340 189 0.0189
189 190 0.0148
191 190 0.0148
190 191 0.0148
192 191 0.0094
340 191 0.004
3 192 0.0094
191 192 0.0094
184 194 0.004
185 194 0.0094
201 194 0.0081
293 194 0.0027
337 196 0.0094
338 196 0.0135
339 196 0.0054
198 197 0.004
199 197 0.0054
197 198 0.004
202 198 0.0067
214 198 0.0013
197 199 0.0054
200 199 0.0054
203 199 0.0081
368 199 0.0027
199 200 0.0054
201 200 0.0108
203 200 0.0067
367 200 0.0094
194 201 0.0081
200 201 0.0108
366 201 0.0013
198 202 0.0067
203 202 0.0081
204 202 0.0094
252 202 0.0054
263 202 0.0027
285 202 0.0162
286 202 0.0081
289 202 0.0175
563 202 0.0108
199 203 0.0081
200 203 0.0067
202 203 0.0081
202 204 0.0094
205 204 0.004
207 204 0.0148
204 205 0.004
207 205 0.0027
204 207 0.0148
205 207 0.0027
208 207 0.0027
209 207 0.027
212 207 0.0108
207 208 0.0027
211 208 0.004
207 209 0.027
210 209 0.0229
351 209 0.0027
209 210 0.0229
211 210 0.0054
215 210 0.0229
228 210 0.0054
208 211 0.004
210 211 0.0054
207 212 0.0108
347 212 0.0108
214 213 0.0175
345 213 0.0067
349 213 0.0256
198 214 0.0013
213 214 0.0175
343 214 0.0148
210 215 0.0229
216 215 0.0229
217 215 0.0256
215 216 0.0229
354 216 0.0216
369 216 0.0189
215 217 0.0256
218 217 0.0054
372 217 0.0189
217 218 0.0054
223 218 0.0148
355 218 0.0216
23 220 0.0027
222 220 0.0013
233 220 0.0027
357 220 0.0094
220 222 0.0013
223 222 0.0013
218 223 0.0148
222 223 0.0013
224 223 0.0121
223 224 0.0121
225 224 0.0121
224 225 0.0121
226 225 0.0094
227 225 0.0094
225 226 0.0094
374 226 0.0175
379 226 0.0067
225 227 0.0094
380 227 0.0094
210 228 0.0054
371 228 0.004
230 229 0.0054
371 229 0.0027
229 230 0.0054
372 230 0.0216
373 230 0.0121
376 230 0.0121
373 231 0.0081
374 231 0.0216
375 231 0.0175
378 232 0.0027
382 232 0.0054
384 232 0.004
385 232 0.0027
1 233 0.0081
220 233 0.0027
357 233 0.0121
37 234 0.0013
52 234 0.0013
377 235 0.0175
381 235 0.0189
253 236 0.0121
375 236 0.0175
381 236 0.0081
241 237 0.0013
243 237 0.0027
379 237 0.0054
245 240 0.0054
391 240 0.0067
237 241 0.0013
242 241 0.0108
390 241 0.0081
241 242 0.0108
243 242 0.0013
388 242 0.0162
392 242 0.0094
237 243 0.0027
242 243 0.0013
388 243 0.0054
22 244 0.0067
380 244 0.0094
624 244 0.004
240 245 0.0054
407 245 0.0013
410 245 0.0013
411 245 0.0027
412 245 0.0256
414 245 0.0121
393 246 0.0027
402 246 0.0175
403 246 0.0081
404 246 0.0054
505 246 0.027
253 247 0.0189
398 247 0.0243
505 247 0.031
396 248 0.004
400 248 0.004
385 250 0.004
401 250 0.004
252 251 0.0027
401 251 0.0013
202 252 0.0054
251 252 0.0027
401 252 0.0067
236 253 0.0121
247 253 0.0189
381 253 0.0094
383 253 0.0081
387 253 0.0027
388 253 0.0175
393 253 0.0054
51 254 0.0013
256 254 0.0054
409 254 0.0054
417 254 0.0148
407 255 0.0162
417 255 0.0135
419 255 0.0148
61 256 0.0027
254 256 0.0054
432 256 0.0081
423 257 0.0175
433 257 0.0162
60 258 0.0027
424 258 0.0081
425 258 0.0027
270 259 0.0067
400 259 0.0108
403 259 0.0027
418 260 0.0108
514 260 0.0202
518 260 0.0081
514 261 0.0162
519 261 0.0148
280 262 0.0094
281 262 0.0094
202 263 0.0027
563 263 0.0013
279 264 0.0135
542 264 0.0108
543 264 0.0175
266 265 0.0108
331 265 0.0027
543 265 0.0067
265 266 0.0108
267 266 0.0121
269 266 0.0081
266 267 0.0121
269 267 0.0013
270 267 0.0094
269 268 0.0054
270 268 0.0067
536 268 0.0081
266 269 0.0081
267 269 0.0013
268 269 0.0054
259 270 0.0067
267 270 0.0094
268 270 0.0067
542 270 0.0094
419 271 0.004
428 271 0.0135
517 271 0.004
521 271 0.0027
274 273 0.0027
516 273 0.0027
273 274 0.0027
275 274 0.0067
516 274 0.0081
528 274 0.0121
274 275 0.0067
526 275 0.0108
535 275 0.0027
533 276 0.0067
535 276 0.0067
530 277 0.0054
531 277 0.0081
532 277 0.0148
533 277 0.0067
334 278 0.0027
531 278 0.004
536 278 0.0081
264 279 0.0135
280 279 0.0121
542 279 0.0054
262 280 0.0094
279 280 0.0121
282 280 0.0229
262 281 0.0094
563 281 0.0081
280 282 0.0229
285 282 0.0148
564 282 0.0067
564 283 0.004
565 283 0.0027
291 284 0.004
565 284 0.0054
202 285 0.0162
282 285 0.0148
202 286 0.0081
287 286 0.0027
574 286 0.004
286 287 0.0027
575 287 0.0108
577 287 0.0054
292 288 0.0121
575 288 0.0081
576 288 0.0108
202 289 0.0175
574 289 0.0054
576 289 0.0135
291 290 0.0189
543 290 0.0094
549 290 0.0081
284 291 0.004
290 291 0.0189
323 291 0.0135
288 292 0.0121
293 292 0.0067
566 292 0.0121
194 293 0.0027
292 293 0.0067
581 293 0.0027
183 295 0.0013
583 295 0.0054
584 295 0.0013
585 295 0.0054
299 298 0.004
584 298 0.0027
588 298 0.0081
298 299 0.004
300 299 0.0027
303 299 0.0081
179 300 0.0013
299 300 0.0027
301 300 0.0054
178 301 0.0013
300 301 0.0054
302 301 0.0027
301 302 0.0027
590 302 0.0054
592 302 0.0013
299 303 0.0081
304 303 0.0108
591 303 0.0013
303 304 0.0108
306 304 0.0121
307 304 0.0067
589 304 0.0081
306 305 0.0027
589 305 0.004
304 306 0.0121
305 306 0.0027
308 306 0.0081
304 307 0.0067
309 307 0.0094
591 307 0.0067
306 308 0.0081
309 308 0.0081
310 308 0.0067
307 309 0.0094
308 309 0.0081
310 309 0.0081
308 310 0.0067
309 310 0.0081
590 310 0.0081
586 314 0.0027
587 314 0.004
318 316 0.0081
566 316 0.0054
571 316 0.0013
319 317 0.0027
570 317 0.0081
573 317 0.004
316 318 0.0081
568 318 0.0067
569 318 0.0108
317 319 0.0027
581 319 0.0027
322 321 0.004
324 321 0.0054
321 322 0.004
323 322 0.0054
291 323 0.0135
322 323 0.0054
324 323 0.0175
321 324 0.0054
323 324 0.0175
325 324 0.0081
551 324 0.0148
324 325 0.0081
551 325 0.0013
559 325 0.0027
568 325 0.0013
550 326 0.0081
555 326 0.004
562 326 0.0027
265 331 0.0027
540 331 0.0027
540 333 0.0067
541 333 0.0121
546 333 0.004
278 334 0.0027
335 334 0.004
541 334 0.0081
334 335 0.004
546 335 0.004
196 337 0.0094
340 337 0.0081
185 338 0.0135
187 338 0.0067
196 338 0.0135
196 339 0.0054
366 339 0.004
368 339 0.0108
189 340 0.0189
191 340 0.004
337 340 0.0081
342 340 0.004
1 342 0.0162
340 342 0.004
343 342 0.0108
214 343 0.0148
342 343 0.0108
344 343 0.0081
343 344 0.0081
349 344 0.0054
357 344 0.0013
213 345 0.0067
348 345 0.0054
347 346 0.0081
348 346 0.0067
369 346 0.0148
212 347 0.0108
346 347 0.0081
351 347 0.0013
345 348 0.0054
346 348 0.0067
213 349 0.0256
344 349 0.0054
369 349 0.0189
209 351 0.0027
347 351 0.0013
354 353 0.004
356 353 0.004
216 354 0.0216
353 354 0.004
355 354 0.027
218 355 0.0216
354 355 0.027
356 355 0.004
353 356 0.004
355 356 0.004
220 357 0.0094
233 357 0.0121
344 357 0.0013
1 359 0.0027
3 359 0.0081
182 359 0.0013
360 359 0.0013
3 360 0.0054
182 360 0.0027
359 360 0.0013
183 361 0.0027
184 361 0.0027
362 361 0.0067
181 362 0.0054
183 362 0.0054
361 362 0.0067
187 363 0.0013
188 363 0.0121
364 363 0.0148
186 364 0.004
187 364 0.0094
363 364 0.0148
201 366 0.0013
339 366 0.004
367 366 0.0067
200 367 0.0094
366 367 0.0067
368 367 0.0121
199 368 0.0027
339 368 0.0108
367 368 0.0121
216 369 0.0189
346 369 0.0148
349 369 0.0189
228 371 0.004
229 371 0.0027
372 371 0.0081
217 372 0.0189
230 372 0.0216
371 372 0.0081
373 372 0.0027
230 373 0.0121
231 373 0.0081
372 373 0.0027
226 374 0.0175
231 374 0.0216
375 374 0.0027
231 375 0.0175
236 375 0.0175
374 375 0.0027
376 375 0.0081
230 376 0.0121
375 376 0.0081
377 376 0.0162
235 377 0.0175
376 377 0.0162
232 378 0.0027
384 378 0.0054
226 379 0.0067
237 379 0.0054
227 380 0.0094
244 380 0.0094
235 381 0.0189
236 381 0.0081
253 381 0.0094
382 381 0.0148
232 382 0.0054
381 382 0.0148
383 382 0.004
384 382 0.004
385 382 0.0081
253 383 0.0081
382 383 0.004
396 383 0.0027
232 384 0.004
378 384 0.0054
382 384 0.004
232 385 0.0027
250 385 0.004
382 385 0.0081
253 387 0.0027
388 387 0.0067
392 387 0.0027
242 388 0.0162
243 388 0.0054
253 388 0.0175
387 388 0.0067
241 390 0.0081
391 390 0.0054
392 390 0.0013
240 391 0.0067
390 391 0.0054
242 392 0.0094
387 392 0.0027
390 392 0.0013
393 392 0.0013
246 393 0.0027
253 393 0.0054
392 393 0.0013
248 396 0.004
383 396 0.0027
247 398 0.0243
399 398 0.0189
404 398 0.0013
505 398 0.0027
398 399 0.0189
400 399 0.0162
404 399 0.0013
248 400 0.004
259 400 0.0108
399 400 0.0162
250 401 0.004
251 401 0.0013
252 401 0.0067
246 402 0.0175
403 402 0.0027
410 402 0.0135
246 403 0.0081
259 403 0.0027
402 403 0.0027
246 404 0.0054
398 404 0.0013
399 404 0.0013
245 407 0.0013
255 407 0.0162
408 407 0.0054
412 407 0.0148
413 407 0.0094
407 408 0.0054
409 408 0.004
254 409 0.0054
408 409 0.004
245 410 0.0013
402 410 0.0135
411 410 0.0162
245 411 0.0027
410 411 0.0162
412 411 0.0202
245 412 0.0256
407 412 0.0148
411 412 0.0202
407 413 0.0094
418 413 0.0094
54 414 0.0162
245 414 0.0121
416 414 0.0054
53 415 0.0054
54 415 0.0081
416 415 0.004
506 415 0.0013
414 416 0.0054
415 416 0.004
254 417 0.0148
255 417 0.0135
260 418 0.0108
413 418 0.0094
255 419 0.0148
271 419 0.004
420 419 0.0202
419 420 0.0202
421 420 0.0148
427 420 0.0148
420 421 0.0148
422 421 0.0135
425 421 0.0054
426 421 0.0067
421 422 0.0135
423 422 0.0162
424 422 0.0027
257 423 0.0175
422 423 0.0162
424 423 0.0121
433 423 0.0027
258 424 0.0081
422 424 0.0027
423 424 0.0121
258 425 0.0027
421 425 0.0054
426 425 0.0013
421 426 0.0067
425 426 0.0013
427 426 0.0067
524 426 0.0013
420 427 0.0148
426 427 0.0067
428 427 0.0121
271 428 0.0135
427 428 0.0121
523 428 0.0054
60 430 0.0027
61 430 0.0027
431 430 0.0121
433 430 0.0121
61 431 0.0067
430 431 0.0121
432 431 0.0121
256 432 0.0081
431 432 0.0121
439 432 0.0027
257 433 0.0162
423 433 0.0027
430 433 0.0121
56 434 0.0067
437 434 0.004
439 434 0.0121
44 435 0.0067
56 435 0.0108
439 435 0.0027
437 436 0.004
439 436 0.004
434 437 0.004
436 437 0.004
432 439 0.0027
434 439 0.0121
435 439 0.0027
436 439 0.004
56 442 0.0027
444 442 0.0067
449 442 0.0027
55 443 0.0027
57 443 0.0054
449 443 0.0013
57 444 0.0054
442 444 0.0067
449 444 0.0054
59 446 0.0054
447 446 0.0054
453 446 0.0121
446 447 0.0054
450 447 0.0081
451 447 0.0148
450 448 0.0027
456 448 0.0027
442 449 0.0027
443 449 0.0013
444 449 0.0054
447 450 0.0081
448 450 0.0027
456 450 0.0121
57 451 0.0054
447 451 0.0148
452 451 0.0135
451 452 0.0135
453 452 0.0148
454 452 0.0054
446 453 0.0121
452 453 0.0148
455 453 0.004
55 454 0.0013
452 454 0.0054
455 454 0.0027
453 455 0.004
454 455 0.0027
448 456 0.0027
450 456 0.0121
457 456 0.0081
58 457 0.0013
456 457 0.0081
458 457 0.0108
58 458 0.0094
457 458 0.0108
459 458 0.0081
58 459 0.0027
59 459 0.004
458 459 0.0081
62 460 0.0175
63 460 0.0027
64 460 0.0135
65 462 0.0081
67 462 0.004
466 462 0.0027
65 463 0.0027
464 463 0.0027
65 464 0.0027
463 464 0.0027
68 466 0.0027
462 466 0.0027
81 472 0.0135
86 472 0.0135
39 476 0.0054
68 476 0.0027
93 476 0.0013
30 478 0.0054
31 478 0.0013
479 478 0.0081
32 479 0.0081
478 479 0.0081
480 479 0.0121
29 480 0.0081
479 480 0.0121
481 480 0.0067
483 480 0.0027
32 481 0.0027
480 481 0.0067
483 481 0.0027
480 483 0.0027
481 483 0.0027
29 484 0.0135
30 484 0.0094
98 484 0.0108
98 485 0.004
99 485 0.004
102 488 0.004
105 488 0.004
103 489 0.0054
104 489 0.0108
107 489 0.004
497 496 0.004
629 496 0.004
107 497 0.0094
108 497 0.004
496 497 0.004
10 498 0.0108
108 498 0.0108
246 505 0.027
247 505 0.031
398 505 0.0027
52 506 0.0013
53 506 0.004
415 506 0.0013
51 507 0.0081
52 507 0.004
510 507 0.0027
36 508 0.0027
50 508 0.0067
509 508 0.0027
508 509 0.0027
510 509 0.0067
512 509 0.0027
47 510 0.0094
507 510 0.0027
509 510 0.0067
512 510 0.0054
41 511 0.0094
45 511 0.0081
50 511 0.0081
45 512 0.0013
509 512 0.0027
510 512 0.0054
260 514 0.0202
261 514 0.0162
518 514 0.0027
273 516 0.0027
274 516 0.0081
519 516 0.004
271 517 0.004
518 517 0.004
519 517 0.0094
260 518 0.0081
514 518 0.0027
517 518 0.004
261 519 0.0148
516 519 0.004
517 519 0.0094
271 521 0.0027
523 521 0.0027
428 523 0.0054
521 523 0.0027
524 523 0.0013
426 524 0.0013
523 524 0.0013
275 526 0.0108
535 526 0.0108
274 528 0.0121
532 528 0.0121
277 530 0.0054
531 530 0.0027
532 530 0.0013
277 531 0.0081
278 531 0.004
530 531 0.0027
277 532 0.0148
528 532 0.0121
530 532 0.0013
276 533 0.0067
277 533 0.0067
275 535 0.0027
276 535 0.0067
526 535 0.0108
268 536 0.0081
278 536 0.0081
331 540 0.0027
333 540 0.0067
541 540 0.0027
333 541 0.0121
334 541 0.0081
540 541 0.0027
264 542 0.0108
270 542 0.0094
279 542 0.0054
264 543 0.0175
265 543 0.0067
290 543 0.0094
333 546 0.004
335 546 0.004
290 549 0.0081
554 549 0.0067
326 550 0.0081
551 550 0.0121
554 550 0.0121
324 551 0.0148
325 551 0.0013
550 551 0.0121
549 554 0.0067
550 554 0.0121
555 554 0.004
326 555 0.004
554 555 0.004
559 558 0.0067
560 558 0.0027
562 558 0.0027
325 559 0.0027
558 559 0.0067
560 559 0.0027
558 560 0.0027
559 560 0.0027
326 562 0.0027
558 562 0.0027
202 563 0.0108
263 563 0.0013
281 563 0.0081
282 564 0.0067
283 564 0.004
565 564 0.0094
283 565 0.0027
284 565 0.0054
564 565 0.0094
292 566 0.0121
316 566 0.0054
578 566 0.0054
318 568 0.0067
325 568 0.0013
570 568 0.004
318 569 0.0108
570 569 0.0135
572 569 0.0067
317 570 0.0081
568 570 0.004
569 570 0.0135
316 571 0.0013
572 571 0.0013
573 571 0.004
569 572 0.0067
571 572 0.0013
573 572 0.0094
317 573 0.004
571 573 0.004
572 573 0.0094
286 574 0.004
289 574 0.0054
287 575 0.0108
288 575 0.0081
576 575 0.0094
288 576 0.0108
289 576 0.0135
575 576 0.0094
287 577 0.0054
578 577 0.004
566 578 0.0054
577 578 0.004
293 581 0.0027
319 581 0.0027
165 583 0.0013
295 583 0.0054
585 583 0.0027
295 584 0.0013
298 584 0.0027
585 584 0.0013
586 584 0.0027
295 585 0.0054
583 585 0.0027
584 585 0.0013
314 586 0.0027
584 586 0.0027
587 586 0.0067
314 587 0.004
586 587 0.0067
588 587 0.004
298 588 0.0081
587 588 0.004
589 588 0.0054
304 589 0.0081
305 589 0.004
588 589 0.0054
302 590 0.0054
310 590 0.0081
592 590 0.0067
303 591 0.0013
307 591 0.0067
592 591 0.004
302 592 0.0013
590 592 0.0067
591 592 0.004
173 594 0.0027
175 594 0.0094
176 594 0.0054
164 596 0.0027
165 596 0.0027
4 598 0.0054
161 598 0.0054
155 599 0.0054
600 599 0.0027
601 599 0.0094
599 600 0.0027
601 600 0.0027
153 601 0.0013
154 601 0.0027
599 601 0.0094
600 601 0.0027
129 605 0.0027
606 605 0.004
120 606 0.0108
132 606 0.0175
605 606 0.004
607 606 0.0108
123 607 0.0081
132 607 0.0027
606 607 0.0108
120 608 0.0027
123 608 0.004
609 608 0.0067
120 609 0.0121
121 609 0.004
608 609 0.0067
124 610 0.0094
127 610 0.0094
17 616 0.0148
18 616 0.0202
24 616 0.0121
13 617 0.0135
17 617 0.0108
24 617 0.0094
16 618 0.0148
24 618 0.0027
28 618 0.0108
16 619 0.0027
28 619 0.0054
98 619 0.0013
25 621 0.0054
624 621 0.0054
26 622 0.0162
27 622 0.0121
624 622 0.0108
244 624 0.004
621 624 0.0054
622 624 0.0108
24 625 0.0108
34 625 0.0108
107 629 0.004
496 629 0.004
