861 1 0.0106
862 1 0.0159
864 1 0.0133
3 2 0.0027
11 2 0.0133
55 2 0.008
2 3 0.0027
197 3 0.008
198 3 0.0027
8 4 0.0371
148 4 0.061
198 4 0.0212
6 5 0.0106
864 5 0.008
5 6 0.0106
131 6 0.0133
4 8 0.0371
10 8 0.0345
136 8 0.0371
8 10 0.0345
140 10 0.0345
2 11 0.0133
12 11 0.0106
24 11 0.0159
11 12 0.0106
18 12 0.0133
14 13 0.0027
414 13 0.0027
13 14 0.0027
15 14 0.0106
414 14 0.0053
14 15 0.0106
125 15 0.0053
413 15 0.0186
17 16 0.008
19 16 0.008
16 17 0.008
117 17 0.008
12 18 0.0133
20 18 0.0106
27 18 0.0265
16 19 0.008
117 19 0.0318
134 19 0.0212
18 20 0.0106
29 20 0.0133
346 21 0.0159
529 21 0.0159
23 22 0.0318
30 22 0.0371
529 22 0.0292
22 23 0.0318
100 23 0.0186
343 23 0.0106
11 24 0.0159
26 24 0.0106
174 24 0.0133
24 26 0.0106
28 26 0.0239
59 26 0.0212
18 27 0.0265
28 27 0.0265
26 28 0.0239
27 28 0.0265
29 28 0.0212
20 29 0.0133
28 29 0.0212
59 29 0.0053
22 30 0.0371
31 30 0.0265
116 30 0.0239
30 31 0.0265
33 31 0.0371
338 31 0.008
31 33 0.0371
34 33 0.0265
81 33 0.0212
82 33 0.0106
33 34 0.0265
35 34 0.0186
82 34 0.0053
34 35 0.0186
85 35 0.0265
96 35 0.0053
47 37 0.0133
174 37 0.0133
794 37 0.008
59 39 0.008
219 39 0.0106
794 39 0.0106
346 41 0.0159
357 41 0.0159
43 42 0.0053
354 42 0.0053
42 43 0.0053
44 43 0.0133
356 43 0.0053
43 44 0.0133
356 44 0.0133
47 46 0.008
174 46 0.0186
207 46 0.008
37 47 0.0133
46 47 0.008
219 47 0.0053
794 47 0.0106
2 55 0.008
56 55 0.0345
75 55 0.0239
55 56 0.0345
57 56 0.0345
56 57 0.0345
58 57 0.0345
234 57 0.0133
235 57 0.0133
57 58 0.0345
61 58 0.0451
240 58 0.0292
26 59 0.0212
29 59 0.0053
39 59 0.008
147 59 0.0053
219 59 0.0027
486 59 0.0106
863 59 0.0292
58 61 0.0451
62 61 0.0265
66 61 0.0186
70 61 0.0239
251 61 0.0106
61 62 0.0265
63 62 0.0265
62 63 0.0265
66 63 0.0053
293 63 0.0186
61 66 0.0186
63 66 0.0053
67 66 0.0106
66 67 0.0106
68 67 0.0027
294 67 0.0159
67 68 0.0027
280 68 0.008
283 68 0.0053
294 68 0.0053
61 70 0.0239
325 70 0.0239
55 75 0.0239
318 75 0.0239
318 77 0.0239
330 77 0.0239
33 81 0.0212
84 81 0.0027
116 81 0.0053
338 81 0.008
33 82 0.0106
34 82 0.0053
84 82 0.0027
81 84 0.0027
82 84 0.0027
35 85 0.0265
86 85 0.0186
96 85 0.0053
85 86 0.0186
87 86 0.0477
91 86 0.0265
86 87 0.0477
88 87 0.0265
89 87 0.0186
87 88 0.0265
383 88 0.0265
87 89 0.0186
380 89 0.0186
86 91 0.0265
94 91 0.0265
91 94 0.0265
95 94 0.0053
367 94 0.0053
377 94 0.0265
94 95 0.0053
367 95 0.0053
35 96 0.0053
85 96 0.0053
23 100 0.0186
102 100 0.0186
100 102 0.0186
387 102 0.0186
110 103 0.0106
134 103 0.0212
404 103 0.008
103 110 0.0106
111 110 0.0106
110 111 0.0106
400 111 0.0106
30 116 0.0239
81 116 0.0053
340 116 0.0159
17 117 0.008
19 117 0.0318
404 117 0.0212
15 125 0.0053
413 125 0.0053
133 130 0.0053
410 130 0.0053
6 131 0.0133
147 131 0.0027
863 131 0.0186
130 133 0.0053
410 133 0.0053
19 134 0.0212
103 134 0.0212
8 136 0.0371
137 136 0.0186
448 136 0.0159
136 137 0.0186
138 137 0.0186
137 138 0.0186
447 138 0.0186
10 140 0.0345
141 140 0.0345
140 141 0.0345
142 141 0.0345
141 142 0.0345
436 142 0.0159
448 142 0.0159
144 143 0.0053
431 143 0.0053
143 144 0.0053
431 144 0.0053
146 145 0.008
419 145 0.008
145 146 0.008
415 146 0.0159
429 146 0.0053
59 147 0.0053
131 147 0.0027
863 147 0.0106
4 148 0.061
162 148 0.061
148 162 0.061
163 162 0.061
162 163 0.061
164 163 0.0743
175 163 0.0584
163 164 0.0743
166 164 0.0186
171 164 0.0531
164 166 0.0186
169 166 0.0186
166 169 0.0186
446 169 0.0186
164 171 0.0531
172 171 0.0106
173 171 0.0398
171 172 0.0106
467 172 0.0106
171 173 0.0398
453 173 0.0212
456 173 0.0159
24 174 0.0133
37 174 0.0133
46 174 0.0186
163 175 0.0584
176 175 0.0557
468 175 0.0212
175 176 0.0557
177 176 0.0531
179 176 0.0159
176 177 0.0531
178 177 0.0451
523 177 0.0053
177 178 0.0451
188 178 0.0106
192 178 0.0212
212 178 0.0345
176 179 0.0159
468 179 0.0159
178 188 0.0106
477 188 0.0106
178 192 0.0212
194 192 0.0212
192 194 0.0212
472 194 0.0212
3 197 0.008
198 197 0.0106
199 197 0.0106
3 198 0.0027
4 198 0.0212
197 198 0.0106
199 198 0.0292
197 199 0.0106
198 199 0.0292
200 199 0.0265
199 200 0.0265
201 200 0.0345
205 200 0.0053
200 201 0.0345
202 201 0.0318
213 201 0.0106
201 202 0.0318
203 202 0.0318
213 202 0.008
202 203 0.0318
204 203 0.0398
224 203 0.0053
203 204 0.0398
206 204 0.0027
224 204 0.0186
542 204 0.0292
200 205 0.0053
206 205 0.0106
213 205 0.0186
204 206 0.0027
205 206 0.0106
213 206 0.0053
46 207 0.008
234 207 0.0159
245 207 0.0053
210 209 0.0133
214 209 0.0053
542 209 0.0053
209 210 0.0133
211 210 0.0424
542 210 0.0424
210 211 0.0424
212 211 0.0451
216 211 0.0159
178 212 0.0345
211 212 0.0451
217 212 0.008
201 213 0.0106
202 213 0.008
205 213 0.0186
206 213 0.0053
209 214 0.0053
216 214 0.0053
211 216 0.0159
214 216 0.0053
217 216 0.008
212 217 0.008
216 217 0.008
39 219 0.0106
47 219 0.0053
59 219 0.0027
203 224 0.0053
204 224 0.0186
225 224 0.0186
231 224 0.0053
224 225 0.0186
226 225 0.0239
542 225 0.0186
225 226 0.0239
227 226 0.0053
229 226 0.0318
226 227 0.0053
228 227 0.0239
229 227 0.0318
227 228 0.0239
231 228 0.0186
860 228 0.0292
226 229 0.0318
227 229 0.0318
224 231 0.0053
228 231 0.0186
232 231 0.0106
231 232 0.0106
864 232 0.0106
57 234 0.0133
207 234 0.0159
243 234 0.0106
57 235 0.0133
236 235 0.0212
237 235 0.0053
235 236 0.0212
237 236 0.0212
239 236 0.008
235 237 0.0053
236 237 0.0212
238 237 0.0106
241 237 0.0159
237 238 0.0106
239 238 0.0239
241 238 0.0265
236 239 0.008
238 239 0.0239
243 239 0.0186
244 239 0.0345
58 240 0.0292
241 240 0.0292
237 241 0.0159
238 241 0.0265
240 241 0.0292
234 243 0.0106
239 243 0.0186
244 243 0.0053
239 244 0.0345
243 244 0.0053
245 244 0.0265
207 245 0.0053
244 245 0.0265
246 245 0.0265
311 245 0.0053
245 246 0.0265
311 246 0.0265
61 251 0.0106
262 251 0.008
294 251 0.0212
255 254 0.0212
260 254 0.0212
254 255 0.0212
321 255 0.0212
254 260 0.0212
270 260 0.0212
251 262 0.008
279 262 0.008
273 264 0.0053
276 264 0.0053
330 269 0.0239
332 269 0.008
334 269 0.0345
260 270 0.0212
271 270 0.0212
270 271 0.0212
272 271 0.0212
314 271 0.0451
271 272 0.0212
737 272 0.0212
264 273 0.0053
276 273 0.0053
264 276 0.0053
273 276 0.0053
262 279 0.008
280 279 0.0133
281 279 0.0027
68 280 0.008
279 280 0.0133
281 280 0.0027
284 280 0.0053
294 280 0.0106
279 281 0.0027
280 281 0.0027
68 283 0.0053
284 283 0.0053
280 284 0.0053
283 284 0.0053
63 293 0.0186
301 293 0.0186
67 294 0.0159
68 294 0.0053
251 294 0.0212
280 294 0.0106
293 301 0.0186
304 301 0.0186
301 304 0.0186
845 304 0.0186
245 311 0.0053
246 311 0.0265
312 311 0.0186
311 312 0.0186
837 312 0.0186
271 314 0.0451
548 314 0.0451
75 318 0.0239
77 318 0.0239
255 321 0.0212
323 321 0.0212
321 323 0.0212
752 323 0.0212
70 325 0.0239
326 325 0.0053
329 325 0.0318
325 326 0.0053
329 326 0.0053
325 329 0.0318
326 329 0.0053
336 329 0.0239
77 330 0.0239
269 330 0.0239
269 332 0.008
335 332 0.008
269 334 0.0345
335 334 0.008
336 334 0.0239
332 335 0.008
334 335 0.008
329 336 0.0239
334 336 0.0239
31 338 0.008
81 338 0.008
116 340 0.0159
357 340 0.0159
343 341 0.0106
529 341 0.0106
23 343 0.0106
341 343 0.0106
21 346 0.0159
41 346 0.0159
42 354 0.0053
356 354 0.0053
43 356 0.0053
44 356 0.0133
354 356 0.0053
41 357 0.0159
340 357 0.0159
94 367 0.0053
95 367 0.0053
94 377 0.0265
378 377 0.0186
509 377 0.0053
377 378 0.0186
380 378 0.0186
89 380 0.0186
378 380 0.0186
88 383 0.0265
387 383 0.0265
102 387 0.0186
383 387 0.0265
388 387 0.0053
387 388 0.0053
509 388 0.0053
111 400 0.0106
402 400 0.0106
400 402 0.0106
404 402 0.0106
103 404 0.008
117 404 0.0212
402 404 0.0106
130 410 0.0053
133 410 0.0053
15 413 0.0186
125 413 0.0053
414 413 0.0106
13 414 0.0027
14 414 0.0053
413 414 0.0106
146 415 0.0159
416 415 0.0053
419 415 0.008
415 416 0.0053
429 416 0.0053
145 419 0.008
415 419 0.008
146 429 0.0053
416 429 0.0053
143 431 0.0053
144 431 0.0053
142 436 0.0159
437 436 0.0159
436 437 0.0159
620 437 0.0159
169 446 0.0186
447 446 0.0186
138 447 0.0186
446 447 0.0186
136 448 0.0159
142 448 0.0159
173 453 0.0212
573 453 0.0212
173 456 0.0159
457 456 0.0159
456 457 0.0159
458 457 0.0159
457 458 0.0159
459 458 0.0027
620 458 0.0159
621 458 0.0053
622 458 0.0106
458 459 0.0027
622 459 0.0027
172 467 0.0106
469 467 0.0265
470 467 0.0053
639 467 0.0053
175 468 0.0212
179 468 0.0159
469 468 0.0186
467 469 0.0265
468 469 0.0186
470 469 0.0053
467 470 0.0053
469 470 0.0053
194 472 0.0212
474 472 0.0212
472 474 0.0212
476 474 0.0212
474 476 0.0212
573 476 0.0212
188 477 0.0106
484 477 0.0106
477 484 0.0106
486 484 0.0106
59 486 0.0106
484 486 0.0106
507 506 0.0053
731 506 0.0053
506 507 0.0053
731 507 0.0053
377 509 0.0053
388 509 0.0053
679 514 0.0053
681 514 0.0053
177 523 0.0053
639 523 0.0053
528 527 0.0106
577 527 0.0106
527 528 0.0106
572 528 0.0053
588 528 0.0186
21 529 0.0159
22 529 0.0292
341 529 0.0106
204 542 0.0292
209 542 0.0053
210 542 0.0424
225 542 0.0186
314 548 0.0451
550 548 0.0451
548 550 0.0451
741 550 0.0212
786 550 0.0212
528 572 0.0053
594 572 0.0053
597 572 0.0053
598 572 0.0053
453 573 0.0212
476 573 0.0212
527 577 0.0106
580 577 0.0106
577 580 0.0106
581 580 0.0053
602 580 0.0186
580 581 0.0053
582 581 0.0053
602 581 0.0133
581 582 0.0053
589 582 0.0106
590 582 0.0053
595 582 0.0106
528 588 0.0186
589 588 0.0159
595 588 0.0106
582 589 0.0106
588 589 0.0159
602 589 0.0186
582 590 0.0053
605 590 0.0053
572 594 0.0053
595 594 0.0133
605 594 0.0053
582 595 0.0106
588 595 0.0106
594 595 0.0133
572 597 0.0053
598 597 0.0053
572 598 0.0053
597 598 0.0053
580 602 0.0186
581 602 0.0133
589 602 0.0186
590 605 0.0053
594 605 0.0053
437 620 0.0159
458 620 0.0159
458 621 0.0053
622 621 0.0053
458 622 0.0106
459 622 0.0027
621 622 0.0053
467 639 0.0053
523 639 0.0053
514 679 0.0053
681 679 0.0053
514 681 0.0053
679 681 0.0053
506 731 0.0053
507 731 0.0053
272 737 0.0212
745 737 0.0212
550 741 0.0212
752 741 0.0212
758 742 0.0159
759 742 0.0159
737 745 0.0212
747 745 0.0212
745 747 0.0212
786 747 0.0212
323 752 0.0212
741 752 0.0212
742 758 0.0159
772 758 0.0159
742 759 0.0159
760 759 0.0159
759 760 0.0159
774 760 0.0159
758 772 0.0159
776 772 0.0159
760 774 0.0159
776 774 0.0159
772 776 0.0159
774 776 0.0159
550 786 0.0212
747 786 0.0212
37 794 0.008
39 794 0.0106
47 794 0.0106
809 804 0.008
811 804 0.008
804 809 0.008
814 809 0.008
804 811 0.008
814 811 0.008
809 814 0.008
811 814 0.008
312 837 0.0186
838 837 0.0186
837 838 0.0186
845 838 0.0186
840 839 0.0106
852 839 0.0106
839 840 0.0106
850 840 0.0106
304 845 0.0186
838 845 0.0186
840 850 0.0106
853 850 0.0106
839 852 0.0106
853 852 0.0106
850 853 0.0106
852 853 0.0106
228 860 0.0292
861 860 0.0212
864 860 0.0159
1 861 0.0106
860 861 0.0212
862 861 0.0239
1 862 0.0159
861 862 0.0239
863 862 0.0265
59 863 0.0292
131 863 0.0186
147 863 0.0106
862 863 0.0265
1 864 0.0133
5 864 0.008
232 864 0.0106
860 864 0.0159
