2 1 0.0191
14 1 0.0191
36 1 0.0076
51 1 0.0076
78 1 0.0687
84 1 0.0115
179 1 0.0191
188 1 0.0191
189 1 0.0573
214 1 0.0992
215 1 0.0076
231 1 0.042
363 1 0.0076
1 2 0.0191
3 2 0.0038
14 2 0.0153
123 2 0.0076
2 3 0.0038
14 3 0.0153
24 3 0.0076
5 4 0.0076
7 4 0.0076
4 5 0.0076
7 5 0.0076
4 7 0.0076
5 7 0.0076
1 14 0.0191
2 14 0.0153
3 14 0.0153
15 14 0.0191
14 15 0.0191
16 15 0.0496
24 15 0.042
44 15 0.0267
15 16 0.0496
20 16 0.0496
16 20 0.0496
127 20 0.0305
134 20 0.0153
3 24 0.0076
15 24 0.042
25 24 0.0305
24 25 0.0305
30 25 0.0305
25 30 0.0305
33 30 0.0305
30 33 0.0305
35 33 0.0305
33 35 0.0305
107 35 0.042
114 35 0.0076
1 36 0.0076
37 36 0.0076
36 37 0.0076
38 37 0.0191
39 37 0.0076
37 38 0.0191
39 38 0.0229
44 38 0.0229
37 39 0.0076
38 39 0.0229
40 39 0.0115
39 40 0.0115
46 40 0.0115
76 41 0.0191
231 41 0.0191
15 44 0.0267
38 44 0.0229
45 44 0.0305
44 45 0.0305
46 45 0.0229
47 45 0.0267
40 46 0.0115
45 46 0.0229
47 46 0.0076
45 47 0.0267
46 47 0.0076
48 47 0.0153
47 48 0.0153
49 48 0.0382
99 48 0.0191
48 49 0.0382
135 49 0.0115
141 49 0.0534
135 50 0.0534
141 50 0.0534
1 51 0.0076
52 51 0.0038
68 51 0.0153
51 52 0.0038
53 52 0.0153
61 52 0.0076
52 53 0.0153
54 53 0.0267
61 53 0.0229
68 53 0.0191
53 54 0.0267
56 54 0.0115
70 54 0.0115
201 55 0.0191
275 55 0.0191
54 56 0.0115
256 56 0.0115
244 59 0.0153
249 59 0.0153
52 61 0.0076
53 61 0.0229
63 61 0.0115
61 63 0.0115
256 63 0.0115
249 64 0.0153
275 64 0.0153
51 68 0.0153
53 68 0.0191
69 68 0.0229
68 69 0.0229
70 69 0.0267
75 69 0.0229
54 70 0.0115
69 70 0.0267
71 70 0.0115
70 71 0.0115
72 71 0.0038
75 71 0.0191
71 72 0.0038
79 72 0.0153
197 72 0.0076
264 73 0.0267
457 73 0.0305
458 73 0.0153
69 75 0.0229
71 75 0.0191
214 75 0.0153
41 76 0.0191
196 76 0.042
235 76 0.0191
1 78 0.0687
80 78 0.0076
81 78 0.0802
72 79 0.0153
82 79 0.0687
212 79 0.0649
214 79 0.0954
78 80 0.0076
81 80 0.0076
78 81 0.0802
80 81 0.0076
215 81 0.0687
79 82 0.0687
83 82 0.0153
85 82 0.0115
87 82 0.0344
82 83 0.0153
302 83 0.0153
1 84 0.0115
85 84 0.0115
82 85 0.0115
84 85 0.0115
82 87 0.0344
170 87 0.0344
48 99 0.0191
102 99 0.0191
524 100 0.0076
525 100 0.0076
99 102 0.0191
103 102 0.0191
102 103 0.0191
138 103 0.0191
35 107 0.042
114 107 0.042
35 114 0.0076
107 114 0.042
115 114 0.0305
114 115 0.0305
132 115 0.0305
2 123 0.0076
363 123 0.0076
20 127 0.0305
128 127 0.0573
131 127 0.042
133 127 0.0153
127 128 0.0573
132 128 0.0573
127 131 0.042
520 131 0.0153
530 131 0.0229
115 132 0.0305
128 132 0.0573
529 132 0.0229
127 133 0.0153
523 133 0.0153
20 134 0.0153
137 134 0.0153
49 135 0.0115
50 135 0.0534
138 135 0.0382
134 137 0.0153
514 137 0.0344
517 137 0.0153
103 138 0.0191
135 138 0.0382
139 138 0.0153
138 139 0.0153
514 139 0.0153
49 141 0.0534
50 141 0.0534
146 145 0.0076
250 145 0.0191
302 145 0.0076
145 146 0.0076
147 146 0.0115
251 146 0.0229
146 147 0.0115
151 147 0.0115
147 151 0.0115
152 151 0.0191
251 151 0.0344
151 152 0.0191
153 152 0.0115
250 152 0.0038
152 153 0.0115
154 153 0.0076
164 153 0.0076
267 153 0.0115
153 154 0.0076
164 154 0.0076
153 164 0.0076
154 164 0.0076
87 170 0.0344
273 170 0.0344
1 179 0.0191
184 179 0.0191
179 184 0.0191
340 184 0.0191
1 188 0.0191
190 188 0.0191
1 189 0.0573
192 189 0.0573
188 190 0.0191
201 190 0.0191
189 192 0.0573
194 192 0.0344
343 192 0.0191
192 194 0.0344
195 194 0.0344
194 195 0.0344
335 195 0.0344
76 196 0.042
201 196 0.042
72 197 0.0076
204 197 0.0076
55 201 0.0191
190 201 0.0191
196 201 0.042
197 204 0.0076
205 204 0.0496
253 204 0.0611
204 205 0.0496
206 205 0.0649
254 205 0.0115
205 206 0.0649
209 206 0.0344
226 206 0.0267
206 209 0.0344
210 209 0.0344
209 210 0.0344
257 210 0.0344
79 212 0.0649
302 212 0.0649
1 214 0.0992
75 214 0.0153
79 214 0.0954
1 215 0.0076
81 215 0.0687
216 215 0.0573
215 216 0.0573
236 216 0.0573
222 217 0.0344
224 217 0.0153
236 217 0.0534
220 218 0.042
224 218 0.0153
237 218 0.0611
218 220 0.042
248 220 0.042
217 222 0.0344
223 222 0.0344
222 223 0.0344
228 223 0.0076
406 223 0.0458
217 224 0.0153
218 224 0.0153
206 226 0.0267
254 226 0.0115
263 226 0.0115
223 228 0.0076
229 228 0.0038
416 228 0.0267
417 228 0.0076
228 229 0.0038
423 229 0.0038
1 231 0.042
41 231 0.0191
233 231 0.042
264 231 0.0191
231 233 0.042
234 233 0.0191
242 233 0.0191
233 234 0.0191
240 234 0.0191
76 235 0.0191
244 235 0.0153
275 235 0.0382
216 236 0.0573
217 236 0.0534
237 236 0.0382
218 237 0.0611
236 237 0.0382
238 237 0.0649
237 238 0.0649
240 238 0.0649
234 240 0.0191
238 240 0.0649
445 240 0.042
233 242 0.0191
243 242 0.0191
242 243 0.0191
456 243 0.0191
59 244 0.0153
235 244 0.0153
246 245 0.0076
247 245 0.0076
245 246 0.0076
247 246 0.0076
245 247 0.0076
246 247 0.0076
220 248 0.042
443 248 0.042
59 249 0.0153
64 249 0.0153
145 250 0.0191
152 250 0.0038
251 250 0.0305
253 250 0.0229
146 251 0.0229
151 251 0.0344
250 251 0.0305
204 253 0.0611
250 253 0.0229
302 253 0.0573
205 254 0.0115
226 254 0.0115
56 256 0.0115
63 256 0.0115
210 257 0.0344
296 257 0.0344
259 258 0.0076
260 258 0.0076
258 259 0.0076
260 259 0.0076
258 260 0.0076
259 260 0.0076
226 263 0.0115
265 263 0.0076
267 263 0.0229
73 264 0.0267
231 264 0.0191
271 264 0.0038
263 265 0.0076
267 265 0.0076
153 267 0.0115
263 267 0.0229
265 267 0.0076
264 271 0.0038
458 271 0.0153
460 271 0.0076
170 273 0.0344
290 273 0.0344
55 275 0.0191
64 275 0.0153
235 275 0.0382
273 290 0.0344
292 290 0.0344
290 292 0.0344
293 292 0.0344
292 293 0.0344
414 293 0.0344
257 296 0.0344
335 296 0.0344
299 298 0.0076
300 298 0.0076
298 299 0.0076
300 299 0.0076
298 300 0.0076
299 300 0.0076
83 302 0.0153
145 302 0.0076
212 302 0.0649
253 302 0.0573
195 335 0.0344
296 335 0.0344
184 340 0.0191
341 340 0.0191
340 341 0.0191
343 341 0.0191
344 342 0.0076
346 342 0.0076
192 343 0.0191
341 343 0.0191
342 344 0.0076
346 344 0.0076
342 346 0.0076
344 346 0.0076
1 363 0.0076
123 363 0.0076
380 379 0.0076
388 379 0.0076
379 380 0.0076
388 380 0.0076
379 388 0.0076
380 388 0.0076
223 406 0.0458
414 406 0.0344
416 406 0.0076
293 414 0.0344
406 414 0.0344
228 416 0.0267
406 416 0.0076
417 416 0.0305
424 416 0.0115
228 417 0.0076
416 417 0.0305
418 417 0.0191
417 418 0.0191
419 418 0.0229
420 418 0.0191
423 418 0.0153
418 419 0.0229
420 419 0.0076
430 419 0.0115
418 420 0.0191
419 420 0.0076
421 420 0.0076
420 421 0.0076
423 421 0.0076
229 423 0.0038
418 423 0.0153
421 423 0.0076
416 424 0.0115
430 424 0.0115
419 430 0.0115
424 430 0.0115
248 443 0.042
487 443 0.042
240 445 0.042
447 445 0.042
445 447 0.042
448 447 0.0076
452 447 0.0534
447 448 0.0076
453 448 0.0076
447 452 0.0534
453 452 0.0191
454 452 0.0534
448 453 0.0076
452 453 0.0191
454 453 0.0076
452 454 0.0534
453 454 0.0076
492 454 0.042
243 456 0.0191
457 456 0.0191
73 457 0.0305
456 457 0.0191
458 457 0.0076
73 458 0.0153
271 458 0.0153
457 458 0.0076
460 458 0.0076
271 460 0.0076
458 460 0.0076
443 487 0.042
489 487 0.042
487 489 0.042
491 489 0.042
489 491 0.042
502 491 0.042
454 492 0.042
499 492 0.042
492 499 0.042
502 499 0.042
491 502 0.042
499 502 0.042
137 514 0.0344
139 514 0.0153
515 514 0.0153
514 515 0.0153
516 515 0.0153
515 516 0.0153
517 516 0.0153
137 517 0.0153
516 517 0.0153
131 520 0.0153
522 520 0.0153
520 522 0.0153
523 522 0.0153
133 523 0.0153
522 523 0.0153
100 524 0.0076
525 524 0.0076
100 525 0.0076
524 525 0.0076
132 529 0.0229
531 529 0.0229
131 530 0.0229
531 530 0.0229
529 531 0.0229
530 531 0.0229
534 533 0.0076
536 533 0.0076
533 534 0.0076
536 534 0.0076
533 536 0.0076
534 536 0.0076
