3 1 0.0142
81 1 0.0106
108 1 0.0083
282 1 0.0059
288 1 0.0177
329 1 0.0047
390 1 0.0153
428 1 0.0083
435 1 0.0106
370 2 0.0035
371 2 0.0094
378 2 0.0035
380 2 0.0307
381 2 0.0012
620 2 0.0012
621 2 0.0012
830 2 0.0035
832 2 0.0012
895 2 0.0012
896 2 0.0012
930 2 0.0024
935 2 0.0024
974 2 0.0012
1 3 0.0142
24 3 0.0106
31 3 0.0059
165 3 0.0094
740 3 0.0059
5 4 0.0071
826 4 0.0047
828 4 0.0035
835 4 0.0012
4 5 0.0071
6 5 0.0094
823 5 0.0083
5 6 0.0094
745 6 0.0059
828 6 0.0047
9 8 0.0083
23 8 0.0012
31 8 0.0106
8 9 0.0083
12 9 0.0118
736 9 0.0047
16 11 0.0047
17 11 0.0047
9 12 0.0118
15 12 0.0118
22 12 0.013
31 12 0.0035
12 15 0.0118
740 15 0.0024
742 15 0.0083
11 16 0.0047
18 16 0.0047
11 17 0.0047
336 17 0.0047
16 18 0.0047
336 18 0.0047
12 22 0.013
737 22 0.0071
927 22 0.0118
8 23 0.0012
221 23 0.0024
3 24 0.0106
26 24 0.0118
959 25 0.0047
967 25 0.0047
24 26 0.0118
27 26 0.0142
56 26 0.0012
26 27 0.0142
56 27 0.0177
221 27 0.0024
3 31 0.0059
8 31 0.0106
12 31 0.0035
184 32 0.0071
189 32 0.0035
1033 32 0.0024
39 33 0.0059
221 33 0.0059
33 39 0.0059
42 39 0.0094
805 39 0.0024
995 41 0.0024
996 41 0.0024
39 42 0.0094
44 42 0.0024
72 42 0.0094
805 42 0.0024
42 44 0.0024
47 44 0.0024
44 47 0.0024
124 47 0.0024
51 50 0.0083
742 50 0.0083
50 51 0.0083
321 51 0.0083
26 56 0.0012
27 56 0.0177
58 56 0.0153
221 56 0.013
56 58 0.0153
60 58 0.0177
61 58 0.0024
58 60 0.0177
61 60 0.0106
75 60 0.0153
58 61 0.0024
60 61 0.0106
65 61 0.0071
61 65 0.0071
68 65 0.0059
127 65 0.0071
65 68 0.0059
72 68 0.0059
127 68 0.0024
921 68 0.0024
42 72 0.0094
68 72 0.0059
124 72 0.0059
921 72 0.0024
60 75 0.0153
77 75 0.0165
75 77 0.0165
125 77 0.0083
127 77 0.0035
918 77 0.0024
1 81 0.0106
83 81 0.0106
81 83 0.0106
89 83 0.0106
104 83 0.0059
83 89 0.0106
91 89 0.0071
104 89 0.0024
89 91 0.0071
125 91 0.0106
804 91 0.0024
83 104 0.0059
89 104 0.0024
105 104 0.0024
104 105 0.0024
580 105 0.0024
1 108 0.0083
109 108 0.0083
108 109 0.0083
110 109 0.013
163 109 0.0035
109 110 0.013
111 110 0.0106
133 110 0.0177
110 111 0.0106
113 111 0.0106
126 111 0.0059
111 113 0.0106
115 113 0.0071
138 113 0.0024
113 115 0.0071
128 115 0.0059
141 115 0.0071
47 124 0.0024
72 124 0.0059
918 124 0.0024
77 125 0.0083
91 125 0.0106
804 125 0.0035
111 126 0.0059
580 126 0.0024
581 126 0.0024
65 127 0.0071
68 127 0.0024
77 127 0.0035
115 128 0.0059
130 128 0.0071
581 128 0.0071
970 129 0.0035
1029 129 0.0035
128 130 0.0071
132 130 0.0024
582 130 0.0035
130 132 0.0024
148 132 0.0024
110 133 0.0177
138 133 0.0118
152 133 0.0142
113 138 0.0024
133 138 0.0118
139 138 0.0083
138 139 0.0083
141 139 0.0024
726 139 0.0059
730 139 0.0024
687 140 0.0047
1030 140 0.0047
115 141 0.0071
139 141 0.0024
144 141 0.0035
143 142 0.0035
687 142 0.0035
142 143 0.0035
145 143 0.0035
141 144 0.0035
146 144 0.0035
148 144 0.0059
143 145 0.0035
687 145 0.0094
970 145 0.0047
144 146 0.0035
148 146 0.0024
132 148 0.0024
144 148 0.0059
146 148 0.0024
228 150 0.0035
720 150 0.0035
133 152 0.0142
153 152 0.0024
156 152 0.0177
152 153 0.0024
156 153 0.0024
152 156 0.0177
153 156 0.0024
163 156 0.013
728 156 0.0071
109 163 0.0035
156 163 0.013
525 163 0.0083
3 165 0.0094
167 165 0.0118
242 165 0.0012
165 167 0.0118
168 167 0.0106
187 167 0.0165
242 167 0.0177
167 168 0.0106
170 168 0.0071
740 168 0.0024
168 170 0.0071
885 170 0.0071
178 171 0.0035
286 171 0.0071
980 171 0.0071
313 173 0.0024
316 173 0.0024
171 178 0.0035
180 178 0.0083
286 178 0.0047
866 178 0.0094
178 180 0.0083
979 180 0.0083
32 184 0.0071
868 184 0.0071
854 186 0.0024
1012 186 0.0024
167 187 0.0165
190 187 0.0024
205 187 0.0201
32 189 0.0035
868 189 0.0059
889 189 0.0012
187 190 0.0024
192 190 0.0071
208 190 0.0106
190 192 0.0071
193 192 0.0047
202 192 0.0012
192 193 0.0047
201 193 0.0047
193 201 0.0047
219 201 0.0224
223 201 0.0165
192 202 0.0012
204 202 0.0012
202 204 0.0012
214 204 0.0153
217 204 0.013
187 205 0.0201
206 205 0.0153
242 205 0.0035
205 206 0.0153
208 206 0.0165
262 206 0.0094
190 208 0.0106
206 208 0.0165
212 208 0.0236
214 208 0.0012
208 212 0.0236
214 212 0.0177
263 212 0.0047
204 214 0.0153
208 214 0.0012
212 214 0.0177
204 217 0.013
218 217 0.0035
219 217 0.0177
217 218 0.0035
235 218 0.0035
201 219 0.0224
217 219 0.0177
222 219 0.0035
23 221 0.0024
27 221 0.0024
33 221 0.0059
56 221 0.013
219 222 0.0035
223 222 0.0165
235 222 0.0118
201 223 0.0165
222 223 0.0165
224 223 0.0153
223 224 0.0153
230 224 0.0153
150 228 0.0035
231 228 0.0035
224 230 0.0153
232 230 0.0071
855 230 0.0071
228 231 0.0035
496 231 0.0012
720 231 0.0059
230 232 0.0071
234 232 0.0106
856 232 0.0024
232 234 0.0106
856 234 0.0106
218 235 0.0035
222 235 0.0118
236 235 0.0071
235 236 0.0071
853 236 0.0071
165 242 0.0012
167 242 0.0177
205 242 0.0035
245 242 0.0106
242 245 0.0106
246 245 0.0059
295 245 0.0083
245 246 0.0059
247 246 0.0094
346 246 0.0118
246 247 0.0094
248 247 0.0047
249 247 0.0106
247 248 0.0047
249 248 0.0024
349 248 0.0012
247 249 0.0106
248 249 0.0024
250 249 0.0071
249 250 0.0071
251 250 0.0118
297 250 0.0035
250 251 0.0118
252 251 0.0213
351 251 0.0201
251 252 0.0213
254 252 0.0236
297 252 0.0153
252 254 0.0236
256 254 0.0165
259 254 0.0059
254 256 0.0165
257 256 0.0118
817 256 0.0035
256 257 0.0118
354 257 0.0177
355 257 0.0094
254 259 0.0059
260 259 0.0071
259 260 0.0071
261 260 0.0012
747 260 0.0047
260 261 0.0012
838 261 0.0047
840 261 0.0024
206 262 0.0094
263 262 0.0118
346 262 0.0106
212 263 0.0047
262 263 0.0118
264 263 0.0059
263 264 0.0059
266 264 0.0094
815 264 0.0024
264 266 0.0094
267 266 0.013
861 266 0.0236
266 267 0.013
269 267 0.0094
861 267 0.0024
267 269 0.0094
272 269 0.0142
277 269 0.0035
269 272 0.0142
273 272 0.0142
272 273 0.0142
274 273 0.0094
750 273 0.0035
273 274 0.0094
275 274 0.0094
274 275 0.0094
977 275 0.0094
269 277 0.0035
279 277 0.0035
277 279 0.0035
750 279 0.0035
1 282 0.0059
284 282 0.0059
282 284 0.0059
285 284 0.0059
394 284 0.0059
284 285 0.0059
287 285 0.0083
395 285 0.0047
399 285 0.0083
612 285 0.0047
171 286 0.0071
178 286 0.0047
868 286 0.0024
967 286 0.0047
285 287 0.0083
358 287 0.0047
373 287 0.0142
1 288 0.0177
289 288 0.0213
315 288 0.0024
288 289 0.0213
291 289 0.0189
807 289 0.0083
289 291 0.0189
292 291 0.0189
807 291 0.0059
291 292 0.0189
295 292 0.0106
299 292 0.0106
312 292 0.0024
245 295 0.0083
292 295 0.0106
296 295 0.0071
295 296 0.0071
297 296 0.0106
745 296 0.0047
250 297 0.0035
252 297 0.0153
296 297 0.0106
292 299 0.0106
302 299 0.0094
312 299 0.0047
299 302 0.0094
305 302 0.0071
312 302 0.0012
302 305 0.0071
306 305 0.0118
833 305 0.0035
305 306 0.0118
308 306 0.0118
306 308 0.0118
311 308 0.0035
833 308 0.0071
308 311 0.0035
830 311 0.0035
292 312 0.0024
299 312 0.0047
302 312 0.0012
173 313 0.0024
316 313 0.0024
288 315 0.0024
320 315 0.0047
807 315 0.0083
173 316 0.0024
313 316 0.0024
315 320 0.0047
322 320 0.0024
324 320 0.0012
51 321 0.0083
994 321 0.0083
320 322 0.0024
833 322 0.0024
320 324 0.0012
335 324 0.0012
1 329 0.0047
333 329 0.0047
329 333 0.0047
335 333 0.0035
613 333 0.0047
324 335 0.0012
333 335 0.0035
617 335 0.0012
17 336 0.0047
18 336 0.0047
246 346 0.0118
262 346 0.0106
349 346 0.0024
248 349 0.0012
346 349 0.0024
251 351 0.0201
816 351 0.0213
257 354 0.0177
850 354 0.0213
977 354 0.0024
257 355 0.0094
356 355 0.0094
355 356 0.0094
976 356 0.0106
287 358 0.0047
359 358 0.0035
358 359 0.0035
360 359 0.0059
653 359 0.0012
359 360 0.0059
364 360 0.0083
373 360 0.013
360 364 0.0083
365 364 0.0083
364 365 0.0083
366 365 0.0059
367 365 0.0106
368 365 0.0012
365 366 0.0059
367 366 0.0024
625 366 0.0059
626 366 0.0024
654 366 0.0059
365 367 0.0106
366 367 0.0024
368 367 0.0071
365 368 0.0012
367 368 0.0071
370 368 0.0035
371 368 0.0094
2 370 0.0035
368 370 0.0035
2 371 0.0094
368 371 0.0094
287 373 0.0142
360 373 0.013
374 373 0.0118
373 374 0.0118
375 374 0.026
382 374 0.013
403 374 0.0272
374 375 0.026
376 375 0.026
375 376 0.026
377 376 0.026
381 376 0.0012
769 376 0.0012
376 377 0.026
378 377 0.0035
380 377 0.0307
2 378 0.0035
377 378 0.0035
2 380 0.0307
377 380 0.0307
2 381 0.0012
376 381 0.0012
374 382 0.013
383 382 0.0189
771 382 0.0035
382 383 0.0189
385 383 0.0153
405 383 0.0024
383 385 0.0153
386 385 0.0071
771 385 0.0071
385 386 0.0071
387 386 0.0047
896 386 0.0012
386 387 0.0047
414 387 0.0024
895 387 0.0012
1 390 0.0153
391 390 0.0165
416 390 0.0071
390 391 0.0165
392 391 0.0059
397 391 0.0165
391 392 0.0059
393 392 0.0047
398 392 0.0047
392 393 0.0047
394 393 0.0059
395 393 0.0047
284 394 0.0059
393 394 0.0059
395 394 0.0059
285 395 0.0047
393 395 0.0047
394 395 0.0059
391 397 0.0165
398 397 0.0213
406 397 0.0035
392 398 0.0047
397 398 0.0213
399 398 0.0201
285 399 0.0083
398 399 0.0201
400 399 0.0236
406 399 0.0165
399 400 0.0236
401 400 0.0213
859 400 0.0012
400 401 0.0213
403 401 0.0283
404 401 0.0083
374 403 0.0272
401 403 0.0283
401 404 0.0083
405 404 0.0118
413 404 0.0047
383 405 0.0024
404 405 0.0118
414 405 0.0071
397 406 0.0035
399 406 0.0165
407 406 0.013
859 406 0.0047
406 407 0.013
408 407 0.0094
859 407 0.0024
407 408 0.0094
409 408 0.0083
420 408 0.0071
427 408 0.0059
408 409 0.0083
410 409 0.013
412 409 0.0059
426 409 0.0059
409 410 0.013
411 410 0.0094
426 410 0.0059
773 410 0.0024
410 411 0.0094
415 411 0.0012
618 411 0.0071
774 411 0.0059
409 412 0.0059
773 412 0.0047
404 413 0.0047
414 413 0.0035
387 414 0.0024
405 414 0.0071
413 414 0.0035
411 415 0.0012
773 415 0.0012
390 416 0.0071
417 416 0.0118
430 416 0.0106
416 417 0.0118
418 417 0.0059
584 417 0.013
597 417 0.0024
417 418 0.0059
419 418 0.0083
609 418 0.0059
418 419 0.0083
420 419 0.0083
421 419 0.0083
408 420 0.0071
419 420 0.0083
423 420 0.0071
419 421 0.0083
422 421 0.0094
631 421 0.0094
421 422 0.0094
423 422 0.0106
420 423 0.0071
422 423 0.0106
424 423 0.0106
423 424 0.0106
425 424 0.0142
427 424 0.0024
424 425 0.0142
426 425 0.0059
427 425 0.0094
774 425 0.0106
409 426 0.0059
410 426 0.0059
425 426 0.0059
408 427 0.0059
424 427 0.0024
425 427 0.0094
1 428 0.0083
429 428 0.0083
428 429 0.0083
430 429 0.0083
433 429 0.0106
416 430 0.0106
429 430 0.0083
431 430 0.013
430 431 0.013
432 431 0.0059
434 431 0.0047
431 432 0.0059
495 432 0.0047
594 432 0.0118
429 433 0.0106
434 433 0.0083
436 433 0.0083
431 434 0.0047
433 434 0.0083
441 434 0.0024
1 435 0.0106
436 435 0.0177
437 435 0.0177
433 436 0.0083
435 436 0.0177
439 436 0.0083
435 437 0.0177
438 437 0.0142
439 437 0.0024
437 438 0.0142
468 438 0.0012
471 438 0.0153
472 438 0.0142
436 439 0.0083
437 439 0.0024
494 439 0.0047
434 441 0.0024
442 441 0.013
445 441 0.0094
441 442 0.013
443 442 0.013
1017 442 0.0059
442 443 0.013
445 443 0.0035
1044 443 0.0083
1040 444 0.0071
1045 444 0.0012
1046 444 0.0094
441 445 0.0094
443 445 0.0035
447 445 0.0047
445 447 0.0047
503 447 0.0035
514 456 0.0094
1017 456 0.0094
438 468 0.0012
469 468 0.0047
569 468 0.0035
571 468 0.0118
468 469 0.0047
551 469 0.0083
576 469 0.0024
438 471 0.0153
477 471 0.0142
488 471 0.0165
438 472 0.0142
473 472 0.0189
475 472 0.0035
472 473 0.0189
474 473 0.013
476 473 0.0094
723 473 0.0012
473 474 0.013
475 474 0.0024
568 474 0.0094
472 475 0.0035
474 475 0.0024
473 476 0.0094
477 476 0.0059
723 476 0.0024
471 477 0.0142
476 477 0.0059
480 477 0.0071
477 480 0.0071
482 480 0.0071
480 482 0.0071
483 482 0.013
486 482 0.0047
482 483 0.013
485 483 0.0047
703 483 0.0071
483 485 0.0047
487 485 0.0035
482 486 0.0047
487 486 0.0035
485 487 0.0035
486 487 0.0035
471 488 0.0165
489 488 0.013
491 488 0.0142
488 489 0.013
703 489 0.0071
705 489 0.0047
488 491 0.0142
492 491 0.0047
578 491 0.0083
491 492 0.0047
493 492 0.0035
705 492 0.0024
709 492 0.0059
492 493 0.0035
710 493 0.0035
439 494 0.0047
578 494 0.0047
432 495 0.0047
497 495 0.0083
608 495 0.0024
231 496 0.0012
720 496 0.0012
495 497 0.0083
498 497 0.0047
607 497 0.0024
497 498 0.0047
499 498 0.0083
500 498 0.0024
498 499 0.0083
500 499 0.0059
686 499 0.0059
688 499 0.0035
498 500 0.0024
499 500 0.0059
689 500 0.0024
447 503 0.0035
691 503 0.0035
505 504 0.0094
512 504 0.0083
504 505 0.0094
511 505 0.0118
1044 505 0.0035
509 507 0.0118
1044 507 0.0106
507 509 0.0118
510 509 0.0165
511 509 0.013
509 510 0.0165
515 510 0.0024
519 510 0.013
505 511 0.0118
509 511 0.013
504 512 0.0083
513 512 0.0083
512 513 0.0083
519 513 0.013
691 513 0.0035
456 514 0.0094
515 514 0.0106
701 514 0.0071
510 515 0.0024
514 515 0.0106
795 515 0.0071
510 519 0.013
513 519 0.013
523 522 0.0047
543 522 0.0047
522 523 0.0047
524 523 0.0106
547 523 0.0012
550 523 0.0213
724 523 0.0083
523 524 0.0106
527 524 0.0024
719 524 0.0071
163 525 0.0083
526 525 0.0118
724 525 0.0024
525 526 0.0118
527 526 0.0083
724 526 0.0142
524 527 0.0024
526 527 0.0083
528 527 0.0083
724 527 0.0012
728 527 0.0118
527 528 0.0083
529 528 0.0071
533 528 0.0024
727 528 0.013
528 529 0.0071
531 529 0.0035
533 529 0.0024
529 531 0.0035
731 531 0.0035
528 533 0.0024
529 533 0.0024
542 540 0.0059
719 540 0.0059
540 542 0.0059
561 542 0.0059
522 543 0.0047
544 543 0.0059
543 544 0.0059
545 544 0.0071
544 545 0.0071
546 545 0.0024
550 545 0.0106
545 546 0.0024
547 546 0.0177
550 546 0.0213
523 547 0.0012
546 547 0.0177
548 547 0.0153
547 548 0.0153
549 548 0.0142
548 549 0.0142
561 549 0.0177
565 549 0.0071
523 550 0.0213
545 550 0.0106
546 550 0.0213
469 551 0.0083
552 551 0.0047
576 551 0.0024
551 552 0.0047
553 552 0.0047
552 553 0.0047
555 553 0.013
556 553 0.0071
553 555 0.013
558 555 0.013
553 556 0.0071
557 556 0.0047
566 556 0.0012
556 557 0.0047
558 557 0.013
564 557 0.0071
555 558 0.013
557 558 0.013
542 561 0.0059
549 561 0.0177
564 561 0.0106
557 564 0.0071
561 564 0.0106
566 564 0.0071
549 565 0.0071
566 565 0.0059
556 566 0.0012
564 566 0.0071
565 566 0.0059
474 568 0.0094
569 568 0.0047
571 568 0.013
468 569 0.0035
568 569 0.0047
468 571 0.0118
568 571 0.013
572 571 0.0024
575 571 0.0035
571 572 0.0024
575 572 0.0024
571 575 0.0035
572 575 0.0024
469 576 0.0024
551 576 0.0024
491 578 0.0083
494 578 0.0047
798 578 0.0024
105 580 0.0024
126 580 0.0024
126 581 0.0024
128 581 0.0071
582 581 0.0035
130 582 0.0035
581 582 0.0035
417 584 0.013
586 584 0.0059
587 584 0.0024
716 584 0.0189
584 586 0.0059
589 586 0.0083
660 586 0.0071
665 586 0.0047
584 587 0.0024
589 587 0.0024
716 587 0.0059
586 589 0.0083
587 589 0.0024
590 589 0.0047
589 590 0.0047
591 590 0.0118
656 590 0.0047
663 590 0.0024
590 591 0.0118
592 591 0.0153
658 591 0.0118
591 592 0.0153
593 592 0.0142
592 593 0.0142
661 593 0.0106
664 593 0.0118
432 594 0.0118
595 594 0.013
600 594 0.0059
686 594 0.0047
594 595 0.013
596 595 0.0071
633 595 0.0071
595 596 0.0071
604 596 0.0118
670 596 0.0035
417 597 0.0024
598 597 0.0083
716 597 0.0118
597 598 0.0083
599 598 0.0106
776 598 0.0035
598 599 0.0106
633 599 0.0071
776 599 0.0024
594 600 0.0059
603 600 0.0071
603 601 0.0071
683 601 0.0059
600 603 0.0071
601 603 0.0071
596 604 0.0118
605 604 0.0047
682 604 0.0059
604 605 0.0047
670 605 0.0047
497 607 0.0024
608 607 0.0024
495 608 0.0024
607 608 0.0024
418 609 0.0059
610 609 0.0035
775 609 0.0059
609 610 0.0035
611 610 0.0071
665 610 0.0059
666 610 0.0047
610 611 0.0071
669 611 0.0071
285 612 0.0047
613 612 0.0083
614 612 0.0071
333 613 0.0047
612 613 0.0083
617 613 0.0071
612 614 0.0071
615 614 0.0047
624 614 0.0012
614 615 0.0047
617 615 0.0047
335 617 0.0012
613 617 0.0071
615 617 0.0047
411 618 0.0071
619 618 0.0047
621 618 0.0012
629 618 0.0059
618 619 0.0047
620 619 0.0012
650 619 0.0024
2 620 0.0012
619 620 0.0012
2 621 0.0012
618 621 0.0012
624 623 0.0035
653 623 0.0047
614 624 0.0012
623 624 0.0035
625 624 0.0024
654 624 0.0094
366 625 0.0059
624 625 0.0024
626 625 0.0024
366 626 0.0024
625 626 0.0024
618 629 0.0059
630 629 0.0094
774 629 0.0106
629 630 0.0094
649 630 0.0083
421 631 0.0094
632 631 0.0094
641 631 0.0083
631 632 0.0094
634 632 0.013
640 632 0.0024
595 633 0.0071
599 633 0.0071
656 633 0.0012
632 634 0.013
635 634 0.0106
640 634 0.0153
634 635 0.0106
636 635 0.0024
637 635 0.0024
646 635 0.0035
635 636 0.0024
638 636 0.0024
635 637 0.0024
638 637 0.0024
640 637 0.0059
636 638 0.0024
637 638 0.0024
632 640 0.0024
634 640 0.0153
637 640 0.0059
649 640 0.0047
631 641 0.0083
642 641 0.0071
775 641 0.0071
641 642 0.0071
643 642 0.0071
645 642 0.0083
642 643 0.0071
758 643 0.0059
642 645 0.0083
646 645 0.0059
765 645 0.0059
635 646 0.0035
645 646 0.0059
760 646 0.0024
763 646 0.0047
648 647 0.0024
757 647 0.0047
763 647 0.0012
647 648 0.0024
757 648 0.0047
766 648 0.0012
630 649 0.0083
640 649 0.0047
650 649 0.0024
619 650 0.0024
649 650 0.0024
359 653 0.0012
623 653 0.0047
654 653 0.0024
366 654 0.0059
624 654 0.0094
653 654 0.0024
590 656 0.0047
633 656 0.0012
657 656 0.0047
656 657 0.0047
658 657 0.0035
591 658 0.0118
657 658 0.0035
659 658 0.0071
658 659 0.0071
671 659 0.0024
676 659 0.0106
586 660 0.0071
661 660 0.0094
663 660 0.0012
593 661 0.0106
660 661 0.0094
664 662 0.0071
681 662 0.0059
590 663 0.0024
660 663 0.0012
593 664 0.0118
662 664 0.0071
676 664 0.0071
677 664 0.0071
586 665 0.0047
610 665 0.0059
666 665 0.0047
767 665 0.0035
610 666 0.0047
665 666 0.0047
669 666 0.0024
767 666 0.0024
611 669 0.0071
666 669 0.0024
679 669 0.0035
596 670 0.0035
605 670 0.0047
659 671 0.0024
672 671 0.0024
671 672 0.0024
676 672 0.0024
659 676 0.0106
664 676 0.0071
672 676 0.0024
664 677 0.0071
1032 677 0.0071
680 678 0.0047
1032 678 0.0047
669 679 0.0035
680 679 0.0012
778 679 0.0012
678 680 0.0047
679 680 0.0012
681 680 0.0024
662 681 0.0059
680 681 0.0024
1032 681 0.0083
604 682 0.0059
683 682 0.0094
684 682 0.0024
601 683 0.0059
682 683 0.0094
684 683 0.0071
791 683 0.0035
682 684 0.0024
683 684 0.0071
685 684 0.0035
684 685 0.0035
790 685 0.0035
499 686 0.0059
594 686 0.0047
140 687 0.0047
142 687 0.0035
145 687 0.0094
499 688 0.0035
689 688 0.0024
500 689 0.0024
688 689 0.0024
503 691 0.0035
513 691 0.0035
514 701 0.0071
795 701 0.0035
1017 701 0.0024
483 703 0.0071
489 703 0.0071
489 705 0.0047
492 705 0.0024
706 705 0.0012
705 706 0.0012
709 706 0.0012
492 709 0.0059
706 709 0.0012
710 709 0.0035
493 710 0.0035
709 710 0.0035
584 716 0.0189
587 716 0.0059
597 716 0.0118
524 719 0.0071
540 719 0.0059
150 720 0.0035
231 720 0.0059
496 720 0.0012
473 723 0.0012
476 723 0.0024
523 724 0.0083
525 724 0.0024
526 724 0.0142
527 724 0.0012
139 726 0.0059
727 726 0.0083
729 726 0.0059
528 727 0.013
726 727 0.0083
728 727 0.0035
156 728 0.0071
527 728 0.0118
727 728 0.0035
726 729 0.0059
730 729 0.0012
731 729 0.0035
139 730 0.0024
729 730 0.0012
531 731 0.0035
729 731 0.0035
9 736 0.0047
737 736 0.0035
22 737 0.0071
736 737 0.0035
738 737 0.0024
737 738 0.0024
927 738 0.0024
3 740 0.0059
15 740 0.0024
168 740 0.0024
15 742 0.0083
50 742 0.0083
6 745 0.0059
296 745 0.0047
746 745 0.0094
745 746 0.0094
747 746 0.0106
260 747 0.0047
746 747 0.0106
823 747 0.0047
273 750 0.0035
279 750 0.0035
647 757 0.0047
648 757 0.0047
643 758 0.0059
765 758 0.0083
777 758 0.0059
646 760 0.0024
763 760 0.0024
646 763 0.0047
647 763 0.0012
760 763 0.0024
645 765 0.0059
758 765 0.0083
766 765 0.0059
648 766 0.0012
765 766 0.0059
899 766 0.0035
665 767 0.0035
666 767 0.0024
376 769 0.0012
771 769 0.0024
382 771 0.0035
385 771 0.0071
769 771 0.0024
410 773 0.0024
412 773 0.0047
415 773 0.0012
411 774 0.0059
425 774 0.0106
629 774 0.0106
609 775 0.0059
641 775 0.0071
598 776 0.0035
599 776 0.0024
758 777 0.0059
778 777 0.0012
899 777 0.0035
679 778 0.0012
777 778 0.0012
685 790 0.0035
791 790 0.0035
683 791 0.0035
790 791 0.0035
515 795 0.0071
701 795 0.0035
796 795 0.0024
795 796 0.0024
798 796 0.0024
1010 796 0.0059
578 798 0.0024
796 798 0.0024
1010 798 0.0059
91 804 0.0024
125 804 0.0035
39 805 0.0024
42 805 0.0024
289 807 0.0083
291 807 0.0059
315 807 0.0083
264 815 0.0024
816 815 0.0059
818 815 0.0024
351 816 0.0213
815 816 0.0059
818 816 0.0272
256 817 0.0035
819 817 0.0024
815 818 0.0024
816 818 0.0272
819 818 0.0024
861 818 0.0201
817 819 0.0024
818 819 0.0024
5 823 0.0083
747 823 0.0047
824 823 0.0024
823 824 0.0024
826 824 0.0024
4 826 0.0047
824 826 0.0024
834 826 0.0047
837 826 0.0024
4 828 0.0035
6 828 0.0047
2 830 0.0035
311 830 0.0035
832 831 0.0035
837 831 0.0035
839 831 0.0083
2 832 0.0012
831 832 0.0035
840 832 0.0012
305 833 0.0035
308 833 0.0071
322 833 0.0024
826 834 0.0047
835 834 0.0012
837 834 0.0024
4 835 0.0012
834 835 0.0012
826 837 0.0024
831 837 0.0035
834 837 0.0024
838 837 0.0035
261 838 0.0047
837 838 0.0035
839 838 0.0094
831 839 0.0083
838 839 0.0094
840 839 0.0047
261 840 0.0024
832 840 0.0012
839 840 0.0047
975 841 0.0024
976 841 0.0024
354 850 0.0213
851 850 0.0142
852 850 0.0083
850 851 0.0142
863 851 0.0213
867 851 0.0024
984 851 0.0024
850 852 0.0083
976 852 0.0071
236 853 0.0071
857 853 0.0071
888 853 0.0024
891 853 0.0024
186 854 0.0024
1012 854 0.0024
230 855 0.0071
884 855 0.0071
232 856 0.0024
234 856 0.0106
857 856 0.0071
853 857 0.0071
856 857 0.0071
400 859 0.0012
406 859 0.0047
407 859 0.0024
266 861 0.0236
267 861 0.0024
818 861 0.0201
969 862 0.0024
973 862 0.0035
851 863 0.0213
864 863 0.0059
867 863 0.0142
977 863 0.013
863 864 0.0059
865 864 0.0059
864 865 0.0059
866 865 0.0059
178 866 0.0094
865 866 0.0059
1033 866 0.0024
851 867 0.0024
863 867 0.0142
869 867 0.0153
979 867 0.0035
184 868 0.0071
189 868 0.0059
286 868 0.0024
889 868 0.0012
867 869 0.0153
980 869 0.0165
985 869 0.0094
855 884 0.0071
1045 884 0.0106
1046 884 0.0024
170 885 0.0071
886 885 0.0071
885 886 0.0071
1040 886 0.0071
853 888 0.0024
891 888 0.0024
189 889 0.0012
868 889 0.0012
853 891 0.0024
888 891 0.0024
2 895 0.0012
387 895 0.0012
2 896 0.0012
386 896 0.0012
898 897 0.0047
1030 897 0.0047
897 898 0.0047
970 898 0.0094
1029 898 0.0035
766 899 0.0035
777 899 0.0035
905 904 0.0024
1026 904 0.0024
904 905 0.0024
1023 905 0.0024
77 918 0.0024
124 918 0.0024
68 921 0.0024
72 921 0.0024
22 927 0.0118
738 927 0.0024
928 927 0.0083
927 928 0.0083
993 928 0.0083
2 930 0.0024
931 930 0.0083
939 930 0.0047
930 931 0.0083
940 931 0.0142
972 931 0.0047
934 932 0.0024
950 932 0.0047
968 932 0.0035
972 932 0.0059
932 934 0.0024
954 934 0.0047
988 934 0.0083
2 935 0.0024
939 935 0.0024
930 939 0.0047
935 939 0.0024
964 939 0.0083
931 940 0.0142
941 940 0.0047
960 940 0.0083
940 941 0.0047
942 941 0.0047
948 941 0.0106
941 942 0.0047
943 942 0.0047
942 943 0.0047
949 943 0.0047
941 948 0.0106
949 948 0.0071
951 948 0.0071
943 949 0.0047
948 949 0.0071
951 949 0.0012
932 950 0.0047
951 950 0.0047
948 951 0.0071
949 951 0.0012
950 951 0.0047
934 954 0.0047
955 954 0.0047
956 954 0.0106
954 955 0.0047
959 955 0.0047
954 956 0.0106
982 956 0.0106
25 959 0.0047
955 959 0.0047
940 960 0.0083
961 960 0.0024
964 960 0.0118
960 961 0.0024
964 961 0.0024
939 964 0.0083
960 964 0.0118
961 964 0.0024
25 967 0.0047
286 967 0.0047
932 968 0.0035
969 968 0.0035
971 968 0.0059
862 969 0.0024
968 969 0.0035
971 969 0.0035
973 969 0.0047
129 970 0.0035
145 970 0.0047
898 970 0.0094
968 971 0.0059
969 971 0.0035
988 971 0.0059
989 971 0.0035
931 972 0.0047
932 972 0.0059
862 973 0.0035
969 973 0.0047
2 974 0.0012
975 974 0.0012
841 975 0.0024
974 975 0.0012
976 975 0.0059
356 976 0.0106
841 976 0.0024
852 976 0.0071
975 976 0.0059
275 977 0.0094
354 977 0.0024
863 977 0.013
180 979 0.0083
867 979 0.0035
980 979 0.013
171 980 0.0071
869 980 0.0165
979 980 0.013
982 980 0.0106
956 982 0.0106
980 982 0.0106
851 984 0.0024
985 984 0.0024
869 985 0.0094
984 985 0.0024
989 985 0.0059
934 988 0.0083
971 988 0.0059
989 988 0.0083
971 989 0.0035
985 989 0.0059
988 989 0.0083
928 993 0.0083
994 993 0.0083
321 994 0.0083
993 994 0.0083
41 995 0.0024
996 995 0.0024
41 996 0.0024
995 996 0.0024
796 1010 0.0059
798 1010 0.0059
186 1012 0.0024
854 1012 0.0024
442 1017 0.0059
456 1017 0.0094
701 1017 0.0024
905 1023 0.0024
1024 1023 0.0035
1026 1023 0.0071
1023 1024 0.0035
1027 1024 0.0035
904 1026 0.0024
1023 1026 0.0071
1027 1026 0.0035
1024 1027 0.0035
1026 1027 0.0035
129 1029 0.0035
898 1029 0.0035
140 1030 0.0047
897 1030 0.0047
677 1032 0.0071
678 1032 0.0047
681 1032 0.0083
32 1033 0.0024
866 1033 0.0024
444 1040 0.0071
886 1040 0.0071
443 1044 0.0083
505 1044 0.0035
507 1044 0.0106
444 1045 0.0012
884 1045 0.0106
1046 1045 0.013
444 1046 0.0094
884 1046 0.0024
1045 1046 0.013
