548 1 0.0158
549 1 0.0277
551 1 0.0237
3 2 0.004
11 2 0.0119
51 2 0.004
2 3 0.004
188 3 0.0119
189 3 0.004
8 4 0.0277
140 4 0.0632
189 4 0.0316
6 5 0.0119
551 5 0.0079
5 6 0.0119
55 6 0.004
123 6 0.0198
4 8 0.0277
10 8 0.0237
128 8 0.0553
8 10 0.0237
132 10 0.0237
2 11 0.0119
12 11 0.0198
24 11 0.0198
11 12 0.0198
18 12 0.0237
14 13 0.004
422 13 0.004
13 14 0.004
15 14 0.0079
422 14 0.0158
14 15 0.0079
117 15 0.0079
421 15 0.0198
17 16 0.0119
19 16 0.0119
16 17 0.0119
109 17 0.0119
12 18 0.0237
20 18 0.0277
27 18 0.0316
16 19 0.0119
109 19 0.0277
126 19 0.0119
18 20 0.0277
29 20 0.0198
55 20 0.0119
348 21 0.0237
522 21 0.0237
23 22 0.0158
30 22 0.0237
522 22 0.0435
22 23 0.0158
345 23 0.0158
11 24 0.0198
26 24 0.0119
198 24 0.004
24 26 0.0119
28 26 0.0237
55 26 0.0079
18 27 0.0316
28 27 0.0316
26 28 0.0237
27 28 0.0316
29 28 0.0277
20 29 0.0198
28 29 0.0277
55 29 0.0119
22 30 0.0237
31 30 0.0079
108 30 0.0356
30 31 0.0079
33 31 0.0237
340 31 0.0119
31 33 0.0237
34 33 0.0079
71 33 0.0316
72 33 0.0158
33 34 0.0079
72 34 0.0079
75 35 0.0079
86 35 0.0079
348 39 0.0237
359 39 0.0237
41 40 0.0079
356 40 0.0079
40 41 0.0079
42 41 0.0198
358 41 0.0079
41 42 0.0198
358 42 0.0198
2 51 0.004
52 51 0.0514
65 51 0.0435
51 52 0.0514
53 52 0.0514
52 53 0.0514
54 53 0.0593
224 53 0.0119
225 53 0.0198
53 54 0.0593
57 54 0.0435
230 54 0.0119
6 55 0.004
20 55 0.0119
26 55 0.0079
29 55 0.0119
139 55 0.0079
550 55 0.0277
54 57 0.0435
58 57 0.0079
60 57 0.0237
63 57 0.0435
241 57 0.0119
57 58 0.0079
59 58 0.0079
58 59 0.0079
60 59 0.0079
57 60 0.0237
59 60 0.0079
61 60 0.0119
60 61 0.0119
62 61 0.0079
289 61 0.0237
61 62 0.0079
273 62 0.004
289 62 0.0158
57 63 0.0435
326 63 0.0435
51 65 0.0435
316 65 0.0435
316 67 0.0435
331 67 0.0435
33 71 0.0316
74 71 0.004
108 71 0.0079
340 71 0.0119
33 72 0.0158
34 72 0.0079
74 72 0.004
71 74 0.004
72 74 0.004
35 75 0.0079
86 75 0.0079
77 76 0.0277
81 76 0.0277
76 77 0.0277
79 77 0.0277
77 79 0.0277
388 79 0.0277
76 81 0.0277
84 81 0.0277
81 84 0.0277
85 84 0.0079
373 84 0.0079
384 84 0.0277
84 85 0.0079
373 85 0.0079
35 86 0.0079
75 86 0.0079
100 93 0.0198
126 93 0.0119
412 93 0.0356
93 100 0.0198
102 100 0.0198
100 102 0.0198
103 102 0.0198
102 103 0.0198
408 103 0.0198
30 108 0.0356
71 108 0.0079
342 108 0.0237
17 109 0.0119
19 109 0.0277
412 109 0.0119
15 117 0.0079
421 117 0.0079
125 122 0.0079
418 122 0.0079
6 123 0.0198
139 123 0.004
550 123 0.0277
122 125 0.0079
418 125 0.0079
19 126 0.0119
93 126 0.0119
8 128 0.0553
129 128 0.0277
455 128 0.0237
128 129 0.0277
130 129 0.0277
129 130 0.0277
454 130 0.0277
10 132 0.0237
133 132 0.0237
132 133 0.0237
134 133 0.0237
133 134 0.0237
455 134 0.0237
136 135 0.0079
438 135 0.0079
135 136 0.0079
438 136 0.0079
138 137 0.0119
427 137 0.0119
137 138 0.0119
423 138 0.0237
436 138 0.0079
55 139 0.0079
123 139 0.004
550 139 0.0158
4 140 0.0632
154 140 0.0632
140 154 0.0632
155 154 0.0632
154 155 0.0632
156 155 0.0474
166 155 0.0514
155 156 0.0474
158 156 0.0277
163 156 0.0158
156 158 0.0277
161 158 0.0277
158 161 0.0277
453 161 0.0277
156 163 0.0158
164 163 0.0158
163 164 0.0158
477 164 0.0158
155 166 0.0514
167 166 0.0474
479 166 0.0316
166 167 0.0474
168 167 0.0316
170 167 0.0119
167 168 0.0316
169 168 0.0316
168 169 0.0316
203 169 0.0316
167 170 0.0119
479 170 0.0119
3 188 0.0119
189 188 0.0158
190 188 0.0158
3 189 0.004
4 189 0.0316
188 189 0.0158
190 189 0.0435
188 190 0.0158
189 190 0.0435
191 190 0.0395
190 191 0.0395
192 191 0.0514
196 191 0.0079
191 192 0.0514
193 192 0.0474
204 192 0.0158
192 193 0.0474
194 193 0.0474
204 193 0.0119
193 194 0.0474
195 194 0.0593
214 194 0.0079
194 195 0.0593
197 195 0.004
214 195 0.0277
535 195 0.0435
191 196 0.0079
197 196 0.0079
204 196 0.0198
195 197 0.004
196 197 0.0079
204 197 0.0158
24 198 0.004
224 198 0.0158
235 198 0.0079
201 200 0.0198
205 200 0.0079
535 200 0.0079
200 201 0.0198
202 201 0.0435
535 201 0.0435
201 202 0.0435
203 202 0.0474
207 202 0.0237
169 203 0.0316
202 203 0.0474
208 203 0.0119
192 204 0.0158
193 204 0.0119
196 204 0.0198
197 204 0.0158
200 205 0.0079
207 205 0.0079
202 207 0.0237
205 207 0.0079
208 207 0.0119
203 208 0.0119
207 208 0.0119
194 214 0.0079
195 214 0.0277
215 214 0.0198
221 214 0.0158
214 215 0.0198
216 215 0.0079
535 215 0.0079
215 216 0.0079
217 216 0.0198
219 216 0.0079
216 217 0.0198
218 217 0.0079
219 217 0.0079
217 218 0.0079
221 218 0.0277
547 218 0.0158
216 219 0.0079
217 219 0.0079
214 221 0.0158
218 221 0.0277
222 221 0.0237
221 222 0.0237
551 222 0.0237
53 224 0.0119
198 224 0.0158
233 224 0.0158
53 225 0.0198
226 225 0.0316
227 225 0.0079
225 226 0.0316
227 226 0.0316
229 226 0.0119
225 227 0.0079
226 227 0.0316
228 227 0.0158
231 227 0.0237
227 228 0.0158
229 228 0.004
231 228 0.0079
226 229 0.0119
228 229 0.004
233 229 0.0277
234 229 0.0198
54 230 0.0119
231 230 0.0119
227 231 0.0237
228 231 0.0079
230 231 0.0119
224 233 0.0158
229 233 0.0277
234 233 0.0079
229 234 0.0198
233 234 0.0079
235 234 0.0079
198 235 0.0079
234 235 0.0079
236 235 0.0079
307 235 0.0079
235 236 0.0079
307 236 0.0079
57 241 0.0119
251 241 0.0079
289 241 0.0237
241 251 0.0079
272 251 0.0079
264 253 0.0079
270 253 0.0079
331 258 0.0435
333 258 0.0119
335 258 0.0593
253 264 0.0079
270 264 0.0079
253 270 0.0079
264 270 0.0079
251 272 0.0079
273 272 0.0158
275 272 0.004
62 273 0.004
272 273 0.0158
275 273 0.004
289 273 0.0158
272 275 0.004
273 275 0.004
61 289 0.0237
62 289 0.0158
241 289 0.0237
273 289 0.0158
235 307 0.0079
236 307 0.0079
65 316 0.0435
67 316 0.0435
63 326 0.0435
327 326 0.0079
330 326 0.0553
326 327 0.0079
330 327 0.0079
326 330 0.0553
327 330 0.0079
338 330 0.0435
67 331 0.0435
258 331 0.0435
258 333 0.0119
336 333 0.0119
258 335 0.0593
336 335 0.0119
338 335 0.0435
333 336 0.0119
335 336 0.0119
330 338 0.0435
335 338 0.0435
31 340 0.0119
71 340 0.0119
108 342 0.0237
359 342 0.0237
345 343 0.0158
522 343 0.0158
23 345 0.0158
343 345 0.0158
21 348 0.0237
39 348 0.0237
40 356 0.0079
358 356 0.0079
41 358 0.0079
42 358 0.0198
356 358 0.0079
39 359 0.0237
342 359 0.0237
84 373 0.0079
85 373 0.0079
84 384 0.0277
386 384 0.0277
384 386 0.0277
388 386 0.0277
79 388 0.0277
386 388 0.0277
103 408 0.0198
410 408 0.0198
408 410 0.0198
412 410 0.0198
93 412 0.0356
109 412 0.0119
410 412 0.0198
122 418 0.0079
125 418 0.0079
15 421 0.0198
117 421 0.0079
422 421 0.0079
13 422 0.004
14 422 0.0158
421 422 0.0079
138 423 0.0237
424 423 0.0079
427 423 0.0119
423 424 0.0079
436 424 0.0079
137 427 0.0119
423 427 0.0119
138 436 0.0079
424 436 0.0079
135 438 0.0079
136 438 0.0079
161 453 0.0277
454 453 0.0277
130 454 0.0277
453 454 0.0277
128 455 0.0237
134 455 0.0237
164 477 0.0158
480 477 0.0277
481 477 0.0079
166 479 0.0316
170 479 0.0119
480 479 0.0158
477 480 0.0277
479 480 0.0158
481 480 0.0079
477 481 0.0079
480 481 0.0079
21 522 0.0237
22 522 0.0435
343 522 0.0158
195 535 0.0435
200 535 0.0079
201 535 0.0435
215 535 0.0079
218 547 0.0158
548 547 0.004
551 547 0.0237
1 548 0.0158
547 548 0.004
549 548 0.0079
1 549 0.0277
548 549 0.0079
550 549 0.0158
55 550 0.0277
123 550 0.0277
139 550 0.0158
549 550 0.0158
1 551 0.0237
5 551 0.0079
222 551 0.0237
547 551 0.0237
