2 1 0.0021
3 1 0.0042
4 1 0.0052
5 1 0.0042
6 1 0.0094
7 1 0.0042
8 1 0.0052
9 1 0.0052
10 1 0.0052
22 1 0.0021
34 1 0.0031
47 1 0.0042
50 1 0.0042
55 1 0.0094
56 1 0.001
68 1 0.001
72 1 0.0021
144 1 0.001
166 1 0.0063
1 2 0.0021
62 2 0.0063
143 2 0.0031
1 3 0.0042
19 3 0.0042
73 3 0.0052
1 4 0.0052
22 4 0.0052
25 4 0.0042
31 4 0.001
32 4 0.0052
1 5 0.0042
39 5 0.0042
1 6 0.0094
40 6 0.0073
43 6 0.0021
44 6 0.0042
1 7 0.0042
48 7 0.0042
50 7 0.0052
1 8 0.0052
52 8 0.0052
1 9 0.0052
59 9 0.0084
166 9 0.0115
170 9 0.0042
177 9 0.001
1 10 0.0052
11 10 0.0052
16 10 0.0052
10 11 0.0052
12 11 0.0042
15 11 0.0042
11 12 0.0042
13 12 0.0073
14 12 0.0021
12 13 0.0073
14 13 0.0126
550 13 0.0084
12 14 0.0021
13 14 0.0126
88 14 0.0031
548 14 0.0073
549 14 0.001
11 15 0.0042
111 15 0.0073
550 15 0.0063
10 16 0.0052
17 16 0.0042
18 16 0.0042
68 16 0.0052
16 17 0.0042
18 17 0.001
107 17 0.0021
16 18 0.0042
17 18 0.001
115 18 0.0021
3 19 0.0042
21 19 0.0063
84 19 0.0084
85 19 0.0021
19 21 0.0063
71 21 0.0063
76 21 0.0073
1 22 0.0021
4 22 0.0052
23 22 0.001
22 23 0.001
24 23 0.0031
79 23 0.001
23 24 0.0031
74 24 0.0021
77 24 0.0052
79 24 0.0073
4 25 0.0042
27 25 0.0105
30 25 0.0052
30 26 0.0063
435 26 0.0073
25 27 0.0105
29 27 0.0105
27 29 0.0105
429 29 0.0073
430 29 0.0094
435 29 0.0105
25 30 0.0052
26 30 0.0063
502 30 0.0021
4 31 0.001
32 31 0.0052
479 31 0.0042
481 31 0.0073
502 31 0.0063
4 32 0.0052
31 32 0.0052
33 32 0.0063
479 32 0.0063
32 33 0.0063
36 33 0.0021
480 33 0.0042
1 34 0.0031
36 34 0.0031
33 36 0.0021
34 36 0.0031
458 36 0.0031
472 36 0.0021
475 36 0.0021
480 36 0.0021
5 39 0.0042
40 39 0.0042
6 40 0.0073
39 40 0.0042
41 40 0.0021
40 41 0.0021
355 41 0.0021
365 41 0.0063
366 41 0.0052
6 43 0.0021
348 43 0.0084
352 43 0.0042
353 43 0.0021
6 44 0.0042
46 44 0.0052
46 45 0.0084
334 45 0.0073
348 45 0.0031
44 46 0.0052
45 46 0.0084
338 46 0.0084
1 47 0.0042
49 47 0.0063
312 47 0.0052
7 48 0.0042
307 48 0.0084
308 48 0.0073
47 49 0.0063
323 49 0.0073
338 49 0.0063
1 50 0.0042
7 50 0.0052
51 50 0.0052
50 51 0.0052
284 51 0.0031
306 51 0.0052
8 52 0.0052
272 52 0.0073
274 52 0.0031
284 52 0.001
55 54 0.0021
255 54 0.0126
268 54 0.0084
1 55 0.0094
54 55 0.0021
56 55 0.0042
247 55 0.0136
1 56 0.001
55 56 0.0042
244 56 0.0021
58 57 0.0147
59 57 0.0115
189 57 0.0052
218 57 0.0021
57 58 0.0147
59 58 0.0021
182 58 0.0115
9 59 0.0084
57 59 0.0115
58 59 0.0021
167 60 0.0021
169 60 0.001
93 61 0.0031
95 61 0.0084
142 61 0.0031
144 61 0.0136
160 61 0.001
163 61 0.0105
2 62 0.0063
63 62 0.001
64 62 0.0073
62 63 0.001
66 63 0.0031
100 63 0.0063
62 64 0.0073
142 64 0.0021
143 64 0.0105
93 65 0.0031
94 65 0.0021
63 66 0.0031
67 66 0.0073
98 66 0.001
99 66 0.0042
141 66 0.0021
66 67 0.0073
69 67 0.0031
100 67 0.0073
101 67 0.0052
126 67 0.0052
1 68 0.001
16 68 0.0052
69 68 0.0042
100 68 0.0021
115 68 0.0052
67 69 0.0031
68 69 0.0042
115 69 0.0042
71 70 0.0042
72 70 0.0063
73 70 0.0021
21 71 0.0063
70 71 0.0042
75 71 0.0052
1 72 0.0021
70 72 0.0063
73 72 0.0084
3 73 0.0052
70 73 0.0021
72 73 0.0084
24 74 0.0021
75 74 0.0031
71 75 0.0052
74 75 0.0031
76 75 0.0052
77 75 0.0031
21 76 0.0073
75 76 0.0052
78 76 0.0042
80 76 0.0021
24 77 0.0052
75 77 0.0031
78 77 0.0052
417 77 0.0073
76 78 0.0042
77 78 0.0052
416 78 0.0063
23 79 0.001
24 79 0.0073
418 79 0.0042
421 79 0.0031
427 79 0.0042
76 80 0.0021
81 80 0.001
80 81 0.001
82 81 0.0021
85 81 0.0042
81 82 0.0021
83 82 0.0063
86 82 0.0021
82 83 0.0063
84 83 0.0063
86 83 0.0052
19 84 0.0084
83 84 0.0063
85 84 0.0073
19 85 0.0021
81 85 0.0042
84 85 0.0073
82 86 0.0021
83 86 0.0052
88 86 0.0021
90 86 0.001
419 87 0.0021
420 87 0.0042
14 88 0.0031
86 88 0.0021
89 88 0.0021
88 89 0.0021
544 89 0.0021
546 89 0.0031
86 90 0.001
91 90 0.0021
92 90 0.0021
90 91 0.0021
538 91 0.0031
539 91 0.0042
90 92 0.0021
540 92 0.0042
541 92 0.0021
61 93 0.0031
65 93 0.0031
94 93 0.0021
95 93 0.0021
65 94 0.0021
93 94 0.0021
61 95 0.0084
93 95 0.0021
154 95 0.0063
162 95 0.0052
97 96 0.0031
135 96 0.0042
137 96 0.001
96 97 0.0031
99 97 0.0031
132 97 0.0052
133 97 0.0052
66 98 0.001
99 98 0.0052
132 98 0.0021
138 98 0.0031
139 98 0.0021
66 99 0.0042
97 99 0.0031
98 99 0.0052
63 100 0.0063
67 100 0.0073
68 100 0.0021
67 101 0.0052
104 101 0.0021
105 101 0.0052
115 101 0.001
116 101 0.0063
116 102 0.0042
125 102 0.0031
128 102 0.0063
105 103 0.0052
106 103 0.0052
117 103 0.0021
119 103 0.0052
120 103 0.0021
101 104 0.0021
105 104 0.0052
108 104 0.0021
101 105 0.0052
103 105 0.0052
104 105 0.0052
106 105 0.0052
103 106 0.0052
105 106 0.0052
114 106 0.0031
118 106 0.001
17 107 0.0021
108 107 0.0042
111 107 0.0073
104 108 0.0021
107 108 0.0042
109 108 0.0073
108 109 0.0073
110 109 0.0042
114 109 0.0021
109 110 0.0042
111 110 0.0094
609 110 0.0042
15 111 0.0073
107 111 0.0073
110 111 0.0094
112 111 0.0094
111 112 0.0094
113 112 0.0094
599 112 0.0094
112 113 0.0094
551 113 0.0084
591 113 0.0084
106 114 0.0031
109 114 0.0021
18 115 0.0021
68 115 0.0052
69 115 0.0042
101 115 0.001
101 116 0.0063
102 116 0.0042
117 116 0.001
103 117 0.0021
116 117 0.001
106 118 0.001
119 118 0.0021
103 119 0.0052
118 119 0.0021
120 119 0.0021
103 120 0.0021
119 120 0.0021
123 122 0.0031
124 122 0.0021
122 123 0.0031
124 123 0.0052
130 123 0.0031
122 124 0.0021
123 124 0.0052
125 124 0.0021
102 125 0.0031
124 125 0.0021
130 125 0.0063
67 126 0.0052
127 126 0.0084
128 126 0.0021
126 127 0.0084
128 127 0.0094
129 127 0.0042
141 127 0.0031
102 128 0.0063
126 128 0.0021
127 128 0.0094
127 129 0.0042
130 129 0.0021
140 129 0.001
123 130 0.0031
125 130 0.0063
129 130 0.0021
97 132 0.0052
98 132 0.0021
133 132 0.0021
97 133 0.0052
132 133 0.0021
135 133 0.0021
96 135 0.0042
133 135 0.0021
137 135 0.001
96 137 0.001
135 137 0.001
98 138 0.0031
139 138 0.0073
148 138 0.0031
98 139 0.0021
138 139 0.0073
152 139 0.0031
129 140 0.001
141 140 0.0021
66 141 0.0021
127 141 0.0031
140 141 0.0021
61 142 0.0031
64 142 0.0021
2 143 0.0031
64 143 0.0105
144 143 0.0073
1 144 0.001
61 144 0.0136
143 144 0.0073
166 144 0.0115
138 148 0.0031
149 148 0.0031
148 149 0.0031
152 149 0.0031
139 152 0.0031
149 152 0.0031
95 154 0.0063
155 154 0.0021
158 154 0.0031
154 155 0.0021
194 155 0.0021
154 158 0.0031
162 158 0.0031
61 160 0.001
162 160 0.001
95 162 0.0052
158 162 0.0031
160 162 0.001
61 163 0.0105
164 163 0.0021
165 163 0.0147
172 163 0.0042
163 164 0.0021
165 164 0.0031
163 165 0.0147
164 165 0.0031
172 165 0.001
173 165 0.0031
174 165 0.0126
1 166 0.0063
9 166 0.0115
144 166 0.0115
167 166 0.0052
168 166 0.0105
60 167 0.0021
166 167 0.0052
168 167 0.0021
166 168 0.0105
167 168 0.0021
169 168 0.0073
60 169 0.001
168 169 0.0073
170 169 0.0052
9 170 0.0042
169 170 0.0052
171 170 0.0031
176 170 0.0084
170 171 0.0031
172 171 0.0021
175 171 0.0073
163 172 0.0042
165 172 0.001
171 172 0.0021
165 173 0.0031
174 173 0.0021
165 174 0.0126
173 174 0.0021
184 174 0.0094
171 175 0.0073
176 175 0.0063
170 176 0.0084
175 176 0.0063
179 176 0.001
9 177 0.001
178 177 0.0042
179 177 0.0021
177 178 0.0042
179 178 0.0042
176 179 0.001
177 179 0.0021
178 179 0.0042
58 182 0.0115
183 182 0.0021
186 182 0.0073
188 182 0.0063
182 183 0.0021
184 183 0.0052
188 183 0.0084
174 184 0.0094
183 184 0.0052
185 184 0.0073
184 185 0.0073
186 185 0.0052
188 185 0.001
182 186 0.0073
185 186 0.0052
193 186 0.0094
182 188 0.0063
183 188 0.0084
185 188 0.001
57 189 0.0052
190 189 0.0052
189 190 0.0052
191 190 0.0052
190 191 0.0052
192 191 0.0052
191 192 0.0052
193 192 0.0084
194 192 0.0021
186 193 0.0094
192 193 0.0084
155 194 0.0021
192 194 0.0021
204 203 0.0042
208 203 0.0042
203 204 0.0042
210 204 0.0042
203 208 0.0042
209 208 0.0073
213 208 0.0021
208 209 0.0073
210 209 0.0042
214 209 0.0021
204 210 0.0042
209 210 0.0042
208 213 0.0021
214 213 0.0021
209 214 0.0021
213 214 0.0021
57 218 0.0021
225 218 0.0021
220 219 0.0021
222 219 0.0021
219 220 0.0021
222 220 0.0021
219 222 0.0021
220 222 0.0021
218 225 0.0021
226 225 0.0021
225 226 0.0021
227 226 0.0021
234 226 0.0052
226 227 0.0021
228 227 0.0042
234 227 0.0073
227 228 0.0042
229 228 0.0021
251 228 0.0073
228 229 0.0021
252 229 0.0021
226 234 0.0052
227 234 0.0073
248 234 0.0073
240 239 0.0031
244 239 0.0031
239 240 0.0031
246 240 0.0031
56 244 0.0021
239 244 0.0031
245 244 0.0063
244 245 0.0063
246 245 0.0031
247 245 0.0052
248 245 0.0021
240 246 0.0031
245 246 0.0031
55 247 0.0136
245 247 0.0052
248 247 0.0084
255 247 0.0105
234 248 0.0073
245 248 0.0021
247 248 0.0084
249 248 0.0073
248 249 0.0073
250 249 0.0084
255 249 0.0063
249 250 0.0084
251 250 0.0073
256 250 0.0063
228 251 0.0073
250 251 0.0073
252 251 0.0052
229 252 0.0021
251 252 0.0052
253 252 0.0021
252 253 0.0021
256 253 0.0021
54 255 0.0126
247 255 0.0105
249 255 0.0063
260 255 0.0084
250 256 0.0063
253 256 0.0021
257 256 0.0031
256 257 0.0031
258 257 0.0063
267 257 0.0021
257 258 0.0063
267 258 0.0063
255 260 0.0084
261 260 0.0084
264 260 0.0073
260 261 0.0084
262 261 0.0105
269 261 0.0115
261 262 0.0105
742 262 0.0105
260 264 0.0073
265 264 0.0031
742 264 0.0031
264 265 0.0031
266 265 0.0042
743 265 0.0084
265 266 0.0042
750 266 0.0042
257 267 0.0021
258 267 0.0063
747 267 0.0031
54 268 0.0084
269 268 0.0084
272 268 0.0073
261 269 0.0115
268 269 0.0084
270 269 0.0021
269 270 0.0021
741 270 0.0021
52 272 0.0073
268 272 0.0073
52 274 0.0031
276 274 0.0031
274 276 0.0031
280 276 0.0031
276 280 0.0031
281 280 0.0063
282 280 0.0021
280 281 0.0063
283 281 0.0021
741 281 0.0031
280 282 0.0021
283 282 0.0052
753 282 0.0021
281 283 0.0021
282 283 0.0052
753 283 0.0021
51 284 0.0031
52 284 0.001
285 284 0.001
284 285 0.001
286 285 0.0031
288 285 0.0052
306 285 0.0031
285 286 0.0031
291 286 0.0052
295 286 0.001
285 288 0.0052
290 288 0.0052
288 290 0.0052
291 290 0.0084
292 290 0.0021
286 291 0.0052
290 291 0.0084
292 291 0.0021
290 292 0.0021
291 292 0.0021
286 295 0.001
320 295 0.001
301 300 0.0021
303 300 0.0021
300 301 0.0021
303 301 0.0021
300 303 0.0021
301 303 0.0021
51 306 0.0052
285 306 0.0031
307 306 0.0094
309 306 0.0063
310 306 0.0021
48 307 0.0084
306 307 0.0094
48 308 0.0073
309 308 0.0031
313 308 0.0031
306 309 0.0063
308 309 0.0031
310 309 0.0021
306 310 0.0021
309 310 0.0021
47 312 0.0052
313 312 0.001
324 312 0.0052
326 312 0.001
308 313 0.0031
312 313 0.001
314 313 0.0021
321 313 0.0042
313 314 0.0021
315 314 0.001
316 314 0.0042
314 315 0.001
316 315 0.0073
317 315 0.0021
322 315 0.0021
314 316 0.0042
315 316 0.0073
317 316 0.0021
315 317 0.0021
316 317 0.0021
295 320 0.001
321 320 0.0073
322 320 0.0052
313 321 0.0042
320 321 0.0073
322 321 0.0021
315 322 0.0021
320 322 0.0052
321 322 0.0021
49 323 0.0073
324 323 0.0063
331 323 0.0063
312 324 0.0052
323 324 0.0063
325 324 0.0042
324 325 0.0042
326 325 0.0042
327 325 0.0052
312 326 0.001
325 326 0.0042
327 326 0.0021
325 327 0.0052
326 327 0.0021
328 327 0.0031
327 328 0.0031
329 328 0.0042
330 328 0.0021
328 329 0.0042
330 329 0.001
332 329 0.0052
346 329 0.0021
328 330 0.0021
329 330 0.001
323 331 0.0063
332 331 0.0084
338 331 0.0094
329 332 0.0052
331 332 0.0084
333 332 0.0084
332 333 0.0084
334 333 0.0052
340 333 0.0021
45 334 0.0073
333 334 0.0052
335 334 0.001
334 335 0.001
350 335 0.001
46 338 0.0084
49 338 0.0063
331 338 0.0094
333 340 0.0021
346 340 0.0021
329 346 0.0021
340 346 0.0021
43 348 0.0084
45 348 0.0031
353 348 0.0042
350 349 0.001
351 349 0.0052
354 349 0.0042
335 350 0.001
349 350 0.001
351 350 0.0031
349 351 0.0052
350 351 0.0031
352 351 0.0052
43 352 0.0042
351 352 0.0052
354 352 0.0052
43 353 0.0021
348 353 0.0042
354 353 0.0021
349 354 0.0042
352 354 0.0052
353 354 0.0021
41 355 0.0021
356 355 0.0021
355 356 0.0021
365 356 0.0147
384 356 0.0115
41 365 0.0063
356 365 0.0147
368 365 0.0073
378 365 0.0073
41 366 0.0052
367 366 0.0021
368 366 0.0042
366 367 0.0021
458 367 0.0063
467 367 0.0052
365 368 0.0073
366 368 0.0042
390 368 0.0105
408 368 0.0073
370 369 0.0115
372 369 0.0031
384 369 0.0157
369 370 0.0115
376 370 0.0115
369 372 0.0031
386 372 0.0031
370 376 0.0115
768 376 0.0115
365 378 0.0073
380 378 0.0073
378 380 0.0073
768 380 0.0073
356 384 0.0115
369 384 0.0157
385 384 0.0031
384 385 0.0031
386 385 0.0031
372 386 0.0031
385 386 0.0031
368 390 0.0105
391 390 0.0031
395 390 0.0063
390 391 0.0031
393 391 0.0031
391 393 0.0031
775 393 0.0021
776 393 0.0063
390 395 0.0063
396 395 0.0105
404 395 0.0031
395 396 0.0105
397 396 0.0063
399 396 0.0031
396 397 0.0063
409 397 0.0063
396 399 0.0031
400 399 0.0031
401 399 0.0073
399 400 0.0031
787 400 0.0031
399 401 0.0073
402 401 0.0031
404 401 0.0031
401 402 0.0031
788 402 0.0031
395 404 0.0031
401 404 0.0031
368 408 0.0073
409 408 0.0073
471 408 0.001
397 409 0.0063
408 409 0.0073
415 409 0.001
411 410 0.0042
415 410 0.0052
410 411 0.0042
412 411 0.001
415 411 0.0021
411 412 0.001
415 412 0.0021
498 413 0.001
906 413 0.0021
415 414 0.0042
470 414 0.0073
471 414 0.0052
497 414 0.0063
409 415 0.001
410 415 0.0052
411 415 0.0021
412 415 0.0021
414 415 0.0042
906 415 0.0042
78 416 0.0063
417 416 0.0063
420 416 0.0031
77 417 0.0073
416 417 0.0063
418 417 0.0063
79 418 0.0042
417 418 0.0063
419 418 0.001
87 419 0.0021
418 419 0.001
420 419 0.0042
87 420 0.0042
416 420 0.0031
419 420 0.0042
79 421 0.0031
422 421 0.0042
427 421 0.0063
421 422 0.0042
423 422 0.0021
424 422 0.0021
428 422 0.0021
422 423 0.0021
424 423 0.0052
426 423 0.0073
538 423 0.0042
422 424 0.0021
423 424 0.0052
425 424 0.0094
429 424 0.0042
424 425 0.0094
426 425 0.0031
431 425 0.0052
423 426 0.0073
425 426 0.0031
533 426 0.0031
79 427 0.0042
421 427 0.0063
428 427 0.0052
422 428 0.0021
427 428 0.0052
429 428 0.0021
29 429 0.0073
424 429 0.0042
428 429 0.0021
29 430 0.0094
431 430 0.0084
434 430 0.0063
425 431 0.0052
430 431 0.0084
432 431 0.0021
431 432 0.0021
434 432 0.0094
445 432 0.0094
451 432 0.0021
430 434 0.0063
432 434 0.0094
443 434 0.0021
26 435 0.0073
29 435 0.0105
436 435 0.0052
503 435 0.0021
435 436 0.0052
437 436 0.0031
440 436 0.0094
436 437 0.0031
438 437 0.0063
439 437 0.0021
437 438 0.0063
439 438 0.0031
440 438 0.0021
437 439 0.0021
438 439 0.0031
520 439 0.0021
521 439 0.0031
436 440 0.0094
438 440 0.0021
454 440 0.0063
447 441 0.0021
881 441 0.0021
434 443 0.0021
453 443 0.0021
432 445 0.0094
446 445 0.0115
449 445 0.001
445 446 0.0115
447 446 0.0126
449 446 0.0105
441 447 0.0021
446 447 0.0126
448 447 0.0157
447 448 0.0157
449 448 0.0031
452 448 0.0115
445 449 0.001
446 449 0.0105
448 449 0.0031
450 449 0.0031
451 449 0.0042
449 450 0.0031
451 450 0.001
452 450 0.001
432 451 0.0021
449 451 0.0042
450 451 0.001
448 452 0.0115
450 452 0.001
453 452 0.0094
443 453 0.0021
452 453 0.0094
872 453 0.0073
878 453 0.0084
440 454 0.0063
455 454 0.0084
516 454 0.0031
454 455 0.0084
456 455 0.0126
860 455 0.0031
455 456 0.0126
513 456 0.0042
515 456 0.0115
36 458 0.0031
367 458 0.0063
459 458 0.0063
458 459 0.0063
460 459 0.0073
473 459 0.0042
459 460 0.0073
461 460 0.0073
474 460 0.0021
476 460 0.0021
460 461 0.0073
462 461 0.0063
476 461 0.0042
461 462 0.0063
463 462 0.0084
477 462 0.0052
462 463 0.0084
464 463 0.0063
466 463 0.0094
478 463 0.0052
463 464 0.0063
465 464 0.0073
483 464 0.0042
496 464 0.0052
464 465 0.0073
466 465 0.0021
469 465 0.0073
470 465 0.0021
463 466 0.0094
465 466 0.0021
467 466 0.0063
367 467 0.0052
466 467 0.0063
468 467 0.0021
467 468 0.0021
469 468 0.0031
465 469 0.0073
468 469 0.0031
470 469 0.0073
414 470 0.0073
465 470 0.0021
469 470 0.0073
471 470 0.0021
408 471 0.001
414 471 0.0052
470 471 0.0021
36 472 0.0021
473 472 0.0042
474 472 0.0031
459 473 0.0042
472 473 0.0042
474 473 0.0052
460 474 0.0021
472 474 0.0031
473 474 0.0052
36 475 0.0021
478 475 0.0031
479 475 0.0073
480 475 0.0052
460 476 0.0021
461 476 0.0042
477 476 0.001
462 477 0.0052
476 477 0.001
478 477 0.0031
463 478 0.0052
475 478 0.0031
477 478 0.0031
479 478 0.001
31 479 0.0042
32 479 0.0063
475 479 0.0073
478 479 0.001
33 480 0.0042
36 480 0.0021
475 480 0.0052
31 481 0.0073
482 481 0.0052
501 481 0.0073
481 482 0.0052
483 482 0.001
500 482 0.0031
464 483 0.0042
482 483 0.001
484 483 0.0063
489 483 0.0031
483 484 0.0063
485 484 0.0042
495 484 0.0052
484 485 0.0042
486 485 0.001
496 485 0.0021
485 486 0.001
487 486 0.001
488 486 0.0031
486 487 0.001
488 487 0.0084
495 487 0.001
807 487 0.0042
486 488 0.0031
487 488 0.0084
499 488 0.0042
483 489 0.0031
493 489 0.0031
489 493 0.0031
495 493 0.0031
484 495 0.0052
487 495 0.001
493 495 0.0031
464 496 0.0052
485 496 0.0021
497 496 0.0021
414 497 0.0063
496 497 0.0021
498 497 0.0052
806 497 0.001
413 498 0.001
497 498 0.0052
794 498 0.001
906 498 0.0052
488 499 0.0042
804 499 0.0031
808 499 0.0084
482 500 0.0031
501 500 0.0021
481 501 0.0073
500 501 0.0021
502 501 0.0031
30 502 0.0021
31 502 0.0063
501 502 0.0031
435 503 0.0021
504 503 0.0031
506 503 0.0021
508 503 0.0031
503 504 0.0031
505 504 0.0094
820 504 0.0052
504 505 0.0094
512 505 0.0084
840 505 0.0063
503 506 0.0021
507 506 0.0021
528 506 0.0052
506 507 0.0021
523 507 0.0042
528 507 0.0073
503 508 0.0031
510 508 0.0031
508 510 0.0031
840 510 0.0031
505 512 0.0084
829 512 0.0052
840 512 0.0021
456 513 0.0042
865 513 0.001
866 513 0.0021
860 514 0.0031
861 514 0.0031
862 514 0.001
456 515 0.0115
860 515 0.0094
861 515 0.0073
454 516 0.0031
517 516 0.0031
521 516 0.0031
860 516 0.0031
516 517 0.0031
520 517 0.0021
519 518 0.0031
862 518 0.0031
518 519 0.0031
526 519 0.0052
862 519 0.0073
439 520 0.0021
517 520 0.0021
521 520 0.0052
439 521 0.0031
516 521 0.0031
520 521 0.0052
507 523 0.0042
525 523 0.0042
523 525 0.0042
526 525 0.0052
519 526 0.0052
525 526 0.0052
506 528 0.0052
507 528 0.0073
856 528 0.0073
845 529 0.0031
848 529 0.0031
426 533 0.0031
534 533 0.0063
535 533 0.0021
533 534 0.0063
535 534 0.0052
540 534 0.0063
533 535 0.0021
534 535 0.0052
541 535 0.0021
91 538 0.0031
423 538 0.0042
539 538 0.0063
91 539 0.0042
538 539 0.0063
540 539 0.0052
92 540 0.0042
534 540 0.0063
539 540 0.0052
92 541 0.0021
535 541 0.0021
545 543 0.0052
562 543 0.0042
89 544 0.0021
545 544 0.0031
546 544 0.0042
543 545 0.0052
544 545 0.0031
546 545 0.0042
562 545 0.0021
89 546 0.0031
544 546 0.0042
545 546 0.0042
547 546 0.0031
546 547 0.0031
548 547 0.0042
561 547 0.0094
570 547 0.0084
14 548 0.0073
547 548 0.0042
553 548 0.0021
14 549 0.001
550 549 0.0084
552 549 0.0063
553 549 0.0052
13 550 0.0084
15 550 0.0063
549 550 0.0084
551 550 0.0105
113 551 0.0084
550 551 0.0105
552 551 0.0094
549 552 0.0063
551 552 0.0094
557 552 0.0084
548 553 0.0021
549 553 0.0052
560 553 0.0031
555 554 0.0031
556 554 0.0021
554 555 0.0031
556 555 0.0063
559 555 0.0042
554 556 0.0021
555 556 0.0063
570 556 0.0042
576 556 0.0042
552 557 0.0084
558 557 0.0094
584 557 0.0084
557 558 0.0094
559 558 0.0073
560 558 0.0063
581 558 0.0063
555 559 0.0042
558 559 0.0073
560 559 0.0021
553 560 0.0031
558 560 0.0063
559 560 0.0021
547 561 0.0094
562 561 0.001
563 561 0.0073
543 562 0.0042
545 562 0.0021
561 562 0.001
561 563 0.0073
564 563 0.0115
568 563 0.0031
563 564 0.0115
565 564 0.0147
566 564 0.0126
564 565 0.0147
571 565 0.0115
889 565 0.0021
564 566 0.0126
567 566 0.0042
891 566 0.0073
566 567 0.0042
568 567 0.0031
563 568 0.0031
567 568 0.0031
547 570 0.0084
556 570 0.0042
571 570 0.0094
565 571 0.0115
570 571 0.0094
572 571 0.0073
571 572 0.0073
574 572 0.0073
572 574 0.0073
575 574 0.0105
656 574 0.0021
574 575 0.0105
656 575 0.0073
657 575 0.0063
556 576 0.0042
577 576 0.001
656 576 0.0021
576 577 0.001
578 577 0.0021
581 577 0.0042
577 578 0.0021
581 578 0.0073
583 578 0.0042
558 581 0.0063
577 581 0.0042
578 581 0.0073
578 583 0.0042
585 583 0.0115
647 583 0.0063
557 584 0.0084
585 584 0.0105
588 584 0.0031
583 585 0.0115
584 585 0.0105
587 585 0.0126
644 586 0.0063
645 586 0.0042
646 586 0.0052
585 587 0.0126
588 587 0.0052
590 587 0.0136
639 587 0.0063
584 588 0.0031
587 588 0.0052
636 588 0.0021
592 589 0.0021
595 589 0.001
587 590 0.0136
635 590 0.0115
643 590 0.0052
113 591 0.0084
592 591 0.0021
594 591 0.0115
589 592 0.0021
591 592 0.0021
595 592 0.0052
591 594 0.0115
595 594 0.0031
596 594 0.0073
597 594 0.0052
589 595 0.001
592 595 0.0052
594 595 0.0031
594 596 0.0073
599 596 0.0084
600 596 0.0063
594 597 0.0052
626 597 0.0052
112 599 0.0094
596 599 0.0084
604 599 0.0063
610 599 0.0073
596 600 0.0063
601 600 0.0084
908 600 0.0094
600 601 0.0084
681 601 0.0094
682 601 0.0063
632 602 0.0031
682 602 0.0021
608 603 0.0052
679 603 0.0031
681 603 0.0052
599 604 0.0063
605 604 0.0073
907 604 0.0063
604 605 0.0073
606 605 0.0073
613 605 0.0073
605 606 0.0073
607 606 0.001
908 606 0.0052
606 607 0.001
693 607 0.0021
694 607 0.0042
603 608 0.0052
683 608 0.001
908 608 0.0031
110 609 0.0042
614 609 0.0031
599 610 0.0073
611 610 0.0063
610 611 0.0063
612 611 0.0052
614 611 0.0073
618 611 0.0105
910 611 0.0031
611 612 0.0052
695 612 0.0042
907 612 0.0042
605 613 0.0073
695 613 0.0052
907 613 0.0052
609 614 0.0031
611 614 0.0073
615 614 0.0031
614 615 0.0031
616 615 0.0031
909 615 0.0073
615 616 0.0031
715 616 0.0031
623 617 0.0031
705 617 0.0031
714 617 0.0031
909 617 0.0115
611 618 0.0105
619 618 0.0147
909 618 0.0115
618 619 0.0147
620 619 0.0105
910 619 0.0031
619 620 0.0105
621 620 0.0021
622 620 0.0073
620 621 0.0021
695 621 0.0063
696 621 0.0031
620 622 0.0073
705 622 0.0073
617 623 0.0031
710 623 0.0031
597 626 0.0052
628 626 0.0031
636 626 0.0021
626 628 0.0031
629 628 0.0021
632 628 0.0063
628 629 0.0021
632 629 0.0021
602 632 0.0031
628 632 0.0063
629 632 0.0021
590 635 0.0115
636 635 0.0052
642 635 0.0052
588 636 0.0021
626 636 0.0021
635 636 0.0052
587 639 0.0063
640 639 0.0042
643 639 0.0052
639 640 0.0042
641 640 0.001
647 640 0.0021
640 641 0.001
642 641 0.001
643 641 0.0031
635 642 0.0052
641 642 0.001
674 642 0.0031
590 643 0.0052
639 643 0.0052
641 643 0.0031
586 644 0.0063
645 644 0.0021
648 644 0.0031
586 645 0.0042
644 645 0.0021
646 645 0.001
586 646 0.0052
645 646 0.001
647 646 0.0031
583 647 0.0063
640 647 0.0021
646 647 0.0031
644 648 0.0031
649 648 0.0042
670 648 0.0084
648 649 0.0042
650 649 0.0021
653 649 0.0073
649 650 0.0021
651 650 0.0021
652 650 0.0052
650 651 0.0021
652 651 0.0063
656 651 0.001
658 651 0.0084
659 651 0.0021
650 652 0.0052
651 652 0.0063
653 652 0.0021
654 652 0.0031
649 653 0.0073
652 653 0.0021
677 653 0.0042
652 654 0.0031
667 654 0.0021
574 656 0.0021
575 656 0.0073
576 656 0.0021
651 656 0.001
575 657 0.0063
658 657 0.0042
661 657 0.0073
651 658 0.0084
657 658 0.0042
659 658 0.0042
660 658 0.0021
661 658 0.0052
651 659 0.0021
658 659 0.0042
660 659 0.001
658 660 0.0021
659 660 0.001
657 661 0.0073
658 661 0.0052
662 661 0.0063
664 661 0.0084
661 662 0.0063
663 662 0.0031
667 662 0.0021
662 663 0.0031
664 663 0.0031
661 664 0.0084
663 664 0.0031
665 664 0.0042
664 665 0.0042
893 665 0.0042
654 667 0.0021
662 667 0.0021
648 670 0.0084
674 670 0.0063
676 670 0.0073
672 671 0.0021
676 671 0.0052
677 671 0.0073
678 671 0.0042
671 672 0.0021
678 672 0.001
674 673 0.0021
676 673 0.001
642 674 0.0031
670 674 0.0063
673 674 0.0021
670 676 0.0073
671 676 0.0052
673 676 0.001
653 677 0.0042
671 677 0.0073
678 677 0.0021
671 678 0.0042
672 678 0.001
677 678 0.0021
603 679 0.0031
680 679 0.0031
684 679 0.0031
679 680 0.0031
681 680 0.0073
682 680 0.0031
601 681 0.0094
603 681 0.0052
680 681 0.0073
601 682 0.0063
602 682 0.0021
680 682 0.0031
608 683 0.001
684 683 0.0073
694 683 0.001
697 683 0.0073
679 684 0.0031
683 684 0.0073
685 684 0.0031
684 685 0.0031
697 685 0.0031
607 693 0.0021
694 693 0.0021
607 694 0.0042
683 694 0.001
693 694 0.0021
612 695 0.0042
613 695 0.0052
621 695 0.0063
621 696 0.0031
697 696 0.0031
683 697 0.0073
685 697 0.0031
696 697 0.0031
617 705 0.0031
622 705 0.0073
707 705 0.0031
705 707 0.0031
710 707 0.0031
623 710 0.0031
707 710 0.0031
617 714 0.0031
715 714 0.0031
616 715 0.0031
714 715 0.0031
270 741 0.0021
281 741 0.0031
742 741 0.0063
262 742 0.0105
264 742 0.0031
741 742 0.0063
265 743 0.0084
745 743 0.0084
743 745 0.0084
746 745 0.0031
748 745 0.0073
750 745 0.0042
745 746 0.0031
748 746 0.0021
267 747 0.0031
748 747 0.0042
745 748 0.0073
746 748 0.0021
747 748 0.0042
266 750 0.0042
745 750 0.0042
282 753 0.0021
283 753 0.0021
754 753 0.0021
758 753 0.0021
753 754 0.0021
758 754 0.0021
753 758 0.0021
754 758 0.0021
376 768 0.0115
380 768 0.0073
769 768 0.0031
768 769 0.0031
776 769 0.0031
393 775 0.0021
776 775 0.0021
393 776 0.0063
769 776 0.0031
775 776 0.0021
400 787 0.0031
788 787 0.0021
832 787 0.0063
402 788 0.0031
787 788 0.0021
832 788 0.0063
498 794 0.001
802 794 0.0021
806 794 0.0042
798 797 0.0021
799 797 0.0021
797 798 0.0021
799 798 0.0021
797 799 0.0021
798 799 0.0021
794 802 0.0021
803 802 0.0073
805 802 0.0105
802 803 0.0073
804 803 0.0031
810 803 0.0031
499 804 0.0031
803 804 0.0031
805 804 0.0073
802 805 0.0105
804 805 0.0073
806 805 0.0021
497 806 0.001
794 806 0.0042
805 806 0.0021
487 807 0.0042
808 807 0.0042
499 808 0.0084
807 808 0.0042
809 808 0.0031
808 809 0.0031
810 809 0.0031
803 810 0.0031
809 810 0.0031
504 820 0.0052
822 820 0.0052
820 822 0.0052
834 822 0.0052
512 829 0.0052
830 829 0.0021
831 829 0.0021
834 829 0.0052
829 830 0.0021
831 830 0.0021
829 831 0.0021
830 831 0.0021
787 832 0.0063
788 832 0.0063
822 834 0.0052
829 834 0.0052
505 840 0.0063
510 840 0.0031
512 840 0.0021
529 845 0.0031
847 845 0.0031
845 847 0.0031
848 847 0.0031
529 848 0.0031
847 848 0.0031
528 856 0.0073
857 856 0.0031
863 856 0.0115
856 857 0.0031
865 857 0.0031
861 859 0.0063
862 859 0.0094
863 859 0.0147
865 859 0.0052
455 860 0.0031
514 860 0.0031
515 860 0.0094
516 860 0.0031
514 861 0.0031
515 861 0.0073
859 861 0.0063
862 861 0.0021
514 862 0.001
518 862 0.0031
519 862 0.0073
859 862 0.0094
861 862 0.0021
863 862 0.0021
856 863 0.0115
859 863 0.0147
862 863 0.0021
513 865 0.001
857 865 0.0031
859 865 0.0052
513 866 0.0021
873 866 0.0021
453 872 0.0073
873 872 0.0021
875 872 0.0042
866 873 0.0021
872 873 0.0021
872 875 0.0042
876 875 0.0042
875 876 0.0042
878 876 0.0042
453 878 0.0084
876 878 0.0042
879 878 0.0042
882 878 0.0063
878 879 0.0042
887 879 0.0042
441 881 0.0021
882 881 0.0031
883 881 0.0063
878 882 0.0063
881 882 0.0031
884 882 0.0105
881 883 0.0063
884 883 0.0084
885 883 0.001
882 884 0.0105
883 884 0.0084
885 884 0.0052
883 885 0.001
884 885 0.0052
888 885 0.0031
879 887 0.0042
888 887 0.0042
885 888 0.0031
887 888 0.0042
565 889 0.0021
891 889 0.0021
566 891 0.0073
889 891 0.0021
892 891 0.0042
891 892 0.0042
894 892 0.0052
665 893 0.0042
894 893 0.0052
892 894 0.0052
893 894 0.0052
413 906 0.0021
415 906 0.0042
498 906 0.0052
604 907 0.0063
612 907 0.0042
613 907 0.0052
600 908 0.0094
606 908 0.0052
608 908 0.0031
615 909 0.0073
617 909 0.0115
618 909 0.0115
611 910 0.0031
619 910 0.0031
