85 1 0.0662
89 1 0.0137
113 1 0.0205
127 1 0.0023
136 1 0.0502
3 2 0.0046
5 2 0.0046
2 3 0.0046
4 3 0.0114
37 3 0.0046
3 4 0.0114
5 4 0.0046
43 4 0.0137
45 4 0.0068
2 5 0.0046
4 5 0.0046
14 8 0.0137
17 8 0.0137
8 14 0.0137
16 14 0.0137
14 16 0.0137
362 16 0.0137
8 17 0.0137
18 17 0.0137
17 18 0.0137
20 18 0.0137
18 20 0.0137
22 20 0.0137
307 20 0.0297
369 21 0.032
374 21 0.032
20 22 0.0137
23 22 0.0137
22 23 0.0137
378 23 0.0137
3 37 0.0046
38 37 0.0068
43 37 0.0137
37 38 0.0068
40 38 0.0068
38 40 0.0068
41 40 0.0068
40 41 0.0068
44 41 0.0068
4 43 0.0137
37 43 0.0137
44 43 0.016
41 44 0.0068
43 44 0.016
45 44 0.0068
4 45 0.0068
44 45 0.0068
52 47 0.0091
53 47 0.0091
47 52 0.0091
335 52 0.0091
47 53 0.0091
319 53 0.0091
71 70 0.0068
81 70 0.0068
70 71 0.0068
82 71 0.0068
70 81 0.0068
82 81 0.0068
71 82 0.0068
81 82 0.0068
83 82 0.0091
182 82 0.0091
82 83 0.0091
84 83 0.0091
83 84 0.0091
180 84 0.0091
1 85 0.0662
86 85 0.0274
104 85 0.0639
85 86 0.0274
95 86 0.0274
1 89 0.0137
93 89 0.0137
89 93 0.0137
102 93 0.0137
86 95 0.0274
96 95 0.0114
100 95 0.0137
95 96 0.0114
98 96 0.0114
96 98 0.0114
99 98 0.0205
262 98 0.0068
98 99 0.0205
251 99 0.0502
258 99 0.0457
95 100 0.0137
102 100 0.0137
93 102 0.0137
100 102 0.0137
85 104 0.0639
105 104 0.0548
129 104 0.0068
104 105 0.0548
106 105 0.0137
109 105 0.0639
169 105 0.0046
105 106 0.0137
107 106 0.0046
108 106 0.0068
106 107 0.0046
169 107 0.0046
106 108 0.0068
111 108 0.0137
210 108 0.0046
105 109 0.0639
111 109 0.0639
108 111 0.0137
109 111 0.0639
210 111 0.0616
1 113 0.0205
114 113 0.0205
127 113 0.0068
113 114 0.0205
115 114 0.0205
156 114 0.016
114 115 0.0205
116 115 0.0183
157 115 0.0137
115 116 0.0183
117 116 0.0046
125 116 0.0114
116 117 0.0046
118 117 0.0479
155 117 0.0091
157 117 0.0525
117 118 0.0479
119 118 0.0411
154 118 0.0046
118 119 0.0411
152 119 0.0411
148 122 0.0411
152 122 0.0411
116 125 0.0114
127 125 0.0023
128 125 0.0068
1 127 0.0023
113 127 0.0068
125 127 0.0023
125 128 0.0068
129 128 0.016
131 128 0.0068
104 129 0.0068
128 129 0.016
130 129 0.0068
129 130 0.0068
131 130 0.0068
128 131 0.0068
130 131 0.0068
1 136 0.0502
155 136 0.0023
156 136 0.0548
122 148 0.0411
150 148 0.0411
148 150 0.0411
187 150 0.0411
119 152 0.0411
122 152 0.0411
210 153 0.0616
211 153 0.0046
213 153 0.0548
118 154 0.0046
155 154 0.0046
117 155 0.0091
136 155 0.0023
154 155 0.0046
114 156 0.016
136 156 0.0548
157 156 0.0548
115 157 0.0137
117 157 0.0525
156 157 0.0548
160 159 0.0046
162 159 0.0046
159 160 0.0046
162 160 0.0046
159 162 0.0046
160 162 0.0046
105 169 0.0046
107 169 0.0046
84 180 0.0091
182 180 0.0091
82 182 0.0091
180 182 0.0091
150 187 0.0411
188 187 0.0068
190 187 0.0502
187 188 0.0068
194 188 0.0068
494 189 0.0114
495 189 0.0114
187 190 0.0502
191 190 0.0411
194 190 0.0068
190 191 0.0411
503 191 0.0411
188 194 0.0068
190 194 0.0068
108 210 0.0046
111 210 0.0616
153 210 0.0616
211 210 0.0046
153 211 0.0046
210 211 0.0046
153 213 0.0548
214 213 0.0525
225 213 0.0228
213 214 0.0525
215 214 0.0525
214 215 0.0525
230 215 0.0525
213 225 0.0228
226 225 0.0228
225 226 0.0228
227 226 0.0205
230 226 0.0183
226 227 0.0205
228 227 0.0114
231 227 0.0068
227 228 0.0114
229 228 0.0114
228 229 0.0114
834 229 0.0114
215 230 0.0525
226 230 0.0183
231 230 0.0502
227 231 0.0068
230 231 0.0502
232 231 0.0411
231 232 0.0411
233 232 0.0411
232 233 0.0411
234 233 0.0411
233 234 0.0411
544 234 0.0411
99 251 0.0502
253 251 0.0502
251 253 0.0502
566 253 0.0502
99 258 0.0457
259 258 0.0365
262 258 0.0068
258 259 0.0365
260 259 0.0365
259 260 0.0365
261 260 0.0365
260 261 0.0365
583 261 0.0365
98 262 0.0068
258 262 0.0068
20 307 0.0297
374 307 0.0297
53 319 0.0091
335 319 0.0091
347 322 0.0068
440 322 0.0068
326 325 0.0068
328 325 0.0068
325 326 0.0068
327 326 0.0068
326 327 0.0068
328 327 0.0068
325 328 0.0068
327 328 0.0068
332 331 0.0046
333 331 0.0046
331 332 0.0046
333 332 0.0046
331 333 0.0046
332 333 0.0046
52 335 0.0091
319 335 0.0091
341 340 0.0068
663 340 0.0068
340 341 0.0068
665 341 0.0068
322 347 0.0068
443 347 0.0068
16 362 0.0137
369 362 0.0137
367 363 0.032
374 363 0.0457
774 363 0.0434
365 364 0.0502
366 364 0.0365
774 364 0.0434
364 365 0.0502
746 365 0.0502
364 366 0.0365
765 366 0.0434
783 366 0.0046
363 367 0.032
368 367 0.0137
797 367 0.016
367 368 0.0137
776 368 0.0137
21 369 0.032
362 369 0.0137
370 369 0.016
369 370 0.016
371 370 0.016
370 371 0.016
797 371 0.016
21 374 0.032
307 374 0.0297
363 374 0.0457
375 374 0.0434
374 375 0.0434
378 375 0.0434
23 378 0.0137
375 378 0.0434
379 378 0.0274
378 379 0.0274
380 379 0.0274
379 380 0.0274
381 380 0.0274
380 381 0.0274
728 381 0.0274
388 387 0.0068
390 387 0.0068
387 388 0.0068
389 388 0.0274
392 388 0.0365
388 389 0.0274
426 389 0.0274
387 390 0.0068
391 390 0.0274
394 390 0.0365
390 391 0.0274
698 391 0.0274
388 392 0.0365
393 392 0.0046
394 392 0.0434
392 393 0.0046
394 393 0.0046
390 394 0.0365
392 394 0.0434
393 394 0.0046
389 426 0.0274
718 426 0.0274
322 440 0.0068
443 440 0.0068
347 443 0.0068
440 443 0.0068
189 494 0.0114
1348 494 0.0114
189 495 0.0114
497 495 0.0114
495 497 0.0114
825 497 0.0114
191 503 0.0411
504 503 0.0411
503 504 0.0411
505 504 0.0411
504 505 0.0411
506 505 0.0411
505 506 0.0411
545 506 0.0411
234 544 0.0411
545 544 0.0411
506 545 0.0411
544 545 0.0411
253 566 0.0502
575 566 0.0502
566 575 0.0502
576 575 0.0502
575 576 0.0502
580 576 0.0502
576 580 0.0502
581 580 0.0502
580 581 0.0502
843 581 0.0502
261 583 0.0365
584 583 0.0548
597 583 0.016
583 584 0.0548
585 584 0.0365
595 584 0.016
584 585 0.0365
586 585 0.0365
585 586 0.0365
850 586 0.0434
852 586 0.0046
584 595 0.016
865 595 0.016
583 597 0.016
599 597 0.016
597 599 0.016
600 599 0.016
599 600 0.016
601 600 0.016
600 601 0.016
865 601 0.016
606 605 0.0046
610 605 0.0046
605 606 0.0046
610 606 0.0046
605 610 0.0046
606 610 0.0046
635 634 0.0091
1269 634 0.0091
634 635 0.0091
1262 635 0.0091
340 663 0.0068
665 663 0.0068
341 665 0.0068
663 665 0.0068
391 698 0.0274
706 698 0.0274
698 706 0.0274
707 706 0.0411
711 706 0.0114
706 707 0.0411
708 707 0.0114
715 707 0.0274
707 708 0.0114
709 708 0.0114
713 708 0.0114
714 708 0.0114
708 709 0.0114
712 709 0.0114
706 711 0.0114
712 711 0.0114
709 712 0.0114
711 712 0.0114
708 713 0.0114
934 713 0.0114
708 714 0.0114
941 714 0.0114
707 715 0.0274
952 715 0.0274
942 716 0.0068
947 716 0.0068
426 718 0.0274
722 718 0.0274
718 722 0.0274
723 722 0.0274
722 723 0.0274
967 723 0.0068
1186 723 0.0365
381 728 0.0274
729 728 0.0274
728 729 0.0274
736 729 0.0274
729 736 0.0274
750 736 0.0274
365 746 0.0502
747 746 0.0274
760 746 0.0205
746 747 0.0274
748 747 0.0274
747 748 0.0274
749 748 0.0274
748 749 0.0274
750 749 0.0274
736 750 0.0274
749 750 0.0274
746 760 0.0205
761 760 0.0205
760 761 0.0205
1104 761 0.0205
366 765 0.0434
766 765 0.0365
783 765 0.0046
765 766 0.0365
767 766 0.0365
766 767 0.0365
769 767 0.0365
767 769 0.0365
770 769 0.0205
983 769 0.0137
769 770 0.0205
1103 770 0.0046
1104 770 0.0274
363 774 0.0434
364 774 0.0434
368 776 0.0137
777 776 0.0046
779 776 0.0205
776 777 0.0046
779 777 0.0046
776 779 0.0205
777 779 0.0046
780 779 0.0091
786 779 0.0251
779 780 0.0091
788 780 0.0091
366 783 0.0046
765 783 0.0046
779 786 0.0251
787 786 0.0251
786 787 0.0251
788 787 0.0251
780 788 0.0091
787 788 0.0251
789 788 0.0137
788 789 0.0137
988 789 0.0137
367 797 0.016
371 797 0.016
807 806 0.0091
809 806 0.0091
806 807 0.0091
808 807 0.0091
807 808 0.0091
1012 808 0.0091
1022 808 0.0205
806 809 0.0091
810 809 0.0183
1046 809 0.0068
809 810 0.0183
811 810 0.0091
813 810 0.0068
810 811 0.0091
812 811 0.0023
1022 811 0.0137
811 812 0.0023
1023 812 0.0023
810 813 0.0068
1046 813 0.0068
497 825 0.0114
1348 825 0.0114
1365 829 0.0046
1367 829 0.0046
229 834 0.0114
844 834 0.0114
581 843 0.0502
844 843 0.0502
834 844 0.0114
843 844 0.0502
1305 844 0.0365
586 850 0.0434
851 850 0.0365
852 850 0.0046
850 851 0.0365
1304 851 0.0046
1305 851 0.0434
586 852 0.0046
850 852 0.0046
595 865 0.016
601 865 0.016
881 880 0.0068
1274 880 0.0068
880 881 0.0068
1272 881 0.0068
917 916 0.0091
919 916 0.0091
916 917 0.0091
1246 917 0.0091
916 919 0.0091
921 919 0.0091
919 921 0.0091
1246 921 0.0091
713 934 0.0114
935 934 0.0068
1212 934 0.0205
934 935 0.0068
936 935 0.016
937 935 0.0114
1222 935 0.0023
935 936 0.016
1212 936 0.0068
1215 936 0.0068
935 937 0.0114
1214 937 0.0068
1244 937 0.0023
714 941 0.0114
1211 941 0.0114
716 942 0.0068
945 942 0.0068
944 943 0.0046
1198 943 0.0046
943 944 0.0046
1201 944 0.0068
942 945 0.0068
946 945 0.0068
949 945 0.016
945 946 0.0068
1187 946 0.0068
716 947 0.0068
949 947 0.0068
945 949 0.016
947 949 0.0068
1187 949 0.0068
715 952 0.0274
953 952 0.0274
952 953 0.0274
1184 953 0.0274
961 959 0.0388
964 959 0.0183
1186 959 0.0365
959 961 0.0388
962 961 0.016
1182 961 0.0342
961 962 0.016
963 962 0.0046
965 962 0.0091
962 963 0.0046
1182 963 0.0046
959 964 0.0183
965 964 0.0091
966 964 0.0068
962 965 0.0091
964 965 0.0091
964 966 0.0068
969 966 0.0068
723 967 0.0068
968 967 0.0068
967 968 0.0068
969 968 0.0068
1186 968 0.016
966 969 0.0068
968 969 0.0068
973 971 0.016
975 971 0.016
971 973 0.016
974 973 0.016
973 974 0.016
1149 974 0.0228
1152 974 0.0046
971 975 0.016
976 975 0.016
975 976 0.016
977 976 0.016
976 977 0.016
1128 977 0.0114
1137 977 0.0297
1101 982 0.0068
1103 982 0.0068
769 983 0.0137
991 983 0.0046
1095 983 0.0205
1082 987 0.0046
1083 987 0.0046
789 988 0.0137
989 988 0.0228
996 988 0.0068
988 989 0.0228
990 989 0.0137
997 989 0.0068
989 990 0.0137
991 990 0.0137
983 991 0.0046
990 991 0.0137
1095 991 0.0205
1090 995 0.0046
1092 995 0.0046
988 996 0.0068
997 996 0.0068
989 997 0.0068
996 997 0.0068
1068 1002 0.0068
1069 1002 0.0068
808 1012 0.0091
1017 1012 0.0068
1020 1012 0.0183
1012 1017 0.0068
1018 1017 0.0068
1017 1018 0.0068
1020 1018 0.0068
1012 1020 0.0183
1018 1020 0.0068
1031 1020 0.0091
808 1022 0.0205
811 1022 0.0137
1023 1022 0.0137
812 1023 0.0023
1022 1023 0.0137
1031 1023 0.0091
1020 1031 0.0091
1023 1031 0.0091
809 1046 0.0068
813 1046 0.0068
1002 1068 0.0068
1071 1068 0.0137
1074 1068 0.0046
1002 1069 0.0068
1071 1069 0.0068
1068 1071 0.0137
1069 1071 0.0068
1072 1071 0.0046
1071 1072 0.0046
1074 1072 0.0046
1068 1074 0.0046
1072 1074 0.0046
987 1082 0.0046
1083 1082 0.0046
987 1083 0.0046
1082 1083 0.0046
995 1090 0.0046
1091 1090 0.0046
1093 1090 0.0114
1090 1091 0.0046
1093 1091 0.0046
995 1092 0.0046
1093 1092 0.0046
1090 1093 0.0114
1091 1093 0.0046
1092 1093 0.0046
983 1095 0.0205
991 1095 0.0205
982 1101 0.0068
1105 1101 0.0068
770 1103 0.0046
982 1103 0.0068
1104 1103 0.0046
1105 1103 0.0068
761 1104 0.0205
770 1104 0.0274
1103 1104 0.0046
1101 1105 0.0068
1103 1105 0.0068
977 1128 0.0114
1131 1128 0.0114
1128 1131 0.0114
1132 1131 0.0046
1134 1131 0.0183
1131 1132 0.0046
1133 1132 0.0114
1159 1132 0.0046
1132 1133 0.0114
1157 1133 0.0183
1160 1133 0.0046
1131 1134 0.0183
1135 1134 0.0046
1139 1134 0.0114
1134 1135 0.0046
1136 1135 0.0114
1161 1135 0.0046
1135 1136 0.0114
1159 1136 0.0046
1161 1136 0.0046
977 1137 0.0297
1138 1137 0.0388
1145 1137 0.0068
1137 1138 0.0388
1139 1138 0.0183
1144 1138 0.032
1134 1139 0.0114
1138 1139 0.0183
1140 1139 0.0046
1139 1140 0.0046
1142 1140 0.0046
1140 1142 0.0046
1144 1142 0.0046
1138 1144 0.032
1142 1144 0.0046
1145 1144 0.0068
1147 1144 0.016
1137 1145 0.0068
1144 1145 0.0068
1144 1147 0.016
1150 1147 0.016
974 1149 0.0228
1150 1149 0.016
1152 1149 0.0046
1147 1150 0.016
1149 1150 0.016
974 1152 0.0046
1149 1152 0.0046
1133 1157 0.0183
1159 1157 0.0114
1160 1157 0.0046
1132 1159 0.0046
1136 1159 0.0046
1157 1159 0.0114
1133 1160 0.0046
1157 1160 0.0046
1135 1161 0.0046
1136 1161 0.0046
961 1182 0.0342
963 1182 0.0046
1184 1182 0.0274
953 1184 0.0274
1182 1184 0.0274
723 1186 0.0365
959 1186 0.0365
968 1186 0.016
946 1187 0.0068
949 1187 0.0068
943 1198 0.0046
1199 1198 0.0068
1201 1198 0.0137
1198 1199 0.0068
1202 1199 0.0068
944 1201 0.0068
1198 1201 0.0137
1202 1201 0.0091
1199 1202 0.0068
1201 1202 0.0091
1203 1202 0.0046
1206 1202 0.0068
1202 1203 0.0046
1204 1203 0.0046
1209 1203 0.0114
1203 1204 0.0046
1209 1204 0.0046
1202 1206 0.0068
1207 1206 0.0023
1209 1206 0.0091
1206 1207 0.0023
1209 1207 0.0023
1203 1209 0.0114
1204 1209 0.0046
1206 1209 0.0091
1207 1209 0.0023
941 1211 0.0114
1212 1211 0.0114
934 1212 0.0205
936 1212 0.0068
1211 1212 0.0114
937 1214 0.0068
1215 1214 0.0068
936 1215 0.0068
1214 1215 0.0068
1223 1217 0.0068
1244 1217 0.0068
935 1222 0.0023
1226 1222 0.0068
1230 1222 0.0114
1238 1222 0.0068
1217 1223 0.0068
1238 1223 0.0068
1222 1226 0.0068
1227 1226 0.0068
1226 1227 0.0068
1230 1227 0.0068
1222 1230 0.0114
1227 1230 0.0068
1238 1230 0.0023
1222 1238 0.0068
1223 1238 0.0068
1230 1238 0.0023
1244 1238 0.0114
937 1244 0.0023
1217 1244 0.0068
1238 1244 0.0114
917 1246 0.0091
921 1246 0.0091
635 1262 0.0091
1267 1262 0.0091
1262 1267 0.0091
1269 1267 0.0091
634 1269 0.0091
1267 1269 0.0091
881 1272 0.0068
1274 1272 0.0068
880 1274 0.0068
1272 1274 0.0068
1297 1296 0.0068
1326 1296 0.0068
1296 1297 0.0068
1298 1297 0.0068
1297 1298 0.0068
1326 1298 0.0068
851 1304 0.0046
1305 1304 0.0046
844 1305 0.0365
851 1305 0.0434
1304 1305 0.0046
1296 1326 0.0068
1298 1326 0.0068
494 1348 0.0114
825 1348 0.0114
829 1365 0.0046
1367 1365 0.0046
829 1367 0.0046
1365 1367 0.0046
