2 1 0.0067
8 1 0.0067
69 1 0.0056
74 1 0.0056
85 1 0.0179
89 1 0.0067
113 1 0.0101
127 1 0.0011
136 1 0.0101
1 2 0.0067
3 2 0.0101
5 2 0.0022
2 3 0.0101
4 3 0.0135
37 3 0.0022
3 4 0.0135
5 4 0.0101
43 4 0.0067
45 4 0.0034
2 5 0.0022
4 5 0.0101
6 5 0.0067
5 6 0.0067
53 6 0.0067
1 8 0.0067
14 8 0.0067
17 8 0.0146
8 14 0.0067
16 14 0.0067
14 16 0.0067
362 16 0.0067
8 17 0.0146
18 17 0.0146
17 18 0.0146
20 18 0.0146
18 20 0.0146
22 20 0.0179
307 20 0.0179
369 21 0.0157
374 21 0.0157
20 22 0.0179
23 22 0.0067
29 22 0.0101
22 23 0.0067
378 23 0.0067
22 29 0.0101
30 29 0.0101
29 30 0.0101
387 30 0.0101
3 37 0.0022
38 37 0.0034
43 37 0.0067
37 38 0.0034
40 38 0.0034
38 40 0.0034
41 40 0.0034
40 41 0.0034
44 41 0.0034
4 43 0.0067
37 43 0.0067
44 43 0.0078
41 44 0.0034
43 44 0.0078
45 44 0.0034
4 45 0.0034
44 45 0.0034
48 47 0.0258
52 47 0.0235
53 47 0.0123
47 48 0.0258
49 48 0.0258
48 49 0.0258
50 49 0.0258
49 50 0.0258
336 50 0.0258
47 52 0.0235
335 52 0.0235
6 53 0.0067
47 53 0.0123
319 53 0.0045
1 69 0.0056
80 69 0.0056
71 70 0.0034
81 70 0.0034
70 71 0.0034
82 71 0.0034
1 74 0.0056
75 74 0.0056
74 75 0.0056
78 75 0.0056
75 78 0.0056
80 78 0.0056
69 80 0.0056
78 80 0.0056
70 81 0.0034
82 81 0.0034
71 82 0.0034
81 82 0.0034
83 82 0.0045
182 82 0.0045
82 83 0.0045
84 83 0.0045
83 84 0.0045
180 84 0.0045
1 85 0.0179
86 85 0.0078
104 85 0.0112
85 86 0.0078
95 86 0.0078
1 89 0.0067
93 89 0.0067
89 93 0.0067
94 93 0.0101
102 93 0.0179
93 94 0.0101
264 94 0.0101
86 95 0.0078
96 95 0.0112
100 95 0.0179
95 96 0.0112
98 96 0.0112
96 98 0.0112
99 98 0.0157
262 98 0.0034
98 99 0.0157
251 99 0.0123
258 99 0.0269
95 100 0.0179
102 100 0.0179
93 102 0.0179
100 102 0.0179
85 104 0.0112
105 104 0.0067
129 104 0.0034
104 105 0.0067
106 105 0.0067
109 105 0.0112
169 105 0.0022
105 106 0.0067
107 106 0.0022
108 106 0.0034
106 107 0.0022
169 107 0.0022
106 108 0.0034
111 108 0.0078
210 108 0.0135
235 108 0.0112
105 109 0.0112
111 109 0.0112
108 111 0.0078
109 111 0.0112
210 111 0.009
1 113 0.0101
114 113 0.0101
127 113 0.0034
113 114 0.0101
115 114 0.0101
156 114 0.0078
114 115 0.0101
116 115 0.009
157 115 0.0067
115 116 0.009
117 116 0.0022
125 116 0.0056
116 117 0.0022
118 117 0.009
155 117 0.0045
157 117 0.0112
117 118 0.009
119 118 0.0056
154 118 0.0022
118 119 0.0056
152 119 0.0056
148 122 0.0056
152 122 0.0056
116 125 0.0056
127 125 0.0011
128 125 0.0034
1 127 0.0011
113 127 0.0034
125 127 0.0011
125 128 0.0034
129 128 0.0078
131 128 0.0034
104 129 0.0034
128 129 0.0078
130 129 0.0034
129 130 0.0034
131 130 0.0034
128 131 0.0034
130 131 0.0034
1 136 0.0101
155 136 0.0011
156 136 0.0123
122 148 0.0056
149 148 0.0168
150 148 0.0101
148 149 0.0168
186 149 0.0168
148 150 0.0101
187 150 0.0101
119 152 0.0056
122 152 0.0056
210 153 0.0202
211 153 0.0022
213 153 0.0168
118 154 0.0022
155 154 0.0022
117 155 0.0045
136 155 0.0011
154 155 0.0022
114 156 0.0078
136 156 0.0123
157 156 0.0123
115 157 0.0067
117 157 0.0112
156 157 0.0123
160 159 0.0022
162 159 0.0022
159 160 0.0022
162 160 0.0022
159 162 0.0022
160 162 0.0022
105 169 0.0022
107 169 0.0022
84 180 0.0045
182 180 0.0045
82 182 0.0045
180 182 0.0045
149 186 0.0168
533 186 0.0168
150 187 0.0101
188 187 0.0034
190 187 0.0146
187 188 0.0034
194 188 0.0067
495 188 0.0022
495 189 0.0045
496 189 0.0045
187 190 0.0146
191 190 0.0135
194 190 0.0067
190 191 0.0135
504 191 0.0135
188 194 0.0067
190 194 0.0067
108 210 0.0135
111 210 0.009
153 210 0.0202
211 210 0.0022
153 211 0.0022
210 211 0.0022
153 213 0.0168
214 213 0.0112
225 213 0.0157
213 214 0.0112
215 214 0.0112
214 215 0.0112
216 215 0.0146
230 215 0.0135
215 216 0.0146
532 216 0.0146
213 225 0.0157
226 225 0.0157
225 226 0.0157
227 226 0.0191
230 226 0.0135
226 227 0.0191
228 227 0.0146
231 227 0.0034
227 228 0.0146
229 228 0.0146
228 229 0.0146
834 229 0.0146
215 230 0.0135
226 230 0.0135
231 230 0.0168
227 231 0.0034
230 231 0.0168
232 231 0.0123
231 232 0.0123
233 232 0.0078
551 232 0.0034
232 233 0.0078
234 233 0.0078
233 234 0.0078
544 234 0.0078
108 235 0.0112
236 235 0.0112
235 236 0.0112
237 236 0.0112
236 237 0.0112
240 237 0.0112
237 240 0.0112
242 240 0.0112
240 242 0.0112
1886 242 0.0112
99 251 0.0123
253 251 0.0123
251 253 0.0123
565 253 0.0123
99 258 0.0269
259 258 0.0224
262 258 0.0034
258 259 0.0224
260 259 0.0191
434 259 0.0179
259 260 0.0191
261 260 0.0191
260 261 0.0191
582 261 0.0191
98 262 0.0034
258 262 0.0034
94 264 0.0101
265 264 0.0101
264 265 0.0101
266 265 0.0101
265 266 0.0101
267 266 0.0101
266 267 0.0101
880 267 0.0101
20 307 0.0179
374 307 0.0179
53 319 0.0045
335 319 0.0045
347 322 0.0034
441 322 0.0034
326 325 0.0224
328 325 0.0034
335 325 0.0179
325 326 0.0224
327 326 0.0224
326 327 0.0224
328 327 0.0224
325 328 0.0034
327 328 0.0224
329 328 0.0179
328 329 0.0179
349 329 0.0179
332 331 0.0022
333 331 0.0022
331 332 0.0022
333 332 0.0022
331 333 0.0022
332 333 0.0022
52 335 0.0235
319 335 0.0045
325 335 0.0179
50 336 0.0258
337 336 0.0258
336 337 0.0258
339 337 0.0258
337 339 0.0258
351 339 0.0258
341 340 0.0034
662 340 0.0034
340 341 0.0034
664 341 0.0034
322 347 0.0034
444 347 0.0034
329 349 0.0179
630 349 0.0179
339 351 0.0258
650 351 0.0258
16 362 0.0067
369 362 0.0067
367 363 0.0168
374 363 0.0235
773 363 0.0235
365 364 0.0258
366 364 0.0191
773 364 0.0235
364 365 0.0258
745 365 0.0258
364 366 0.0191
764 366 0.0224
782 366 0.0022
363 367 0.0168
368 367 0.0078
796 367 0.0078
367 368 0.0078
775 368 0.0078
21 369 0.0157
362 369 0.0067
370 369 0.0078
369 370 0.0078
371 370 0.0078
370 371 0.0078
796 371 0.0078
21 374 0.0157
307 374 0.0179
363 374 0.0235
375 374 0.0191
374 375 0.0191
378 375 0.0191
23 378 0.0067
375 378 0.0191
379 378 0.0112
378 379 0.0112
380 379 0.0112
379 380 0.0112
381 380 0.0112
380 381 0.0112
727 381 0.0112
30 387 0.0101
388 387 0.0067
390 387 0.0112
387 388 0.0067
389 388 0.0202
392 388 0.0213
388 389 0.0202
427 389 0.0202
387 390 0.0112
391 390 0.0247
394 390 0.0213
390 391 0.0247
697 391 0.0247
388 392 0.0213
393 392 0.0022
394 392 0.0247
392 393 0.0022
394 393 0.0022
390 394 0.0213
392 394 0.0247
393 394 0.0022
409 408 0.0022
1005 408 0.0022
408 409 0.0022
801 409 0.0011
1005 409 0.0045
389 427 0.0202
717 427 0.0202
259 434 0.0179
603 434 0.0179
322 441 0.0034
444 441 0.0034
347 444 0.0034
441 444 0.0034
188 495 0.0022
189 495 0.0045
825 495 0.0078
189 496 0.0045
498 496 0.0045
496 498 0.0045
826 498 0.0022
827 498 0.0078
191 504 0.0135
505 504 0.0135
504 505 0.0135
506 505 0.0191
2002 505 0.0112
505 506 0.0191
507 506 0.0191
506 507 0.0191
545 507 0.0191
216 532 0.0146
533 532 0.0168
546 532 0.0191
186 533 0.0168
532 533 0.0168
234 544 0.0078
545 544 0.0157
546 544 0.0247
507 545 0.0191
544 545 0.0157
828 545 0.0135
532 546 0.0191
544 546 0.0247
547 546 0.0045
546 547 0.0045
829 547 0.0157
830 547 0.0101
232 551 0.0034
835 551 0.0034
253 565 0.0123
574 565 0.0123
565 574 0.0123
575 574 0.0123
574 575 0.0123
579 575 0.0123
575 579 0.0123
580 579 0.0123
579 580 0.0123
842 580 0.0123
261 582 0.0191
583 582 0.0269
596 582 0.0224
582 583 0.0269
584 583 0.0179
594 583 0.0078
583 584 0.0179
585 584 0.0179
584 585 0.0179
849 585 0.0146
851 585 0.009
583 594 0.0078
864 594 0.0078
582 596 0.0224
598 596 0.0224
596 598 0.0224
599 598 0.0224
598 599 0.0224
600 599 0.0146
1978 599 0.0067
599 600 0.0146
859 600 0.0056
864 600 0.0078
434 603 0.0179
604 603 0.0179
608 603 0.0213
603 604 0.0179
605 604 0.0022
609 604 0.0213
604 605 0.0022
609 605 0.0022
603 608 0.0213
879 608 0.0213
604 609 0.0213
605 609 0.0022
610 609 0.0179
609 610 0.0179
611 610 0.0067
875 610 0.0101
610 611 0.0067
868 611 0.0135
870 611 0.0056
349 630 0.0179
632 630 0.0179
630 632 0.0179
633 632 0.0179
632 633 0.0179
634 633 0.0235
1695 633 0.0045
633 634 0.0235
1689 634 0.0235
351 650 0.0258
651 650 0.0258
650 651 0.0258
653 651 0.0258
651 653 0.0258
913 653 0.0258
340 662 0.0034
664 662 0.0034
341 664 0.0034
662 664 0.0034
391 697 0.0247
705 697 0.0247
697 705 0.0247
706 705 0.0314
710 705 0.0056
705 706 0.0314
707 706 0.0135
714 706 0.0168
706 707 0.0135
708 707 0.0056
712 707 0.0135
713 707 0.0056
707 708 0.0056
711 708 0.0056
705 710 0.0056
711 710 0.0056
708 711 0.0056
710 711 0.0056
707 712 0.0135
932 712 0.0135
707 713 0.0056
939 713 0.0056
706 714 0.0168
950 714 0.0168
940 715 0.0034
945 715 0.0034
427 717 0.0202
721 717 0.0202
717 721 0.0202
722 721 0.0202
721 722 0.0202
964 722 0.0247
1493 722 0.0034
381 727 0.0112
728 727 0.0112
727 728 0.0112
735 728 0.0112
728 735 0.0112
749 735 0.0112
365 745 0.0258
746 745 0.0146
759 745 0.0101
745 746 0.0146
747 746 0.0146
746 747 0.0146
748 747 0.0146
747 748 0.0146
749 748 0.0146
735 749 0.0112
748 749 0.0146
751 749 0.0022
749 751 0.0022
970 751 0.0022
745 759 0.0101
760 759 0.0101
759 760 0.0101
1382 760 0.0101
366 764 0.0224
765 764 0.0191
782 764 0.0022
764 765 0.0191
766 765 0.0191
765 766 0.0191
768 766 0.0191
766 768 0.0191
769 768 0.0101
980 768 0.0078
768 769 0.0101
1381 769 0.0022
1382 769 0.0135
363 773 0.0235
364 773 0.0235
368 775 0.0078
776 775 0.0022
778 775 0.0112
775 776 0.0022
778 776 0.0022
775 778 0.0112
776 778 0.0022
779 778 0.0045
785 778 0.0135
778 779 0.0045
787 779 0.0045
366 782 0.0022
764 782 0.0022
778 785 0.0135
786 785 0.0135
785 786 0.0135
787 786 0.0135
779 787 0.0045
786 787 0.0135
788 787 0.0078
787 788 0.0078
985 788 0.0135
995 788 0.0045
367 796 0.0078
371 796 0.0078
409 801 0.0011
1005 801 0.0011
807 806 0.0056
809 806 0.0056
806 807 0.0056
808 807 0.0056
807 808 0.0056
1010 808 0.0022
1026 808 0.009
806 809 0.0056
810 809 0.0101
1049 809 0.0034
809 810 0.0101
811 810 0.0157
813 810 0.0135
810 811 0.0157
812 811 0.0123
1026 811 0.009
811 812 0.0123
1027 812 0.0078
1028 812 0.0146
810 813 0.0135
814 813 0.009
1049 813 0.0034
813 814 0.009
815 814 0.009
814 815 0.009
1054 815 0.009
495 825 0.0078
1996 825 0.0078
498 826 0.0022
1999 826 0.0022
498 827 0.0078
1996 827 0.009
1999 827 0.0067
545 828 0.0135
2012 828 0.0135
547 829 0.0157
2020 829 0.009
2022 829 0.0146
547 830 0.0101
831 830 0.0101
830 831 0.0101
832 831 0.0101
831 832 0.0101
2024 832 0.0101
229 834 0.0146
1886 834 0.0146
551 835 0.0034
836 835 0.0101
1860 835 0.0056
835 836 0.0101
1862 836 0.0056
1864 836 0.0034
580 842 0.0123
843 842 0.0123
842 843 0.0123
1855 843 0.0146
1856 843 0.0034
585 849 0.0146
850 849 0.0146
851 849 0.0056
849 850 0.0146
1854 850 0.0056
1855 850 0.0146
585 851 0.009
849 851 0.0056
852 851 0.009
851 852 0.009
1866 852 0.0101
1868 852 0.0067
600 859 0.0056
860 859 0.0056
859 860 0.0056
861 860 0.0056
860 861 0.0056
862 861 0.0101
1845 861 0.0034
861 862 0.0101
863 862 0.0034
1858 862 0.0056
862 863 0.0034
1845 863 0.0034
594 864 0.0078
600 864 0.0078
611 868 0.0135
869 868 0.0112
1745 868 0.0101
868 869 0.0112
1743 869 0.0034
1978 869 0.0112
1980 869 0.0034
611 870 0.0056
871 870 0.0056
870 871 0.0056
1742 871 0.0056
610 875 0.0101
877 875 0.0101
875 877 0.0101
1735 877 0.0101
608 879 0.0213
880 879 0.0101
1733 879 0.0101
267 880 0.0101
879 880 0.0101
653 913 0.0258
914 913 0.0101
916 913 0.037
913 914 0.0101
915 914 0.0045
1651 914 0.0045
914 915 0.0045
1680 915 0.0045
913 916 0.037
917 916 0.0123
919 916 0.0348
916 917 0.0123
1539 917 0.0123
916 919 0.0348
1559 919 0.0291
1651 919 0.0045
712 932 0.0135
933 932 0.0101
1525 932 0.009
932 933 0.0101
934 933 0.0056
935 933 0.0034
1534 933 0.0078
933 934 0.0056
1525 934 0.0022
1530 934 0.0022
933 935 0.0034
1527 935 0.0067
1649 935 0.0022
713 939 0.0056
1524 939 0.0056
715 940 0.0034
943 940 0.0034
942 941 0.0011
1512 941 0.0011
941 942 0.0011
1515 942 0.0034
1519 942 0.0011
940 943 0.0034
944 943 0.0034
947 943 0.0078
943 944 0.0034
1501 944 0.0034
715 945 0.0034
947 945 0.0034
943 947 0.0078
945 947 0.0034
1501 947 0.0034
714 950 0.0168
951 950 0.0168
950 951 0.0168
1480 951 0.0168
959 957 0.0045
961 957 0.0078
1493 957 0.0022
957 959 0.0045
960 959 0.0045
959 960 0.0045
962 960 0.0045
957 961 0.0078
962 961 0.0045
963 961 0.0022
960 962 0.0045
961 962 0.0045
961 963 0.0022
1466 963 0.0056
1467 963 0.0022
722 964 0.0247
965 964 0.0247
964 965 0.0247
966 965 0.0235
1493 965 0.0067
965 966 0.0235
1436 966 0.0056
1466 966 0.0235
970 968 0.0067
972 968 0.0067
751 970 0.0022
968 970 0.0067
971 970 0.0101
970 971 0.0101
1432 971 0.0022
1435 971 0.0135
968 972 0.0067
973 972 0.0067
972 973 0.0067
974 973 0.0067
973 974 0.0067
1413 974 0.0056
1422 974 0.0135
1378 979 0.0034
1381 979 0.0034
768 980 0.0078
988 980 0.0022
1372 980 0.0112
1360 984 0.0022
1361 984 0.0022
788 985 0.0135
986 985 0.0179
993 985 0.0034
985 986 0.0179
987 986 0.0078
994 986 0.009
986 987 0.0078
988 987 0.0078
980 988 0.0022
987 988 0.0078
1372 988 0.0112
1367 992 0.0022
1369 992 0.0022
985 993 0.0034
994 993 0.0034
986 994 0.009
993 994 0.0034
1346 994 0.0045
788 995 0.0045
1344 995 0.0045
1336 999 0.0034
1337 999 0.0034
408 1005 0.0022
409 1005 0.0045
801 1005 0.0011
808 1010 0.0022
1011 1010 0.0022
1016 1010 0.0056
1017 1010 0.0056
1010 1011 0.0022
1014 1011 0.0022
1011 1014 0.0022
1017 1014 0.0022
1010 1016 0.0056
1017 1016 0.0056
1023 1016 0.0056
1010 1017 0.0056
1014 1017 0.0022
1016 1017 0.0056
1018 1017 0.0022
1017 1018 0.0022
1023 1018 0.0022
1016 1023 0.0056
1018 1023 0.0022
1024 1023 0.0045
1034 1023 0.0078
1023 1024 0.0045
1030 1024 0.0045
808 1026 0.009
811 1026 0.009
1027 1026 0.0056
812 1027 0.0078
1026 1027 0.0056
1034 1027 0.0078
812 1028 0.0146
1029 1028 0.0045
1036 1028 0.009
1028 1029 0.0045
1030 1029 0.0045
1024 1030 0.0045
1029 1030 0.0045
1023 1034 0.0078
1027 1034 0.0078
1028 1036 0.009
1039 1036 0.009
1036 1039 0.009
1040 1039 0.0067
1041 1039 0.0168
1039 1040 0.0067
1156 1040 0.0067
1039 1041 0.0168
1064 1041 0.0168
809 1049 0.0034
813 1049 0.0034
815 1054 0.009
1060 1054 0.009
1054 1060 0.009
1061 1060 0.0078
1063 1060 0.0179
1060 1061 0.0078
1062 1061 0.0078
1061 1062 0.0078
1074 1062 0.0078
1060 1063 0.0179
1064 1063 0.0135
1065 1063 0.0123
1082 1063 0.0078
1041 1064 0.0168
1063 1064 0.0135
1101 1064 0.0157
1112 1064 0.0034
1063 1065 0.0123
1083 1065 0.0034
1091 1065 0.0078
1062 1074 0.0078
1077 1074 0.0078
1074 1077 0.0078
1121 1077 0.0078
1063 1082 0.0078
1083 1082 0.0078
1065 1083 0.0034
1082 1083 0.0078
1084 1083 0.0034
1083 1084 0.0034
1086 1084 0.0168
1095 1084 0.0123
1084 1086 0.0168
1087 1086 0.0112
1098 1086 0.0135
1086 1087 0.0112
1099 1087 0.0112
1065 1091 0.0078
1092 1091 0.0112
1094 1091 0.0022
1091 1092 0.0112
1094 1092 0.0112
1091 1094 0.0022
1092 1094 0.0112
1121 1094 0.0078
1084 1095 0.0123
1097 1095 0.0123
1095 1097 0.0123
1124 1097 0.0022
1131 1097 0.0157
1086 1098 0.0135
1099 1098 0.0034
1291 1098 0.009
1087 1099 0.0112
1098 1099 0.0034
1100 1099 0.0067
1099 1100 0.0067
1134 1100 0.0022
1285 1100 0.0034
1064 1101 0.0157
1103 1101 0.0146
1105 1101 0.0067
1106 1101 0.0056
1101 1103 0.0146
1107 1103 0.0101
1115 1103 0.0034
1105 1104 0.0034
1112 1104 0.0034
1101 1105 0.0067
1104 1105 0.0034
1106 1105 0.0022
1101 1106 0.0056
1105 1106 0.0022
1107 1106 0.0022
1103 1107 0.0101
1106 1107 0.0022
1109 1107 0.0067
1107 1109 0.0067
1110 1109 0.0101
1140 1109 0.0022
1109 1110 0.0101
1117 1110 0.0067
1140 1110 0.0022
1064 1112 0.0034
1104 1112 0.0034
1103 1115 0.0034
1285 1115 0.0034
1110 1117 0.0067
1166 1117 0.0067
1077 1121 0.0078
1094 1121 0.0078
1097 1124 0.0022
1125 1124 0.0146
1131 1124 0.0179
1124 1125 0.0146
1131 1125 0.0011
1290 1125 0.0123
1127 1126 0.0056
1136 1126 0.0045
1253 1126 0.0034
1290 1126 0.0022
1126 1127 0.0056
1128 1127 0.0011
1255 1127 0.0034
1127 1128 0.0011
1257 1128 0.0022
1260 1128 0.0045
1097 1131 0.0157
1124 1131 0.0179
1125 1131 0.0011
1100 1134 0.0022
1135 1134 0.0045
1136 1134 0.0078
1134 1135 0.0045
1138 1135 0.0067
1279 1135 0.0011
1126 1136 0.0045
1134 1136 0.0078
1137 1136 0.0067
1136 1137 0.0067
1138 1137 0.0078
1261 1137 0.0045
1135 1138 0.0067
1137 1138 0.0078
1262 1138 0.0045
1109 1140 0.0022
1110 1140 0.0022
1040 1156 0.0067
1165 1156 0.0067
1156 1165 0.0067
1166 1165 0.0067
1117 1166 0.0067
1165 1166 0.0067
1126 1253 0.0034
1255 1253 0.0034
1127 1255 0.0034
1253 1255 0.0034
1128 1257 0.0022
1258 1257 0.0022
1257 1258 0.0022
1259 1258 0.0034
1260 1258 0.0067
1258 1259 0.0034
1261 1259 0.0067
1262 1259 0.0022
1128 1260 0.0045
1258 1260 0.0067
1261 1260 0.0056
1137 1261 0.0045
1259 1261 0.0067
1260 1261 0.0056
1138 1262 0.0045
1259 1262 0.0022
1279 1262 0.0011
1301 1270 0.0022
1305 1270 0.0022
1135 1279 0.0011
1262 1279 0.0011
1100 1285 0.0034
1115 1285 0.0034
1125 1290 0.0123
1126 1290 0.0022
1296 1290 0.009
1098 1291 0.009
1293 1291 0.009
1291 1293 0.009
1295 1293 0.009
1293 1295 0.009
1296 1295 0.009
1290 1296 0.009
1295 1296 0.009
1270 1301 0.0022
1305 1301 0.0022
1270 1305 0.0022
1301 1305 0.0022
999 1336 0.0034
1339 1336 0.0067
1342 1336 0.0022
999 1337 0.0034
1339 1337 0.0034
1336 1339 0.0067
1337 1339 0.0034
1340 1339 0.0022
1339 1340 0.0022
1342 1340 0.0022
1336 1342 0.0022
1340 1342 0.0022
995 1344 0.0045
1346 1344 0.0045
994 1346 0.0045
1344 1346 0.0045
984 1360 0.0022
1361 1360 0.0022
984 1361 0.0022
1360 1361 0.0022
992 1367 0.0022
1368 1367 0.0022
1370 1367 0.0056
1367 1368 0.0022
1370 1368 0.0022
992 1369 0.0022
1370 1369 0.0022
1367 1370 0.0056
1368 1370 0.0022
1369 1370 0.0022
980 1372 0.0112
988 1372 0.0112
979 1378 0.0034
1383 1378 0.0034
769 1381 0.0022
979 1381 0.0034
1382 1381 0.0022
1383 1381 0.0034
760 1382 0.0101
769 1382 0.0135
1381 1382 0.0022
1378 1383 0.0034
1381 1383 0.0034
974 1413 0.0056
1416 1413 0.0056
1413 1416 0.0056
1417 1416 0.0022
1419 1416 0.009
1416 1417 0.0022
1418 1417 0.0056
1445 1417 0.0022
1417 1418 0.0056
1443 1418 0.009
1446 1418 0.0022
1416 1419 0.009
1420 1419 0.0022
1424 1419 0.0056
1419 1420 0.0022
1421 1420 0.0056
1447 1420 0.0022
1420 1421 0.0056
1445 1421 0.0022
1447 1421 0.0022
974 1422 0.0135
1423 1422 0.0179
1429 1422 0.0034
1422 1423 0.0179
1424 1423 0.009
1428 1423 0.0146
1419 1424 0.0056
1423 1424 0.009
1425 1424 0.0022
1424 1425 0.0022
1427 1425 0.0022
1425 1427 0.0022
1428 1427 0.0056
1488 1427 0.0022
1423 1428 0.0146
1427 1428 0.0056
1429 1428 0.0034
1431 1428 0.0101
1422 1429 0.0034
1428 1429 0.0034
1428 1431 0.0101
1433 1431 0.0067
1488 1431 0.0022
971 1432 0.0022
1433 1432 0.0067
1435 1432 0.0101
1431 1433 0.0067
1432 1433 0.0067
971 1435 0.0135
1432 1435 0.0101
1436 1435 0.0022
966 1436 0.0056
1435 1436 0.0022
1449 1436 0.0022
1438 1437 0.009
1449 1437 0.0067
1468 1437 0.0011
1437 1438 0.009
1450 1438 0.0034
1468 1438 0.0045
1418 1443 0.009
1445 1443 0.0056
1446 1443 0.0022
1417 1445 0.0022
1421 1445 0.0022
1443 1445 0.0056
1418 1446 0.0022
1443 1446 0.0022
1420 1447 0.0022
1421 1447 0.0022
1436 1449 0.0022
1437 1449 0.0067
1450 1449 0.0034
1438 1450 0.0034
1449 1450 0.0034
963 1466 0.0056
966 1466 0.0235
1467 1466 0.0235
963 1467 0.0022
1466 1467 0.0235
1468 1467 0.0056
1497 1467 0.0202
1437 1468 0.0011
1438 1468 0.0045
1467 1468 0.0056
1490 1468 0.0011
1497 1468 0.0045
951 1480 0.0168
1481 1480 0.0168
1480 1481 0.0168
1482 1481 0.0168
1481 1482 0.0168
1492 1482 0.0168
1427 1488 0.0022
1431 1488 0.0022
1468 1490 0.0011
1491 1490 0.0011
1497 1490 0.0034
1490 1491 0.0011
1492 1491 0.0168
1497 1491 0.0191
1482 1492 0.0168
1491 1492 0.0168
722 1493 0.0034
957 1493 0.0022
965 1493 0.0067
1467 1497 0.0202
1468 1497 0.0045
1490 1497 0.0034
1491 1497 0.0191
944 1501 0.0034
947 1501 0.0034
941 1512 0.0011
1513 1512 0.0034
1515 1512 0.0056
1512 1513 0.0034
1516 1513 0.0034
942 1515 0.0034
1512 1515 0.0056
1516 1515 0.0056
1513 1516 0.0034
1515 1516 0.0056
1517 1516 0.0022
1519 1516 0.0045
1516 1517 0.0022
1518 1517 0.0022
1522 1517 0.0056
1517 1518 0.0022
1522 1518 0.0056
1591 1518 0.0022
942 1519 0.0011
1516 1519 0.0045
1520 1519 0.0011
1522 1519 0.0045
1519 1520 0.0011
1521 1520 0.0022
1522 1520 0.0045
1520 1521 0.0022
1591 1521 0.0022
1517 1522 0.0056
1518 1522 0.0056
1519 1522 0.0045
1520 1522 0.0045
939 1524 0.0056
1525 1524 0.0056
932 1525 0.009
934 1525 0.0022
1524 1525 0.0056
935 1527 0.0067
1528 1527 0.0022
1530 1527 0.0123
1553 1527 0.0011
1649 1527 0.0123
1527 1528 0.0022
1529 1528 0.0056
1530 1528 0.009
1528 1529 0.0056
1545 1529 0.0011
1550 1529 0.0078
934 1530 0.0022
1527 1530 0.0123
1528 1530 0.009
1535 1531 0.0011
1577 1531 0.0056
1578 1531 0.0078
933 1534 0.0078
1538 1534 0.0034
1541 1534 0.0135
1531 1535 0.0011
1558 1535 0.0011
1534 1538 0.0034
1539 1538 0.0034
917 1539 0.0123
1538 1539 0.0034
1542 1539 0.0168
1534 1541 0.0135
1542 1541 0.0179
1558 1541 0.0034
1539 1542 0.0168
1541 1542 0.0179
1650 1542 0.0112
1529 1545 0.0011
1568 1545 0.0045
1569 1545 0.0022
1547 1546 0.0034
1548 1546 0.0078
1569 1546 0.0034
1546 1547 0.0034
1599 1547 0.0034
1546 1548 0.0078
1599 1548 0.0034
1615 1548 0.0034
1606 1549 0.0045
1615 1549 0.0045
1529 1550 0.0078
1551 1550 0.0078
1570 1550 0.0067
1614 1550 0.0022
1550 1551 0.0078
1552 1551 0.0067
1590 1551 0.0135
1551 1552 0.0067
1563 1552 0.009
1579 1552 0.0045
1527 1553 0.0011
1556 1553 0.0022
1555 1554 0.0022
1582 1554 0.0011
1554 1555 0.0022
1557 1555 0.0056
1583 1555 0.0067
1553 1556 0.0022
1557 1556 0.0034
1576 1556 0.0045
1555 1557 0.0056
1556 1557 0.0034
1585 1557 0.0078
1535 1558 0.0011
1541 1558 0.0034
1578 1558 0.0045
1650 1558 0.0067
919 1559 0.0291
1560 1559 0.0045
1562 1559 0.0235
1559 1560 0.0045
1561 1560 0.0191
1627 1560 0.0135
1560 1561 0.0191
1564 1561 0.0022
1565 1561 0.0224
1559 1562 0.0235
1675 1562 0.037
1677 1562 0.0123
1552 1563 0.009
1564 1563 0.0045
1587 1563 0.0034
1561 1564 0.0022
1563 1564 0.0045
1565 1564 0.0112
1590 1564 0.0135
1561 1565 0.0224
1564 1565 0.0112
1566 1565 0.0168
1565 1566 0.0168
1567 1566 0.0202
1639 1566 0.0022
1566 1567 0.0202
1607 1567 0.0168
1639 1567 0.0022
1545 1568 0.0045
1569 1568 0.0067
1570 1568 0.0056
1545 1569 0.0022
1546 1569 0.0034
1568 1569 0.0067
1550 1570 0.0067
1568 1570 0.0056
1614 1570 0.009
1572 1571 0.0078
1614 1571 0.0067
1571 1572 0.0078
1573 1572 0.0056
1618 1572 0.0078
1572 1573 0.0056
1590 1573 0.0056
1618 1573 0.0056
1556 1576 0.0045
1577 1576 0.0045
1586 1576 0.0056
1531 1577 0.0056
1576 1577 0.0045
1578 1577 0.0022
1586 1577 0.0034
1531 1578 0.0078
1558 1578 0.0045
1577 1578 0.0022
1649 1578 0.0056
1552 1579 0.0045
1581 1579 0.0045
1579 1581 0.0045
1582 1581 0.0045
1584 1581 0.0078
1554 1582 0.0011
1581 1582 0.0045
1583 1582 0.0067
1555 1583 0.0067
1582 1583 0.0067
1584 1583 0.0045
1588 1583 0.0067
1581 1584 0.0078
1583 1584 0.0045
1587 1584 0.0034
1557 1585 0.0078
1586 1585 0.0034
1588 1585 0.0056
1576 1586 0.0056
1577 1586 0.0034
1585 1586 0.0034
1563 1587 0.0034
1584 1587 0.0034
1583 1588 0.0067
1585 1588 0.0056
1551 1590 0.0135
1564 1590 0.0135
1573 1590 0.0056
1518 1591 0.0022
1521 1591 0.0022
1547 1599 0.0034
1548 1599 0.0034
1549 1606 0.0045
1607 1606 0.0022
1618 1606 0.0078
1567 1607 0.0168
1606 1607 0.0022
1609 1607 0.0135
1607 1609 0.0135
1646 1609 0.0135
1550 1614 0.0022
1570 1614 0.009
1571 1614 0.0067
1615 1614 0.009
1548 1615 0.0034
1549 1615 0.0045
1614 1615 0.009
1572 1618 0.0078
1573 1618 0.0056
1606 1618 0.0078
1560 1627 0.0135
1628 1627 0.0135
1627 1628 0.0135
1642 1628 0.0135
1633 1631 0.0135
1646 1631 0.0135
1631 1633 0.0135
1635 1633 0.0135
1633 1635 0.0135
1637 1635 0.0135
1635 1637 0.0135
1658 1637 0.0135
1566 1639 0.0022
1567 1639 0.0022
1628 1642 0.0135
1660 1642 0.0135
1609 1646 0.0135
1631 1646 0.0135
935 1649 0.0022
1527 1649 0.0123
1578 1649 0.0056
1650 1649 0.009
1542 1650 0.0112
1558 1650 0.0067
1649 1650 0.009
914 1651 0.0045
919 1651 0.0045
1637 1658 0.0135
1661 1658 0.0135
1642 1660 0.0135
1661 1660 0.0135
1658 1661 0.0135
1660 1661 0.0135
1562 1675 0.037
1701 1675 0.0078
1702 1675 0.037
1562 1677 0.0123
1699 1677 0.0034
1715 1677 0.0078
915 1680 0.0045
1681 1680 0.0045
1680 1681 0.0045
1690 1681 0.0045
634 1689 0.0235
1690 1689 0.0269
1693 1689 0.0135
1681 1690 0.0045
1689 1690 0.0269
1691 1690 0.0325
1690 1691 0.0325
1703 1691 0.0325
1689 1693 0.0135
1694 1693 0.0078
1695 1693 0.0045
1693 1694 0.0078
1707 1694 0.0078
633 1695 0.0045
1693 1695 0.0045
1677 1699 0.0034
1701 1699 0.0034
1675 1701 0.0078
1699 1701 0.0034
1703 1701 0.0034
1675 1702 0.037
1703 1702 0.037
1691 1703 0.0325
1701 1703 0.0034
1702 1703 0.037
1694 1707 0.0078
1708 1707 0.0112
1709 1707 0.0022
1707 1708 0.0112
1709 1708 0.0022
1718 1708 0.0078
1707 1709 0.0022
1708 1709 0.0022
1677 1715 0.0078
1717 1715 0.0078
1715 1717 0.0078
1718 1717 0.0112
1720 1717 0.0022
1708 1718 0.0078
1717 1718 0.0112
1720 1718 0.0022
1717 1720 0.0022
1718 1720 0.0022
879 1733 0.0101
1734 1733 0.0101
1733 1734 0.0101
1735 1734 0.0101
877 1735 0.0101
1734 1735 0.0101
1741 1740 0.0034
1761 1740 0.0034
1740 1741 0.0034
1762 1741 0.0034
871 1742 0.0056
1746 1742 0.0056
869 1743 0.0034
1744 1743 0.0022
1983 1743 0.0067
1743 1744 0.0022
1984 1744 0.0022
868 1745 0.0101
1746 1745 0.0056
1980 1745 0.0034
1742 1746 0.0056
1745 1746 0.0056
1740 1761 0.0034
1762 1761 0.0034
1741 1762 0.0034
1761 1762 0.0034
1768 1767 0.0022
1790 1767 0.0022
1767 1768 0.0022
1790 1768 0.0022
1767 1790 0.0022
1768 1790 0.0022
861 1845 0.0034
863 1845 0.0034
1848 1847 0.0034
1869 1847 0.0034
1847 1848 0.0034
1849 1848 0.0101
1898 1848 0.0056
1848 1849 0.0101
1850 1849 0.0101
1869 1849 0.0078
1849 1850 0.0101
1891 1850 0.0101
850 1854 0.0056
1855 1854 0.0022
1868 1854 0.0022
843 1855 0.0146
850 1855 0.0146
1854 1855 0.0022
1856 1855 0.0067
1879 1855 0.0034
843 1856 0.0034
1855 1856 0.0067
1886 1856 0.0045
862 1858 0.0056
1881 1858 0.0056
835 1860 0.0056
1883 1860 0.0056
836 1862 0.0056
1871 1862 0.0056
836 1864 0.0034
1865 1864 0.0022
1879 1864 0.0067
1864 1865 0.0022
1879 1865 0.0022
852 1866 0.0101
1867 1866 0.0101
1866 1867 0.0101
1868 1867 0.0034
1881 1867 0.0056
852 1868 0.0067
1854 1868 0.0022
1867 1868 0.0034
1847 1869 0.0034
1849 1869 0.0078
1899 1869 0.0034
1862 1871 0.0056
1883 1871 0.0056
1855 1879 0.0034
1864 1879 0.0067
1865 1879 0.0022
1858 1881 0.0056
1867 1881 0.0056
1860 1883 0.0056
1871 1883 0.0056
242 1886 0.0112
834 1886 0.0146
1856 1886 0.0045
1898 1890 0.0123
1910 1890 0.0123
1850 1891 0.0101
1904 1891 0.0034
1905 1891 0.0056
1848 1898 0.0056
1890 1898 0.0123
2067 1898 0.0056
1869 1899 0.0034
1902 1899 0.0034
1899 1902 0.0034
1904 1902 0.0034
1891 1904 0.0034
1902 1904 0.0034
1891 1905 0.0056
1911 1905 0.0056
1907 1906 0.0022
1909 1906 0.0022
1906 1907 0.0022
1909 1907 0.0022
1906 1909 0.0022
1907 1909 0.0022
1890 1910 0.0123
1911 1910 0.0112
1914 1910 0.0112
1905 1911 0.0056
1910 1911 0.0112
1912 1911 0.0045
1911 1912 0.0045
1918 1912 0.0022
1934 1912 0.0078
1910 1914 0.0112
1915 1914 0.0056
1938 1914 0.0045
1914 1915 0.0056
2067 1915 0.0056
1912 1918 0.0022
1934 1918 0.0045
1935 1918 0.0011
1929 1928 0.0022
1953 1928 0.0022
1928 1929 0.0022
1953 1929 0.0022
1912 1934 0.0078
1918 1934 0.0045
1935 1934 0.0067
1918 1935 0.0011
1934 1935 0.0067
1936 1935 0.0045
1935 1936 0.0045
1956 1936 0.0045
1914 1938 0.0045
1956 1938 0.0045
1928 1953 0.0022
1929 1953 0.0022
1936 1956 0.0045
1938 1956 0.0045
599 1978 0.0067
869 1978 0.0112
1983 1978 0.0034
869 1980 0.0034
1745 1980 0.0034
1743 1983 0.0067
1978 1983 0.0034
1984 1983 0.0022
1744 1984 0.0022
1983 1984 0.0022
825 1996 0.0078
827 1996 0.009
1998 1996 0.0067
1996 1998 0.0067
1999 1998 0.0034
2006 1998 0.0022
826 1999 0.0022
827 1999 0.0067
1998 1999 0.0034
505 2002 0.0112
2004 2002 0.0112
2002 2004 0.0112
2015 2004 0.0112
2016 2004 0.0056
1998 2006 0.0022
2016 2006 0.0022
828 2012 0.0135
2013 2012 0.0045
2015 2012 0.0078
2012 2013 0.0045
2039 2013 0.0045
2004 2015 0.0112
2012 2015 0.0078
2016 2015 0.0022
2004 2016 0.0056
2006 2016 0.0022
2015 2016 0.0022
829 2020 0.009
2021 2020 0.0034
2034 2020 0.0045
2020 2021 0.0034
2022 2021 0.0146
2037 2021 0.0101
829 2022 0.0146
2021 2022 0.0146
832 2024 0.0101
2025 2024 0.0101
2024 2025 0.0101
2026 2025 0.0101
2025 2026 0.0101
2035 2026 0.0101
2020 2034 0.0045
2039 2034 0.0078
2044 2034 0.0022
2026 2035 0.0101
2036 2035 0.0101
2035 2036 0.0101
2037 2036 0.0101
2021 2037 0.0101
2036 2037 0.0101
2013 2039 0.0045
2034 2039 0.0078
2044 2039 0.0022
2034 2044 0.0022
2039 2044 0.0022
2055 2054 0.0022
2062 2054 0.0022
2054 2055 0.0022
2056 2055 0.0034
2062 2055 0.0067
2055 2056 0.0034
2057 2056 0.0034
2056 2057 0.0034
2063 2057 0.0034
2054 2062 0.0022
2055 2062 0.0067
2063 2062 0.0034
2057 2063 0.0034
2062 2063 0.0034
1898 2067 0.0056
1915 2067 0.0056
