2 1 0.003
3 1 0.0167
4 1 0.0046
6 1 0.003
7 1 0.0197
8 1 0.0182
9 1 0.0106
10 1 0.003
11 1 0.0106
12 1 0.0061
13 1 0.0061
17 1 0.0046
26 1 0.003
90 1 0.003
146 1 0.0273
180 1 0.0182
207 1 0.0046
309 1 0.0061
345 1 0.0015
346 1 0.0121
351 1 0.003
480 1 0.003
483 1 0.003
1 2 0.003
24 2 0.0076
481 2 0.003
1 3 0.0167
26 3 0.0121
345 3 0.0091
1 4 0.0046
208 4 0.0076
311 4 0.0076
206 5 0.0076
346 5 0.0197
347 5 0.0091
1 6 0.003
174 6 0.0015
1 7 0.0197
113 7 0.0303
144 7 0.0091
464 7 0.0106
1 8 0.0182
104 8 0.003
108 8 0.0015
109 8 0.0121
462 8 0.0121
1 9 0.0106
79 9 0.0152
90 9 0.0121
1 10 0.003
77 10 0.003
430 10 0.0076
1 11 0.0106
12 11 0.0061
424 11 0.0091
430 11 0.0076
1 12 0.0061
11 12 0.0061
13 12 0.0046
1 13 0.0061
12 13 0.0046
14 13 0.0076
62 13 0.0061
13 14 0.0076
15 14 0.0106
425 14 0.0106
14 15 0.0106
16 15 0.0152
20 15 0.0197
427 15 0.0152
15 16 0.0152
17 16 0.0106
20 16 0.003
1 17 0.0046
16 17 0.0106
18 17 0.0046
17 18 0.0046
19 18 0.0091
491 18 0.003
18 19 0.0091
20 19 0.0152
21 19 0.0061
429 19 0.0121
15 20 0.0197
16 20 0.003
19 20 0.0152
19 21 0.0061
50 21 0.003
493 21 0.0015
23 22 0.003
478 22 0.0061
485 22 0.0152
490 22 0.0182
22 23 0.003
24 23 0.0137
31 23 0.0106
481 23 0.0061
490 23 0.0106
2 24 0.0076
23 24 0.0137
25 24 0.0106
31 24 0.0015
24 25 0.0106
26 25 0.0121
27 25 0.0121
1 26 0.003
3 26 0.0121
25 26 0.0121
27 26 0.003
25 27 0.0121
26 27 0.003
28 27 0.0076
27 28 0.0076
29 28 0.0076
494 28 0.0061
496 28 0.0137
28 29 0.0076
248 29 0.0091
345 29 0.0061
34 30 0.003
487 30 0.0137
491 30 0.0076
493 30 0.0061
503 30 0.0076
23 31 0.0106
24 31 0.0015
32 31 0.0061
495 31 0.003
31 32 0.0061
498 32 0.0121
501 32 0.0046
46 33 0.0076
498 33 0.0076
501 33 0.0167
30 34 0.003
35 34 0.003
34 35 0.003
493 35 0.003
37 36 0.0091
39 36 0.0091
36 37 0.0091
407 37 0.0091
40 38 0.0015
407 38 0.0015
36 39 0.0091
409 39 0.0091
38 40 0.0015
408 40 0.003
409 40 0.0061
44 43 0.0076
502 43 0.0076
43 44 0.0076
46 44 0.0076
33 46 0.0076
44 46 0.0076
501 47 0.0106
502 47 0.0106
21 50 0.003
429 50 0.003
64 54 0.0046
413 54 0.0046
56 55 0.0061
419 55 0.003
426 55 0.0046
428 55 0.0015
55 56 0.0061
57 56 0.003
60 56 0.0015
419 56 0.0076
56 57 0.003
418 57 0.003
56 60 0.0015
413 60 0.0046
421 60 0.0076
417 61 0.0076
421 61 0.0091
422 61 0.0061
13 62 0.0061
63 62 0.0046
422 62 0.0061
62 63 0.0046
64 63 0.0015
424 63 0.0015
54 64 0.0046
63 64 0.0015
416 64 0.0076
71 69 0.003
424 69 0.0061
432 69 0.0106
83 70 0.0015
431 70 0.003
432 70 0.0061
69 71 0.003
432 71 0.003
10 77 0.003
431 77 0.003
9 79 0.0152
80 79 0.0152
79 80 0.0152
472 80 0.0167
474 80 0.003
476 80 0.0106
83 81 0.0015
476 81 0.0015
70 83 0.0015
81 83 0.0015
84 83 0.0046
83 84 0.0046
85 84 0.003
86 84 0.0091
84 85 0.003
86 85 0.0091
473 85 0.0046
474 85 0.0106
84 86 0.0091
85 86 0.0091
1 90 0.003
9 90 0.0121
469 90 0.0076
92 91 0.003
93 91 0.0121
470 91 0.0076
91 92 0.003
93 92 0.0182
471 92 0.0137
91 93 0.0121
92 93 0.0182
465 93 0.0106
467 93 0.0046
465 94 0.0076
466 94 0.003
467 94 0.003
96 95 0.0106
99 95 0.0046
465 95 0.0167
95 96 0.0106
97 96 0.0106
96 97 0.0106
472 97 0.0152
473 97 0.003
95 99 0.0046
100 99 0.0061
103 99 0.0061
99 100 0.0061
101 100 0.0046
103 100 0.0061
100 101 0.0046
102 101 0.0015
103 101 0.0015
101 102 0.0015
466 102 0.0061
468 102 0.003
99 103 0.0061
100 103 0.0061
101 103 0.0015
466 103 0.0015
8 104 0.003
468 104 0.003
107 106 0.003
126 106 0.003
106 107 0.003
108 107 0.0015
120 107 0.0061
8 108 0.0015
107 108 0.0015
8 109 0.0121
110 109 0.0076
462 109 0.003
109 110 0.0076
111 110 0.0046
114 110 0.0015
110 111 0.0046
112 111 0.0121
116 111 0.0061
111 112 0.0121
113 112 0.0228
127 112 0.0121
130 112 0.0167
7 113 0.0303
112 113 0.0228
115 113 0.0061
147 113 0.0046
110 114 0.0015
115 114 0.003
113 115 0.0061
114 115 0.003
462 115 0.0076
111 116 0.0061
117 116 0.0046
116 117 0.0046
118 117 0.0076
122 117 0.0076
128 117 0.0106
117 118 0.0076
119 118 0.0091
120 118 0.0061
118 119 0.0091
120 119 0.0076
123 119 0.0091
107 120 0.0061
118 120 0.0061
119 120 0.0076
117 122 0.0076
123 122 0.0121
132 122 0.0091
119 123 0.0091
122 123 0.0121
125 123 0.0091
126 123 0.0061
123 125 0.0091
126 125 0.0015
135 125 0.0061
106 126 0.003
123 126 0.0061
125 126 0.0015
112 127 0.0121
128 127 0.0152
129 127 0.0046
117 128 0.0106
127 128 0.0152
129 128 0.003
127 129 0.0046
128 129 0.003
112 130 0.0167
131 130 0.0061
141 130 0.0212
130 131 0.0061
140 131 0.0046
122 132 0.0091
133 132 0.0106
138 132 0.0061
132 133 0.0106
134 133 0.0061
138 133 0.003
133 134 0.0061
135 134 0.0061
125 135 0.0061
134 135 0.0061
132 138 0.0061
133 138 0.003
139 138 0.0015
138 139 0.0015
140 139 0.003
131 140 0.0046
139 140 0.003
141 140 0.0106
143 140 0.003
130 141 0.0212
140 141 0.0106
142 141 0.0152
141 142 0.0152
143 142 0.0015
460 142 0.0106
140 143 0.003
142 143 0.0015
7 144 0.0091
458 144 0.003
463 144 0.0137
146 145 0.0106
157 145 0.0137
464 145 0.0137
1 146 0.0273
145 146 0.0106
163 146 0.0273
164 146 0.0106
113 147 0.0046
463 147 0.003
149 148 0.003
460 148 0.0167
461 148 0.0121
148 149 0.003
153 149 0.003
149 153 0.003
155 153 0.003
155 154 0.0121
157 154 0.0152
453 154 0.0046
153 155 0.003
154 155 0.0121
457 155 0.0076
157 156 0.003
464 156 0.0015
145 157 0.0137
154 157 0.0152
156 157 0.003
160 157 0.0121
453 157 0.003
454 158 0.003
455 158 0.0061
457 158 0.0106
160 159 0.0061
455 159 0.0061
157 160 0.0121
159 160 0.0061
161 160 0.0046
164 160 0.0061
176 160 0.003
160 161 0.0046
162 161 0.0061
174 161 0.0091
161 162 0.0061
163 162 0.0046
165 162 0.0046
174 162 0.003
146 163 0.0273
162 163 0.0046
164 163 0.003
165 163 0.0258
146 164 0.0106
160 164 0.0061
163 164 0.003
162 165 0.0046
163 165 0.0258
174 165 0.0212
168 167 0.003
169 167 0.003
167 168 0.003
169 168 0.003
167 169 0.003
168 169 0.003
6 174 0.0015
161 174 0.0091
162 174 0.003
165 174 0.0212
177 174 0.0076
364 174 0.0212
176 175 0.0091
177 175 0.0046
181 175 0.0061
160 176 0.003
175 176 0.0091
182 176 0.0046
174 177 0.0076
175 177 0.0046
183 177 0.0061
353 178 0.0061
359 178 0.0228
364 178 0.0303
350 179 0.0091
352 179 0.0061
353 179 0.0015
1 180 0.0182
346 180 0.0076
348 180 0.0212
175 181 0.0061
182 181 0.0046
176 182 0.0046
181 182 0.0046
177 183 0.0061
184 183 0.0046
183 184 0.0046
447 184 0.0046
187 186 0.0015
364 186 0.003
186 187 0.0015
193 187 0.0243
360 187 0.0288
189 188 0.0076
347 188 0.0046
348 188 0.0137
188 189 0.0076
190 189 0.0015
195 189 0.0046
189 190 0.0015
354 190 0.003
357 191 0.0106
358 191 0.0106
360 191 0.0152
194 192 0.0152
355 192 0.0152
444 192 0.0061
187 193 0.0243
290 193 0.0061
356 193 0.0212
445 193 0.0091
192 194 0.0152
195 194 0.0106
211 194 0.0182
287 194 0.0061
444 194 0.003
189 195 0.0046
194 195 0.0106
196 195 0.0046
195 196 0.0046
211 196 0.0076
198 197 0.0046
363 197 0.0015
366 197 0.0015
197 198 0.0046
199 198 0.0152
213 198 0.0121
363 198 0.0046
367 198 0.0061
198 199 0.0152
200 199 0.0152
306 199 0.0046
199 200 0.0152
202 200 0.0091
362 200 0.0076
363 200 0.0076
306 201 0.0061
361 201 0.0015
362 201 0.0091
200 202 0.0091
203 202 0.0076
361 202 0.0091
202 203 0.0076
204 203 0.0106
317 203 0.0106
203 204 0.0106
205 204 0.0121
204 205 0.0121
206 205 0.0076
315 205 0.0091
5 206 0.0076
205 206 0.0076
318 206 0.0046
1 207 0.0046
208 207 0.0091
318 207 0.0091
4 208 0.0076
207 208 0.0091
314 208 0.0121
210 209 0.0121
319 209 0.0091
320 209 0.0121
209 210 0.0121
218 210 0.003
308 210 0.0091
316 210 0.0061
194 211 0.0182
196 211 0.0076
212 211 0.0121
211 212 0.0121
214 212 0.0015
365 212 0.0137
198 213 0.0121
214 213 0.0091
226 213 0.0106
286 213 0.0061
365 213 0.0152
367 213 0.0046
212 214 0.0015
213 214 0.0091
288 214 0.0061
305 215 0.0091
306 215 0.0061
307 215 0.0076
304 216 0.0152
369 216 0.0076
370 216 0.0061
218 217 0.0015
220 217 0.0076
370 217 0.0046
210 218 0.003
217 218 0.0015
242 218 0.0061
220 219 0.0091
222 219 0.0091
305 219 0.0106
217 220 0.0076
219 220 0.0091
221 220 0.0061
220 221 0.0061
227 221 0.0046
230 221 0.0015
371 221 0.0152
219 222 0.0091
223 222 0.0121
229 222 0.0076
374 222 0.0015
222 223 0.0121
224 223 0.0046
229 223 0.003
373 223 0.0137
223 224 0.0046
225 224 0.0091
281 224 0.0061
372 224 0.0015
224 225 0.0091
226 225 0.0137
368 225 0.003
213 226 0.0106
225 226 0.0137
368 226 0.0046
221 227 0.0046
228 227 0.0137
229 227 0.003
232 227 0.0061
234 227 0.0015
227 228 0.0137
231 228 0.003
371 228 0.0152
222 229 0.0076
223 229 0.003
227 229 0.003
221 230 0.0015
231 230 0.0015
371 230 0.0046
228 231 0.003
230 231 0.0015
227 232 0.0061
233 232 0.0106
235 232 0.0121
232 233 0.0106
234 233 0.0046
235 233 0.003
227 234 0.0015
233 234 0.0046
262 234 0.0015
232 235 0.0121
233 235 0.003
236 235 0.0061
237 235 0.0167
240 235 0.0121
235 236 0.0061
239 236 0.0046
235 237 0.0167
238 237 0.0137
335 237 0.0076
237 238 0.0137
239 238 0.0121
243 238 0.0106
259 238 0.0061
332 238 0.0076
236 239 0.0046
238 239 0.0121
260 239 0.0061
235 240 0.0121
329 240 0.0121
330 240 0.003
334 240 0.0076
242 241 0.0091
326 241 0.003
331 241 0.0137
218 242 0.0061
241 242 0.0091
321 242 0.0106
238 243 0.0106
245 243 0.0061
333 243 0.0061
376 243 0.0076
327 244 0.0061
337 244 0.0121
376 244 0.0137
243 245 0.0061
377 245 0.0061
378 245 0.0046
252 246 0.0091
255 246 0.0061
338 246 0.0137
377 246 0.0167
250 247 0.0046
336 247 0.0046
29 248 0.0091
268 248 0.0091
342 248 0.0091
343 248 0.0091
339 249 0.0121
340 249 0.0106
247 250 0.0046
340 250 0.0121
342 250 0.0091
252 251 0.003
253 251 0.0137
340 251 0.0091
246 252 0.0091
251 252 0.003
253 252 0.0106
254 252 0.0076
251 253 0.0137
252 253 0.0106
254 253 0.0076
252 254 0.0076
253 254 0.0076
255 254 0.0015
256 254 0.0076
246 255 0.0061
254 255 0.0015
377 255 0.003
254 256 0.0076
257 256 0.0106
258 256 0.0137
256 257 0.0106
382 257 0.0091
388 257 0.0152
256 258 0.0137
387 258 0.0076
393 258 0.0046
238 259 0.0061
260 259 0.0061
379 259 0.0046
239 260 0.0061
259 260 0.0061
261 260 0.0046
260 261 0.0046
262 261 0.0015
266 261 0.0015
234 262 0.0015
261 262 0.0015
264 263 0.0061
266 263 0.0015
379 263 0.0046
386 263 0.003
263 264 0.0061
380 264 0.0137
381 264 0.0091
384 264 0.0076
381 265 0.0061
382 265 0.0137
383 265 0.0152
261 266 0.0015
263 266 0.0015
267 266 0.0046
266 267 0.0046
386 267 0.0091
398 267 0.003
248 268 0.0091
309 268 0.0106
344 268 0.0121
310 269 0.0046
322 269 0.003
324 269 0.003
344 269 0.0137
385 271 0.0091
395 271 0.0061
398 271 0.0015
279 272 0.0091
383 272 0.0137
390 272 0.003
395 272 0.0106
389 273 0.003
391 273 0.003
392 274 0.0061
496 274 0.0091
497 274 0.0015
272 279 0.0091
391 279 0.0046
395 279 0.0076
397 279 0.003
224 281 0.0061
282 281 0.0061
281 282 0.0061
284 282 0.0061
282 284 0.0061
285 284 0.0106
439 284 0.003
284 285 0.0106
286 285 0.0061
439 285 0.003
213 286 0.0061
285 286 0.0061
194 287 0.0061
442 287 0.0091
443 287 0.003
214 288 0.0061
296 288 0.0046
193 290 0.0061
291 290 0.0091
445 290 0.0091
449 290 0.0121
290 291 0.0091
292 291 0.0061
449 291 0.0015
291 292 0.0061
295 292 0.003
444 292 0.0015
295 294 0.003
449 294 0.003
292 295 0.003
294 295 0.003
288 296 0.0046
442 296 0.0046
216 304 0.0152
305 304 0.0091
369 304 0.003
215 305 0.0091
219 305 0.0106
304 305 0.0091
199 306 0.0046
201 306 0.0061
215 306 0.0061
215 307 0.0076
372 307 0.0046
374 307 0.0137
210 308 0.0091
316 308 0.0015
319 308 0.0046
1 309 0.0061
268 309 0.0106
310 309 0.0061
269 310 0.0046
309 310 0.0061
4 311 0.0076
312 311 0.0152
314 311 0.0182
311 312 0.0152
313 312 0.003
320 312 0.0106
312 313 0.003
314 313 0.0091
319 313 0.003
208 314 0.0121
311 314 0.0182
313 314 0.0091
318 314 0.003
205 315 0.0091
317 315 0.0106
210 316 0.0061
308 316 0.0015
317 316 0.003
203 317 0.0106
315 317 0.0106
316 317 0.003
369 317 0.003
206 318 0.0046
207 318 0.0091
314 318 0.003
209 319 0.0091
308 319 0.0046
313 319 0.003
209 320 0.0121
312 320 0.0106
321 320 0.0046
242 321 0.0106
320 321 0.0046
322 321 0.0076
269 322 0.003
321 322 0.0076
331 322 0.0091
269 324 0.003
325 324 0.003
324 325 0.003
343 325 0.0046
241 326 0.003
328 326 0.003
330 326 0.0076
244 327 0.0061
375 327 0.0046
326 328 0.003
329 328 0.0091
330 328 0.0121
375 328 0.0091
240 329 0.0121
328 329 0.0091
334 329 0.0015
240 330 0.003
326 330 0.0076
328 330 0.0121
241 331 0.0137
322 331 0.0091
375 331 0.0091
238 332 0.0076
333 332 0.0046
243 333 0.0061
332 333 0.0046
240 334 0.0076
329 334 0.0015
335 334 0.0061
237 335 0.0076
334 335 0.0061
247 336 0.0046
337 336 0.0046
339 336 0.0106
244 337 0.0121
336 337 0.0046
338 337 0.0182
246 338 0.0137
337 338 0.0182
339 338 0.0121
249 339 0.0121
336 339 0.0106
338 339 0.0121
249 340 0.0106
250 340 0.0121
251 340 0.0091
248 342 0.0091
250 342 0.0091
248 343 0.0091
325 343 0.0046
344 343 0.0121
268 344 0.0121
269 344 0.0137
343 344 0.0121
1 345 0.0015
3 345 0.0091
29 345 0.0061
1 346 0.0121
5 346 0.0197
180 346 0.0076
347 346 0.003
5 347 0.0091
188 347 0.0046
346 347 0.003
180 348 0.0212
188 348 0.0137
349 348 0.0061
348 349 0.0061
350 349 0.0076
351 349 0.0091
179 350 0.0091
349 350 0.0076
1 351 0.003
349 351 0.0091
352 351 0.0046
179 352 0.0061
351 352 0.0046
178 353 0.0061
179 353 0.0015
364 353 0.003
190 354 0.003
358 354 0.0076
359 354 0.003
192 355 0.0152
356 355 0.0182
357 355 0.0046
193 356 0.0212
355 356 0.0182
357 356 0.0106
191 357 0.0106
355 357 0.0046
356 357 0.0106
358 357 0.0015
191 358 0.0106
354 358 0.0076
357 358 0.0015
178 359 0.0228
354 359 0.003
360 359 0.0273
187 360 0.0288
191 360 0.0152
359 360 0.0273
201 361 0.0015
202 361 0.0091
362 361 0.0121
200 362 0.0076
201 362 0.0091
361 362 0.0121
197 363 0.0015
198 363 0.0046
200 363 0.0076
174 364 0.0212
178 364 0.0303
186 364 0.003
353 364 0.003
212 365 0.0137
213 365 0.0152
197 366 0.0015
367 366 0.003
198 367 0.0061
213 367 0.0046
366 367 0.003
225 368 0.003
226 368 0.0046
216 369 0.0076
304 369 0.003
317 369 0.003
216 370 0.0061
217 370 0.0046
221 371 0.0152
228 371 0.0152
230 371 0.0046
224 372 0.0015
307 372 0.0046
373 372 0.0076
223 373 0.0137
372 373 0.0076
374 373 0.0167
222 374 0.0015
307 374 0.0137
373 374 0.0167
327 375 0.0046
328 375 0.0091
331 375 0.0091
243 376 0.0076
244 376 0.0137
377 376 0.0046
245 377 0.0061
246 377 0.0167
255 377 0.003
376 377 0.0046
245 378 0.0046
380 378 0.0076
381 378 0.0015
259 379 0.0046
263 379 0.0046
380 379 0.0106
264 380 0.0137
378 380 0.0076
379 380 0.0106
264 381 0.0091
265 381 0.0061
378 381 0.0015
257 382 0.0091
265 382 0.0137
383 382 0.003
265 383 0.0152
272 383 0.0137
382 383 0.003
384 383 0.0106
264 384 0.0076
383 384 0.0106
385 384 0.0106
271 385 0.0091
384 385 0.0106
386 385 0.0061
263 386 0.003
267 386 0.0091
385 386 0.0061
398 386 0.0061
258 387 0.0076
389 387 0.0076
257 388 0.0152
389 388 0.0121
390 388 0.0015
273 389 0.003
387 389 0.0076
388 389 0.0121
272 390 0.003
388 390 0.0015
273 391 0.003
279 391 0.0046
274 392 0.0061
393 392 0.0061
258 393 0.0046
392 393 0.0061
271 395 0.0061
272 395 0.0106
279 395 0.0076
396 395 0.003
395 396 0.003
397 396 0.003
279 397 0.003
396 397 0.003
267 398 0.003
271 398 0.0015
386 398 0.0061
37 407 0.0091
38 407 0.0015
408 407 0.0061
40 408 0.003
407 408 0.0061
409 408 0.0106
39 409 0.0091
40 409 0.0061
408 409 0.0106
54 413 0.0046
60 413 0.0046
415 413 0.0106
413 415 0.0106
416 415 0.0091
417 415 0.0091
64 416 0.0076
415 416 0.0091
417 416 0.0061
61 417 0.0076
415 417 0.0091
416 417 0.0061
57 418 0.003
419 418 0.003
55 419 0.003
56 419 0.0076
418 419 0.003
60 421 0.0076
61 421 0.0091
425 421 0.0061
61 422 0.0061
62 422 0.0061
11 424 0.0091
63 424 0.0015
69 424 0.0061
14 425 0.0106
421 425 0.0061
426 425 0.003
55 426 0.0046
425 426 0.003
427 426 0.0091
15 427 0.0152
426 427 0.0091
428 427 0.0046
55 428 0.0015
427 428 0.0046
429 428 0.0076
19 429 0.0121
50 429 0.003
428 429 0.0076
10 430 0.0076
11 430 0.0076
431 430 0.0076
70 431 0.003
77 431 0.003
430 431 0.0076
69 432 0.0106
70 432 0.0061
71 432 0.003
284 439 0.003
285 439 0.003
287 442 0.0091
296 442 0.0046
443 442 0.003
287 443 0.003
442 443 0.003
192 444 0.0061
194 444 0.003
292 444 0.0015
193 445 0.0091
290 445 0.0091
447 445 0.0106
184 447 0.0046
445 447 0.0106
448 447 0.0046
447 448 0.0046
449 448 0.0046
290 449 0.0121
291 449 0.0015
294 449 0.003
448 449 0.0046
154 453 0.0046
157 453 0.003
158 454 0.003
457 454 0.0046
158 455 0.0061
159 455 0.0061
155 457 0.0076
158 457 0.0106
454 457 0.0046
144 458 0.003
459 458 0.0046
463 458 0.0091
458 459 0.0046
460 459 0.0046
461 459 0.0106
142 460 0.0106
148 460 0.0167
459 460 0.0046
148 461 0.0121
459 461 0.0106
8 462 0.0121
109 462 0.003
115 462 0.0076
144 463 0.0137
147 463 0.003
458 463 0.0091
7 464 0.0106
145 464 0.0137
156 464 0.0015
93 465 0.0106
94 465 0.0076
95 465 0.0167
466 465 0.0137
94 466 0.003
102 466 0.0061
103 466 0.0015
465 466 0.0137
93 467 0.0046
94 467 0.003
102 468 0.003
104 468 0.003
90 469 0.0076
470 469 0.0061
91 470 0.0076
469 470 0.0061
92 471 0.0137
472 471 0.0152
80 472 0.0167
97 472 0.0152
471 472 0.0152
473 472 0.0076
85 473 0.0046
97 473 0.003
472 473 0.0076
80 474 0.003
85 474 0.0106
476 474 0.0137
80 476 0.0106
81 476 0.0015
474 476 0.0137
22 478 0.0061
479 478 0.0015
484 478 0.003
478 479 0.0015
480 479 0.003
482 479 0.0061
1 480 0.003
479 480 0.003
483 480 0.0076
2 481 0.003
23 481 0.0061
482 481 0.0015
479 482 0.0061
481 482 0.0015
483 482 0.003
1 483 0.003
480 483 0.0076
482 483 0.003
478 484 0.003
485 484 0.0046
22 485 0.0152
484 485 0.0046
486 485 0.003
492 485 0.0076
485 486 0.003
487 486 0.0076
490 486 0.0121
30 487 0.0137
486 487 0.0076
488 487 0.0046
487 488 0.0046
503 488 0.0046
22 490 0.0182
23 490 0.0106
486 490 0.0121
18 491 0.003
30 491 0.0076
492 491 0.0061
485 492 0.0076
491 492 0.0061
21 493 0.0015
30 493 0.0061
35 493 0.003
28 494 0.0061
495 494 0.0015
496 494 0.003
31 495 0.003
494 495 0.0015
28 496 0.0137
274 496 0.0091
494 496 0.003
274 497 0.0015
498 497 0.003
32 498 0.0121
33 498 0.0076
497 498 0.003
32 501 0.0046
33 501 0.0167
47 501 0.0106
43 502 0.0076
47 502 0.0106
503 502 0.0015
30 503 0.0076
488 503 0.0046
502 503 0.0015
