2 1 0.0142
53 1 0.017
57 1 0.0114
85 1 0.0142
99 1 0.017
101 1 0.0227
102 1 0.0057
105 1 0.017
1 2 0.0142
3 2 0.0227
4 2 0.0057
2 3 0.0227
4 3 0.0284
16 3 0.0369
2 4 0.0057
3 4 0.0284
5 4 0.0028
10 4 0.0227
34 4 0.0114
4 5 0.0028
6 5 0.0284
10 5 0.0312
11 5 0.017
5 6 0.0284
7 6 0.0256
13 6 0.017
6 7 0.0256
8 7 0.0199
34 7 0.0028
7 8 0.0199
9 8 0.0114
14 8 0.0142
15 8 0.0057
8 9 0.0114
42 9 0.0114
4 10 0.0227
5 10 0.0312
11 10 0.0057
5 11 0.017
10 11 0.0057
12 11 0.0085
11 12 0.0085
13 12 0.0227
22 12 0.0114
6 13 0.017
12 13 0.0227
14 13 0.0057
31 13 0.0114
8 14 0.0142
13 14 0.0057
15 14 0.0057
8 15 0.0057
14 15 0.0057
3 16 0.0369
18 16 0.0483
32 16 0.0085
16 18 0.0483
20 18 0.0483
18 20 0.0483
21 20 0.0568
47 20 0.0057
20 21 0.0568
47 21 0.0256
48 21 0.0284
12 22 0.0114
23 22 0.0114
24 22 0.0114
26 22 0.0114
22 23 0.0114
130 23 0.0114
22 24 0.0114
25 24 0.0114
24 25 0.0114
131 25 0.0114
22 26 0.0114
29 26 0.0114
26 29 0.0114
30 29 0.0199
36 29 0.0057
29 30 0.0199
31 30 0.0114
36 30 0.0057
13 31 0.0114
30 31 0.0114
16 32 0.0085
419 32 0.0085
4 34 0.0114
7 34 0.0028
41 34 0.0057
29 36 0.0057
30 36 0.0057
34 41 0.0057
412 41 0.0057
9 42 0.0114
135 42 0.0312
139 42 0.017
20 47 0.0057
21 47 0.0256
404 47 0.017
21 48 0.0284
50 48 0.0227
399 48 0.0256
56 49 0.0057
66 49 0.0256
153 49 0.0256
399 49 0.0284
48 50 0.0227
51 50 0.0227
50 51 0.0227
154 51 0.0085
157 51 0.0114
1 53 0.017
54 53 0.0256
55 53 0.0057
53 54 0.0256
55 54 0.0341
62 54 0.0114
53 55 0.0057
54 55 0.0341
56 55 0.0256
49 56 0.0057
55 56 0.0256
399 56 0.0341
1 57 0.0114
58 57 0.0028
69 57 0.017
57 58 0.0028
59 58 0.0057
60 58 0.0114
58 59 0.0057
60 59 0.0142
319 59 0.0057
58 60 0.0114
59 60 0.0142
61 60 0.0114
60 61 0.0114
387 61 0.0114
54 62 0.0114
63 62 0.0114
62 63 0.0114
64 63 0.0085
66 63 0.017
63 64 0.0085
65 64 0.0085
409 64 0.0142
64 65 0.0085
394 65 0.0114
409 65 0.017
49 66 0.0256
63 66 0.017
153 66 0.0057
405 66 0.0142
57 69 0.017
70 69 0.0057
78 69 0.0085
69 70 0.0057
72 70 0.0256
526 70 0.0341
313 71 0.0369
319 71 0.017
526 71 0.0341
70 72 0.0256
74 72 0.0256
72 74 0.0256
76 74 0.0256
74 76 0.0256
82 76 0.0256
69 78 0.0085
79 78 0.0085
98 78 0.0199
78 79 0.0085
80 79 0.0114
159 79 0.0227
79 80 0.0114
81 80 0.0114
80 81 0.0114
322 81 0.0057
325 81 0.0199
76 82 0.0256
83 82 0.0256
82 83 0.0256
316 83 0.0341
320 83 0.0057
1 85 0.0142
86 85 0.0142
523 85 0.0085
85 86 0.0142
87 86 0.0114
171 86 0.0142
523 86 0.0312
524 86 0.0057
86 87 0.0114
88 87 0.0256
92 87 0.0142
98 87 0.0227
87 88 0.0256
161 88 0.0256
90 89 0.0085
93 89 0.0114
524 89 0.0057
89 90 0.0085
91 90 0.0142
96 90 0.0284
97 90 0.0057
90 91 0.0142
92 91 0.0057
163 91 0.017
87 92 0.0142
91 92 0.0057
259 92 0.017
89 93 0.0114
94 93 0.0057
96 93 0.0085
93 94 0.0057
95 94 0.0142
168 94 0.0114
94 95 0.0142
171 95 0.0057
247 95 0.0114
90 96 0.0284
93 96 0.0085
97 96 0.0312
166 96 0.0114
90 97 0.0057
96 97 0.0312
164 97 0.0227
78 98 0.0199
87 98 0.0227
159 98 0.0227
1 99 0.017
100 99 0.0085
126 99 0.0057
99 100 0.0085
101 100 0.0142
120 100 0.0028
1 101 0.0227
100 101 0.0142
115 101 0.017
1 102 0.0057
118 102 0.0085
109 103 0.0057
112 103 0.0085
1 105 0.017
106 105 0.0227
128 105 0.0142
105 106 0.0227
107 106 0.0142
126 106 0.0057
106 107 0.0142
108 107 0.0057
128 107 0.0114
107 108 0.0057
174 108 0.0199
179 108 0.0114
103 109 0.0057
110 109 0.0057
230 109 0.0142
109 110 0.0057
111 110 0.017
491 110 0.0085
110 111 0.017
184 111 0.017
522 111 0.0142
103 112 0.0085
113 112 0.0199
204 112 0.0085
112 113 0.0199
114 113 0.0142
205 113 0.0312
113 114 0.0142
211 114 0.017
214 114 0.0114
101 115 0.017
116 115 0.0227
122 115 0.0256
115 116 0.0227
117 116 0.017
118 116 0.0085
116 117 0.017
218 117 0.0028
220 117 0.0227
102 118 0.0085
116 118 0.0085
100 120 0.0028
121 120 0.0028
122 120 0.0085
120 121 0.0028
234 121 0.0114
235 121 0.0057
115 122 0.0256
120 122 0.0085
123 122 0.0312
234 122 0.0142
122 123 0.0312
124 123 0.0199
226 123 0.0085
123 124 0.0199
125 124 0.0057
220 124 0.0284
124 125 0.0057
222 125 0.0057
99 126 0.0057
106 126 0.0057
105 128 0.0142
107 128 0.0114
129 128 0.0057
128 129 0.0057
172 129 0.0114
523 129 0.0142
23 130 0.0114
131 130 0.0256
132 130 0.0114
25 131 0.0114
130 131 0.0256
143 131 0.0114
130 132 0.0114
441 132 0.0114
42 135 0.0312
136 135 0.0312
135 136 0.0312
137 136 0.0114
138 136 0.017
136 137 0.0114
157 137 0.0114
136 138 0.017
148 138 0.017
42 139 0.017
147 139 0.017
131 143 0.0114
442 143 0.0114
139 147 0.017
148 147 0.017
138 148 0.017
147 148 0.017
49 153 0.0256
66 153 0.0057
154 153 0.017
51 154 0.0085
153 154 0.017
155 154 0.0057
154 155 0.0057
156 155 0.0057
403 155 0.0142
155 156 0.0057
406 156 0.0142
407 156 0.0057
51 157 0.0114
137 157 0.0114
79 159 0.0227
98 159 0.0227
88 161 0.0256
270 161 0.0114
326 161 0.0114
91 163 0.017
253 163 0.0284
260 163 0.0199
97 164 0.0227
165 164 0.0114
248 164 0.0085
164 165 0.0114
253 165 0.0114
96 166 0.0114
169 166 0.0114
94 168 0.0114
169 168 0.0142
170 168 0.0227
166 169 0.0114
168 169 0.0142
243 169 0.0114
248 169 0.0085
168 170 0.0227
245 170 0.0057
246 170 0.0312
86 171 0.0142
95 171 0.0057
172 171 0.0114
129 172 0.0114
171 172 0.0114
108 174 0.0199
175 174 0.0284
247 174 0.0114
174 175 0.0284
176 175 0.0085
177 175 0.0085
180 175 0.017
175 176 0.0085
241 176 0.0085
175 177 0.0085
180 177 0.0028
182 177 0.0028
108 179 0.0114
180 179 0.0114
175 180 0.017
177 180 0.0028
179 180 0.0114
177 182 0.0028
224 182 0.0028
111 184 0.017
193 184 0.0227
195 184 0.0199
522 184 0.0199
186 185 0.0114
188 185 0.0057
471 185 0.0142
522 185 0.0199
185 186 0.0114
484 186 0.0114
185 188 0.0057
471 188 0.0057
465 192 0.0057
469 192 0.0057
184 193 0.0227
196 193 0.0227
184 195 0.0199
196 195 0.0085
466 195 0.0085
193 196 0.0227
195 196 0.0085
467 196 0.0114
112 204 0.0085
205 204 0.017
230 204 0.0057
113 205 0.0312
204 205 0.017
206 205 0.017
216 205 0.0085
205 206 0.017
207 206 0.0085
230 206 0.0227
206 207 0.0085
208 207 0.0114
210 207 0.0085
516 207 0.0057
207 208 0.0114
209 208 0.0114
208 209 0.0114
273 209 0.0114
207 210 0.0085
212 210 0.0057
273 210 0.017
114 211 0.017
212 211 0.0057
216 211 0.0085
210 212 0.0057
211 212 0.0057
213 212 0.0142
212 213 0.0142
215 213 0.0085
273 213 0.0256
114 214 0.0114
215 214 0.0114
213 215 0.0085
214 215 0.0114
229 215 0.0227
205 216 0.0085
211 216 0.0085
117 218 0.0028
219 218 0.0028
218 219 0.0028
229 219 0.0028
273 219 0.0085
117 220 0.0227
124 220 0.0284
273 220 0.0199
125 222 0.0057
223 222 0.0142
273 222 0.0057
222 223 0.0142
224 223 0.0028
273 223 0.0199
182 224 0.0028
223 224 0.0028
273 224 0.0085
123 226 0.0085
234 226 0.0085
215 229 0.0227
219 229 0.0028
273 229 0.0284
109 230 0.0142
204 230 0.0057
206 230 0.0227
121 234 0.0114
122 234 0.0142
226 234 0.0085
235 234 0.0057
121 235 0.0057
234 235 0.0057
176 241 0.0085
245 241 0.0085
169 243 0.0114
244 243 0.0114
243 244 0.0114
245 244 0.0114
170 245 0.0057
241 245 0.0085
244 245 0.0114
246 245 0.0312
170 246 0.0312
245 246 0.0312
247 246 0.0199
95 247 0.0114
174 247 0.0114
246 247 0.0199
164 248 0.0085
169 248 0.0085
163 253 0.0284
165 253 0.0114
254 253 0.0142
253 254 0.0142
256 254 0.0142
254 256 0.0142
269 256 0.0142
92 259 0.017
261 259 0.0114
326 259 0.0199
163 260 0.0199
261 260 0.0028
269 260 0.0142
259 261 0.0114
260 261 0.0028
262 261 0.0057
385 261 0.0142
261 262 0.0057
385 262 0.0057
256 269 0.0142
260 269 0.0142
161 270 0.0114
271 270 0.0114
270 271 0.0114
272 271 0.0057
339 271 0.0199
271 272 0.0057
339 272 0.0057
209 273 0.0114
210 273 0.017
213 273 0.0256
219 273 0.0085
220 273 0.0199
222 273 0.0057
223 273 0.0199
224 273 0.0085
229 273 0.0284
281 280 0.0085
294 280 0.0085
280 281 0.0085
283 281 0.0085
281 283 0.0085
285 283 0.0085
283 285 0.0085
289 285 0.0114
294 285 0.0227
285 289 0.0114
297 289 0.0114
304 291 0.0057
305 291 0.0057
280 294 0.0085
285 294 0.0227
295 294 0.0114
294 295 0.0114
297 295 0.0114
289 297 0.0114
295 297 0.0114
291 304 0.0057
305 304 0.0057
291 305 0.0057
304 305 0.0057
71 313 0.0369
314 313 0.0256
388 313 0.0085
313 314 0.0256
315 314 0.0256
314 315 0.0256
316 315 0.0256
83 316 0.0341
315 316 0.0256
320 316 0.0057
59 319 0.0057
71 319 0.017
386 319 0.0199
387 319 0.0256
83 320 0.0057
316 320 0.0057
321 320 0.0057
366 320 0.0057
320 321 0.0057
366 321 0.0057
81 322 0.0057
325 322 0.0256
338 322 0.017
81 325 0.0199
322 325 0.0256
338 325 0.0028
161 326 0.0114
259 326 0.0199
327 326 0.0057
326 327 0.0057
328 327 0.0028
384 327 0.0114
385 327 0.0142
327 328 0.0028
384 328 0.0028
322 338 0.017
325 338 0.0028
339 338 0.0114
271 339 0.0199
272 339 0.0057
338 339 0.0114
320 366 0.0057
321 366 0.0057
327 384 0.0114
328 384 0.0028
385 384 0.0057
261 385 0.0142
262 385 0.0057
327 385 0.0142
384 385 0.0057
319 386 0.0199
388 386 0.0085
389 386 0.0085
61 387 0.0114
319 387 0.0256
389 387 0.0114
313 388 0.0085
386 388 0.0085
386 389 0.0085
387 389 0.0114
65 394 0.0114
413 394 0.0085
48 399 0.0256
49 399 0.0284
56 399 0.0341
155 403 0.0142
405 403 0.0142
406 403 0.0142
47 404 0.017
419 404 0.017
66 405 0.0142
403 405 0.0142
406 405 0.0142
156 406 0.0142
403 406 0.0142
405 406 0.0142
156 407 0.0057
409 407 0.0057
64 409 0.0142
65 409 0.017
407 409 0.0057
410 409 0.0085
409 410 0.0085
413 410 0.0085
41 412 0.0057
419 412 0.0057
394 413 0.0085
410 413 0.0085
32 419 0.0085
404 419 0.017
412 419 0.0057
132 441 0.0114
442 441 0.0199
448 441 0.0057
143 442 0.0114
441 442 0.0199
448 442 0.0057
441 448 0.0057
442 448 0.0057
192 465 0.0057
470 465 0.0057
521 465 0.0142
195 466 0.0085
491 466 0.0085
196 467 0.0114
484 467 0.0114
192 469 0.0057
521 469 0.0057
465 470 0.0057
521 470 0.0057
185 471 0.0142
188 471 0.0057
516 471 0.0057
186 484 0.0114
467 484 0.0114
110 491 0.0085
466 491 0.0085
207 516 0.0057
471 516 0.0057
465 521 0.0142
469 521 0.0057
470 521 0.0057
111 522 0.0142
184 522 0.0199
185 522 0.0199
85 523 0.0085
86 523 0.0312
129 523 0.0142
524 523 0.0142
86 524 0.0057
89 524 0.0057
523 524 0.0142
70 526 0.0341
71 526 0.0341
