2 1 0.012
53 1 0.0145
57 1 0.0096
85 1 0.012
99 1 0.0145
101 1 0.0145
102 1 0.012
105 1 0.0096
281 1 0.0048
1 2 0.012
3 2 0.0193
4 2 0.0048
2 3 0.0193
4 3 0.0169
16 3 0.0241
2 4 0.0048
3 4 0.0169
5 4 0.0145
10 4 0.0024
34 4 0.0072
4 5 0.0145
6 5 0.0193
10 5 0.0096
11 5 0.0145
5 6 0.0193
7 6 0.0169
13 6 0.0145
6 7 0.0169
8 7 0.012
34 7 0.0024
7 8 0.012
9 8 0.0048
14 8 0.012
15 8 0.0048
8 9 0.0048
42 9 0.0048
4 10 0.0024
5 10 0.0096
11 10 0.0048
5 11 0.0145
10 11 0.0048
12 11 0.0072
11 12 0.0072
13 12 0.0193
22 12 0.0096
6 13 0.0145
12 13 0.0193
14 13 0.0048
31 13 0.0096
8 14 0.012
13 14 0.0048
15 14 0.0048
8 15 0.0048
14 15 0.0048
3 16 0.0241
18 16 0.0313
32 16 0.0048
16 18 0.0313
20 18 0.0313
18 20 0.0313
21 20 0.0386
47 20 0.0048
20 21 0.0386
47 21 0.0169
48 21 0.0193
12 22 0.0096
23 22 0.0217
24 22 0.0096
26 22 0.0217
22 23 0.0217
130 23 0.0217
22 24 0.0096
25 24 0.0096
24 25 0.0096
131 25 0.0096
22 26 0.0217
27 26 0.0096
29 26 0.0096
26 27 0.0096
28 27 0.0096
27 28 0.0096
46 28 0.0096
26 29 0.0096
30 29 0.0169
36 29 0.0048
29 30 0.0169
31 30 0.0096
36 30 0.0048
13 31 0.0096
30 31 0.0096
16 32 0.0048
437 32 0.0048
4 34 0.0072
7 34 0.0024
41 34 0.0024
29 36 0.0048
30 36 0.0048
34 41 0.0024
430 41 0.0024
9 42 0.0048
135 42 0.0193
139 42 0.012
28 46 0.0096
481 46 0.0096
20 47 0.0048
21 47 0.0169
422 47 0.0096
21 48 0.0193
50 48 0.0169
417 48 0.0241
56 49 0.0048
66 49 0.0193
153 49 0.0217
417 49 0.0265
48 50 0.0169
51 50 0.0169
50 51 0.0169
154 51 0.0096
157 51 0.0048
1 53 0.0145
54 53 0.0217
55 53 0.0048
53 54 0.0217
55 54 0.0289
62 54 0.0096
53 55 0.0048
54 55 0.0289
56 55 0.0217
49 56 0.0048
55 56 0.0217
417 56 0.0289
1 57 0.0096
58 57 0.0024
69 57 0.0145
57 58 0.0024
59 58 0.0096
60 58 0.0048
58 59 0.0096
60 59 0.012
319 59 0.0096
58 60 0.0048
59 60 0.012
61 60 0.0048
60 61 0.0048
405 61 0.0048
54 62 0.0096
63 62 0.0096
62 63 0.0096
64 63 0.0072
66 63 0.0145
63 64 0.0072
65 64 0.0072
427 64 0.012
64 65 0.0072
414 65 0.0096
427 65 0.0145
49 66 0.0193
63 66 0.0145
153 66 0.0048
423 66 0.0096
57 69 0.0145
70 69 0.0048
78 69 0.0072
69 70 0.0048
72 70 0.0169
624 70 0.0241
313 71 0.0265
319 71 0.0145
624 71 0.0241
70 72 0.0169
74 72 0.0169
72 74 0.0169
76 74 0.0169
74 76 0.0169
82 76 0.0169
69 78 0.0072
79 78 0.0169
98 78 0.0072
78 79 0.0169
80 79 0.0048
159 79 0.0241
79 80 0.0048
81 80 0.0048
80 81 0.0048
322 81 0.0048
325 81 0.012
76 82 0.0169
83 82 0.0169
82 83 0.0169
316 83 0.0241
320 83 0.0048
1 85 0.012
86 85 0.012
621 85 0.0072
85 86 0.012
87 86 0.0096
171 86 0.012
621 86 0.0193
622 86 0.012
86 87 0.0096
88 87 0.0169
92 87 0.012
98 87 0.0145
87 88 0.0169
161 88 0.0169
90 89 0.0072
93 89 0.0096
622 89 0.0048
89 90 0.0072
91 90 0.0096
96 90 0.0217
97 90 0.0048
90 91 0.0096
92 91 0.0048
163 91 0.012
87 92 0.012
91 92 0.0048
260 92 0.0145
89 93 0.0096
94 93 0.0048
96 93 0.0072
93 94 0.0048
95 94 0.012
168 94 0.0096
94 95 0.012
171 95 0.0048
248 95 0.0096
90 96 0.0217
93 96 0.0072
97 96 0.0265
166 96 0.012
90 97 0.0048
96 97 0.0265
164 97 0.0193
78 98 0.0072
87 98 0.0145
159 98 0.0241
1 99 0.0145
100 99 0.012
126 99 0.0096
99 100 0.012
101 100 0.0169
120 100 0.0024
1 101 0.0145
100 101 0.0169
115 101 0.0145
1 102 0.012
103 102 0.0072
118 102 0.0072
102 103 0.0072
109 103 0.012
112 103 0.0072
1 105 0.0096
106 105 0.0145
128 105 0.012
105 106 0.0145
107 106 0.012
126 106 0.0096
106 107 0.012
108 107 0.0048
128 107 0.0096
107 108 0.0048
174 108 0.0145
179 108 0.0072
103 109 0.012
110 109 0.012
231 109 0.012
109 110 0.012
111 110 0.0217
544 110 0.0072
110 111 0.0217
184 111 0.0289
620 111 0.0048
103 112 0.0072
113 112 0.0096
205 112 0.0145
112 113 0.0096
114 113 0.012
206 113 0.0193
113 114 0.012
212 114 0.0145
215 114 0.0096
101 115 0.0145
116 115 0.0193
122 115 0.0217
115 116 0.0193
117 116 0.0145
118 116 0.0072
116 117 0.0145
219 117 0.0024
221 117 0.0193
102 118 0.0072
116 118 0.0072
100 120 0.0024
121 120 0.0024
122 120 0.0072
120 121 0.0024
235 121 0.0096
236 121 0.0048
115 122 0.0217
120 122 0.0072
123 122 0.0265
235 122 0.012
122 123 0.0265
124 123 0.0169
227 123 0.0072
123 124 0.0169
125 124 0.0048
221 124 0.0241
124 125 0.0048
223 125 0.0048
99 126 0.0096
106 126 0.0096
105 128 0.012
107 128 0.0096
129 128 0.0048
128 129 0.0048
172 129 0.0096
621 129 0.012
23 130 0.0217
131 130 0.0337
132 130 0.0096
25 131 0.0096
130 131 0.0337
143 131 0.0217
130 132 0.0096
478 132 0.0096
42 135 0.0193
136 135 0.0193
135 136 0.0193
137 136 0.0169
138 136 0.0241
136 137 0.0169
449 137 0.0169
136 138 0.0241
148 138 0.0241
151 138 0.0217
42 139 0.012
147 139 0.012
131 143 0.0217
479 143 0.0096
481 143 0.0096
139 147 0.012
148 147 0.012
138 148 0.0241
147 148 0.012
149 148 0.0096
148 149 0.0096
465 149 0.0096
138 151 0.0217
455 151 0.0096
465 151 0.0096
49 153 0.0217
66 153 0.0048
154 153 0.0145
51 154 0.0096
153 154 0.0145
155 154 0.0024
154 155 0.0024
156 155 0.0048
421 155 0.0096
155 156 0.0048
424 156 0.012
425 156 0.0048
51 157 0.0048
449 157 0.0169
455 157 0.0096
79 159 0.0241
98 159 0.0241
88 161 0.0169
271 161 0.0169
326 161 0.0217
91 163 0.012
254 163 0.0217
261 163 0.0169
97 164 0.0193
165 164 0.0072
249 164 0.0096
164 165 0.0072
254 165 0.0072
96 166 0.012
169 166 0.012
94 168 0.0096
169 168 0.012
170 168 0.0193
166 169 0.012
168 169 0.012
244 169 0.0096
249 169 0.0096
168 170 0.0193
246 170 0.0169
247 170 0.0145
86 171 0.012
95 171 0.0048
172 171 0.0096
129 172 0.0096
171 172 0.0096
108 174 0.0145
175 174 0.0217
248 174 0.0096
174 175 0.0217
176 175 0.0072
177 175 0.0096
180 175 0.0145
175 176 0.0072
242 176 0.0072
175 177 0.0096
180 177 0.0048
182 177 0.0024
108 179 0.0072
180 179 0.0072
175 180 0.0145
177 180 0.0048
179 180 0.0072
177 182 0.0024
225 182 0.0024
111 184 0.0289
194 184 0.0072
196 184 0.0337
620 184 0.0217
186 185 0.0193
189 185 0.0145
521 185 0.0096
620 185 0.0145
185 186 0.0193
187 186 0.0096
536 186 0.0072
186 187 0.0096
190 187 0.0096
185 189 0.0145
190 189 0.0096
521 189 0.0024
187 190 0.0096
189 190 0.0096
192 191 0.0024
616 191 0.0024
191 192 0.0024
193 192 0.0096
616 192 0.0048
192 193 0.0096
515 193 0.0024
616 193 0.0145
184 194 0.0072
197 194 0.0072
184 196 0.0337
197 196 0.0241
516 196 0.0072
194 197 0.0072
196 197 0.0241
517 197 0.0145
112 205 0.0145
206 205 0.0145
231 205 0.012
113 206 0.0193
205 206 0.0145
207 206 0.0072
217 206 0.0072
206 207 0.0072
208 207 0.0072
231 207 0.012
207 208 0.0072
209 208 0.0193
211 208 0.0072
611 208 0.0145
208 209 0.0193
210 209 0.0193
209 210 0.0193
274 210 0.0096
275 210 0.0072
208 211 0.0072
213 211 0.0048
274 211 0.0145
114 212 0.0145
213 212 0.0048
217 212 0.0072
211 213 0.0048
212 213 0.0048
214 213 0.012
213 214 0.012
216 214 0.0145
274 214 0.0145
114 215 0.0096
216 215 0.0096
214 216 0.0145
215 216 0.0096
230 216 0.012
206 217 0.0072
212 217 0.0072
117 219 0.0024
220 219 0.0024
219 220 0.0024
230 220 0.0024
274 220 0.0072
117 221 0.0193
124 221 0.0241
274 221 0.0169
125 223 0.0048
224 223 0.012
274 223 0.0048
223 224 0.012
225 224 0.0024
274 224 0.0169
182 225 0.0024
224 225 0.0024
274 225 0.0072
123 227 0.0072
235 227 0.0072
216 230 0.012
220 230 0.0024
274 230 0.0169
109 231 0.012
205 231 0.012
207 231 0.012
121 235 0.0096
122 235 0.012
227 235 0.0072
236 235 0.0048
121 236 0.0048
235 236 0.0048
176 242 0.0072
246 242 0.0072
169 244 0.0096
245 244 0.0096
244 245 0.0096
246 245 0.0096
170 246 0.0169
242 246 0.0072
245 246 0.0096
247 246 0.0145
170 247 0.0145
246 247 0.0145
248 247 0.0169
95 248 0.0096
174 248 0.0096
247 248 0.0169
164 249 0.0096
169 249 0.0096
163 254 0.0217
165 254 0.0072
255 254 0.012
254 255 0.012
257 255 0.012
255 257 0.012
270 257 0.012
92 260 0.0145
262 260 0.0096
326 260 0.0169
163 261 0.0169
262 261 0.0024
270 261 0.012
260 262 0.0096
261 262 0.0024
263 262 0.0024
329 262 0.0096
403 262 0.012
262 263 0.0024
329 263 0.0024
257 270 0.012
261 270 0.012
161 271 0.0169
272 271 0.0169
271 272 0.0169
273 272 0.0169
340 272 0.012
272 273 0.0169
340 273 0.0048
341 273 0.0096
210 274 0.0096
211 274 0.0145
214 274 0.0145
220 274 0.0072
221 274 0.0169
223 274 0.0048
224 274 0.0169
225 274 0.0072
230 274 0.0169
210 275 0.0072
588 275 0.0072
1 281 0.0048
282 281 0.0145
295 281 0.0072
281 282 0.0145
284 282 0.0145
282 284 0.0145
286 284 0.0145
284 286 0.0145
290 286 0.012
295 286 0.0145
286 290 0.012
291 290 0.0169
299 290 0.0169
290 291 0.0169
302 291 0.0169
305 292 0.0048
306 292 0.0048
281 295 0.0072
286 295 0.0145
296 295 0.0048
295 296 0.0048
298 296 0.0096
299 296 0.0169
296 298 0.0096
501 298 0.0096
290 299 0.0169
296 299 0.0169
301 299 0.0096
303 299 0.0096
299 301 0.0096
501 301 0.0096
291 302 0.0169
303 302 0.0169
299 303 0.0096
302 303 0.0169
537 303 0.0048
292 305 0.0048
306 305 0.0048
292 306 0.0048
305 306 0.0048
71 313 0.0265
314 313 0.0289
406 313 0.0193
313 314 0.0289
315 314 0.0289
314 315 0.0289
316 315 0.0169
410 315 0.0096
83 316 0.0241
315 316 0.0169
320 316 0.0048
406 318 0.0096
410 318 0.0096
59 319 0.0096
71 319 0.0145
404 319 0.0169
405 319 0.0169
83 320 0.0048
316 320 0.0048
321 320 0.0048
366 320 0.0048
320 321 0.0048
366 321 0.0048
81 322 0.0048
325 322 0.0169
339 322 0.0096
81 325 0.012
322 325 0.0169
339 325 0.0024
161 326 0.0217
260 326 0.0169
327 326 0.0169
326 327 0.0169
328 327 0.0145
402 327 0.0096
403 327 0.012
327 328 0.0145
335 328 0.0096
402 328 0.0024
262 329 0.0096
263 329 0.0024
403 329 0.0048
328 335 0.0096
341 335 0.0096
322 339 0.0096
325 339 0.0024
340 339 0.0048
272 340 0.012
273 340 0.0048
339 340 0.0048
273 341 0.0096
335 341 0.0096
349 348 0.012
375 348 0.012
348 349 0.012
350 349 0.012
349 350 0.012
376 350 0.0193
383 350 0.0048
320 366 0.0048
321 366 0.0048
348 375 0.012
377 375 0.012
350 376 0.0193
382 376 0.012
383 376 0.0048
375 377 0.012
382 377 0.012
376 382 0.012
377 382 0.012
350 383 0.0048
376 383 0.0048
327 402 0.0096
328 402 0.0024
403 402 0.0048
262 403 0.012
327 403 0.012
329 403 0.0048
402 403 0.0048
319 404 0.0169
406 404 0.0072
407 404 0.0072
61 405 0.0048
319 405 0.0169
407 405 0.0096
313 406 0.0193
318 406 0.0096
404 406 0.0072
404 407 0.0072
405 407 0.0096
315 410 0.0096
318 410 0.0096
65 414 0.0096
431 414 0.0072
48 417 0.0241
49 417 0.0265
56 417 0.0289
155 421 0.0096
423 421 0.0169
424 421 0.0193
47 422 0.0096
436 422 0.0072
437 422 0.0193
66 423 0.0096
421 423 0.0169
424 423 0.0048
156 424 0.012
421 424 0.0193
423 424 0.0048
156 425 0.0048
427 425 0.0048
64 427 0.012
65 427 0.0145
425 427 0.0048
428 427 0.0072
427 428 0.0072
431 428 0.0072
41 430 0.0024
436 430 0.0072
437 430 0.012
414 431 0.0072
428 431 0.0072
422 436 0.0072
430 436 0.0072
32 437 0.0048
422 437 0.0193
430 437 0.012
137 449 0.0169
157 449 0.0169
151 455 0.0096
157 455 0.0096
149 465 0.0096
151 465 0.0096
132 478 0.0096
479 478 0.0169
485 478 0.0048
143 479 0.0096
478 479 0.0169
485 479 0.0048
46 481 0.0096
143 481 0.0096
478 485 0.0048
479 485 0.0048
298 501 0.0096
301 501 0.0096
193 515 0.0024
520 515 0.0048
619 515 0.0096
196 516 0.0072
544 516 0.0072
197 517 0.0145
536 517 0.0145
617 519 0.0048
619 519 0.0048
515 520 0.0048
619 520 0.0048
185 521 0.0096
189 521 0.0024
611 521 0.0048
523 522 0.0072
569 522 0.0072
522 523 0.0072
575 523 0.0072
186 536 0.0072
517 536 0.0145
537 536 0.0048
303 537 0.0048
536 537 0.0048
110 544 0.0072
516 544 0.0072
522 569 0.0072
575 569 0.0072
523 575 0.0072
569 575 0.0072
586 585 0.0048
597 585 0.0048
585 586 0.0048
597 586 0.0048
275 588 0.0072
612 588 0.0072
585 597 0.0048
586 597 0.0048
208 611 0.0145
521 611 0.0048
612 611 0.0072
588 612 0.0072
611 612 0.0072
191 616 0.0024
192 616 0.0048
193 616 0.0145
617 616 0.0024
519 617 0.0048
616 617 0.0024
619 617 0.0096
515 619 0.0096
519 619 0.0048
520 619 0.0048
617 619 0.0096
111 620 0.0048
184 620 0.0217
185 620 0.0145
85 621 0.0072
86 621 0.0193
129 621 0.012
622 621 0.0048
86 622 0.012
89 622 0.0048
621 622 0.0048
70 624 0.0241
71 624 0.0241
