2 1 0.0035
3 1 0.0094
4 1 0.0082
5 1 0.0118
6 1 0.0082
7 1 0.0106
8 1 0.0059
9 1 0.0071
10 1 0.0106
11 1 0.0118
12 1 0.0024
16 1 0.0047
25 1 0.013
91 1 0.0082
104 1 0.0024
147 1 0.0071
182 1 0.0047
204 1 0.0047
363 1 0.0047
392 1 0.0012
393 1 0.0035
632 1 0.0035
1 2 0.0035
23 2 0.0059
630 2 0.0012
1 3 0.0094
25 3 0.0059
392 3 0.0094
1 4 0.0082
205 4 0.0059
364 4 0.0082
1 5 0.0118
203 5 0.0118
393 5 0.0071
394 5 0.0071
1 6 0.0082
164 6 0.0024
177 6 0.0071
1 7 0.0106
125 7 0.0177
616 7 0.0071
617 7 0.0094
1 8 0.0059
122 8 0.0047
1 9 0.0071
93 9 0.0071
104 9 0.0059
1 10 0.0106
11 10 0.0012
536 10 0.0082
1 11 0.0118
10 11 0.0012
12 11 0.0094
1 12 0.0024
11 12 0.0094
13 12 0.0047
77 12 0.0047
12 13 0.0047
14 13 0.0082
76 13 0.0024
13 14 0.0082
15 14 0.0094
19 14 0.0024
537 14 0.0082
14 15 0.0094
16 15 0.0094
19 15 0.013
1 16 0.0047
15 16 0.0094
17 16 0.0035
16 17 0.0035
18 17 0.0082
639 17 0.0035
17 18 0.0082
19 18 0.0094
20 18 0.0059
539 18 0.0071
14 19 0.0024
15 19 0.013
18 19 0.0094
18 20 0.0059
50 20 0.0071
640 20 0.0047
22 21 0.0024
633 21 0.0082
638 21 0.0118
21 22 0.0024
23 22 0.0106
30 22 0.0035
630 22 0.0047
638 22 0.0059
2 23 0.0059
22 23 0.0106
24 23 0.0118
23 24 0.0118
25 24 0.0141
26 24 0.0059
1 25 0.013
3 25 0.0059
24 25 0.0141
24 26 0.0059
27 26 0.0047
26 27 0.0047
28 27 0.0082
642 27 0.0012
644 27 0.0106
27 28 0.0082
242 28 0.0094
392 28 0.0071
34 29 0.0047
40 29 0.0012
635 29 0.0082
639 29 0.0047
640 29 0.0035
654 29 0.0106
22 30 0.0035
31 30 0.0047
643 30 0.0059
30 31 0.0047
646 31 0.0094
652 31 0.0035
47 32 0.0059
646 32 0.0047
652 32 0.0118
34 33 0.0035
640 33 0.0047
641 33 0.0047
29 34 0.0047
33 34 0.0035
35 34 0.0047
34 35 0.0047
36 35 0.0059
38 35 0.0071
35 36 0.0059
70 36 0.0012
519 36 0.0035
39 37 0.0012
519 37 0.0012
35 38 0.0071
521 38 0.0094
524 38 0.0012
37 39 0.0012
520 39 0.0047
522 39 0.0024
29 40 0.0012
41 40 0.0012
40 41 0.0012
43 41 0.0047
523 41 0.0024
41 43 0.0047
44 43 0.0106
51 43 0.0047
43 44 0.0106
45 44 0.0118
653 44 0.0118
44 45 0.0118
46 45 0.0106
47 45 0.0118
45 46 0.0106
52 46 0.0094
55 46 0.0094
32 47 0.0059
45 47 0.0118
264 47 0.0047
652 48 0.0071
653 48 0.0071
20 50 0.0071
539 50 0.0035
641 50 0.0024
43 51 0.0047
52 51 0.0047
46 52 0.0094
51 52 0.0047
53 52 0.0071
54 52 0.0024
52 53 0.0071
54 53 0.0071
497 53 0.0082
52 54 0.0024
53 54 0.0071
61 54 0.0035
46 55 0.0094
58 55 0.0094
55 58 0.0094
283 58 0.0059
482 58 0.0012
544 58 0.0047
544 59 0.0047
545 59 0.0118
655 59 0.0059
54 61 0.0035
498 61 0.0071
515 61 0.0024
496 62 0.013
498 62 0.0118
504 62 0.0071
504 63 0.0024
509 63 0.0047
514 63 0.0106
516 63 0.0082
285 66 0.0035
502 66 0.0035
285 67 0.0082
497 67 0.0082
36 70 0.0012
641 70 0.0012
79 73 0.0059
530 73 0.0059
75 74 0.0047
537 74 0.0071
538 74 0.0012
74 75 0.0047
76 75 0.0047
13 76 0.0024
75 76 0.0047
530 76 0.0012
12 77 0.0047
78 77 0.0059
77 78 0.0059
79 78 0.0024
536 78 0.0024
73 79 0.0059
78 79 0.0024
533 79 0.0047
86 84 0.0047
536 84 0.0047
540 84 0.0106
91 85 0.0082
98 85 0.0047
540 85 0.0071
84 86 0.0047
89 86 0.0012
540 86 0.0024
86 89 0.0012
97 89 0.0012
1 91 0.0082
85 91 0.0082
9 93 0.0071
94 93 0.0071
93 94 0.0071
622 94 0.0024
624 94 0.0024
625 94 0.0141
98 95 0.0106
625 95 0.0106
89 97 0.0012
99 97 0.0082
101 97 0.0059
85 98 0.0047
95 98 0.0106
99 98 0.0094
97 99 0.0082
98 99 0.0094
101 100 0.0059
623 100 0.0082
624 100 0.0165
97 101 0.0059
100 101 0.0059
1 104 0.0024
9 104 0.0059
620 104 0.0024
106 105 0.0024
107 105 0.0035
105 106 0.0024
107 106 0.0082
621 106 0.0047
105 107 0.0035
106 107 0.0082
108 107 0.0059
618 107 0.0012
107 108 0.0059
618 108 0.0094
619 108 0.0024
110 109 0.0082
115 109 0.0059
116 109 0.0071
618 109 0.0071
109 110 0.0082
111 110 0.0047
112 110 0.0024
110 111 0.0047
622 111 0.0082
623 111 0.0024
110 112 0.0024
115 112 0.0024
109 115 0.0059
112 115 0.0024
116 115 0.0024
109 116 0.0071
115 116 0.0024
117 116 0.0047
120 116 0.0094
116 117 0.0047
118 117 0.0012
120 117 0.0024
117 118 0.0012
119 118 0.0024
120 118 0.0047
118 119 0.0024
619 119 0.0012
116 120 0.0094
117 120 0.0024
118 120 0.0047
122 121 0.0094
136 121 0.0094
8 122 0.0047
121 122 0.0094
131 122 0.0035
125 124 0.0177
144 124 0.0177
7 125 0.0177
124 125 0.0177
129 128 0.0035
132 128 0.0035
128 129 0.0035
130 129 0.0071
131 129 0.0024
129 130 0.0071
131 130 0.0071
133 130 0.0082
122 131 0.0035
129 131 0.0024
130 131 0.0071
128 132 0.0035
133 132 0.0035
130 133 0.0082
132 133 0.0035
136 133 0.0035
121 136 0.0094
133 136 0.0035
140 136 0.0047
140 139 0.0047
143 139 0.0047
136 140 0.0047
139 140 0.0047
139 143 0.0047
144 143 0.0082
174 143 0.0024
124 144 0.0177
143 144 0.0082
145 144 0.0082
144 145 0.0082
148 145 0.0082
147 146 0.0094
156 146 0.0082
617 146 0.0094
1 147 0.0071
146 147 0.0094
162 147 0.0059
163 147 0.0059
145 148 0.0082
616 148 0.0082
151 149 0.0024
152 149 0.0024
149 151 0.0024
152 151 0.0047
165 151 0.0012
149 152 0.0024
151 152 0.0047
165 152 0.0012
154 153 0.0059
156 153 0.0106
615 153 0.0035
153 154 0.0059
612 154 0.0035
614 154 0.0035
146 156 0.0082
153 156 0.0106
159 156 0.0106
612 156 0.0024
615 156 0.0024
158 157 0.0024
613 157 0.0024
614 157 0.0059
157 158 0.0024
159 158 0.0059
167 158 0.0024
156 159 0.0106
158 159 0.0059
160 159 0.0035
163 159 0.0024
179 159 0.0024
159 160 0.0035
161 160 0.0035
177 160 0.0059
160 161 0.0035
162 161 0.0024
164 161 0.0047
177 161 0.0035
147 162 0.0059
161 162 0.0024
163 162 0.0024
164 162 0.0059
147 163 0.0059
159 163 0.0024
162 163 0.0024
6 164 0.0024
161 164 0.0047
162 164 0.0059
177 164 0.0012
151 165 0.0012
152 165 0.0012
158 167 0.0024
168 167 0.0059
169 167 0.0059
170 167 0.0024
167 168 0.0059
169 168 0.0012
171 168 0.0024
172 168 0.0071
167 169 0.0059
168 169 0.0012
170 169 0.0024
167 170 0.0024
169 170 0.0024
168 171 0.0024
172 171 0.0106
174 171 0.0082
168 172 0.0071
171 172 0.0106
611 172 0.0047
174 173 0.0047
611 173 0.0035
143 174 0.0024
171 174 0.0082
173 174 0.0047
6 177 0.0071
160 177 0.0059
161 177 0.0035
164 177 0.0012
178 177 0.0047
402 177 0.0082
177 178 0.0047
179 178 0.0047
184 178 0.0035
159 179 0.0024
178 179 0.0047
184 179 0.0012
397 180 0.0024
399 180 0.0059
402 180 0.0094
395 181 0.0012
397 181 0.0012
1 182 0.0047
393 182 0.0059
395 182 0.0047
178 184 0.0035
179 184 0.0012
600 184 0.0012
189 185 0.0071
399 185 0.0082
394 186 0.0035
395 186 0.0024
398 187 0.0094
399 187 0.0106
190 188 0.0141
398 188 0.0141
598 188 0.0059
185 189 0.0071
326 189 0.0118
398 189 0.0153
188 190 0.0141
191 190 0.0047
207 190 0.013
324 190 0.0094
598 190 0.0024
190 191 0.0047
192 191 0.0035
191 192 0.0035
193 192 0.0024
207 192 0.0071
192 193 0.0024
194 193 0.0012
193 194 0.0012
195 194 0.0035
197 194 0.0012
194 195 0.0035
196 195 0.0141
208 195 0.0153
195 196 0.0141
197 196 0.0118
361 196 0.0082
194 197 0.0012
196 197 0.0118
199 197 0.0106
401 197 0.0071
361 198 0.0059
400 198 0.0012
401 198 0.0082
197 199 0.0106
200 199 0.0094
400 199 0.0071
199 200 0.0094
201 200 0.0153
365 200 0.0118
200 201 0.0153
202 201 0.0141
201 202 0.0141
203 202 0.0094
365 202 0.0035
5 203 0.0118
202 203 0.0094
204 203 0.0012
1 204 0.0047
203 204 0.0012
205 204 0.0024
4 205 0.0059
204 205 0.0024
364 205 0.0024
212 206 0.0024
365 206 0.0035
366 206 0.0071
190 207 0.013
192 207 0.0071
208 207 0.0118
195 208 0.0153
207 208 0.0118
220 208 0.0094
322 208 0.0024
325 208 0.0024
360 209 0.0071
361 209 0.0082
362 209 0.0094
359 210 0.0082
404 210 0.0059
405 210 0.0012
212 211 0.0012
214 211 0.0047
405 211 0.0024
206 212 0.0024
211 212 0.0012
236 212 0.0047
214 213 0.0059
216 213 0.0071
360 213 0.0071
211 214 0.0047
213 214 0.0059
215 214 0.0047
214 215 0.0047
221 215 0.0035
406 215 0.013
407 215 0.0024
213 216 0.0071
217 216 0.0047
223 216 0.0059
412 216 0.0059
216 217 0.0047
218 217 0.0106
223 217 0.0059
411 217 0.0094
217 218 0.0106
219 218 0.0082
317 218 0.0059
410 218 0.0012
218 219 0.0082
220 219 0.0118
403 219 0.0024
208 220 0.0094
219 220 0.0118
403 220 0.0035
215 221 0.0035
222 221 0.013
223 221 0.0059
226 221 0.0141
228 221 0.0024
281 221 0.0024
294 221 0.0047
308 221 0.0071
310 221 0.0024
312 221 0.0094
571 221 0.0024
221 222 0.013
406 222 0.0141
216 223 0.0059
217 223 0.0059
221 223 0.0059
225 224 0.0024
406 224 0.0071
407 224 0.0106
224 225 0.0024
408 225 0.0047
221 226 0.0141
227 226 0.0059
229 226 0.0141
226 227 0.0059
228 227 0.0035
229 227 0.0047
221 228 0.0024
227 228 0.0035
226 229 0.0141
227 229 0.0047
230 229 0.0059
231 229 0.0153
234 229 0.0106
229 230 0.0059
233 230 0.0047
229 231 0.0153
232 231 0.0153
382 231 0.0059
231 232 0.0153
233 232 0.0082
237 232 0.0118
253 232 0.0082
380 232 0.0024
230 233 0.0047
232 233 0.0082
254 233 0.0047
229 234 0.0106
375 234 0.0094
376 234 0.0012
381 234 0.0059
409 234 0.0024
236 235 0.0082
372 235 0.0047
377 235 0.0141
212 236 0.0047
235 236 0.0082
367 236 0.0094
232 237 0.0118
239 237 0.0118
414 237 0.0035
373 238 0.0024
384 238 0.0071
414 238 0.0082
237 239 0.0118
415 239 0.0035
417 239 0.0118
246 240 0.0071
249 240 0.0035
385 240 0.0106
415 240 0.0118
244 241 0.0024
383 241 0.0047
28 242 0.0094
262 242 0.0082
389 242 0.0047
390 242 0.0035
386 243 0.0082
387 243 0.0071
241 244 0.0024
387 244 0.0082
389 244 0.0047
246 245 0.0012
247 245 0.0118
387 245 0.0094
240 246 0.0071
245 246 0.0012
247 246 0.013
248 246 0.0024
245 247 0.0118
246 247 0.013
248 247 0.0118
246 248 0.0024
247 248 0.0118
250 248 0.0071
240 249 0.0035
415 249 0.0024
248 250 0.0071
251 250 0.0059
252 250 0.0094
250 251 0.0059
419 251 0.0059
425 251 0.0082
250 252 0.0094
424 252 0.0035
430 252 0.0047
232 253 0.0082
254 253 0.0059
416 253 0.0059
233 254 0.0047
253 254 0.0059
255 254 0.0024
254 255 0.0024
256 255 0.0047
260 255 0.0059
255 256 0.0047
436 256 0.0035
258 257 0.0035
260 257 0.0035
416 257 0.0047
423 257 0.0024
257 258 0.0035
417 258 0.0106
418 258 0.0059
421 258 0.0106
418 259 0.0059
419 259 0.0082
420 259 0.0106
255 260 0.0059
257 260 0.0035
261 260 0.0024
436 260 0.0024
260 261 0.0024
423 261 0.0047
432 261 0.0035
434 261 0.0035
435 261 0.0035
242 262 0.0082
363 262 0.0059
391 262 0.0059
368 263 0.0012
370 263 0.0047
391 263 0.0059
47 264 0.0047
545 264 0.0106
546 264 0.0047
422 265 0.0118
431 265 0.0118
434 265 0.0035
282 266 0.0047
420 266 0.0082
427 266 0.0024
431 266 0.0059
268 267 0.0024
270 267 0.0071
425 267 0.0024
426 267 0.0059
428 267 0.0024
267 268 0.0024
439 268 0.0012
441 269 0.0071
442 269 0.0094
481 269 0.0012
267 270 0.0071
271 270 0.0094
440 270 0.0012
270 271 0.0094
272 271 0.0047
282 271 0.0082
442 271 0.013
271 272 0.0047
428 272 0.0035
437 272 0.0024
429 273 0.0059
644 273 0.0165
651 273 0.0094
443 274 0.0047
464 274 0.0094
465 274 0.0024
467 274 0.0024
543 274 0.0082
282 275 0.0047
449 275 0.0047
543 275 0.0059
277 276 0.0094
451 276 0.013
453 276 0.0047
276 277 0.0094
447 277 0.0106
448 277 0.0024
444 278 0.0059
445 278 0.0094
448 278 0.0012
459 278 0.0071
435 279 0.0071
446 279 0.0082
455 279 0.0071
445 280 0.0071
446 280 0.0024
455 280 0.0047
456 280 0.0071
221 281 0.0024
455 281 0.0035
266 282 0.0047
271 282 0.0082
275 282 0.0047
431 282 0.0059
433 282 0.0059
437 282 0.0047
443 282 0.0047
58 283 0.0059
285 283 0.0035
483 283 0.0047
485 283 0.0024
484 284 0.0106
485 284 0.0035
486 284 0.0059
66 285 0.0035
67 285 0.0082
283 285 0.0035
289 288 0.0071
469 288 0.0071
470 288 0.0059
288 289 0.0071
452 289 0.0094
454 289 0.0012
466 290 0.0024
477 290 0.0024
478 290 0.0024
484 290 0.0024
305 291 0.0059
484 291 0.0059
302 292 0.0035
472 292 0.0024
457 293 0.0059
458 293 0.0024
480 293 0.0035
568 293 0.0024
221 294 0.0047
297 294 0.0071
568 294 0.0035
479 295 0.0024
565 295 0.0035
306 296 0.0059
308 296 0.0059
565 296 0.0059
294 297 0.0071
567 297 0.0059
568 297 0.0047
300 298 0.0059
302 298 0.0059
306 299 0.0071
558 299 0.0141
562 299 0.0059
298 300 0.0059
301 300 0.0059
300 301 0.0059
559 301 0.0059
292 302 0.0035
298 302 0.0059
556 302 0.0106
486 303 0.0059
550 303 0.0094
553 303 0.0024
291 305 0.0059
551 305 0.0059
296 306 0.0059
299 306 0.0071
563 306 0.0071
221 308 0.0071
296 308 0.0059
567 308 0.0071
221 310 0.0024
314 310 0.0024
315 311 0.0082
319 311 0.0047
573 311 0.0094
221 312 0.0094
571 312 0.0118
574 312 0.0012
310 314 0.0024
579 314 0.0024
311 315 0.0082
572 315 0.0024
577 315 0.0047
576 316 0.0106
583 316 0.0141
587 316 0.0118
218 317 0.0059
318 317 0.0024
319 317 0.0024
317 318 0.0024
320 318 0.0024
311 319 0.0047
317 319 0.0024
585 319 0.0012
318 320 0.0024
321 320 0.0106
585 320 0.0035
587 320 0.0024
320 321 0.0106
322 321 0.0106
587 321 0.0153
208 322 0.0024
321 322 0.0106
335 322 0.0035
338 322 0.0024
190 324 0.0094
331 324 0.013
596 324 0.0106
208 325 0.0024
333 325 0.0035
189 326 0.0118
327 326 0.0035
602 326 0.0094
326 327 0.0035
598 327 0.0024
605 329 0.0012
606 329 0.0012
339 330 0.0059
606 330 0.0071
324 331 0.013
597 331 0.013
333 332 0.0071
334 332 0.0012
596 332 0.0094
325 333 0.0035
332 333 0.0071
596 333 0.0024
332 334 0.0012
343 334 0.0059
597 334 0.0082
322 335 0.0035
337 335 0.0035
335 337 0.0035
592 337 0.0035
322 338 0.0024
583 338 0.0177
584 338 0.0141
330 339 0.0059
340 339 0.0094
341 339 0.0024
339 340 0.0094
341 340 0.013
344 340 0.0024
339 341 0.0024
340 341 0.013
343 341 0.0094
334 343 0.0059
341 343 0.0094
345 343 0.0024
340 344 0.0024
345 344 0.0024
343 345 0.0024
344 345 0.0024
356 351 0.0059
584 351 0.0106
588 351 0.0035
589 352 0.0071
594 352 0.0071
351 356 0.0059
569 356 0.0024
581 356 0.0094
210 359 0.0082
360 359 0.0059
404 359 0.0024
209 360 0.0071
213 360 0.0071
359 360 0.0059
196 361 0.0082
198 361 0.0059
209 361 0.0082
209 362 0.0094
410 362 0.0035
412 362 0.0141
1 363 0.0047
262 363 0.0059
4 364 0.0082
205 364 0.0024
366 364 0.0047
200 365 0.0118
202 365 0.0035
206 365 0.0035
404 365 0.0024
206 366 0.0071
364 366 0.0047
367 366 0.0035
236 367 0.0094
366 367 0.0035
368 367 0.0071
263 368 0.0012
367 368 0.0071
377 368 0.0047
263 370 0.0047
371 370 0.0047
370 371 0.0047
390 371 0.0035
235 372 0.0047
376 372 0.0059
238 373 0.0024
413 373 0.0024
375 374 0.0059
376 374 0.0082
413 374 0.0094
234 375 0.0094
374 375 0.0059
381 375 0.0024
234 376 0.0012
372 376 0.0059
374 376 0.0082
235 377 0.0141
368 377 0.0047
413 377 0.0082
232 380 0.0024
381 380 0.0012
234 381 0.0059
375 381 0.0024
380 381 0.0012
382 381 0.0047
231 382 0.0059
381 382 0.0047
241 383 0.0047
384 383 0.0094
386 383 0.013
238 384 0.0071
383 384 0.0094
385 384 0.0153
240 385 0.0106
384 385 0.0153
386 385 0.0035
243 386 0.0082
383 386 0.013
385 386 0.0035
243 387 0.0071
244 387 0.0082
245 387 0.0094
242 389 0.0047
244 389 0.0047
242 390 0.0035
371 390 0.0035
391 390 0.0082
262 391 0.0059
263 391 0.0059
390 391 0.0082
1 392 0.0012
3 392 0.0094
28 392 0.0071
1 393 0.0035
5 393 0.0071
182 393 0.0059
394 393 0.0024
5 394 0.0071
186 394 0.0035
393 394 0.0024
181 395 0.0012
182 395 0.0047
186 395 0.0024
180 397 0.0024
181 397 0.0012
402 397 0.0047
187 398 0.0094
188 398 0.0141
189 398 0.0153
180 399 0.0059
185 399 0.0082
187 399 0.0106
198 400 0.0012
199 400 0.0071
401 400 0.0094
197 401 0.0071
198 401 0.0082
400 401 0.0094
177 402 0.0082
180 402 0.0094
397 402 0.0047
219 403 0.0024
220 403 0.0035
210 404 0.0059
359 404 0.0024
365 404 0.0024
210 405 0.0012
211 405 0.0024
215 406 0.013
222 406 0.0141
224 406 0.0071
215 407 0.0024
224 407 0.0106
408 407 0.0071
225 408 0.0047
407 408 0.0071
409 408 0.0012
234 409 0.0024
408 409 0.0012
218 410 0.0012
362 410 0.0035
411 410 0.0059
217 411 0.0094
410 411 0.0059
412 411 0.0118
216 412 0.0059
362 412 0.0141
411 412 0.0118
373 413 0.0024
374 413 0.0094
377 413 0.0082
237 414 0.0035
238 414 0.0082
415 414 0.0035
239 415 0.0035
240 415 0.0118
249 415 0.0024
414 415 0.0035
253 416 0.0059
257 416 0.0047
417 416 0.0071
239 417 0.0118
258 417 0.0106
416 417 0.0071
418 417 0.0035
258 418 0.0059
259 418 0.0059
417 418 0.0035
251 419 0.0059
259 419 0.0082
420 419 0.0012
259 420 0.0106
266 420 0.0082
419 420 0.0012
421 420 0.0082
258 421 0.0106
420 421 0.0082
422 421 0.0106
265 422 0.0118
421 422 0.0106
257 423 0.0024
261 423 0.0047
434 423 0.0047
252 424 0.0035
426 424 0.0024
251 425 0.0082
267 425 0.0024
426 425 0.0094
427 425 0.0012
267 426 0.0059
424 426 0.0024
425 426 0.0094
266 427 0.0024
425 427 0.0012
267 428 0.0024
272 428 0.0035
273 429 0.0059
430 429 0.0059
252 430 0.0047
429 430 0.0059
265 431 0.0118
266 431 0.0059
282 431 0.0059
432 431 0.0118
261 432 0.0035
431 432 0.0118
433 432 0.0094
434 432 0.0024
435 432 0.0094
444 432 0.0059
282 433 0.0059
432 433 0.0094
447 433 0.0071
261 434 0.0035
265 434 0.0035
423 434 0.0047
432 434 0.0024
261 435 0.0035
279 435 0.0071
432 435 0.0094
256 436 0.0035
260 436 0.0024
272 437 0.0024
282 437 0.0047
442 437 0.0059
268 439 0.0012
440 439 0.0024
441 439 0.0047
270 440 0.0012
439 440 0.0024
441 440 0.0082
442 440 0.0024
269 441 0.0071
439 441 0.0047
440 441 0.0082
269 442 0.0094
271 442 0.013
437 442 0.0059
440 442 0.0024
443 442 0.0035
274 443 0.0047
282 443 0.0047
442 443 0.0035
278 444 0.0059
432 444 0.0059
445 444 0.0071
448 444 0.0047
278 445 0.0094
280 445 0.0071
444 445 0.0071
446 445 0.0047
279 446 0.0082
280 446 0.0024
445 446 0.0047
277 447 0.0106
433 447 0.0071
449 447 0.0071
277 448 0.0024
278 448 0.0012
444 448 0.0047
275 449 0.0047
447 449 0.0071
450 449 0.0035
467 449 0.0035
543 449 0.0082
449 450 0.0035
451 450 0.0012
467 450 0.0012
276 451 0.013
450 451 0.0012
452 451 0.0118
469 451 0.0071
289 452 0.0094
451 452 0.0118
453 452 0.0059
276 453 0.0047
452 453 0.0059
454 453 0.0024
289 454 0.0012
453 454 0.0024
279 455 0.0071
280 455 0.0047
281 455 0.0035
280 456 0.0071
457 456 0.0071
293 457 0.0059
456 457 0.0071
458 457 0.0071
293 458 0.0024
457 458 0.0071
459 458 0.0035
278 459 0.0071
458 459 0.0035
460 459 0.0035
461 459 0.0047
459 460 0.0035
461 460 0.0024
459 461 0.0047
460 461 0.0024
479 461 0.0012
274 464 0.0094
465 464 0.0106
481 464 0.0047
274 465 0.0024
464 465 0.0106
466 465 0.0059
290 466 0.0024
465 466 0.0059
468 466 0.0024
274 467 0.0024
449 467 0.0035
450 467 0.0012
466 468 0.0024
469 468 0.0059
478 468 0.0024
288 469 0.0071
451 469 0.0071
468 469 0.0059
288 470 0.0059
471 470 0.0071
476 470 0.0071
470 471 0.0071
472 471 0.0047
475 471 0.0059
292 472 0.0024
471 472 0.0047
473 472 0.0024
474 472 0.0047
472 473 0.0024
474 473 0.0024
472 474 0.0047
473 474 0.0024
475 474 0.0012
471 475 0.0059
474 475 0.0012
476 475 0.0035
470 476 0.0071
475 476 0.0035
477 476 0.0024
290 477 0.0024
476 477 0.0024
478 477 0.0059
290 478 0.0024
468 478 0.0024
477 478 0.0059
295 479 0.0024
461 479 0.0012
480 479 0.0047
293 480 0.0035
479 480 0.0047
567 480 0.0047
269 481 0.0012
464 481 0.0047
482 481 0.0035
484 481 0.0071
58 482 0.0012
481 482 0.0035
483 482 0.0059
283 483 0.0047
482 483 0.0059
485 483 0.0071
284 484 0.0106
290 484 0.0024
291 484 0.0059
481 484 0.0071
283 485 0.0024
284 485 0.0035
483 485 0.0071
284 486 0.0059
303 486 0.0059
62 496 0.013
500 496 0.0082
505 496 0.0035
53 497 0.0082
67 497 0.0082
61 498 0.0071
62 498 0.0118
499 498 0.0035
498 499 0.0035
500 499 0.0082
502 499 0.0035
496 500 0.0082
499 500 0.0082
66 502 0.0035
499 502 0.0035
62 504 0.0071
63 504 0.0024
505 504 0.0035
496 505 0.0035
504 505 0.0035
514 506 0.0047
515 506 0.0012
516 506 0.0024
63 509 0.0047
510 509 0.0047
509 510 0.0047
511 510 0.0082
517 510 0.0024
510 511 0.0082
512 511 0.0047
517 511 0.0024
511 512 0.0047
514 512 0.0047
63 514 0.0106
506 514 0.0047
512 514 0.0047
61 515 0.0024
506 515 0.0012
516 515 0.0047
63 516 0.0082
506 516 0.0024
515 516 0.0047
510 517 0.0024
511 517 0.0024
36 519 0.0035
37 519 0.0012
520 519 0.0059
39 520 0.0047
519 520 0.0059
521 520 0.0071
38 521 0.0094
520 521 0.0071
522 521 0.0106
524 521 0.0059
39 522 0.0024
521 522 0.0106
523 522 0.0071
41 523 0.0024
522 523 0.0071
524 523 0.0035
38 524 0.0012
521 524 0.0059
523 524 0.0035
73 530 0.0059
76 530 0.0012
532 530 0.0035
530 532 0.0035
533 532 0.0071
534 532 0.0024
79 533 0.0047
532 533 0.0071
534 533 0.0035
532 534 0.0024
533 534 0.0035
10 536 0.0082
78 536 0.0024
84 536 0.0047
14 537 0.0082
74 537 0.0071
538 537 0.0047
74 538 0.0012
537 538 0.0047
539 538 0.0024
18 539 0.0071
50 539 0.0035
538 539 0.0024
84 540 0.0106
85 540 0.0071
86 540 0.0024
274 543 0.0082
275 543 0.0059
449 543 0.0082
58 544 0.0047
59 544 0.0047
59 545 0.0118
264 545 0.0106
264 546 0.0047
655 546 0.0059
303 550 0.0094
551 550 0.0059
553 550 0.0024
305 551 0.0059
550 551 0.0059
303 553 0.0024
550 553 0.0024
302 556 0.0106
557 556 0.0141
566 556 0.0024
556 557 0.0141
558 557 0.013
566 557 0.0047
299 558 0.0141
557 558 0.013
563 558 0.0071
301 559 0.0059
562 559 0.0059
299 562 0.0059
559 562 0.0059
306 563 0.0071
558 563 0.0071
565 563 0.0059
295 565 0.0035
296 565 0.0059
563 565 0.0059
566 565 0.0012
556 566 0.0024
557 566 0.0047
565 566 0.0012
297 567 0.0059
308 567 0.0071
480 567 0.0047
293 568 0.0024
294 568 0.0035
297 568 0.0047
356 569 0.0024
581 569 0.0024
221 571 0.0024
312 571 0.0118
572 571 0.0082
315 572 0.0024
571 572 0.0082
573 572 0.013
574 572 0.0047
311 573 0.0094
572 573 0.013
574 573 0.0024
312 574 0.0012
572 574 0.0047
573 574 0.0024
316 576 0.0106
577 576 0.0082
585 576 0.0059
315 577 0.0047
576 577 0.0082
578 577 0.0094
577 578 0.0094
579 578 0.0094
314 579 0.0024
578 579 0.0094
581 579 0.0059
356 581 0.0094
569 581 0.0024
579 581 0.0059
316 583 0.0141
338 583 0.0177
584 583 0.0024
338 584 0.0141
351 584 0.0106
583 584 0.0024
319 585 0.0012
320 585 0.0035
576 585 0.0059
316 587 0.0118
320 587 0.0024
321 587 0.0153
351 588 0.0035
589 588 0.0071
590 588 0.0024
352 589 0.0071
588 589 0.0071
590 589 0.0059
588 590 0.0024
589 590 0.0059
595 590 0.0024
337 592 0.0035
593 592 0.0035
595 592 0.0082
592 593 0.0035
594 593 0.0035
352 594 0.0071
593 594 0.0035
595 594 0.0118
590 595 0.0024
592 595 0.0082
594 595 0.0118
324 596 0.0106
332 596 0.0094
333 596 0.0024
597 596 0.0035
331 597 0.013
334 597 0.0082
596 597 0.0035
188 598 0.0059
190 598 0.0024
327 598 0.0024
184 600 0.0012
602 600 0.0012
326 602 0.0094
600 602 0.0012
607 602 0.0071
605 603 0.0035
607 603 0.0035
329 605 0.0012
603 605 0.0035
606 605 0.0059
329 606 0.0012
330 606 0.0071
605 606 0.0059
607 606 0.0118
602 607 0.0071
603 607 0.0035
606 607 0.0118
172 611 0.0047
173 611 0.0035
154 612 0.0035
156 612 0.0024
157 613 0.0024
614 613 0.0035
154 614 0.0035
157 614 0.0059
613 614 0.0035
153 615 0.0035
156 615 0.0024
7 616 0.0071
148 616 0.0082
7 617 0.0094
146 617 0.0094
107 618 0.0012
108 618 0.0094
109 618 0.0071
619 618 0.0059
108 619 0.0024
119 619 0.0012
618 619 0.0059
104 620 0.0024
621 620 0.0012
106 621 0.0047
620 621 0.0012
622 621 0.0071
94 622 0.0024
111 622 0.0082
621 622 0.0071
623 622 0.0106
100 623 0.0082
111 623 0.0024
622 623 0.0106
94 624 0.0024
100 624 0.0165
625 624 0.0188
94 625 0.0141
95 625 0.0106
624 625 0.0188
629 628 0.0024
631 628 0.0024
628 629 0.0024
632 629 0.0035
2 630 0.0012
22 630 0.0047
631 630 0.0024
628 631 0.0024
630 631 0.0024
632 631 0.0059
1 632 0.0035
629 632 0.0035
631 632 0.0059
21 633 0.0082
634 633 0.0024
639 633 0.0047
633 634 0.0024
635 634 0.0035
638 634 0.0071
29 635 0.0082
634 635 0.0035
636 635 0.0035
635 636 0.0035
654 636 0.0035
21 638 0.0118
22 638 0.0059
634 638 0.0071
17 639 0.0035
29 639 0.0047
633 639 0.0047
20 640 0.0047
29 640 0.0035
33 640 0.0047
33 641 0.0047
50 641 0.0024
70 641 0.0012
27 642 0.0012
643 642 0.0024
30 643 0.0059
642 643 0.0024
649 643 0.0094
27 644 0.0106
273 644 0.0165
647 644 0.0047
646 645 0.0035
649 645 0.0024
651 645 0.0071
31 646 0.0094
32 646 0.0047
645 646 0.0035
644 647 0.0047
650 647 0.0059
643 649 0.0094
645 649 0.0024
650 649 0.013
647 650 0.0059
649 650 0.013
651 650 0.0177
273 651 0.0094
645 651 0.0071
650 651 0.0177
31 652 0.0035
32 652 0.0118
48 652 0.0071
44 653 0.0118
48 653 0.0071
654 653 0.0059
29 654 0.0106
636 654 0.0035
653 654 0.0059
59 655 0.0059
546 655 0.0059
