2 1 0.009
3 1 0.0115
4 1 0.0077
5 1 0.0038
6 1 0.0192
7 1 0.009
11 1 0.0077
18 1 0.0026
20 1 0.009
92 1 0.0064
103 1 0.0026
138 1 0.0064
158 1 0.0077
228 1 0.0051
330 1 0.0077
352 1 0.0013
353 1 0.0038
501 1 0.0026
1 2 0.009
20 2 0.0064
352 2 0.009
1 3 0.0115
177 3 0.0102
353 3 0.009
354 3 0.0077
1 4 0.0077
132 4 0.0115
137 4 0.0064
592 4 0.0051
1 5 0.0038
131 5 0.0026
1 6 0.0192
94 6 0.0192
103 6 0.0064
1 7 0.009
8 7 0.009
81 7 0.0064
7 8 0.009
9 8 0.009
8 9 0.009
10 9 0.009
14 9 0.0026
497 9 0.0026
9 10 0.009
11 10 0.0115
14 10 0.009
1 11 0.0077
10 11 0.0115
12 11 0.0026
11 12 0.0026
13 12 0.009
615 12 0.0051
12 13 0.009
14 13 0.0051
15 13 0.0026
9 14 0.0026
10 14 0.009
13 14 0.0051
13 15 0.0026
616 15 0.0064
617 15 0.0026
17 16 0.0026
611 16 0.009
614 16 0.0128
16 17 0.0026
18 17 0.0038
25 17 0.0077
614 17 0.0115
1 18 0.0026
17 18 0.0038
19 18 0.0077
18 19 0.0077
20 19 0.0102
21 19 0.0064
1 20 0.009
2 20 0.0064
19 20 0.0102
19 21 0.0064
22 21 0.0051
21 22 0.0051
23 22 0.0064
622 22 0.0051
22 23 0.0064
209 23 0.0064
352 23 0.0064
612 24 0.009
615 24 0.0064
616 24 0.0026
629 24 0.0051
17 25 0.0077
26 25 0.0102
621 25 0.0064
25 26 0.0102
623 26 0.0154
628 26 0.0038
40 27 0.0051
623 27 0.0102
628 27 0.0038
29 28 0.0026
616 28 0.0026
617 28 0.0064
28 29 0.0026
30 29 0.0077
32 29 0.0038
29 30 0.0077
74 30 0.0026
482 30 0.0038
33 31 0.0013
482 31 0.0013
29 32 0.0038
484 32 0.0064
488 32 0.0013
31 33 0.0013
483 33 0.0051
485 33 0.0026
37 36 0.0051
42 36 0.0051
36 37 0.0051
38 37 0.0115
629 37 0.0051
37 38 0.0115
39 38 0.0077
40 38 0.0077
38 39 0.0077
43 39 0.0077
513 39 0.0038
27 40 0.0051
38 40 0.0077
230 40 0.0013
36 42 0.0051
43 42 0.0064
39 43 0.0077
42 43 0.0064
45 43 0.0064
46 43 0.0051
45 44 0.009
438 44 0.0077
439 44 0.009
514 44 0.0102
43 45 0.0064
44 45 0.009
514 45 0.0013
43 46 0.0051
47 46 0.0038
46 47 0.0038
439 47 0.0051
49 48 0.0038
51 48 0.009
513 48 0.009
48 49 0.0038
437 49 0.0038
514 49 0.0064
437 50 0.0038
438 50 0.0026
514 50 0.0077
48 51 0.009
53 51 0.0077
249 51 0.0026
417 51 0.0026
509 51 0.0102
230 52 0.0013
509 52 0.0051
512 52 0.0038
631 52 0.0051
51 53 0.0077
420 53 0.009
508 53 0.0051
440 55 0.0026
462 55 0.0013
59 56 0.0051
449 56 0.0026
470 56 0.0013
436 57 0.0064
440 57 0.0064
448 57 0.0038
445 58 0.0064
450 58 0.0064
451 58 0.0051
453 58 0.0051
56 59 0.0051
449 59 0.009
451 59 0.009
461 59 0.0064
467 59 0.0051
473 60 0.0013
474 60 0.0051
475 60 0.0026
456 61 0.0038
471 61 0.0013
475 61 0.0013
63 62 0.0064
253 62 0.0038
441 62 0.0038
62 63 0.0064
251 63 0.0051
435 63 0.0051
251 64 0.0026
435 64 0.0013
66 65 0.0026
476 65 0.0026
65 66 0.0026
476 66 0.0026
30 74 0.0026
617 74 0.0026
78 77 0.0026
490 77 0.0026
77 78 0.0026
490 78 0.0026
82 80 0.0026
497 80 0.0026
7 81 0.0064
82 81 0.0064
80 82 0.0026
81 82 0.0064
501 82 0.0026
89 87 0.0026
501 87 0.0064
504 87 0.0102
92 88 0.0064
96 88 0.0141
504 88 0.0064
87 89 0.0026
504 89 0.0026
1 92 0.0064
88 92 0.0064
6 94 0.0192
95 94 0.0192
94 95 0.0192
602 95 0.0026
604 95 0.0026
605 95 0.0269
88 96 0.0141
605 96 0.0141
99 98 0.0051
603 98 0.0154
604 98 0.009
98 99 0.0051
606 99 0.0051
113 102 0.0013
128 102 0.0077
606 102 0.0051
1 103 0.0026
6 103 0.0064
600 103 0.0026
105 104 0.0026
106 104 0.0038
104 105 0.0026
106 105 0.009
601 105 0.0051
104 106 0.0038
105 106 0.009
108 106 0.0038
106 108 0.0038
598 108 0.0077
599 108 0.0026
110 109 0.0115
123 109 0.009
598 109 0.0064
109 110 0.0115
111 110 0.0115
115 110 0.0115
110 111 0.0115
602 111 0.0154
603 111 0.0026
102 113 0.0013
114 113 0.0026
128 113 0.0051
113 114 0.0026
115 114 0.0051
128 114 0.009
110 115 0.0115
114 115 0.0051
117 115 0.0051
115 117 0.0051
122 117 0.0051
117 122 0.0051
123 122 0.009
124 122 0.0026
109 123 0.009
122 123 0.009
124 123 0.0064
122 124 0.0026
123 124 0.0064
125 124 0.0026
124 125 0.0026
599 125 0.0013
102 128 0.0077
113 128 0.0051
114 128 0.009
5 131 0.0026
595 131 0.0026
4 132 0.0115
136 132 0.0128
595 132 0.0077
135 133 0.0038
593 133 0.0038
133 135 0.0038
136 135 0.0064
154 135 0.0013
132 136 0.0128
135 136 0.0064
139 136 0.0051
4 137 0.0064
138 137 0.0077
140 137 0.0051
1 138 0.0064
137 138 0.0077
145 138 0.0051
136 139 0.0051
592 139 0.0051
137 140 0.0051
142 140 0.009
589 140 0.0026
142 141 0.009
148 141 0.0013
577 141 0.0026
589 141 0.0026
140 142 0.009
141 142 0.009
143 142 0.0064
142 143 0.0064
144 143 0.0026
158 143 0.0102
143 144 0.0026
145 144 0.0013
146 144 0.0038
158 144 0.0051
138 145 0.0051
144 145 0.0013
146 145 0.0077
144 146 0.0038
145 146 0.0077
158 146 0.0077
141 148 0.0013
149 148 0.0051
150 148 0.0026
148 149 0.0051
151 149 0.0026
152 149 0.009
148 150 0.0026
155 150 0.0051
156 150 0.0026
157 150 0.0013
587 150 0.0026
149 151 0.0026
152 151 0.0077
153 151 0.0026
154 151 0.0077
149 152 0.009
151 152 0.0077
587 152 0.0051
151 153 0.0026
154 153 0.0051
587 153 0.0013
135 154 0.0013
151 154 0.0077
153 154 0.0051
150 155 0.0051
156 155 0.0064
157 155 0.0013
292 155 0.0026
150 156 0.0026
155 156 0.0064
291 156 0.0026
150 157 0.0013
155 157 0.0013
1 158 0.0077
143 158 0.0102
144 158 0.0051
146 158 0.0077
363 158 0.009
358 159 0.0051
360 159 0.0064
363 159 0.0128
356 160 0.0013
358 160 0.0013
354 161 0.0038
356 161 0.0026
164 162 0.009
359 162 0.0051
574 162 0.0026
359 163 0.0051
360 163 0.0064
576 163 0.0051
162 164 0.009
165 164 0.0051
180 164 0.0128
284 164 0.0051
574 164 0.0026
164 165 0.0051
166 165 0.0038
165 166 0.0038
167 166 0.0026
180 166 0.0077
166 167 0.0026
168 167 0.0026
167 168 0.0026
169 168 0.0051
171 168 0.0013
168 169 0.0051
170 169 0.0166
181 169 0.0179
169 170 0.0166
171 170 0.0102
326 170 0.0128
168 171 0.0013
170 171 0.0102
173 171 0.009
362 171 0.0077
326 172 0.0051
361 172 0.0013
362 172 0.0077
171 173 0.009
174 173 0.0064
361 173 0.0064
173 174 0.0064
175 174 0.0154
328 174 0.0128
174 175 0.0154
176 175 0.0154
175 176 0.0154
177 176 0.0102
328 176 0.0038
3 177 0.0102
176 177 0.0102
328 178 0.0051
330 178 0.0064
164 180 0.0128
166 180 0.0077
181 180 0.0115
169 181 0.0179
180 181 0.0115
189 181 0.0051
283 181 0.0051
288 181 0.0026
325 182 0.0064
326 182 0.0115
327 182 0.0141
185 183 0.0026
203 183 0.0038
185 184 0.0026
187 184 0.0077
325 184 0.0038
183 185 0.0026
184 185 0.0026
186 185 0.0064
185 186 0.0064
190 186 0.0026
364 186 0.0102
184 187 0.0077
188 187 0.0051
191 187 0.0064
367 187 0.0064
187 188 0.0051
189 188 0.0064
191 188 0.0077
366 188 0.0141
181 189 0.0051
188 189 0.0064
365 189 0.0013
186 190 0.0026
191 190 0.0077
193 190 0.0064
247 190 0.0026
269 190 0.0051
273 190 0.0102
274 190 0.0038
277 190 0.0115
364 190 0.0102
408 190 0.0013
187 191 0.0064
188 191 0.0077
190 191 0.0077
190 193 0.0064
194 193 0.0038
196 193 0.0115
193 194 0.0038
196 194 0.0026
193 196 0.0115
194 196 0.0026
197 196 0.0051
198 196 0.0115
201 196 0.0064
196 197 0.0051
200 197 0.0038
196 198 0.0115
199 198 0.009
344 198 0.0013
198 199 0.009
200 199 0.009
204 199 0.0077
220 199 0.0077
197 200 0.0038
199 200 0.009
221 200 0.0038
196 201 0.0064
340 201 0.0102
341 201 0.0026
344 201 0.0038
203 202 0.009
338 202 0.0051
342 202 0.0154
183 203 0.0038
202 203 0.009
331 203 0.0064
199 204 0.0077
206 204 0.0141
369 204 0.0077
346 205 0.0077
369 205 0.009
204 206 0.0141
370 206 0.0102
372 206 0.0102
213 207 0.009
216 207 0.0051
347 207 0.0115
370 207 0.0154
211 208 0.0026
345 208 0.0038
23 209 0.0064
211 209 0.0026
228 209 0.0077
350 209 0.0038
348 210 0.0077
349 210 0.0064
208 211 0.0026
209 211 0.0026
349 211 0.0064
213 212 0.0013
214 212 0.009
349 212 0.0064
207 213 0.009
212 213 0.0013
214 213 0.0154
215 213 0.0026
212 214 0.009
213 214 0.0154
215 214 0.0128
213 215 0.0026
214 215 0.0128
216 215 0.0013
217 215 0.0064
207 216 0.0051
215 216 0.0013
370 216 0.0026
215 217 0.0064
218 217 0.0051
219 217 0.0051
217 218 0.0051
374 218 0.0064
380 218 0.0051
217 219 0.0051
234 219 0.0013
384 219 0.0026
199 220 0.0077
221 220 0.0064
371 220 0.0051
200 221 0.0038
220 221 0.0064
222 221 0.0013
221 222 0.0013
226 222 0.0013
224 223 0.0038
226 223 0.0038
371 223 0.0051
378 223 0.0026
223 224 0.0038
372 224 0.0141
373 224 0.0115
376 224 0.009
373 225 0.0077
374 225 0.009
375 225 0.0102
222 226 0.0013
223 226 0.0038
227 226 0.0013
226 227 0.0013
378 227 0.0051
386 227 0.0038
388 227 0.0038
389 227 0.0026
1 228 0.0051
209 228 0.0077
351 228 0.0064
332 229 0.0013
335 229 0.0038
351 229 0.0064
40 230 0.0013
52 230 0.0013
377 231 0.009
385 231 0.0077
388 231 0.0051
248 232 0.0038
375 232 0.0051
382 232 0.0026
385 232 0.0038
234 233 0.0038
236 233 0.0064
380 233 0.0026
381 233 0.0064
383 233 0.0026
219 234 0.0013
233 234 0.0038
395 234 0.0026
240 235 0.0064
397 235 0.009
398 235 0.009
233 236 0.0064
237 236 0.009
396 236 0.0064
236 237 0.009
238 237 0.0051
248 237 0.0077
398 237 0.0141
237 238 0.0051
383 238 0.0038
393 238 0.0026
384 239 0.0026
622 239 0.0115
627 239 0.0077
235 240 0.0064
416 240 0.0077
421 240 0.0077
399 241 0.0064
410 241 0.009
411 241 0.0115
413 241 0.0064
507 241 0.0115
248 242 0.0077
404 242 0.0077
507 242 0.0064
402 243 0.0064
403 243 0.0026
406 243 0.0026
400 244 0.0051
401 244 0.0026
403 244 0.0013
389 245 0.0013
401 245 0.0038
407 245 0.0038
247 246 0.0051
401 246 0.0026
407 246 0.0064
408 246 0.0013
190 247 0.0026
246 247 0.0051
407 247 0.0038
232 248 0.0038
237 248 0.0077
242 248 0.0077
385 248 0.009
387 248 0.0064
393 248 0.0051
399 248 0.0051
51 249 0.0026
251 249 0.0064
418 249 0.0051
422 249 0.0141
416 250 0.0064
422 250 0.0115
424 250 0.009
63 251 0.0051
64 251 0.0026
249 251 0.0064
427 251 0.009
62 253 0.0038
427 253 0.0077
428 253 0.0026
261 254 0.0013
406 254 0.0051
412 254 0.0026
412 255 0.0026
419 255 0.0026
423 256 0.0038
515 256 0.0051
519 256 0.0051
423 257 0.0013
515 257 0.0064
520 257 0.0038
267 258 0.009
268 258 0.009
266 259 0.0064
539 259 0.0077
540 259 0.0077
261 260 0.0038
540 260 0.0038
254 261 0.0013
260 261 0.0038
539 261 0.0064
424 262 0.0013
431 262 0.009
518 262 0.0038
521 262 0.0064
265 264 0.0064
517 264 0.0051
522 264 0.0051
264 265 0.0064
517 265 0.0026
530 265 0.0026
259 266 0.0064
267 266 0.0051
539 266 0.0051
258 267 0.009
266 267 0.0051
268 267 0.0026
270 267 0.0154
272 267 0.0026
258 268 0.009
267 268 0.0026
269 268 0.0051
190 269 0.0051
268 269 0.0051
267 270 0.0154
273 270 0.0077
553 270 0.0064
313 271 0.0013
553 271 0.0051
554 271 0.0026
267 272 0.0026
554 272 0.0038
190 273 0.0102
270 273 0.0077
280 273 0.0013
190 274 0.0038
563 274 0.0051
563 275 0.0064
564 275 0.0064
566 275 0.0051
281 276 0.0077
564 276 0.0064
565 276 0.0077
190 277 0.0115
563 277 0.0102
565 277 0.0077
279 278 0.0102
540 278 0.0026
546 278 0.0064
278 279 0.0102
314 279 0.009
273 280 0.0013
566 280 0.0051
567 280 0.0026
276 281 0.0077
282 281 0.0064
304 281 0.0051
281 282 0.0064
283 282 0.0077
181 283 0.0051
282 283 0.0077
571 283 0.0013
164 284 0.0051
302 284 0.0013
573 284 0.0026
576 285 0.0051
577 285 0.0064
578 285 0.0038
579 285 0.0051
288 287 0.0064
573 287 0.0064
181 288 0.0026
287 288 0.0064
573 288 0.0026
290 289 0.0038
578 289 0.0026
582 289 0.0077
289 290 0.0038
291 290 0.0013
293 290 0.0064
156 291 0.0026
290 291 0.0013
292 291 0.0051
155 292 0.0026
291 292 0.0051
299 292 0.0013
290 293 0.0064
294 293 0.0102
296 293 0.0026
293 294 0.0102
295 294 0.0077
296 294 0.0064
583 294 0.0064
294 295 0.0077
297 295 0.0051
583 295 0.0013
293 296 0.0026
294 296 0.0064
298 296 0.0026
295 297 0.0051
298 297 0.0064
299 297 0.0051
296 298 0.0026
297 298 0.0064
299 298 0.0026
292 299 0.0013
297 299 0.0051
298 299 0.0026
284 302 0.0013
303 302 0.0013
302 303 0.0013
580 303 0.0051
581 303 0.0026
281 304 0.0051
556 304 0.0102
570 304 0.009
310 305 0.0026
570 305 0.0051
571 305 0.0013
309 307 0.009
556 307 0.0064
560 307 0.0013
310 308 0.0026
559 308 0.0077
562 308 0.0038
307 309 0.009
557 309 0.0077
558 309 0.0102
305 310 0.0026
308 310 0.0026
313 312 0.0038
315 312 0.0077
568 312 0.0026
271 313 0.0013
312 313 0.0038
314 313 0.0064
279 314 0.009
313 314 0.0064
315 314 0.0115
312 315 0.0077
314 315 0.0115
316 315 0.0051
548 315 0.009
315 316 0.0051
548 316 0.0013
557 316 0.0026
536 321 0.0026
537 321 0.0077
544 321 0.0038
323 322 0.0038
537 322 0.0038
322 323 0.0038
544 323 0.0038
182 325 0.0064
184 325 0.0038
328 325 0.0013
170 326 0.0128
172 326 0.0051
182 326 0.0115
182 327 0.0141
365 327 0.0038
367 327 0.0192
174 328 0.0128
176 328 0.0038
178 328 0.0051
325 328 0.0013
1 330 0.0077
178 330 0.0064
331 330 0.0026
203 331 0.0064
330 331 0.0026
332 331 0.0077
229 332 0.0013
331 332 0.0077
342 332 0.0051
229 335 0.0038
336 335 0.0038
335 336 0.0038
350 336 0.0038
202 338 0.0051
341 338 0.0064
340 339 0.0077
341 339 0.0102
368 339 0.0102
201 340 0.0102
339 340 0.0077
344 340 0.0013
201 341 0.0026
338 341 0.0064
339 341 0.0102
202 342 0.0154
332 342 0.0051
368 342 0.009
198 344 0.0013
201 344 0.0038
340 344 0.0013
208 345 0.0038
346 345 0.0077
348 345 0.0128
205 346 0.0077
345 346 0.0077
347 346 0.0166
207 347 0.0115
346 347 0.0166
348 347 0.0038
210 348 0.0077
345 348 0.0128
347 348 0.0038
210 349 0.0064
211 349 0.0064
212 349 0.0064
209 350 0.0038
336 350 0.0038
351 350 0.009
228 351 0.0064
229 351 0.0064
350 351 0.009
1 352 0.0013
2 352 0.009
23 352 0.0064
1 353 0.0038
3 353 0.009
354 353 0.0026
356 353 0.0051
3 354 0.0077
161 354 0.0038
353 354 0.0026
160 356 0.0013
161 356 0.0026
353 356 0.0051
159 358 0.0051
160 358 0.0013
363 358 0.0026
162 359 0.0051
163 359 0.0051
360 359 0.0064
159 360 0.0064
163 360 0.0064
359 360 0.0064
172 361 0.0013
173 361 0.0064
362 361 0.009
171 362 0.0077
172 362 0.0077
361 362 0.009
158 363 0.009
159 363 0.0128
358 363 0.0026
186 364 0.0102
190 364 0.0102
189 365 0.0013
327 365 0.0038
366 365 0.0064
188 366 0.0141
365 366 0.0064
367 366 0.0166
187 367 0.0064
327 367 0.0192
366 367 0.0166
339 368 0.0102
342 368 0.009
204 369 0.0077
205 369 0.009
206 370 0.0102
207 370 0.0154
216 370 0.0026
220 371 0.0051
223 371 0.0051
372 371 0.0064
206 372 0.0102
224 372 0.0141
371 372 0.0064
373 372 0.0026
224 373 0.0115
225 373 0.0077
372 373 0.0026
218 374 0.0064
225 374 0.009
375 374 0.0013
225 375 0.0102
232 375 0.0051
374 375 0.0013
376 375 0.0064
224 376 0.009
375 376 0.0064
377 376 0.0064
231 377 0.009
376 377 0.0064
378 377 0.0013
223 378 0.0026
227 378 0.0051
377 378 0.0013
388 378 0.0064
218 380 0.0051
233 380 0.0026
381 380 0.0064
382 380 0.0013
233 381 0.0064
380 381 0.0064
232 382 0.0026
380 382 0.0013
233 383 0.0026
238 383 0.0038
219 384 0.0026
239 384 0.0026
231 385 0.0077
232 385 0.0038
248 385 0.009
386 385 0.0077
227 386 0.0038
385 386 0.0077
387 386 0.0077
388 386 0.0026
389 386 0.0051
400 386 0.0013
248 387 0.0064
386 387 0.0077
402 387 0.0051
227 388 0.0038
231 388 0.0051
378 388 0.0064
386 388 0.0026
227 389 0.0026
245 389 0.0013
386 389 0.0051
238 393 0.0026
248 393 0.0051
398 393 0.0064
234 395 0.0026
396 395 0.0026
397 395 0.0064
236 396 0.0064
395 396 0.0026
397 396 0.0115
235 397 0.009
395 397 0.0064
396 397 0.0115
421 397 0.0013
235 398 0.009
237 398 0.0141
393 398 0.0064
399 398 0.0051
241 399 0.0064
248 399 0.0051
398 399 0.0051
244 400 0.0051
386 400 0.0013
401 400 0.0038
403 400 0.0051
244 401 0.0026
245 401 0.0038
246 401 0.0026
400 401 0.0038
243 402 0.0064
387 402 0.0051
404 402 0.0051
243 403 0.0026
244 403 0.0013
400 403 0.0051
242 404 0.0077
402 404 0.0051
405 404 0.0115
413 404 0.0013
507 404 0.0115
404 405 0.0115
406 405 0.009
413 405 0.0013
243 406 0.0026
254 406 0.0051
405 406 0.009
245 407 0.0038
246 407 0.0064
247 407 0.0038
190 408 0.0013
246 408 0.0013
241 410 0.009
411 410 0.0013
416 410 0.0064
241 411 0.0115
410 411 0.0013
412 411 0.0064
413 411 0.0013
254 412 0.0026
255 412 0.0026
411 412 0.0064
241 413 0.0064
404 413 0.0013
405 413 0.0013
411 413 0.0013
240 416 0.0077
250 416 0.0064
410 416 0.0064
417 416 0.0064
419 416 0.0051
51 417 0.0026
416 417 0.0064
418 417 0.0026
249 418 0.0051
417 418 0.0026
422 418 0.0013
255 419 0.0026
416 419 0.0051
423 419 0.0013
53 420 0.009
421 420 0.0051
508 420 0.0026
240 421 0.0077
397 421 0.0013
420 421 0.0051
249 422 0.0141
250 422 0.0115
418 422 0.0013
256 423 0.0038
257 423 0.0013
419 423 0.0013
250 424 0.009
262 424 0.0013
425 424 0.0115
424 425 0.0115
426 425 0.0115
430 425 0.009
425 426 0.0115
427 426 0.0102
428 426 0.0051
429 426 0.0064
251 427 0.009
253 427 0.0077
426 427 0.0102
253 428 0.0026
426 428 0.0051
429 428 0.0013
426 429 0.0064
428 429 0.0013
430 429 0.0077
524 429 0.0026
425 430 0.009
429 430 0.0077
431 430 0.0077
262 431 0.009
430 431 0.0077
523 431 0.0077
63 435 0.0051
64 435 0.0013
444 435 0.0026
57 436 0.0064
442 436 0.009
444 436 0.0115
447 436 0.0013
49 437 0.0038
50 437 0.0038
44 438 0.0077
50 438 0.0026
439 438 0.0026
44 439 0.009
47 439 0.0051
438 439 0.0026
55 440 0.0026
57 440 0.0064
444 440 0.0026
62 441 0.0038
442 441 0.009
444 441 0.0038
436 442 0.009
441 442 0.009
435 444 0.0026
436 444 0.0115
440 444 0.0026
441 444 0.0038
58 445 0.0064
446 445 0.0051
450 445 0.0051
445 446 0.0051
447 446 0.0038
454 446 0.009
455 446 0.0026
436 447 0.0013
446 447 0.0038
455 447 0.0013
57 448 0.0038
450 448 0.0051
465 448 0.0051
56 449 0.0026
59 449 0.009
463 449 0.0038
464 449 0.0102
58 450 0.0064
445 450 0.0051
448 450 0.0051
58 451 0.0051
59 451 0.009
461 451 0.0051
464 451 0.0013
453 452 0.0013
459 452 0.0026
461 452 0.0051
58 453 0.0051
452 453 0.0013
454 453 0.0026
446 454 0.009
453 454 0.0026
455 454 0.0051
446 455 0.0026
447 455 0.0013
454 455 0.0051
61 456 0.0038
457 456 0.0077
469 456 0.0077
456 457 0.0077
458 457 0.0077
466 457 0.0064
467 457 0.009
457 458 0.0077
459 458 0.0038
466 458 0.0026
452 459 0.0026
458 459 0.0038
466 460 0.0038
472 460 0.0026
59 461 0.0064
451 461 0.0051
452 461 0.0051
55 462 0.0013
463 462 0.0013
465 462 0.0038
449 463 0.0038
462 463 0.0013
464 463 0.0013
449 464 0.0102
451 464 0.0013
463 464 0.0013
465 464 0.0051
448 465 0.0051
462 465 0.0038
464 465 0.0051
457 466 0.0064
458 466 0.0026
460 466 0.0038
472 466 0.0051
59 467 0.0051
457 467 0.009
468 467 0.0077
467 468 0.0077
469 468 0.009
470 468 0.0051
456 469 0.0077
468 469 0.009
471 469 0.0051
56 470 0.0013
468 470 0.0051
471 470 0.0026
61 471 0.0013
469 471 0.0051
470 471 0.0026
460 472 0.0026
466 472 0.0051
473 472 0.0013
60 473 0.0013
472 473 0.0013
474 473 0.0038
60 474 0.0051
473 474 0.0038
475 474 0.0051
60 475 0.0026
61 475 0.0013
474 475 0.0051
65 476 0.0026
66 476 0.0026
30 482 0.0038
31 482 0.0013
483 482 0.0064
33 483 0.0051
482 483 0.0064
484 483 0.0077
32 484 0.0064
483 484 0.0077
485 484 0.0077
488 484 0.0064
33 485 0.0026
484 485 0.0077
487 485 0.0038
485 487 0.0038
488 487 0.0038
32 488 0.0013
484 488 0.0064
487 488 0.0038
77 490 0.0026
78 490 0.0026
9 497 0.0026
80 497 0.0026
1 501 0.0026
82 501 0.0026
87 501 0.0064
87 504 0.0102
88 504 0.0064
89 504 0.0026
241 507 0.0115
242 507 0.0064
404 507 0.0115
53 508 0.0051
420 508 0.0026
631 508 0.0013
51 509 0.0102
52 509 0.0051
513 509 0.0038
52 512 0.0038
631 512 0.0026
39 513 0.0038
48 513 0.009
509 513 0.0038
44 514 0.0102
45 514 0.0013
49 514 0.0064
50 514 0.0077
256 515 0.0051
257 515 0.0064
519 515 0.0077
264 517 0.0051
265 517 0.0026
520 517 0.0013
262 518 0.0038
519 518 0.0064
520 518 0.0064
256 519 0.0051
515 519 0.0077
518 519 0.0064
257 520 0.0038
517 520 0.0013
518 520 0.0064
262 521 0.0064
522 521 0.0013
523 521 0.0038
264 522 0.0051
521 522 0.0013
527 522 0.0026
431 523 0.0077
521 523 0.0038
524 523 0.0026
429 524 0.0026
523 524 0.0026
522 527 0.0026
528 527 0.0026
530 527 0.0064
527 528 0.0026
530 528 0.0026
265 530 0.0026
527 530 0.0064
528 530 0.0026
321 536 0.0026
537 536 0.0026
321 537 0.0077
322 537 0.0038
536 537 0.0026
259 539 0.0077
261 539 0.0064
266 539 0.0051
259 540 0.0077
260 540 0.0038
278 540 0.0026
321 544 0.0038
323 544 0.0038
278 546 0.0064
547 546 0.0064
546 547 0.0064
548 547 0.0064
315 548 0.009
316 548 0.0013
547 548 0.0064
270 553 0.0064
271 553 0.0051
554 553 0.0077
271 554 0.0026
272 554 0.0038
553 554 0.0077
304 556 0.0102
307 556 0.0064
568 556 0.0064
570 556 0.0026
309 557 0.0077
316 557 0.0026
559 557 0.0038
309 558 0.0102
559 558 0.0128
561 558 0.0064
308 559 0.0077
557 559 0.0038
558 559 0.0128
307 560 0.0013
561 560 0.0038
562 560 0.0013
558 561 0.0064
560 561 0.0038
562 561 0.0064
308 562 0.0038
560 562 0.0013
561 562 0.0064
274 563 0.0051
275 563 0.0064
277 563 0.0102
275 564 0.0064
276 564 0.0064
565 564 0.0064
276 565 0.0077
277 565 0.0077
564 565 0.0064
275 566 0.0051
280 566 0.0051
567 566 0.0064
280 567 0.0026
566 567 0.0064
568 567 0.0026
312 568 0.0026
556 568 0.0064
567 568 0.0026
304 570 0.009
305 570 0.0051
556 570 0.0026
283 571 0.0013
305 571 0.0013
284 573 0.0026
287 573 0.0064
288 573 0.0026
162 574 0.0026
164 574 0.0026
163 576 0.0051
285 576 0.0051
141 577 0.0026
285 577 0.0064
579 577 0.0026
285 578 0.0038
289 578 0.0026
579 578 0.0013
580 578 0.0051
285 579 0.0051
577 579 0.0026
578 579 0.0013
303 580 0.0051
578 580 0.0051
581 580 0.0064
303 581 0.0026
580 581 0.0064
582 581 0.0026
289 582 0.0077
581 582 0.0026
583 582 0.0038
294 583 0.0064
295 583 0.0013
582 583 0.0038
150 587 0.0026
152 587 0.0051
153 587 0.0013
140 589 0.0026
141 589 0.0026
4 592 0.0051
139 592 0.0051
133 593 0.0038
594 593 0.0026
595 593 0.0077
593 594 0.0026
595 594 0.0026
131 595 0.0026
132 595 0.0077
593 595 0.0077
594 595 0.0026
108 598 0.0077
109 598 0.0064
599 598 0.0051
108 599 0.0026
125 599 0.0013
598 599 0.0051
103 600 0.0026
601 600 0.0013
105 601 0.0051
600 601 0.0013
602 601 0.0077
95 602 0.0026
111 602 0.0154
601 602 0.0077
603 602 0.0179
98 603 0.0154
111 603 0.0026
602 603 0.0179
95 604 0.0026
98 604 0.009
605 604 0.0115
95 605 0.0269
96 605 0.0141
604 605 0.0115
99 606 0.0051
102 606 0.0051
16 611 0.009
612 611 0.0026
615 611 0.0051
24 612 0.009
611 612 0.0026
614 612 0.0128
16 614 0.0128
17 614 0.0115
612 614 0.0128
12 615 0.0051
24 615 0.0064
611 615 0.0051
15 616 0.0064
24 616 0.0026
28 616 0.0026
15 617 0.0026
28 617 0.0064
74 617 0.0026
25 621 0.0064
626 621 0.0064
22 622 0.0051
239 622 0.0115
624 622 0.0051
26 623 0.0154
27 623 0.0102
627 623 0.0038
622 624 0.0051
626 624 0.0051
621 626 0.0064
624 626 0.0051
627 626 0.0128
239 627 0.0077
623 627 0.0038
626 627 0.0128
26 628 0.0038
27 628 0.0038
24 629 0.0051
37 629 0.0051
52 631 0.0051
508 631 0.0013
512 631 0.0026
