2 1 0.007
8 1 0.007
69 1 0.0058
74 1 0.0058
85 1 0.0186
89 1 0.007
113 1 0.0104
127 1 0.0012
136 1 0.0104
1 2 0.007
3 2 0.0104
5 2 0.0023
2 3 0.0104
4 3 0.0139
37 3 0.0023
3 4 0.0139
5 4 0.0104
43 4 0.007
45 4 0.0035
2 5 0.0023
4 5 0.0104
6 5 0.007
5 6 0.007
53 6 0.007
1 8 0.007
14 8 0.007
17 8 0.0151
8 14 0.007
16 14 0.007
14 16 0.007
362 16 0.007
8 17 0.0151
18 17 0.0151
17 18 0.0151
20 18 0.0151
18 20 0.0151
22 20 0.0186
307 20 0.0186
369 21 0.0162
374 21 0.0162
20 22 0.0186
23 22 0.007
29 22 0.0104
22 23 0.007
378 23 0.007
22 29 0.0104
30 29 0.0104
29 30 0.0104
387 30 0.0104
3 37 0.0023
38 37 0.0035
43 37 0.007
37 38 0.0035
40 38 0.0035
38 40 0.0035
41 40 0.0035
40 41 0.0035
44 41 0.0035
4 43 0.007
37 43 0.007
44 43 0.0081
41 44 0.0035
43 44 0.0081
45 44 0.0035
4 45 0.0035
44 45 0.0035
48 47 0.0267
52 47 0.0244
53 47 0.0128
47 48 0.0267
49 48 0.0267
48 49 0.0267
50 49 0.0267
49 50 0.0267
336 50 0.0267
47 52 0.0244
335 52 0.0244
6 53 0.007
47 53 0.0128
319 53 0.0046
1 69 0.0058
80 69 0.0058
71 70 0.0035
81 70 0.0035
70 71 0.0035
82 71 0.0035
1 74 0.0058
75 74 0.0058
74 75 0.0058
78 75 0.0058
75 78 0.0058
80 78 0.0058
69 80 0.0058
78 80 0.0058
70 81 0.0035
82 81 0.0035
71 82 0.0035
81 82 0.0035
83 82 0.0046
182 82 0.0046
82 83 0.0046
84 83 0.0046
83 84 0.0046
180 84 0.0046
1 85 0.0186
86 85 0.0081
104 85 0.0116
85 86 0.0081
95 86 0.0081
1 89 0.007
93 89 0.007
89 93 0.007
94 93 0.0104
102 93 0.0186
93 94 0.0104
264 94 0.0104
86 95 0.0081
96 95 0.0116
100 95 0.0186
95 96 0.0116
98 96 0.0116
96 98 0.0116
99 98 0.0162
262 98 0.0035
98 99 0.0162
251 99 0.0128
258 99 0.0278
95 100 0.0186
102 100 0.0186
93 102 0.0186
100 102 0.0186
85 104 0.0116
105 104 0.007
129 104 0.0035
104 105 0.007
106 105 0.007
109 105 0.0116
169 105 0.0023
105 106 0.007
107 106 0.0023
108 106 0.0035
106 107 0.0023
169 107 0.0023
106 108 0.0035
111 108 0.0081
210 108 0.0139
235 108 0.0116
105 109 0.0116
111 109 0.0116
108 111 0.0081
109 111 0.0116
210 111 0.0093
1 113 0.0104
114 113 0.0104
127 113 0.0035
113 114 0.0104
115 114 0.0104
156 114 0.0081
114 115 0.0104
116 115 0.0093
157 115 0.007
115 116 0.0093
117 116 0.0023
125 116 0.0058
116 117 0.0023
118 117 0.0093
155 117 0.0046
157 117 0.0116
117 118 0.0093
119 118 0.0058
154 118 0.0023
118 119 0.0058
152 119 0.0058
148 122 0.0058
152 122 0.0058
116 125 0.0058
127 125 0.0012
128 125 0.0035
1 127 0.0012
113 127 0.0035
125 127 0.0012
125 128 0.0035
129 128 0.0081
131 128 0.0035
104 129 0.0035
128 129 0.0081
130 129 0.0035
129 130 0.0035
131 130 0.0035
128 131 0.0035
130 131 0.0035
1 136 0.0104
155 136 0.0012
156 136 0.0128
122 148 0.0058
149 148 0.0174
150 148 0.0104
148 149 0.0174
186 149 0.0174
148 150 0.0104
187 150 0.0104
119 152 0.0058
122 152 0.0058
210 153 0.0209
211 153 0.0023
213 153 0.0174
118 154 0.0023
155 154 0.0023
117 155 0.0046
136 155 0.0012
154 155 0.0023
114 156 0.0081
136 156 0.0128
157 156 0.0128
115 157 0.007
117 157 0.0116
156 157 0.0128
160 159 0.0023
162 159 0.0023
159 160 0.0023
162 160 0.0023
159 162 0.0023
160 162 0.0023
105 169 0.0023
107 169 0.0023
84 180 0.0046
182 180 0.0046
82 182 0.0046
180 182 0.0046
149 186 0.0174
533 186 0.0174
150 187 0.0104
188 187 0.0035
190 187 0.0151
187 188 0.0035
194 188 0.0035
495 189 0.0046
496 189 0.0046
187 190 0.0151
191 190 0.0104
194 190 0.0035
190 191 0.0104
504 191 0.0104
188 194 0.0035
190 194 0.0035
108 210 0.0139
111 210 0.0093
153 210 0.0209
211 210 0.0023
153 211 0.0023
210 211 0.0023
153 213 0.0174
214 213 0.0116
225 213 0.0162
213 214 0.0116
215 214 0.0116
214 215 0.0116
216 215 0.0151
230 215 0.0139
215 216 0.0151
532 216 0.0151
213 225 0.0162
226 225 0.0162
225 226 0.0162
227 226 0.0197
230 226 0.0139
226 227 0.0197
228 227 0.0151
231 227 0.0035
227 228 0.0151
229 228 0.0151
228 229 0.0151
835 229 0.0151
215 230 0.0139
226 230 0.0139
231 230 0.0174
227 231 0.0035
230 231 0.0174
232 231 0.0128
231 232 0.0128
233 232 0.0081
551 232 0.0035
232 233 0.0081
234 233 0.0081
233 234 0.0081
544 234 0.0081
108 235 0.0116
236 235 0.0116
235 236 0.0116
237 236 0.0116
236 237 0.0116
240 237 0.0116
237 240 0.0116
242 240 0.0116
240 242 0.0116
1807 242 0.0116
99 251 0.0128
253 251 0.0128
251 253 0.0128
565 253 0.0128
99 258 0.0278
259 258 0.0232
262 258 0.0035
258 259 0.0232
260 259 0.0197
434 259 0.0186
259 260 0.0197
261 260 0.0197
260 261 0.0197
582 261 0.0197
98 262 0.0035
258 262 0.0035
94 264 0.0104
265 264 0.0104
264 265 0.0104
266 265 0.0104
265 266 0.0104
267 266 0.0104
266 267 0.0104
881 267 0.0104
20 307 0.0186
374 307 0.0186
53 319 0.0046
335 319 0.0046
347 322 0.0035
441 322 0.0035
326 325 0.0232
328 325 0.0035
335 325 0.0186
325 326 0.0232
327 326 0.0232
326 327 0.0232
328 327 0.0232
325 328 0.0035
327 328 0.0232
329 328 0.0186
328 329 0.0186
349 329 0.0186
332 331 0.0023
333 331 0.0023
331 332 0.0023
333 332 0.0023
331 333 0.0023
332 333 0.0023
52 335 0.0244
319 335 0.0046
325 335 0.0186
50 336 0.0267
337 336 0.0267
336 337 0.0267
339 337 0.0267
337 339 0.0267
351 339 0.0267
341 340 0.0035
662 340 0.0035
340 341 0.0035
664 341 0.0035
322 347 0.0035
444 347 0.0035
329 349 0.0186
630 349 0.0186
339 351 0.0267
650 351 0.0267
16 362 0.007
369 362 0.007
367 363 0.0174
374 363 0.0244
774 363 0.0244
365 364 0.0267
366 364 0.0197
774 364 0.0244
364 365 0.0267
745 365 0.0267
364 366 0.0197
765 366 0.0232
783 366 0.0023
363 367 0.0174
368 367 0.0081
797 367 0.0081
367 368 0.0081
776 368 0.0081
21 369 0.0162
362 369 0.007
370 369 0.0081
369 370 0.0081
371 370 0.0081
370 371 0.0081
797 371 0.0081
21 374 0.0162
307 374 0.0186
363 374 0.0244
375 374 0.0197
374 375 0.0197
378 375 0.0197
23 378 0.007
375 378 0.0197
379 378 0.0116
378 379 0.0116
380 379 0.0116
379 380 0.0116
381 380 0.0116
380 381 0.0116
727 381 0.0116
30 387 0.0104
388 387 0.007
390 387 0.0116
387 388 0.007
389 388 0.0209
392 388 0.022
388 389 0.0209
427 389 0.0209
387 390 0.0116
391 390 0.0255
394 390 0.022
390 391 0.0255
697 391 0.0255
388 392 0.022
393 392 0.0023
394 392 0.0255
392 393 0.0023
394 393 0.0023
390 394 0.022
392 394 0.0255
393 394 0.0023
409 408 0.0023
1006 408 0.0023
408 409 0.0023
802 409 0.0012
1006 409 0.0046
389 427 0.0209
717 427 0.0209
259 434 0.0186
603 434 0.0186
322 441 0.0035
444 441 0.0035
347 444 0.0035
441 444 0.0035
189 495 0.0046
826 495 0.0046
189 496 0.0046
498 496 0.0046
496 498 0.0046
827 498 0.0023
828 498 0.0081
191 504 0.0104
505 504 0.0104
504 505 0.0104
506 505 0.0197
1918 505 0.0081
505 506 0.0197
507 506 0.0197
506 507 0.0197
545 507 0.0197
216 532 0.0151
533 532 0.0174
546 532 0.0197
186 533 0.0174
532 533 0.0174
234 544 0.0081
545 544 0.0162
546 544 0.0255
507 545 0.0197
544 545 0.0162
829 545 0.0139
532 546 0.0197
544 546 0.0255
547 546 0.0046
546 547 0.0046
830 547 0.0162
831 547 0.0104
232 551 0.0035
836 551 0.0035
253 565 0.0128
574 565 0.0128
565 574 0.0128
575 574 0.0128
574 575 0.0128
579 575 0.0128
575 579 0.0128
580 579 0.0128
579 580 0.0128
843 580 0.0128
261 582 0.0197
583 582 0.0278
596 582 0.0232
582 583 0.0278
584 583 0.0186
594 583 0.0081
583 584 0.0186
585 584 0.0186
584 585 0.0186
850 585 0.0151
852 585 0.0093
583 594 0.0081
865 594 0.0081
582 596 0.0232
598 596 0.0232
596 598 0.0232
599 598 0.0232
598 599 0.0232
600 599 0.0151
1895 599 0.007
599 600 0.0151
860 600 0.0058
865 600 0.0081
434 603 0.0186
604 603 0.0186
608 603 0.022
603 604 0.0186
605 604 0.0023
609 604 0.022
604 605 0.0023
609 605 0.0023
603 608 0.022
880 608 0.022
604 609 0.022
605 609 0.0023
610 609 0.0186
609 610 0.0186
611 610 0.007
876 610 0.0104
610 611 0.007
869 611 0.0139
871 611 0.0058
349 630 0.0186
632 630 0.0186
630 632 0.0186
633 632 0.0186
632 633 0.0186
634 633 0.0244
1630 633 0.0046
633 634 0.0244
1624 634 0.0244
351 650 0.0267
651 650 0.0267
650 651 0.0267
653 651 0.0267
651 653 0.0267
914 653 0.0267
340 662 0.0035
664 662 0.0035
341 664 0.0035
662 664 0.0035
391 697 0.0255
705 697 0.0255
697 705 0.0255
706 705 0.0325
710 705 0.0058
705 706 0.0325
707 706 0.0139
714 706 0.0174
706 707 0.0139
708 707 0.0058
712 707 0.0139
713 707 0.0058
707 708 0.0058
711 708 0.0058
705 710 0.0058
711 710 0.0058
708 711 0.0058
710 711 0.0058
707 712 0.0139
933 712 0.0139
707 713 0.0058
940 713 0.0058
706 714 0.0174
951 714 0.0174
941 715 0.0035
946 715 0.0035
427 717 0.0209
721 717 0.0209
717 721 0.0209
722 721 0.0209
721 722 0.0209
965 722 0.0255
1432 722 0.0035
381 727 0.0116
728 727 0.0116
727 728 0.0116
735 728 0.0116
728 735 0.0116
749 735 0.0116
365 745 0.0267
746 745 0.0151
760 745 0.0104
745 746 0.0151
747 746 0.0151
746 747 0.0151
748 747 0.0151
747 748 0.0151
749 748 0.0151
735 749 0.0116
748 749 0.0151
751 749 0.0023
749 751 0.0023
971 751 0.0023
745 760 0.0104
761 760 0.0104
760 761 0.0104
1317 761 0.0104
366 765 0.0232
766 765 0.0197
783 765 0.0023
765 766 0.0197
767 766 0.0197
766 767 0.0197
769 767 0.0197
767 769 0.0197
770 769 0.0104
981 769 0.0081
769 770 0.0104
1316 770 0.0023
1317 770 0.0139
363 774 0.0244
364 774 0.0244
368 776 0.0081
777 776 0.0023
779 776 0.0116
776 777 0.0023
779 777 0.0023
776 779 0.0116
777 779 0.0023
780 779 0.0046
786 779 0.0139
779 780 0.0046
788 780 0.0046
366 783 0.0023
765 783 0.0023
779 786 0.0139
787 786 0.0139
786 787 0.0139
788 787 0.0139
780 788 0.0046
787 788 0.0139
789 788 0.0081
788 789 0.0081
986 789 0.0139
996 789 0.0046
367 797 0.0081
371 797 0.0081
409 802 0.0012
1006 802 0.0012
808 807 0.0058
810 807 0.0058
807 808 0.0058
809 808 0.0058
808 809 0.0058
1011 809 0.0023
1027 809 0.0093
807 810 0.0058
811 810 0.0104
1050 810 0.0035
810 811 0.0104
812 811 0.0162
814 811 0.0139
811 812 0.0162
813 812 0.0128
1027 812 0.0093
812 813 0.0128
1028 813 0.0081
1029 813 0.0151
811 814 0.0139
815 814 0.0093
1050 814 0.0035
814 815 0.0093
816 815 0.0093
815 816 0.0093
1055 816 0.0093
495 826 0.0046
1912 826 0.0046
498 827 0.0023
1915 827 0.0023
498 828 0.0081
1912 828 0.0093
1915 828 0.007
545 829 0.0139
1927 829 0.0139
547 830 0.0162
1936 830 0.0093
1938 830 0.0151
547 831 0.0104
832 831 0.0104
831 832 0.0104
833 832 0.0104
832 833 0.0104
1940 833 0.0104
229 835 0.0151
1807 835 0.0151
551 836 0.0035
837 836 0.0104
1781 836 0.0058
836 837 0.0104
1783 837 0.0058
1785 837 0.0035
580 843 0.0128
844 843 0.0128
843 844 0.0128
1776 844 0.0151
1777 844 0.0035
585 850 0.0151
851 850 0.0151
852 850 0.0058
850 851 0.0151
1775 851 0.0058
1776 851 0.0151
585 852 0.0093
850 852 0.0058
853 852 0.0093
852 853 0.0093
1787 853 0.0104
1789 853 0.007
600 860 0.0058
861 860 0.0058
860 861 0.0058
862 861 0.0058
861 862 0.0058
863 862 0.0104
1766 862 0.0035
862 863 0.0104
864 863 0.0035
1779 863 0.0058
863 864 0.0035
1766 864 0.0035
594 865 0.0081
600 865 0.0081
611 869 0.0139
870 869 0.0116
1680 869 0.0104
869 870 0.0116
1678 870 0.0035
1895 870 0.0116
1897 870 0.0035
611 871 0.0058
872 871 0.0058
871 872 0.0058
1677 872 0.0058
610 876 0.0104
878 876 0.0104
876 878 0.0104
1670 878 0.0104
608 880 0.022
881 880 0.0104
1668 880 0.0104
267 881 0.0104
880 881 0.0104
653 914 0.0267
915 914 0.0128
917 914 0.0406
914 915 0.0128
916 915 0.007
1590 915 0.0046
915 916 0.007
1615 916 0.007
914 917 0.0406
918 917 0.0128
920 917 0.0383
917 918 0.0128
1478 918 0.0128
917 920 0.0383
1498 920 0.0325
1590 920 0.0046
712 933 0.0139
934 933 0.0104
1464 933 0.0093
933 934 0.0104
935 934 0.007
936 934 0.0046
1473 934 0.0081
934 935 0.007
1464 935 0.0023
1469 935 0.0035
934 936 0.0046
1466 936 0.007
1588 936 0.0035
713 940 0.0058
1463 940 0.0058
715 941 0.0035
944 941 0.0035
943 942 0.0012
1451 942 0.0012
942 943 0.0012
1454 943 0.0035
1458 943 0.0012
941 944 0.0035
945 944 0.0035
948 944 0.0081
944 945 0.0035
1440 945 0.0035
715 946 0.0035
948 946 0.0035
944 948 0.0081
946 948 0.0035
1440 948 0.0035
714 951 0.0174
952 951 0.0174
951 952 0.0174
1419 952 0.0174
960 958 0.0046
962 958 0.0081
1432 958 0.0023
958 960 0.0046
961 960 0.0046
960 961 0.0046
963 961 0.0046
958 962 0.0081
963 962 0.0046
964 962 0.0023
961 963 0.0046
962 963 0.0046
962 964 0.0023
1405 964 0.0058
1406 964 0.0023
722 965 0.0255
966 965 0.0255
965 966 0.0255
967 966 0.0244
1432 966 0.007
966 967 0.0244
1375 967 0.0058
1405 967 0.0244
971 969 0.007
973 969 0.007
751 971 0.0023
969 971 0.007
972 971 0.0104
971 972 0.0104
1371 972 0.0023
1374 972 0.0139
969 973 0.007
974 973 0.007
973 974 0.007
975 974 0.007
974 975 0.007
1352 975 0.0058
1361 975 0.0139
1313 980 0.0035
1316 980 0.0035
769 981 0.0081
989 981 0.0023
1307 981 0.0116
1295 985 0.0023
1296 985 0.0023
789 986 0.0139
987 986 0.0128
994 986 0.0093
986 987 0.0128
988 987 0.0081
995 987 0.0035
987 988 0.0081
989 988 0.0081
981 989 0.0023
988 989 0.0081
1307 989 0.0116
1302 993 0.0023
1304 993 0.0023
986 994 0.0093
995 994 0.0093
987 995 0.0035
994 995 0.0093
1292 995 0.0046
789 996 0.0046
1281 996 0.0046
1273 1000 0.0035
1274 1000 0.0035
408 1006 0.0023
409 1006 0.0046
802 1006 0.0012
809 1011 0.0023
1012 1011 0.0023
1017 1011 0.0058
1018 1011 0.0058
1011 1012 0.0023
1015 1012 0.0023
1012 1015 0.0023
1018 1015 0.0023
1011 1017 0.0058
1018 1017 0.0058
1024 1017 0.0058
1011 1018 0.0058
1015 1018 0.0023
1017 1018 0.0058
1019 1018 0.0023
1018 1019 0.0023
1024 1019 0.0023
1017 1024 0.0058
1019 1024 0.0023
1025 1024 0.0046
1035 1024 0.0081
1024 1025 0.0046
1031 1025 0.0046
809 1027 0.0093
812 1027 0.0093
1028 1027 0.0058
813 1028 0.0081
1027 1028 0.0058
1035 1028 0.0081
813 1029 0.0151
1030 1029 0.0046
1037 1029 0.0093
1029 1030 0.0046
1031 1030 0.0046
1025 1031 0.0046
1030 1031 0.0046
1024 1035 0.0081
1028 1035 0.0081
1029 1037 0.0093
1040 1037 0.0093
1037 1040 0.0093
1041 1040 0.007
1042 1040 0.0174
1040 1041 0.007
1155 1041 0.007
1040 1042 0.0174
1065 1042 0.0174
810 1050 0.0035
814 1050 0.0035
816 1055 0.0093
1061 1055 0.0093
1055 1061 0.0093
1062 1061 0.0081
1064 1061 0.0186
1061 1062 0.0081
1063 1062 0.0081
1062 1063 0.0081
1075 1063 0.0081
1061 1064 0.0186
1065 1064 0.0139
1066 1064 0.0128
1083 1064 0.0081
1042 1065 0.0174
1064 1065 0.0139
1101 1065 0.0162
1112 1065 0.0035
1064 1066 0.0128
1084 1066 0.0035
1092 1066 0.0081
1063 1075 0.0081
1078 1075 0.0081
1075 1078 0.0081
1121 1078 0.0081
1064 1083 0.0081
1084 1083 0.0081
1066 1084 0.0035
1083 1084 0.0081
1085 1084 0.0035
1084 1085 0.0035
1087 1085 0.0104
1096 1085 0.0058
1085 1087 0.0104
1088 1087 0.0139
1099 1087 0.0023
1087 1088 0.0139
1099 1088 0.0139
1066 1092 0.0081
1093 1092 0.0116
1095 1092 0.0023
1092 1093 0.0116
1095 1093 0.0116
1092 1095 0.0023
1093 1095 0.0116
1121 1095 0.0081
1085 1096 0.0058
1098 1096 0.0058
1096 1098 0.0058
1124 1098 0.0023
1130 1098 0.0093
1087 1099 0.0023
1088 1099 0.0139
1100 1099 0.0104
1099 1100 0.0104
1133 1100 0.0058
1256 1100 0.0035
1065 1101 0.0162
1103 1101 0.0151
1105 1101 0.0104
1106 1101 0.0023
1101 1103 0.0151
1107 1103 0.0104
1115 1103 0.0035
1105 1104 0.0035
1112 1104 0.0035
1101 1105 0.0104
1104 1105 0.0035
1106 1105 0.0058
1101 1106 0.0023
1105 1106 0.0058
1107 1106 0.0023
1103 1107 0.0104
1106 1107 0.0023
1109 1107 0.007
1107 1109 0.007
1110 1109 0.0104
1139 1109 0.0023
1109 1110 0.0104
1117 1110 0.007
1139 1110 0.0023
1065 1112 0.0035
1104 1112 0.0035
1103 1115 0.0035
1256 1115 0.0035
1110 1117 0.007
1165 1117 0.007
1078 1121 0.0081
1095 1121 0.0081
1098 1124 0.0023
1125 1124 0.0081
1130 1124 0.0116
1124 1125 0.0081
1126 1125 0.0058
1130 1125 0.0012
1125 1126 0.0058
1127 1126 0.0012
1135 1126 0.0081
1126 1127 0.0012
1228 1127 0.0023
1231 1127 0.0046
1098 1130 0.0093
1124 1130 0.0116
1125 1130 0.0012
1100 1133 0.0058
1134 1133 0.0046
1135 1133 0.0116
1133 1134 0.0046
1137 1134 0.007
1251 1134 0.0012
1126 1135 0.0081
1133 1135 0.0116
1136 1135 0.007
1135 1136 0.007
1137 1136 0.0081
1232 1136 0.0046
1134 1137 0.007
1136 1137 0.0081
1233 1137 0.0046
1109 1139 0.0023
1110 1139 0.0023
1041 1155 0.007
1164 1155 0.007
1155 1164 0.007
1165 1164 0.007
1117 1165 0.007
1164 1165 0.007
1127 1228 0.0023
1229 1228 0.0023
1228 1229 0.0023
1230 1229 0.0035
1231 1229 0.007
1229 1230 0.0035
1232 1230 0.007
1233 1230 0.0023
1127 1231 0.0046
1229 1231 0.007
1232 1231 0.0058
1136 1232 0.0046
1230 1232 0.007
1231 1232 0.0058
1137 1233 0.0046
1230 1233 0.0023
1251 1233 0.0012
1134 1251 0.0012
1233 1251 0.0012
1100 1256 0.0035
1115 1256 0.0035
1000 1273 0.0035
1276 1273 0.007
1279 1273 0.0023
1000 1274 0.0035
1276 1274 0.0035
1273 1276 0.007
1274 1276 0.0035
1277 1276 0.0023
1276 1277 0.0023
1279 1277 0.0023
1273 1279 0.0023
1277 1279 0.0023
996 1281 0.0046
1283 1281 0.0046
1281 1283 0.0046
1292 1283 0.0081
1293 1283 0.0023
995 1292 0.0046
1283 1292 0.0081
1293 1292 0.0023
1283 1293 0.0023
1292 1293 0.0023
985 1295 0.0023
1296 1295 0.0023
985 1296 0.0023
1295 1296 0.0023
993 1302 0.0023
1303 1302 0.0023
1305 1302 0.0058
1302 1303 0.0023
1305 1303 0.0023
993 1304 0.0023
1305 1304 0.0023
1302 1305 0.0058
1303 1305 0.0023
1304 1305 0.0023
981 1307 0.0116
989 1307 0.0116
980 1313 0.0035
1318 1313 0.0035
770 1316 0.0023
980 1316 0.0035
1317 1316 0.0023
1318 1316 0.0035
761 1317 0.0104
770 1317 0.0139
1316 1317 0.0023
1313 1318 0.0035
1316 1318 0.0035
975 1352 0.0058
1355 1352 0.0058
1352 1355 0.0058
1356 1355 0.0023
1358 1355 0.0093
1355 1356 0.0023
1357 1356 0.0023
1384 1356 0.0058
1356 1357 0.0023
1382 1357 0.0058
1385 1357 0.0023
1355 1358 0.0093
1359 1358 0.0023
1363 1358 0.0058
1358 1359 0.0023
1360 1359 0.0058
1386 1359 0.0023
1359 1360 0.0058
1384 1360 0.0023
1386 1360 0.0023
975 1361 0.0139
1362 1361 0.0186
1368 1361 0.0035
1361 1362 0.0186
1363 1362 0.0093
1367 1362 0.0151
1358 1363 0.0058
1362 1363 0.0093
1364 1363 0.0023
1363 1364 0.0023
1366 1364 0.0023
1364 1366 0.0023
1367 1366 0.0058
1427 1366 0.0023
1362 1367 0.0151
1366 1367 0.0058
1368 1367 0.0035
1370 1367 0.0104
1361 1368 0.0035
1367 1368 0.0035
1367 1370 0.0104
1372 1370 0.007
1427 1370 0.0023
972 1371 0.0023
1372 1371 0.007
1374 1371 0.0104
1370 1372 0.007
1371 1372 0.007
972 1374 0.0139
1371 1374 0.0104
1375 1374 0.0023
967 1375 0.0058
1374 1375 0.0023
1388 1375 0.0023
1377 1376 0.0093
1388 1376 0.007
1407 1376 0.0012
1376 1377 0.0093
1389 1377 0.0035
1407 1377 0.0046
1357 1382 0.0058
1384 1382 0.0023
1385 1382 0.0023
1356 1384 0.0058
1360 1384 0.0023
1382 1384 0.0023
1357 1385 0.0023
1382 1385 0.0023
1359 1386 0.0023
1360 1386 0.0023
1375 1388 0.0023
1376 1388 0.007
1389 1388 0.0035
1377 1389 0.0035
1388 1389 0.0035
964 1405 0.0058
967 1405 0.0244
1406 1405 0.0244
964 1406 0.0023
1405 1406 0.0244
1407 1406 0.0058
1436 1406 0.0209
1376 1407 0.0012
1377 1407 0.0046
1406 1407 0.0058
1429 1407 0.0012
1436 1407 0.0046
952 1419 0.0174
1420 1419 0.0174
1419 1420 0.0174
1421 1420 0.0174
1420 1421 0.0174
1431 1421 0.0174
1366 1427 0.0023
1370 1427 0.0023
1407 1429 0.0012
1430 1429 0.0012
1436 1429 0.0035
1429 1430 0.0012
1431 1430 0.0174
1436 1430 0.0197
1421 1431 0.0174
1430 1431 0.0174
722 1432 0.0035
958 1432 0.0023
966 1432 0.007
1406 1436 0.0209
1407 1436 0.0046
1429 1436 0.0035
1430 1436 0.0197
945 1440 0.0035
948 1440 0.0035
942 1451 0.0012
1452 1451 0.0035
1454 1451 0.0058
1451 1452 0.0035
1455 1452 0.0035
943 1454 0.0035
1451 1454 0.0058
1455 1454 0.0058
1452 1455 0.0035
1454 1455 0.0058
1456 1455 0.0058
1458 1455 0.0081
1455 1456 0.0058
1457 1456 0.0058
1461 1456 0.0058
1456 1457 0.0058
1461 1457 0.0023
1530 1457 0.0023
943 1458 0.0012
1455 1458 0.0081
1459 1458 0.0046
1461 1458 0.0046
1458 1459 0.0046
1460 1459 0.0023
1461 1459 0.0012
1459 1460 0.0023
1530 1460 0.0023
1456 1461 0.0058
1457 1461 0.0023
1458 1461 0.0046
1459 1461 0.0012
940 1463 0.0058
1464 1463 0.0058
933 1464 0.0093
935 1464 0.0023
1463 1464 0.0058
936 1466 0.007
1467 1466 0.0012
1469 1466 0.0128
1492 1466 0.0023
1588 1466 0.0104
1466 1467 0.0012
1468 1467 0.0058
1469 1467 0.0081
1467 1468 0.0058
1484 1468 0.0012
1489 1468 0.0081
935 1469 0.0035
1466 1469 0.0128
1467 1469 0.0081
1474 1470 0.0012
1516 1470 0.0046
1517 1470 0.007
934 1473 0.0081
1477 1473 0.0116
1480 1473 0.0058
1470 1474 0.0012
1497 1474 0.0012
1473 1477 0.0116
1478 1477 0.0116
918 1478 0.0128
1477 1478 0.0116
1481 1478 0.0093
1473 1480 0.0058
1481 1480 0.0104
1497 1480 0.0035
1478 1481 0.0093
1480 1481 0.0104
1589 1481 0.0116
1468 1484 0.0012
1507 1484 0.0046
1508 1484 0.0023
1486 1485 0.0035
1487 1485 0.0081
1508 1485 0.0035
1485 1486 0.0035
1538 1486 0.0035
1485 1487 0.0081
1538 1487 0.0035
1554 1487 0.0035
1545 1488 0.0046
1554 1488 0.0046
1468 1489 0.0081
1490 1489 0.0081
1509 1489 0.007
1553 1489 0.0023
1489 1490 0.0081
1491 1490 0.007
1529 1490 0.0139
1490 1491 0.007
1502 1491 0.0093
1518 1491 0.0046
1466 1492 0.0023
1495 1492 0.0035
1494 1493 0.0023
1521 1493 0.0012
1493 1494 0.0023
1496 1494 0.007
1522 1494 0.0081
1492 1495 0.0035
1496 1495 0.0046
1515 1495 0.0046
1494 1496 0.007
1495 1496 0.0046
1524 1496 0.0081
1474 1497 0.0012
1480 1497 0.0035
1517 1497 0.0046
1589 1497 0.007
920 1498 0.0325
1499 1498 0.0046
1501 1498 0.0267
1498 1499 0.0046
1500 1499 0.0046
1499 1500 0.0046
1503 1500 0.0023
1504 1500 0.0081
1498 1501 0.0267
1610 1501 0.0383
1612 1501 0.0104
1491 1502 0.0093
1503 1502 0.0046
1526 1502 0.0035
1500 1503 0.0023
1502 1503 0.0046
1504 1503 0.0116
1529 1503 0.0139
1500 1504 0.0081
1503 1504 0.0116
1505 1504 0.0023
1504 1505 0.0023
1506 1505 0.0058
1578 1505 0.0023
1505 1506 0.0058
1546 1506 0.0023
1578 1506 0.0023
1484 1507 0.0046
1508 1507 0.007
1509 1507 0.0058
1484 1508 0.0023
1485 1508 0.0035
1507 1508 0.007
1489 1509 0.007
1507 1509 0.0058
1553 1509 0.0093
1511 1510 0.0081
1553 1510 0.007
1510 1511 0.0081
1512 1511 0.0058
1557 1511 0.0081
1511 1512 0.0058
1529 1512 0.0058
1557 1512 0.0058
1495 1515 0.0046
1516 1515 0.0046
1525 1515 0.0058
1470 1516 0.0046
1515 1516 0.0046
1517 1516 0.0023
1525 1516 0.0023
1470 1517 0.007
1497 1517 0.0046
1516 1517 0.0023
1588 1517 0.0046
1491 1518 0.0046
1520 1518 0.0046
1518 1520 0.0046
1521 1520 0.0046
1523 1520 0.0081
1493 1521 0.0012
1520 1521 0.0046
1522 1521 0.007
1494 1522 0.0081
1521 1522 0.007
1523 1522 0.0046
1527 1522 0.0058
1520 1523 0.0081
1522 1523 0.0046
1526 1523 0.0035
1496 1524 0.0081
1525 1524 0.0023
1527 1524 0.0046
1515 1525 0.0058
1516 1525 0.0023
1524 1525 0.0023
1502 1526 0.0035
1523 1526 0.0035
1522 1527 0.0058
1524 1527 0.0046
1490 1529 0.0139
1503 1529 0.0139
1512 1529 0.0058
1457 1530 0.0023
1460 1530 0.0023
1486 1538 0.0035
1487 1538 0.0035
1488 1545 0.0046
1546 1545 0.0023
1557 1545 0.0081
1506 1546 0.0023
1545 1546 0.0023
1489 1553 0.0023
1509 1553 0.0093
1510 1553 0.007
1554 1553 0.0093
1487 1554 0.0035
1488 1554 0.0046
1553 1554 0.0093
1511 1557 0.0081
1512 1557 0.0058
1545 1557 0.0081
1505 1578 0.0023
1506 1578 0.0023
936 1588 0.0035
1466 1588 0.0104
1517 1588 0.0046
1589 1588 0.0093
1481 1589 0.0116
1497 1589 0.007
1588 1589 0.0093
915 1590 0.0046
920 1590 0.0046
1501 1610 0.0383
1636 1610 0.0429
1637 1610 0.0035
1501 1612 0.0104
1634 1612 0.0035
1650 1612 0.0058
916 1615 0.007
1616 1615 0.007
1615 1616 0.007
1625 1616 0.007
634 1624 0.0244
1625 1624 0.0255
1628 1624 0.0116
1616 1625 0.007
1624 1625 0.0255
1626 1625 0.0336
1625 1626 0.0336
1638 1626 0.0336
1624 1628 0.0116
1629 1628 0.0058
1630 1628 0.0046
1628 1629 0.0058
1642 1629 0.0058
633 1630 0.0046
1628 1630 0.0046
1612 1634 0.0035
1636 1634 0.0035
1610 1636 0.0429
1634 1636 0.0035
1638 1636 0.0383
1610 1637 0.0035
1638 1637 0.0035
1626 1638 0.0336
1636 1638 0.0383
1637 1638 0.0035
1629 1642 0.0058
1643 1642 0.0093
1644 1642 0.0023
1642 1643 0.0093
1644 1643 0.0023
1653 1643 0.0058
1642 1644 0.0023
1643 1644 0.0023
1612 1650 0.0058
1652 1650 0.0058
1650 1652 0.0058
1653 1652 0.0093
1655 1652 0.0023
1643 1653 0.0058
1652 1653 0.0093
1655 1653 0.0023
1652 1655 0.0023
1653 1655 0.0023
880 1668 0.0104
1669 1668 0.0104
1668 1669 0.0104
1670 1669 0.0104
878 1670 0.0104
1669 1670 0.0104
1676 1675 0.0035
1696 1675 0.0035
1675 1676 0.0035
1697 1676 0.0035
872 1677 0.0058
1681 1677 0.0058
870 1678 0.0035
1679 1678 0.0023
1900 1678 0.007
1678 1679 0.0023
1901 1679 0.0023
869 1680 0.0104
1681 1680 0.0058
1897 1680 0.0035
1677 1681 0.0058
1680 1681 0.0058
1675 1696 0.0035
1697 1696 0.0035
1676 1697 0.0035
1696 1697 0.0035
862 1766 0.0035
864 1766 0.0035
1769 1768 0.0035
1790 1768 0.0035
1768 1769 0.0035
1770 1769 0.0104
1819 1769 0.0058
1769 1770 0.0104
1771 1770 0.0104
1790 1770 0.0081
1770 1771 0.0104
1812 1771 0.0104
851 1775 0.0058
1776 1775 0.0023
1789 1775 0.0023
844 1776 0.0151
851 1776 0.0151
1775 1776 0.0023
1777 1776 0.007
1800 1776 0.0035
844 1777 0.0035
1776 1777 0.007
1807 1777 0.0046
863 1779 0.0058
1802 1779 0.0058
836 1781 0.0058
1804 1781 0.0058
837 1783 0.0058
1792 1783 0.0058
837 1785 0.0035
1786 1785 0.0023
1800 1785 0.007
1785 1786 0.0023
1800 1786 0.0023
853 1787 0.0104
1788 1787 0.0104
1787 1788 0.0104
1789 1788 0.0035
1802 1788 0.0058
853 1789 0.007
1775 1789 0.0023
1788 1789 0.0035
1768 1790 0.0035
1770 1790 0.0081
1820 1790 0.0035
1783 1792 0.0058
1804 1792 0.0058
1776 1800 0.0035
1785 1800 0.007
1786 1800 0.0023
1779 1802 0.0058
1788 1802 0.0058
1781 1804 0.0058
1792 1804 0.0058
242 1807 0.0116
835 1807 0.0151
1777 1807 0.0046
1819 1811 0.0128
1831 1811 0.0128
1771 1812 0.0104
1825 1812 0.0035
1826 1812 0.0058
1769 1819 0.0058
1811 1819 0.0128
1983 1819 0.0058
1790 1820 0.0035
1823 1820 0.0035
1820 1823 0.0035
1825 1823 0.0035
1812 1825 0.0035
1823 1825 0.0035
1812 1826 0.0058
1832 1826 0.0058
1828 1827 0.0023
1830 1827 0.0023
1827 1828 0.0023
1830 1828 0.0023
1827 1830 0.0023
1828 1830 0.0023
1811 1831 0.0128
1832 1831 0.0116
1835 1831 0.0116
1826 1832 0.0058
1831 1832 0.0116
1833 1832 0.0046
1832 1833 0.0046
1839 1833 0.0023
1855 1833 0.0081
1831 1835 0.0116
1836 1835 0.0058
1859 1835 0.0046
1835 1836 0.0058
1983 1836 0.0058
1833 1839 0.0023
1855 1839 0.0046
1856 1839 0.0012
1850 1849 0.0023
1874 1849 0.0023
1849 1850 0.0023
1874 1850 0.0023
1833 1855 0.0081
1839 1855 0.0046
1856 1855 0.007
1839 1856 0.0012
1855 1856 0.007
1857 1856 0.0046
1856 1857 0.0046
1877 1857 0.0046
1835 1859 0.0046
1877 1859 0.0046
1849 1874 0.0023
1850 1874 0.0023
1857 1877 0.0046
1859 1877 0.0046
599 1895 0.007
870 1895 0.0116
1900 1895 0.0035
870 1897 0.0035
1680 1897 0.0035
1678 1900 0.007
1895 1900 0.0035
1901 1900 0.0023
1679 1901 0.0023
1900 1901 0.0023
826 1912 0.0046
828 1912 0.0093
1914 1912 0.0035
1912 1914 0.0035
1915 1914 0.0035
827 1915 0.0023
828 1915 0.007
1914 1915 0.0035
505 1918 0.0081
1920 1918 0.0081
1918 1920 0.0081
1930 1920 0.0116
1931 1920 0.0023
829 1927 0.0139
1928 1927 0.0046
1930 1927 0.0081
1927 1928 0.0046
1955 1928 0.0046
1920 1930 0.0116
1927 1930 0.0081
1931 1930 0.0023
1920 1931 0.0023
1930 1931 0.0023
830 1936 0.0093
1937 1936 0.0035
1950 1936 0.0046
1936 1937 0.0035
1938 1937 0.0151
1953 1937 0.0104
830 1938 0.0151
1937 1938 0.0151
833 1940 0.0104
1941 1940 0.0104
1940 1941 0.0104
1942 1941 0.0104
1941 1942 0.0104
1951 1942 0.0104
1936 1950 0.0046
1955 1950 0.0081
1962 1950 0.0023
1942 1951 0.0104
1952 1951 0.0104
1951 1952 0.0104
1953 1952 0.0104
1937 1953 0.0104
1952 1953 0.0104
1928 1955 0.0046
1950 1955 0.0081
1962 1955 0.0023
1950 1962 0.0023
1955 1962 0.0023
1971 1970 0.0023
1978 1970 0.0023
1970 1971 0.0023
1972 1971 0.0035
1978 1971 0.007
1971 1972 0.0035
1973 1972 0.0035
1972 1973 0.0035
1979 1973 0.0035
1970 1978 0.0023
1971 1978 0.007
1979 1978 0.0035
1973 1979 0.0035
1978 1979 0.0035
1819 1983 0.0058
1836 1983 0.0058
