2 1 0.0102
3 1 0.0255
4 1 0.0034
5 1 0.0051
6 1 0.017
7 1 0.0187
8 1 0.0034
10 1 0.0323
12 1 0.0204
16 1 0.0102
31 1 0.0034
34 1 0.0085
97 1 0.0034
1 2 0.0102
13 2 0.0051
97 2 0.017
1 3 0.0255
19 3 0.0068
20 3 0.0034
22 3 0.017
31 3 0.0034
1 4 0.0034
37 4 0.0068
39 4 0.0119
1 5 0.0051
49 5 0.0136
51 5 0.0051
1 6 0.017
7 6 0.0017
55 6 0.0034
57 6 0.0136
214 6 0.0034
1 7 0.0187
6 7 0.0017
8 7 0.0034
62 7 0.0102
1 8 0.0034
7 8 0.0034
1 10 0.0323
69 10 0.0272
85 10 0.0289
94 10 0.0034
1 12 0.0204
98 12 0.0255
106 12 0.0034
2 13 0.0051
338 13 0.0119
342 13 0.0051
1 16 0.0102
17 16 0.0068
19 16 0.0017
16 17 0.0068
579 17 0.0068
3 19 0.0068
16 19 0.0017
20 19 0.0034
3 20 0.0034
19 20 0.0034
3 22 0.017
23 22 0.0068
25 22 0.0085
22 23 0.0068
579 23 0.0068
22 25 0.0085
26 25 0.0051
29 25 0.0153
25 26 0.0051
27 26 0.0051
26 27 0.0051
29 27 0.0153
559 27 0.0085
25 29 0.0153
27 29 0.0153
1 31 0.0034
3 31 0.0034
1 34 0.0085
35 34 0.0085
34 35 0.0085
357 35 0.0034
359 35 0.0136
4 37 0.0068
564 37 0.0068
4 39 0.0119
42 39 0.0204
258 39 0.0068
39 42 0.0204
43 42 0.0204
42 43 0.0204
44 43 0.017
46 43 0.0119
43 44 0.017
45 44 0.0085
362 44 0.0068
44 45 0.0085
391 45 0.0102
546 45 0.0102
43 46 0.0119
47 46 0.0034
258 46 0.0068
46 47 0.0034
387 47 0.0034
391 47 0.0085
5 49 0.0136
50 49 0.0068
52 49 0.0221
49 50 0.0068
261 50 0.0068
5 51 0.0051
264 51 0.0051
49 52 0.0221
263 52 0.0153
369 52 0.0187
6 55 0.0034
56 55 0.0034
224 55 0.0051
55 56 0.0034
238 56 0.0051
241 56 0.0068
242 56 0.0051
6 57 0.0136
58 57 0.0051
173 57 0.017
57 58 0.0051
59 58 0.0051
58 59 0.0051
180 59 0.0102
183 59 0.0136
7 62 0.0102
63 62 0.0119
65 62 0.017
62 63 0.0119
171 63 0.0119
62 65 0.017
71 65 0.0102
156 65 0.0119
166 65 0.0187
10 69 0.0272
70 69 0.0323
82 69 0.0442
69 70 0.0323
71 70 0.0238
79 70 0.0068
65 71 0.0102
70 71 0.0238
72 71 0.0187
71 72 0.0187
73 72 0.0204
74 72 0.0136
72 73 0.0204
154 73 0.0187
156 73 0.0034
72 74 0.0136
75 74 0.0085
76 74 0.0102
74 75 0.0085
78 75 0.0085
74 76 0.0102
111 76 0.017
112 76 0.0051
154 76 0.0187
75 78 0.0085
109 78 0.0051
111 78 0.0068
153 78 0.0034
70 79 0.0068
80 79 0.0017
81 79 0.0102
79 80 0.0017
81 80 0.0017
79 81 0.0102
80 81 0.0017
82 81 0.0068
69 82 0.0442
81 82 0.0068
83 82 0.0357
82 83 0.0357
84 83 0.0289
109 83 0.0051
83 84 0.0289
113 84 0.034
125 84 0.0034
10 85 0.0289
86 85 0.0374
87 85 0.0068
85 86 0.0374
90 86 0.0374
93 86 0.0085
85 87 0.0068
88 87 0.0068
87 88 0.0068
90 88 0.0068
86 90 0.0374
88 90 0.0068
92 90 0.0289
90 92 0.0289
93 92 0.0034
267 92 0.0238
86 93 0.0085
92 93 0.0034
94 93 0.0034
10 94 0.0034
93 94 0.0034
1 97 0.0034
2 97 0.017
99 97 0.0051
325 97 0.0051
12 98 0.0255
99 98 0.0119
101 98 0.0255
97 99 0.0051
98 99 0.0119
100 99 0.0051
99 100 0.0051
102 100 0.0102
324 100 0.0034
98 101 0.0255
102 101 0.0119
103 101 0.0255
100 102 0.0102
101 102 0.0119
316 102 0.0102
101 103 0.0255
104 103 0.0204
106 103 0.0034
103 104 0.0204
301 104 0.0238
311 104 0.0153
12 106 0.0034
103 106 0.0034
78 109 0.0051
83 109 0.0051
76 111 0.017
78 111 0.0068
112 111 0.0119
153 111 0.0221
76 112 0.0051
111 112 0.0119
149 112 0.0085
84 113 0.034
114 113 0.0085
125 113 0.0238
113 114 0.0085
116 114 0.0085
114 116 0.0085
117 116 0.0085
116 117 0.0085
276 117 0.0085
84 125 0.0034
113 125 0.0238
126 125 0.0187
125 126 0.0187
130 126 0.0187
126 130 0.0187
131 130 0.0221
410 130 0.0017
130 131 0.0221
132 131 0.0306
413 131 0.0068
131 132 0.0306
133 132 0.0085
416 132 0.0204
132 133 0.0085
134 133 0.0017
146 133 0.0119
133 134 0.0017
147 134 0.0068
148 134 0.0034
141 140 0.0017
142 140 0.0017
140 141 0.0017
142 141 0.0068
143 141 0.0034
140 142 0.0017
141 142 0.0068
143 142 0.0068
144 142 0.0017
141 143 0.0034
142 143 0.0068
144 143 0.0017
142 144 0.0017
143 144 0.0017
133 146 0.0119
147 146 0.0102
153 146 0.017
134 147 0.0068
146 147 0.0102
148 147 0.0119
134 148 0.0034
147 148 0.0119
150 148 0.0068
112 149 0.0085
150 149 0.0068
148 150 0.0068
149 150 0.0068
78 153 0.0034
111 153 0.0221
146 153 0.017
73 154 0.0187
76 154 0.0187
65 156 0.0119
73 156 0.0034
157 156 0.0102
156 157 0.0102
159 157 0.0017
161 157 0.0085
157 159 0.0017
160 159 0.0085
429 159 0.0085
159 160 0.0085
176 160 0.0017
668 160 0.0119
157 161 0.0085
162 161 0.0034
165 161 0.0136
161 162 0.0034
163 162 0.0017
165 162 0.0068
162 163 0.0017
164 163 0.0085
165 163 0.0119
163 164 0.0085
167 164 0.0068
161 165 0.0136
162 165 0.0068
163 165 0.0119
65 166 0.0187
167 166 0.0068
169 166 0.0102
164 167 0.0068
166 167 0.0068
166 169 0.0102
171 169 0.0102
63 171 0.0119
169 171 0.0102
173 171 0.0034
57 173 0.017
171 173 0.0034
174 173 0.0153
183 173 0.0085
173 174 0.0153
175 174 0.0204
177 174 0.0119
174 175 0.0204
176 175 0.0051
179 175 0.0068
668 175 0.0153
160 176 0.0017
175 176 0.0051
668 176 0.0068
174 177 0.0119
178 177 0.0119
181 177 0.0051
200 177 0.0051
177 178 0.0119
179 178 0.017
192 178 0.0136
175 179 0.0068
178 179 0.017
188 179 0.0085
59 180 0.0102
181 180 0.0102
182 180 0.0085
177 181 0.0051
180 181 0.0102
182 181 0.0034
180 182 0.0085
181 182 0.0034
183 182 0.0034
59 183 0.0136
173 183 0.0085
182 183 0.0034
185 184 0.0255
187 184 0.0068
668 184 0.017
184 185 0.0255
186 185 0.0068
427 185 0.0085
429 185 0.0068
185 186 0.0068
431 186 0.0051
434 186 0.0136
184 187 0.0068
190 187 0.0051
443 187 0.0068
447 187 0.0051
179 188 0.0085
189 188 0.0085
188 189 0.0085
197 189 0.0153
198 189 0.0034
187 190 0.0051
445 190 0.0034
446 190 0.0085
178 192 0.0136
193 192 0.0136
483 192 0.0085
192 193 0.0136
194 193 0.0034
196 193 0.0085
193 194 0.0034
195 194 0.0102
465 194 0.0051
194 195 0.0102
467 195 0.0051
479 195 0.0034
193 196 0.0085
197 196 0.0085
189 197 0.0153
196 197 0.0085
198 197 0.0051
189 198 0.0034
197 198 0.0051
445 198 0.0102
452 198 0.0085
177 200 0.0051
201 200 0.0085
218 200 0.0051
200 201 0.0085
202 201 0.0102
218 201 0.0102
201 202 0.0102
203 202 0.0085
216 202 0.0102
202 203 0.0085
204 203 0.0034
209 203 0.0034
203 204 0.0034
206 204 0.0102
481 204 0.0051
204 206 0.0102
208 206 0.0102
206 208 0.0102
481 208 0.0102
482 208 0.0085
203 209 0.0034
210 209 0.0051
211 209 0.0102
209 210 0.0051
212 210 0.0102
221 210 0.0034
209 211 0.0102
212 211 0.0102
210 212 0.0102
211 212 0.0102
228 212 0.0085
6 214 0.0034
215 214 0.0051
230 214 0.0068
214 215 0.0051
216 215 0.0051
220 215 0.0085
202 216 0.0102
215 216 0.0051
217 216 0.0068
216 217 0.0068
218 217 0.0068
200 218 0.0051
201 218 0.0102
217 218 0.0068
215 220 0.0085
221 220 0.0017
229 220 0.0119
234 220 0.0085
210 221 0.0034
220 221 0.0017
228 221 0.0068
55 224 0.0051
225 224 0.0085
669 224 0.0085
224 225 0.0085
230 225 0.0068
235 225 0.0102
237 226 0.0119
251 226 0.0051
669 226 0.0102
671 226 0.0068
228 227 0.0068
229 227 0.0136
670 227 0.0017
671 227 0.0085
212 228 0.0085
221 228 0.0068
227 228 0.0068
220 229 0.0119
227 229 0.0136
234 229 0.0102
214 230 0.0068
225 230 0.0068
231 230 0.0085
230 231 0.0085
232 231 0.0085
235 231 0.0085
231 232 0.0085
233 232 0.0102
236 232 0.0102
232 233 0.0102
234 233 0.0102
237 233 0.0119
220 234 0.0085
229 234 0.0102
233 234 0.0102
225 235 0.0102
231 235 0.0085
236 235 0.0102
232 236 0.0102
235 236 0.0102
237 236 0.0119
226 237 0.0119
233 237 0.0119
236 237 0.0119
56 238 0.0051
239 238 0.0068
246 238 0.0017
247 238 0.0034
238 239 0.0068
240 239 0.0034
241 239 0.0119
239 240 0.0034
241 240 0.0136
242 240 0.0085
56 241 0.0068
239 241 0.0119
240 241 0.0136
56 242 0.0051
240 242 0.0085
243 242 0.0051
242 243 0.0051
244 243 0.0085
264 243 0.0068
243 244 0.0085
246 244 0.0102
257 244 0.0085
265 244 0.0068
238 246 0.0017
244 246 0.0102
248 246 0.0051
249 246 0.0034
252 246 0.0051
238 247 0.0034
248 247 0.0051
250 247 0.0085
669 247 0.0068
246 248 0.0051
247 248 0.0051
249 248 0.0085
246 249 0.0034
248 249 0.0085
250 249 0.0034
247 250 0.0085
249 250 0.0034
251 250 0.0068
398 250 0.0017
226 251 0.0051
250 251 0.0068
670 251 0.0034
246 252 0.0051
253 252 0.0034
257 252 0.0102
252 253 0.0034
534 253 0.0051
255 254 0.0051
399 254 0.0051
400 254 0.0102
254 255 0.0051
402 255 0.0085
505 255 0.0017
403 256 0.0085
406 256 0.0051
522 256 0.0034
533 256 0.0068
534 256 0.0051
244 257 0.0085
252 257 0.0102
533 257 0.0068
39 258 0.0068
46 258 0.0068
50 261 0.0068
392 261 0.0068
52 263 0.0153
264 263 0.0153
266 263 0.0119
51 264 0.0051
243 264 0.0068
263 264 0.0153
265 264 0.0102
244 265 0.0068
264 265 0.0102
266 265 0.0085
263 266 0.0119
265 266 0.0085
394 266 0.0085
92 267 0.0238
268 267 0.0068
278 267 0.0323
267 268 0.0068
269 268 0.0068
268 269 0.0068
270 269 0.0204
282 269 0.0374
283 269 0.0306
269 270 0.0204
271 270 0.0102
275 270 0.0085
270 271 0.0102
273 271 0.0102
271 273 0.0102
637 273 0.0102
270 275 0.0085
276 275 0.0085
117 276 0.0085
275 276 0.0085
277 276 0.0119
646 276 0.0051
651 276 0.0051
276 277 0.0119
643 277 0.0051
647 277 0.0051
267 278 0.0323
279 278 0.0017
281 278 0.0357
278 279 0.0017
281 279 0.0017
278 281 0.0357
279 281 0.0017
282 281 0.0323
269 282 0.0374
281 282 0.0323
283 282 0.0034
269 283 0.0306
282 283 0.0034
284 283 0.0255
283 284 0.0255
285 284 0.0136
287 284 0.0102
284 285 0.0136
289 285 0.0136
284 287 0.0102
288 287 0.017
290 287 0.0051
287 288 0.017
631 288 0.0102
633 288 0.0034
637 288 0.0102
285 289 0.0136
615 289 0.0136
287 290 0.0051
291 290 0.0085
620 290 0.0017
290 291 0.0085
292 291 0.0017
631 291 0.0051
291 292 0.0017
620 292 0.0068
626 292 0.0034
104 301 0.0238
305 301 0.0238
301 305 0.0238
306 305 0.0204
309 305 0.0153
305 306 0.0204
307 306 0.0136
600 306 0.0051
306 307 0.0136
308 307 0.0136
307 308 0.0136
609 308 0.0136
305 309 0.0153
310 309 0.0051
315 309 0.0085
309 310 0.0051
602 310 0.0051
607 310 0.0119
104 311 0.0153
315 311 0.0153
309 315 0.0085
311 315 0.0153
598 315 0.0051
102 316 0.0102
317 316 0.0051
324 316 0.0034
316 317 0.0051
318 317 0.0102
322 317 0.0034
317 318 0.0102
319 318 0.0034
320 318 0.0102
323 318 0.0034
318 319 0.0034
320 319 0.0102
598 319 0.0051
318 320 0.0102
319 320 0.0102
317 322 0.0034
323 322 0.0068
326 322 0.0017
318 323 0.0034
322 323 0.0068
326 323 0.0068
596 323 0.0034
100 324 0.0034
316 324 0.0034
97 325 0.0051
331 325 0.0051
322 326 0.0017
323 326 0.0068
596 326 0.0034
325 331 0.0051
332 331 0.0051
331 332 0.0051
333 332 0.0017
338 332 0.0085
590 332 0.0051
332 333 0.0017
334 333 0.0034
590 333 0.0068
333 334 0.0034
593 334 0.0034
13 338 0.0119
332 338 0.0085
339 338 0.0085
338 339 0.0085
340 339 0.0085
346 339 0.0085
347 339 0.0017
339 340 0.0085
346 340 0.0017
347 340 0.0068
592 340 0.0068
13 342 0.0051
343 342 0.0102
584 342 0.0034
342 343 0.0102
344 343 0.0102
345 343 0.0085
343 344 0.0102
345 344 0.0068
346 344 0.0085
343 345 0.0085
344 345 0.0068
353 345 0.0068
339 346 0.0085
340 346 0.0017
344 346 0.0085
352 346 0.0017
339 347 0.0017
340 347 0.0068
590 347 0.0034
591 348 0.0034
592 348 0.0034
346 352 0.0017
585 352 0.0068
586 352 0.0034
345 353 0.0068
584 353 0.0068
359 355 0.0136
556 355 0.0136
35 357 0.0034
358 357 0.0102
361 357 0.0051
357 358 0.0102
359 358 0.0085
360 358 0.0102
35 359 0.0136
355 359 0.0136
358 359 0.0085
358 360 0.0102
361 360 0.0051
555 360 0.0034
357 361 0.0051
360 361 0.0051
44 362 0.0068
363 362 0.0119
551 362 0.0034
362 363 0.0119
364 363 0.0119
363 364 0.0119
551 364 0.0085
554 364 0.0051
565 364 0.0068
546 367 0.0017
567 367 0.0017
52 369 0.0187
370 369 0.0153
392 369 0.0119
369 370 0.0153
371 370 0.0221
373 370 0.0051
370 371 0.0221
372 371 0.0221
371 372 0.0221
373 372 0.0153
379 372 0.0051
370 373 0.0051
372 373 0.0153
384 373 0.0034
392 373 0.0034
372 379 0.0051
381 379 0.0051
379 381 0.0051
527 381 0.0051
373 384 0.0034
386 384 0.0034
384 386 0.0034
390 386 0.0085
539 386 0.0068
540 386 0.0017
47 387 0.0034
388 387 0.0051
391 387 0.0102
547 387 0.0119
387 388 0.0051
549 388 0.0051
386 390 0.0085
539 390 0.0102
549 390 0.0102
550 390 0.0051
45 391 0.0102
47 391 0.0085
387 391 0.0102
261 392 0.0068
369 392 0.0119
373 392 0.0034
266 394 0.0085
395 394 0.0085
522 394 0.0051
533 394 0.0051
394 395 0.0085
396 395 0.0119
523 395 0.0085
395 396 0.0119
524 396 0.0051
525 396 0.0051
250 398 0.0017
670 398 0.0017
254 399 0.0051
401 399 0.0051
254 400 0.0102
401 400 0.0051
508 400 0.0034
399 401 0.0051
400 401 0.0051
255 402 0.0085
505 402 0.0085
506 402 0.0119
256 403 0.0085
405 403 0.0153
407 403 0.0085
403 405 0.0153
406 405 0.0102
520 405 0.0034
256 406 0.0051
405 406 0.0102
516 406 0.0017
403 407 0.0085
408 407 0.0085
506 407 0.0068
520 407 0.0034
407 408 0.0085
513 408 0.0051
516 408 0.0017
130 410 0.0017
413 410 0.0017
131 413 0.0068
410 413 0.0017
414 413 0.0102
413 414 0.0102
417 414 0.0102
132 416 0.0204
417 416 0.0102
419 416 0.0085
414 417 0.0102
416 417 0.0102
416 419 0.0085
421 419 0.0085
419 421 0.0085
423 421 0.0085
421 423 0.0085
425 423 0.0085
423 425 0.0085
427 425 0.0085
185 427 0.0085
425 427 0.0085
159 429 0.0085
185 429 0.0068
186 431 0.0051
433 431 0.0051
431 433 0.0051
434 433 0.0051
186 434 0.0136
433 434 0.0051
438 434 0.0068
434 438 0.0068
439 438 0.0119
440 438 0.0034
438 439 0.0119
440 439 0.0034
443 439 0.0068
438 440 0.0034
439 440 0.0034
187 443 0.0068
439 443 0.0068
190 445 0.0034
198 445 0.0102
449 445 0.0119
190 446 0.0085
447 446 0.0051
449 446 0.0017
187 447 0.0051
446 447 0.0051
445 449 0.0119
446 449 0.0017
450 449 0.0085
449 450 0.0085
451 450 0.0085
450 451 0.0085
452 451 0.0085
198 452 0.0085
451 452 0.0085
194 465 0.0051
467 465 0.0051
195 467 0.0051
465 467 0.0051
195 479 0.0034
481 479 0.0034
204 481 0.0051
208 481 0.0102
479 481 0.0034
208 482 0.0085
483 482 0.0136
484 482 0.0034
192 483 0.0085
482 483 0.0136
484 483 0.0034
482 484 0.0034
483 484 0.0034
255 505 0.0017
402 505 0.0085
507 505 0.0051
402 506 0.0119
407 506 0.0068
507 506 0.017
505 507 0.0051
506 507 0.017
508 507 0.0034
513 507 0.0051
400 508 0.0034
507 508 0.0034
408 513 0.0051
507 513 0.0051
406 516 0.0017
408 516 0.0017
405 520 0.0034
407 520 0.0034
256 522 0.0034
394 522 0.0051
523 522 0.0034
395 523 0.0085
522 523 0.0034
524 523 0.0068
396 524 0.0051
523 524 0.0068
396 525 0.0051
526 525 0.0102
531 525 0.0034
525 526 0.0102
527 526 0.0017
528 526 0.0119
531 526 0.0068
381 527 0.0051
526 527 0.0017
528 527 0.017
529 527 0.0068
526 528 0.0119
527 528 0.017
529 528 0.0034
527 529 0.0068
528 529 0.0034
530 529 0.0017
529 530 0.0017
531 530 0.0017
525 531 0.0034
526 531 0.0068
530 531 0.0017
256 533 0.0068
257 533 0.0068
394 533 0.0051
534 533 0.0085
253 534 0.0051
256 534 0.0051
533 534 0.0085
386 539 0.0068
390 539 0.0102
540 539 0.0017
542 539 0.0034
567 539 0.0102
386 540 0.0017
539 540 0.0017
539 542 0.0034
567 542 0.0034
45 546 0.0102
367 546 0.0017
547 546 0.0136
387 547 0.0119
546 547 0.0136
548 547 0.0136
547 548 0.0136
549 548 0.017
569 548 0.0017
388 549 0.0051
390 549 0.0102
548 549 0.017
390 550 0.0051
568 550 0.0068
569 550 0.0068
362 551 0.0034
364 551 0.0085
552 551 0.0034
551 552 0.0034
553 552 0.0034
554 552 0.0085
552 553 0.0034
554 553 0.0051
364 554 0.0051
552 554 0.0085
553 554 0.0051
360 555 0.0034
556 555 0.0068
557 555 0.0017
355 556 0.0136
555 556 0.0068
557 556 0.0085
558 556 0.0153
555 557 0.0017
556 557 0.0085
572 557 0.0051
556 558 0.0153
572 558 0.0051
575 558 0.0085
27 559 0.0085
575 559 0.0085
37 564 0.0068
565 564 0.0119
570 564 0.0034
364 565 0.0068
564 565 0.0119
570 565 0.0034
367 567 0.0017
539 567 0.0102
542 567 0.0034
568 567 0.0017
550 568 0.0068
567 568 0.0017
569 568 0.0034
548 569 0.0017
550 569 0.0068
568 569 0.0034
564 570 0.0034
565 570 0.0034
557 572 0.0051
558 572 0.0051
558 575 0.0085
559 575 0.0085
17 579 0.0068
23 579 0.0068
580 579 0.0017
582 579 0.0017
579 580 0.0017
581 580 0.0034
582 580 0.0068
580 581 0.0034
582 581 0.0034
579 582 0.0017
580 582 0.0068
581 582 0.0034
342 584 0.0034
353 584 0.0068
585 584 0.0017
352 585 0.0068
584 585 0.0017
586 585 0.0034
352 586 0.0034
585 586 0.0034
332 590 0.0051
333 590 0.0068
347 590 0.0034
591 590 0.0119
593 590 0.0085
348 591 0.0034
590 591 0.0119
592 591 0.0119
593 591 0.0034
340 592 0.0068
348 592 0.0034
591 592 0.0119
334 593 0.0034
590 593 0.0085
591 593 0.0034
323 596 0.0034
326 596 0.0034
315 598 0.0051
319 598 0.0051
306 600 0.0051
607 600 0.0051
310 602 0.0051
603 602 0.0051
602 603 0.0051
607 603 0.0051
310 607 0.0119
600 607 0.0051
603 607 0.0051
308 609 0.0136
613 609 0.0136
609 613 0.0136
615 613 0.0136
289 615 0.0136
613 615 0.0136
290 620 0.0017
292 620 0.0068
622 620 0.0102
623 620 0.0034
620 622 0.0102
623 622 0.0034
626 622 0.0051
620 623 0.0034
622 623 0.0034
292 626 0.0034
622 626 0.0051
288 631 0.0102
291 631 0.0051
633 631 0.0034
288 633 0.0034
631 633 0.0034
273 637 0.0102
288 637 0.0102
277 643 0.0051
646 643 0.0051
276 646 0.0051
643 646 0.0051
277 647 0.0051
652 647 0.0051
276 651 0.0051
652 651 0.0051
647 652 0.0051
651 652 0.0051
160 668 0.0119
175 668 0.0153
176 668 0.0068
184 668 0.017
224 669 0.0085
226 669 0.0102
247 669 0.0068
227 670 0.0017
251 670 0.0034
398 670 0.0017
671 670 0.0034
226 671 0.0068
227 671 0.0085
670 671 0.0034
