2 1 0.011
13 1 0.011
41 1 0.0011
54 1 0.0143
66 1 0.0175
77 1 0.0033
81 1 0.0121
82 1 0.0022
83 1 0.0186
86 1 0.0022
88 1 0.0132
90 1 0.0088
92 1 0.0011
99 1 0.0022
100 1 0.0022
104 1 0.0055
105 1 0.0044
119 1 0.0099
127 1 0.0088
130 1 0.0055
131 1 0.0066
300 1 0.0033
583 1 0.0011
593 1 0.0011
598 1 0.0022
599 1 0.0175
641 1 0.0121
679 1 0.0121
681 1 0.0219
711 1 0.023
1 2 0.011
3 2 0.0099
7 2 0.0066
2 3 0.0099
5 3 0.0143
545 3 0.0055
334 4 0.0132
377 4 0.0099
809 4 0.0022
3 5 0.0143
6 5 0.0154
8 5 0.0099
546 5 0.0022
5 6 0.0154
467 6 0.0044
470 6 0.0121
1182 6 0.0143
2 7 0.0066
8 7 0.0055
1180 7 0.0066
5 8 0.0099
7 8 0.0055
9 8 0.0022
28 8 0.0154
1180 8 0.0143
8 9 0.0022
467 9 0.0022
1 13 0.011
14 13 0.0066
1180 13 0.0143
13 14 0.0066
16 14 0.0088
44 14 0.0055
14 16 0.0088
17 16 0.023
26 16 0.0241
16 17 0.023
18 17 0.0121
422 17 0.0099
17 18 0.0121
19 18 0.0154
412 18 0.0022
18 19 0.0154
20 19 0.0175
49 19 0.0132
19 20 0.0175
21 20 0.0154
412 20 0.0033
20 21 0.0154
413 21 0.0033
414 21 0.0197
26 25 0.0164
28 25 0.0175
16 26 0.0241
25 26 0.0164
420 26 0.0022
422 26 0.0033
8 28 0.0154
25 28 0.0175
29 28 0.0208
28 29 0.0208
31 29 0.0197
29 31 0.0197
32 31 0.0175
423 31 0.0011
31 32 0.0175
33 32 0.0219
1006 32 0.0044
1007 32 0.0132
32 33 0.0219
34 33 0.0186
1006 33 0.0011
33 34 0.0186
35 34 0.0186
34 35 0.0186
36 35 0.023
462 35 0.0033
35 36 0.023
429 36 0.023
440 36 0.0099
445 36 0.0219
461 36 0.0066
41 39 0.0033
48 39 0.0033
1 41 0.0011
39 41 0.0033
44 41 0.0055
14 44 0.0055
41 44 0.0055
48 44 0.0077
39 48 0.0033
44 48 0.0077
49 48 0.0033
19 49 0.0132
48 49 0.0033
52 49 0.0088
49 52 0.0088
53 52 0.0011
407 52 0.0066
52 53 0.0011
394 53 0.0011
1 54 0.0143
55 54 0.0175
64 54 0.0022
54 55 0.0175
56 55 0.0077
57 55 0.0088
55 56 0.0077
388 56 0.0044
400 56 0.0022
55 57 0.0088
60 57 0.0088
57 60 0.0088
68 60 0.0088
54 64 0.0022
400 64 0.0022
1 66 0.0175
67 66 0.0241
72 66 0.0121
66 67 0.0241
69 67 0.0208
361 67 0.0022
60 68 0.0088
69 68 0.0208
357 68 0.0011
363 68 0.0088
67 69 0.0208
68 69 0.0208
66 72 0.0121
74 72 0.0088
360 72 0.0066
72 74 0.0088
348 74 0.0022
349 74 0.0033
356 74 0.0011
77 76 0.0055
78 76 0.0055
81 76 0.0099
347 76 0.0099
1 77 0.0033
76 77 0.0055
78 77 0.0022
76 78 0.0055
77 78 0.0022
348 78 0.0022
1 81 0.0121
76 81 0.0099
82 81 0.0011
1 82 0.0022
81 82 0.0011
1 83 0.0186
84 83 0.0186
83 84 0.0186
296 84 0.0164
346 84 0.0055
1 86 0.0022
300 86 0.0033
301 86 0.0044
286 87 0.0055
301 87 0.0055
1 88 0.0132
89 88 0.0175
94 88 0.0088
300 88 0.0066
88 89 0.0175
277 89 0.0033
281 89 0.0099
282 89 0.011
1 90 0.0088
91 90 0.0121
97 90 0.011
90 91 0.0121
92 91 0.0011
94 91 0.0099
1 92 0.0011
91 92 0.0011
88 94 0.0088
91 94 0.0099
95 94 0.0143
248 94 0.0022
94 95 0.0143
96 95 0.0154
112 95 0.0044
95 96 0.0154
249 96 0.0033
281 96 0.0132
90 97 0.011
98 97 0.0143
109 97 0.0022
97 98 0.0143
109 98 0.0077
227 98 0.0143
1 99 0.0022
100 99 0.0022
1 100 0.0022
99 100 0.0022
1 104 0.0055
114 104 0.0055
1 105 0.0044
106 105 0.0066
108 105 0.0011
105 106 0.0066
107 106 0.0066
106 107 0.0066
108 107 0.0011
120 107 0.0121
138 107 0.0066
105 108 0.0011
107 108 0.0011
97 109 0.0022
98 109 0.0077
110 109 0.0044
113 109 0.0055
247 109 0.0033
109 110 0.0044
111 110 0.0044
247 110 0.0055
110 111 0.0044
112 111 0.0033
248 111 0.0044
95 112 0.0044
111 112 0.0033
113 112 0.0011
250 112 0.0022
109 113 0.0055
112 113 0.0011
243 113 0.0033
104 114 0.0055
115 114 0.0099
211 114 0.0121
114 115 0.0099
192 115 0.0077
194 115 0.0143
1 119 0.0099
120 119 0.0099
107 120 0.0121
119 120 0.0099
121 120 0.0077
120 121 0.0077
122 121 0.0055
123 121 0.0077
121 122 0.0055
123 122 0.0132
128 122 0.0011
144 122 0.0011
1003 122 0.0132
121 123 0.0077
122 123 0.0132
124 123 0.0143
136 123 0.0088
123 124 0.0143
146 124 0.0022
154 124 0.011
1 127 0.0088
128 127 0.0099
130 127 0.0066
122 128 0.0011
127 128 0.0099
134 128 0.0022
139 128 0.011
1 130 0.0055
127 130 0.0066
132 130 0.0077
133 130 0.0022
1 131 0.0066
132 131 0.0055
710 131 0.0066
130 132 0.0077
131 132 0.0055
133 132 0.0011
130 133 0.0022
132 133 0.0011
128 134 0.0022
139 134 0.0033
123 136 0.0088
138 136 0.0088
107 138 0.0066
136 138 0.0088
181 138 0.0055
128 139 0.011
134 139 0.0033
140 139 0.0077
139 140 0.0077
141 140 0.0088
729 140 0.0066
140 141 0.0088
142 141 0.0077
1178 141 0.0066
141 142 0.0077
143 142 0.0055
150 142 0.0044
730 142 0.0022
142 143 0.0055
150 143 0.0077
166 143 0.0077
122 144 0.0011
145 144 0.0055
150 144 0.0088
1003 144 0.0164
1004 144 0.0033
1005 144 0.0033
144 145 0.0055
146 145 0.0022
1005 145 0.0022
124 146 0.0022
145 146 0.0022
142 150 0.0044
143 150 0.0077
144 150 0.0088
152 150 0.0011
150 152 0.0011
154 152 0.0044
1002 152 0.0022
124 154 0.011
152 154 0.0044
155 154 0.0132
180 154 0.0088
154 155 0.0132
156 155 0.011
1002 155 0.0011
155 156 0.011
157 156 0.0099
156 157 0.0099
158 157 0.0066
174 157 0.0066
157 158 0.0066
160 158 0.0044
868 158 0.0011
158 160 0.0044
161 160 0.0044
160 161 0.0044
166 161 0.0044
143 166 0.0077
161 166 0.0044
167 166 0.0066
172 166 0.0033
166 167 0.0066
168 167 0.0088
872 167 0.0022
877 167 0.0044
167 168 0.0088
170 168 0.0033
872 168 0.0044
168 170 0.0033
172 170 0.0033
166 172 0.0033
170 172 0.0033
157 174 0.0066
175 174 0.0044
179 174 0.0077
174 175 0.0044
178 175 0.0077
867 175 0.0066
177 176 0.0099
860 176 0.0044
867 176 0.0044
176 177 0.0099
178 177 0.0066
186 177 0.0066
175 178 0.0077
177 178 0.0066
179 178 0.0044
174 179 0.0077
178 179 0.0044
180 179 0.0066
154 180 0.0088
179 180 0.0066
181 180 0.0055
138 181 0.0055
180 181 0.0055
177 186 0.0066
187 186 0.0099
192 186 0.0077
193 186 0.0044
186 187 0.0099
188 187 0.0044
190 187 0.0022
193 187 0.0011
187 188 0.0044
855 188 0.0044
187 190 0.0022
191 190 0.0055
859 190 0.0022
190 191 0.0055
195 191 0.0044
859 191 0.0044
1028 191 0.0033
115 192 0.0077
186 192 0.0077
193 192 0.0055
186 193 0.0044
187 193 0.0011
192 193 0.0055
194 193 0.0022
115 194 0.0143
193 194 0.0022
195 194 0.0022
1177 194 0.0077
191 195 0.0044
194 195 0.0022
196 195 0.0011
195 196 0.0011
850 196 0.0044
854 196 0.0022
215 198 0.0077
1177 198 0.0077
114 211 0.0121
212 211 0.0121
211 212 0.0121
213 212 0.0121
212 213 0.0121
214 213 0.0121
213 214 0.0121
215 214 0.0121
224 214 0.0077
198 215 0.0077
214 215 0.0121
216 215 0.0033
215 216 0.0033
224 216 0.0033
214 224 0.0077
216 224 0.0033
225 224 0.0033
224 225 0.0033
226 225 0.0077
845 225 0.0033
225 226 0.0077
233 226 0.0088
843 226 0.0088
98 227 0.0143
228 227 0.0088
241 227 0.0033
272 227 0.0066
227 228 0.0088
230 228 0.0088
228 230 0.0088
231 230 0.0033
238 230 0.0044
230 231 0.0033
232 231 0.0055
1176 231 0.0011
231 232 0.0055
233 232 0.0022
1175 232 0.0088
226 233 0.0088
232 233 0.0022
1020 233 0.0044
1175 233 0.0066
235 234 0.0033
1176 234 0.0033
234 235 0.0033
1175 235 0.0033
230 238 0.0044
239 238 0.0044
238 239 0.0044
266 239 0.0022
832 239 0.0011
837 239 0.0033
841 239 0.0033
227 241 0.0033
270 241 0.0033
113 243 0.0033
272 243 0.0044
109 247 0.0033
110 247 0.0055
248 247 0.0033
94 248 0.0022
111 248 0.0044
247 248 0.0033
96 249 0.0033
250 249 0.0066
254 249 0.0044
112 250 0.0022
249 250 0.0066
251 250 0.0033
250 251 0.0033
254 251 0.0033
249 254 0.0044
251 254 0.0033
257 256 0.011
269 256 0.0077
281 256 0.011
256 257 0.011
258 257 0.0099
257 258 0.0099
259 258 0.0175
269 258 0.0033
303 258 0.011
258 259 0.0175
260 259 0.0175
259 260 0.0175
261 260 0.0175
260 261 0.0175
262 261 0.0186
270 261 0.0022
261 262 0.0186
263 262 0.0011
265 262 0.0164
262 263 0.0011
270 263 0.0011
262 265 0.0164
266 265 0.0099
307 265 0.0164
239 266 0.0022
265 266 0.0099
267 266 0.0044
832 266 0.0011
266 267 0.0044
308 267 0.0044
256 269 0.0077
258 269 0.0033
279 269 0.0033
241 270 0.0033
261 270 0.0022
263 270 0.0011
272 270 0.0033
227 272 0.0066
243 272 0.0044
270 272 0.0033
89 277 0.0033
279 277 0.0033
269 279 0.0033
277 279 0.0033
89 281 0.0099
96 281 0.0132
256 281 0.011
89 282 0.011
283 282 0.011
293 282 0.0077
282 283 0.011
284 283 0.0088
294 283 0.0055
283 284 0.0088
285 284 0.0066
295 284 0.0011
284 285 0.0066
298 285 0.0011
342 285 0.0088
87 286 0.0055
287 286 0.0055
293 286 0.0077
286 287 0.0055
288 287 0.0066
294 287 0.0011
295 287 0.0022
287 288 0.0066
289 288 0.0011
295 288 0.0044
288 289 0.0011
290 289 0.0121
296 289 0.0143
289 290 0.0121
291 290 0.0121
290 291 0.0121
312 291 0.0066
322 291 0.0044
282 293 0.0077
286 293 0.0077
294 293 0.0077
283 294 0.0055
287 294 0.0011
293 294 0.0077
284 295 0.0011
287 295 0.0022
288 295 0.0044
84 296 0.0164
289 296 0.0143
346 296 0.0011
285 298 0.0011
342 298 0.0011
1 300 0.0033
86 300 0.0033
88 300 0.0066
301 300 0.0066
86 301 0.0044
87 301 0.0055
300 301 0.0066
258 303 0.011
304 303 0.0099
303 304 0.0099
825 304 0.0099
265 307 0.0164
308 307 0.0044
828 307 0.011
267 308 0.0044
307 308 0.0044
291 312 0.0066
313 312 0.0066
312 313 0.0066
314 313 0.0044
319 313 0.0121
313 314 0.0044
315 314 0.0044
314 315 0.0044
320 315 0.0044
313 319 0.0121
321 319 0.0044
342 319 0.0066
315 320 0.0044
321 320 0.0077
821 320 0.0022
319 321 0.0044
320 321 0.0077
817 321 0.0011
821 321 0.0044
291 322 0.0044
765 322 0.0044
328 327 0.0055
341 327 0.0055
327 328 0.0055
329 328 0.0044
338 328 0.011
328 329 0.0044
330 329 0.0099
343 329 0.0044
329 330 0.0099
331 330 0.0132
334 330 0.0022
330 331 0.0132
333 331 0.0132
331 333 0.0132
334 333 0.0164
335 333 0.0022
4 334 0.0132
330 334 0.0022
333 334 0.0164
809 334 0.0055
333 335 0.0022
809 335 0.0022
328 338 0.011
339 338 0.0011
341 338 0.0033
814 338 0.0044
338 339 0.0011
341 339 0.0011
327 341 0.0055
338 341 0.0033
339 341 0.0011
285 342 0.0088
298 342 0.0011
319 342 0.0066
329 343 0.0044
805 343 0.0044
84 346 0.0055
296 346 0.0011
347 346 0.0033
76 347 0.0099
346 347 0.0033
348 347 0.0055
74 348 0.0022
78 348 0.0022
347 348 0.0055
74 349 0.0033
353 349 0.0022
808 349 0.0066
349 353 0.0022
354 353 0.0022
353 354 0.0022
808 354 0.0022
74 356 0.0011
357 356 0.0011
360 356 0.0033
68 357 0.0011
356 357 0.0011
72 360 0.0066
356 360 0.0033
361 360 0.0022
67 361 0.0022
360 361 0.0022
68 363 0.0088
364 363 0.0077
369 363 0.0066
363 364 0.0077
365 364 0.0099
369 364 0.0077
364 365 0.0099
366 365 0.0033
372 365 0.0175
375 365 0.0022
365 366 0.0033
802 366 0.0033
781 367 0.0011
1016 367 0.0011
363 369 0.0066
364 369 0.0077
807 369 0.0088
365 372 0.0175
373 372 0.0033
375 372 0.0132
372 373 0.0033
374 373 0.0011
802 373 0.0055
373 374 0.0011
802 374 0.0011
365 375 0.0022
372 375 0.0132
377 375 0.0099
4 377 0.0099
375 377 0.0099
806 377 0.0099
56 388 0.0044
389 388 0.0044
393 388 0.0099
388 389 0.0044
390 389 0.0044
389 390 0.0044
391 390 0.0022
396 390 0.0011
390 391 0.0022
996 391 0.0044
998 391 0.0011
388 393 0.0099
394 393 0.0099
53 394 0.0011
393 394 0.0099
396 394 0.0011
1231 394 0.0099
390 396 0.0011
394 396 0.0011
56 400 0.0022
64 400 0.0022
52 407 0.0066
411 407 0.0077
409 408 0.0132
414 408 0.0132
408 409 0.0132
410 409 0.0055
411 409 0.0088
409 410 0.0055
431 410 0.0044
407 411 0.0077
409 411 0.0088
18 412 0.0022
20 412 0.0033
21 413 0.0033
415 413 0.0066
425 413 0.0011
21 414 0.0197
408 414 0.0132
415 414 0.0055
413 415 0.0066
414 415 0.0055
425 415 0.0022
26 420 0.0022
421 420 0.0033
420 421 0.0033
422 421 0.0055
423 421 0.0011
17 422 0.0099
26 422 0.0033
421 422 0.0055
31 423 0.0011
421 423 0.0011
413 425 0.0011
415 425 0.0022
36 429 0.023
430 429 0.0175
431 429 0.0044
429 430 0.0175
434 430 0.0099
436 430 0.0077
437 430 0.011
440 430 0.0033
410 431 0.0044
429 431 0.0044
430 434 0.0099
1231 434 0.0132
1232 434 0.0044
1233 434 0.0077
996 435 0.0022
998 435 0.0088
1231 435 0.0055
430 436 0.0077
439 436 0.0044
989 436 0.0022
1233 436 0.0055
430 437 0.011
438 437 0.0066
443 437 0.0099
437 438 0.0066
439 438 0.0033
988 438 0.0022
436 439 0.0044
438 439 0.0033
36 440 0.0099
430 440 0.0033
441 440 0.0055
440 441 0.0055
454 441 0.0055
437 443 0.0099
453 443 0.0055
988 443 0.0033
36 445 0.0219
446 445 0.011
457 445 0.0088
445 446 0.011
447 446 0.0055
454 446 0.0044
446 447 0.0055
448 447 0.0055
447 448 0.0055
449 448 0.0055
448 449 0.0055
451 449 0.0055
449 451 0.0055
453 451 0.0055
443 453 0.0055
451 453 0.0055
441 454 0.0055
446 454 0.0044
445 457 0.0088
458 457 0.0055
464 457 0.0022
457 458 0.0055
459 458 0.0055
458 459 0.0055
979 459 0.0055
36 461 0.0066
462 461 0.0033
464 461 0.0022
35 462 0.0033
461 462 0.0033
457 464 0.0022
461 464 0.0022
6 467 0.0044
9 467 0.0022
471 467 0.0044
1217 467 0.0022
1006 468 0.0022
1216 468 0.0022
6 470 0.0121
471 470 0.0143
479 470 0.0143
467 471 0.0044
470 471 0.0143
472 471 0.0011
1217 471 0.0132
471 472 0.0011
473 472 0.0033
479 472 0.0055
472 473 0.0033
474 473 0.0022
473 474 0.0022
475 474 0.0022
481 474 0.0055
474 475 0.0022
482 475 0.0022
470 479 0.0143
472 479 0.0055
480 479 0.0164
479 480 0.0164
1183 480 0.0154
474 481 0.0055
482 481 0.0022
483 481 0.011
1183 481 0.0143
475 482 0.0022
481 482 0.0022
481 483 0.011
484 483 0.0066
488 483 0.0175
1008 483 0.0088
483 484 0.0066
493 484 0.0066
483 488 0.0175
489 488 0.0132
506 488 0.0033
488 489 0.0132
490 489 0.0132
489 490 0.0132
491 490 0.0055
495 490 0.0066
490 491 0.0055
499 491 0.0055
484 493 0.0066
494 493 0.0077
493 494 0.0077
495 494 0.0077
490 495 0.0066
494 495 0.0077
491 499 0.0055
500 499 0.0033
503 499 0.0132
505 499 0.0022
499 500 0.0033
501 500 0.0044
500 501 0.0044
502 501 0.011
503 501 0.0143
501 502 0.011
976 502 0.0099
499 503 0.0132
501 503 0.0143
504 503 0.0066
503 504 0.0066
505 504 0.0022
975 504 0.0033
499 505 0.0022
504 505 0.0022
488 506 0.0033
512 506 0.0033
511 510 0.0143
537 510 0.0033
1008 510 0.0186
510 511 0.0143
512 511 0.0077
516 511 0.0055
506 512 0.0033
511 512 0.0077
513 512 0.0033
512 513 0.0033
514 513 0.0033
518 513 0.0077
513 514 0.0033
519 514 0.0033
511 516 0.0055
517 516 0.0055
516 517 0.0055
539 517 0.0066
513 518 0.0077
519 518 0.0033
527 518 0.0033
514 519 0.0033
518 519 0.0033
518 527 0.0033
528 527 0.0022
529 527 0.0066
527 528 0.0022
529 528 0.0022
527 529 0.0066
528 529 0.0022
530 529 0.0033
529 530 0.0033
531 530 0.0033
530 531 0.0033
534 531 0.0088
535 531 0.0143
531 534 0.0088
549 534 0.0121
964 534 0.0022
531 535 0.0143
539 535 0.0066
548 535 0.0044
573 535 0.0164
540 536 0.011
573 536 0.0143
1009 536 0.0022
510 537 0.0033
1009 537 0.0033
517 539 0.0066
535 539 0.0066
536 540 0.011
1182 540 0.0132
1220 540 0.0143
556 541 0.0197
1220 541 0.0197
543 542 0.0044
545 542 0.0055
542 543 0.0044
544 543 0.0121
545 543 0.0022
570 543 0.0099
543 544 0.0121
1212 544 0.0175
1218 544 0.0088
3 545 0.0055
542 545 0.0055
543 545 0.0022
546 545 0.0022
5 546 0.0022
545 546 0.0022
535 548 0.0044
549 548 0.0066
551 548 0.0022
534 549 0.0121
548 549 0.0066
550 549 0.0022
551 549 0.0077
549 550 0.0022
964 550 0.0022
548 551 0.0022
549 551 0.0077
1184 551 0.0044
555 554 0.0022
571 554 0.0011
1212 554 0.0208
1213 554 0.0219
554 555 0.0022
567 555 0.0121
1214 555 0.0154
541 556 0.0197
557 556 0.0121
1215 556 0.0066
556 557 0.0121
558 557 0.0121
557 558 0.0121
559 558 0.0121
558 559 0.0121
560 559 0.011
559 560 0.011
561 560 0.0143
1184 560 0.0022
560 561 0.0143
952 561 0.0055
1184 561 0.0077
567 565 0.0022
1215 565 0.0033
555 567 0.0121
565 567 0.0022
568 567 0.0088
567 568 0.0088
1211 568 0.0077
543 570 0.0099
571 570 0.0022
590 570 0.0088
554 571 0.0011
570 571 0.0022
588 572 0.0099
590 572 0.011
535 573 0.0164
536 573 0.0143
1009 573 0.0186
1 583 0.0011
584 583 0.0022
586 583 0.0022
593 583 0.0011
583 584 0.0022
586 584 0.0022
583 586 0.0022
584 586 0.0022
587 586 0.0011
588 586 0.0011
586 587 0.0011
588 587 0.0033
590 587 0.0011
572 588 0.0099
586 588 0.0011
587 588 0.0033
589 588 0.0077
588 589 0.0077
597 589 0.0077
570 590 0.0088
572 590 0.011
587 590 0.0011
1 593 0.0011
583 593 0.0011
594 593 0.0066
640 593 0.0022
593 594 0.0066
595 594 0.0033
640 594 0.011
594 595 0.0033
596 595 0.0033
602 595 0.0077
595 596 0.0033
597 596 0.0033
603 596 0.0088
737 596 0.0088
589 597 0.0077
596 597 0.0033
1211 597 0.0121
1 598 0.0022
599 598 0.0033
1 599 0.0175
598 599 0.0033
600 599 0.0164
599 600 0.0164
601 600 0.0208
633 600 0.0033
634 600 0.0186
640 600 0.0077
600 601 0.0208
602 601 0.0154
619 601 0.0088
629 601 0.0055
595 602 0.0077
601 602 0.0154
603 602 0.0175
609 602 0.0011
596 603 0.0088
602 603 0.0175
604 603 0.0186
603 604 0.0186
605 604 0.0219
608 604 0.0022
604 605 0.0219
606 605 0.0219
617 605 0.0055
605 606 0.0219
615 606 0.0044
617 606 0.0022
739 606 0.0219
1188 606 0.0011
604 608 0.0022
617 608 0.0022
602 609 0.0011
610 609 0.0022
1188 609 0.0044
609 610 0.0022
1188 610 0.0022
606 615 0.0044
1185 615 0.0044
605 617 0.0055
606 617 0.0022
608 617 0.0022
601 619 0.0088
620 619 0.0121
677 619 0.0022
619 620 0.0121
621 620 0.0121
622 620 0.0022
677 620 0.0022
620 621 0.0121
622 621 0.0121
620 622 0.0022
621 622 0.0121
623 622 0.0088
622 623 0.0088
625 623 0.0022
932 623 0.0121
625 624 0.0066
668 624 0.0033
932 624 0.011
623 625 0.0022
624 625 0.0066
662 625 0.0033
601 629 0.0055
631 629 0.0055
629 631 0.0055
637 631 0.0055
600 633 0.0033
634 633 0.0022
600 634 0.0186
633 634 0.0022
635 634 0.0154
634 635 0.0154
636 635 0.0143
635 636 0.0143
637 636 0.0055
643 636 0.0077
631 637 0.0055
636 637 0.0055
593 640 0.0022
594 640 0.011
600 640 0.0077
1 641 0.0121
642 641 0.0121
641 642 0.0121
643 642 0.0099
648 642 0.0175
672 642 0.0022
636 643 0.0077
642 643 0.0099
645 643 0.0099
643 645 0.0099
647 645 0.0033
651 645 0.0055
645 647 0.0033
662 647 0.0033
642 648 0.0175
649 648 0.0143
673 648 0.0022
648 649 0.0143
650 649 0.0143
649 650 0.0143
694 650 0.0143
645 651 0.0055
652 651 0.0055
651 652 0.0055
653 652 0.0055
652 653 0.0055
654 653 0.0099
660 653 0.0033
653 654 0.0099
655 654 0.0099
659 654 0.0077
654 655 0.0099
656 655 0.0055
657 655 0.0033
655 656 0.0055
701 656 0.0055
655 657 0.0033
659 657 0.0033
654 659 0.0077
657 659 0.0033
916 659 0.0033
653 660 0.0033
916 660 0.0033
625 662 0.0033
647 662 0.0033
624 668 0.0033
669 668 0.0033
668 669 0.0033
928 669 0.0044
932 669 0.0088
642 672 0.0022
673 672 0.0022
648 673 0.0022
672 673 0.0022
619 677 0.0022
620 677 0.0022
1 679 0.0121
680 679 0.0077
702 679 0.0033
679 680 0.0077
687 680 0.0132
689 680 0.0044
1 681 0.0219
682 681 0.0175
685 681 0.0077
681 682 0.0175
683 682 0.0154
686 682 0.0011
682 683 0.0154
691 683 0.0154
685 684 0.0044
704 684 0.0033
681 685 0.0077
684 685 0.0044
686 685 0.0044
703 685 0.0121
682 686 0.0011
685 686 0.0044
702 686 0.0022
680 687 0.0132
688 687 0.0088
690 687 0.0033
687 688 0.0088
755 688 0.0121
909 688 0.0044
680 689 0.0044
690 689 0.0033
687 690 0.0033
689 690 0.0033
683 691 0.0154
692 691 0.0044
706 691 0.0175
713 691 0.0022
691 692 0.0044
693 692 0.0044
692 693 0.0044
734 693 0.0044
650 694 0.0143
695 694 0.0143
694 695 0.0143
696 695 0.0077
700 695 0.0055
695 696 0.0077
697 696 0.0099
1053 696 0.0011
696 697 0.0099
698 697 0.011
699 697 0.0044
1051 697 0.0055
1053 697 0.0033
697 698 0.011
906 698 0.0022
908 698 0.0022
1050 698 0.011
697 699 0.0044
1051 699 0.0022
1053 699 0.0011
695 700 0.0055
701 700 0.011
749 700 0.0044
656 701 0.0055
700 701 0.011
911 701 0.0044
679 702 0.0033
686 702 0.0022
703 702 0.0066
685 703 0.0121
702 703 0.0066
704 703 0.0044
684 704 0.0033
703 704 0.0044
691 706 0.0175
707 706 0.0175
706 707 0.0175
708 707 0.0011
894 707 0.0197
707 708 0.0011
728 708 0.0011
131 710 0.0066
721 710 0.0066
729 710 0.0055
1 711 0.023
712 711 0.023
713 711 0.0055
711 712 0.023
713 712 0.0022
715 712 0.0197
691 713 0.0022
711 713 0.0055
712 713 0.0022
712 715 0.0197
721 715 0.0197
710 721 0.0066
715 721 0.0197
722 721 0.0186
721 722 0.0186
723 722 0.0154
724 722 0.0022
722 723 0.0154
727 723 0.011
733 723 0.0088
722 724 0.0022
725 724 0.0022
729 724 0.0055
724 725 0.0022
726 725 0.0022
725 726 0.0022
730 726 0.0022
723 727 0.011
728 727 0.0088
884 727 0.0011
708 728 0.0011
727 728 0.0088
759 728 0.011
140 729 0.0066
710 729 0.0055
724 729 0.0055
1178 729 0.0066
142 730 0.0022
726 730 0.0022
1178 730 0.0055
723 733 0.0088
882 733 0.0033
884 733 0.0044
693 734 0.0044
895 734 0.0044
596 737 0.0088
945 737 0.0044
1211 737 0.0033
606 739 0.0219
940 739 0.0044
1203 739 0.0164
934 740 0.011
1210 740 0.011
700 749 0.0044
913 749 0.0044
688 755 0.0121
1050 755 0.0121
728 759 0.011
890 759 0.011
322 765 0.0044
814 765 0.0044
367 781 0.0011
782 781 0.0022
1016 781 0.0044
781 782 0.0022
1016 782 0.0022
366 802 0.0033
373 802 0.0055
374 802 0.0011
343 805 0.0044
806 805 0.0088
808 805 0.0033
377 806 0.0099
805 806 0.0088
807 806 0.0088
369 807 0.0088
806 807 0.0088
349 808 0.0066
354 808 0.0022
805 808 0.0033
4 809 0.0022
334 809 0.0055
335 809 0.0022
338 814 0.0044
765 814 0.0044
321 817 0.0011
821 817 0.0011
320 821 0.0022
321 821 0.0044
817 821 0.0011
304 825 0.0099
828 825 0.0099
307 828 0.011
825 828 0.0099
239 832 0.0011
266 832 0.0011
239 837 0.0033
840 837 0.0033
837 840 0.0033
841 840 0.0033
239 841 0.0033
840 841 0.0033
226 843 0.0088
1024 843 0.0088
225 845 0.0033
1022 845 0.0033
196 850 0.0044
854 850 0.0044
196 854 0.0022
850 854 0.0044
1028 854 0.0011
188 855 0.0044
860 855 0.0044
190 859 0.0022
191 859 0.0044
1028 859 0.0011
176 860 0.0044
855 860 0.0044
175 867 0.0066
176 867 0.0044
868 867 0.0011
158 868 0.0011
867 868 0.0011
167 872 0.0022
168 872 0.0044
873 872 0.0011
872 873 0.0011
874 873 0.0044
877 873 0.0066
873 874 0.0044
879 874 0.0066
880 874 0.0011
167 877 0.0044
873 877 0.0066
878 877 0.0077
877 878 0.0077
879 878 0.0088
874 879 0.0066
878 879 0.0088
880 879 0.0011
882 879 0.0033
874 880 0.0011
879 880 0.0011
733 882 0.0033
879 882 0.0033
727 884 0.0011
733 884 0.0044
1034 884 0.0022
759 890 0.011
892 890 0.0033
893 890 0.0175
897 890 0.0022
1039 890 0.0066
890 892 0.0033
1045 892 0.0033
890 893 0.0175
897 893 0.0175
707 894 0.0197
895 894 0.0044
897 894 0.0143
734 895 0.0044
894 895 0.0044
890 897 0.0022
893 897 0.0175
894 897 0.0143
698 906 0.0022
1051 906 0.0022
698 908 0.0022
909 908 0.0033
688 909 0.0044
908 909 0.0033
1050 909 0.0066
701 911 0.0044
913 911 0.0044
749 913 0.0044
911 913 0.0044
659 916 0.0033
660 916 0.0033
669 928 0.0044
1068 928 0.0022
1071 928 0.0077
623 932 0.0121
624 932 0.011
669 932 0.0088
740 934 0.011
1091 934 0.0099
1092 934 0.0044
1105 934 0.0055
1093 937 0.0022
1096 937 0.0022
1084 939 0.0044
1092 939 0.0044
739 940 0.0044
941 940 0.0044
940 941 0.0044
945 941 0.0044
737 945 0.0044
941 945 0.0044
561 952 0.0055
953 952 0.0011
955 952 0.0022
956 952 0.0022
1142 952 0.0077
952 953 0.0011
1126 953 0.0055
1131 953 0.0022
1142 953 0.011
952 955 0.0022
956 955 0.0022
952 956 0.0022
955 956 0.0022
534 964 0.0022
550 964 0.0022
504 975 0.0033
1165 975 0.0033
502 976 0.0099
977 976 0.0022
979 976 0.0055
1165 976 0.0066
976 977 0.0022
1165 977 0.0022
459 979 0.0055
976 979 0.0055
438 988 0.0022
443 988 0.0033
436 989 0.0022
998 989 0.0022
391 996 0.0044
435 996 0.0022
998 996 0.0077
391 998 0.0011
435 998 0.0088
989 998 0.0022
996 998 0.0077
152 1002 0.0022
155 1002 0.0011
122 1003 0.0132
144 1003 0.0164
1004 1003 0.0022
144 1004 0.0033
1003 1004 0.0022
144 1005 0.0033
145 1005 0.0022
32 1006 0.0044
33 1006 0.0011
468 1006 0.0022
1007 1006 0.0055
32 1007 0.0132
1006 1007 0.0055
1216 1007 0.0132
483 1008 0.0088
510 1008 0.0186
1009 1008 0.0197
536 1009 0.0022
537 1009 0.0033
573 1009 0.0186
1008 1009 0.0197
367 1016 0.0011
781 1016 0.0044
782 1016 0.0022
233 1020 0.0044
1024 1020 0.0044
845 1022 0.0033
1024 1022 0.0033
843 1024 0.0088
1020 1024 0.0044
1022 1024 0.0033
191 1028 0.0033
854 1028 0.0011
859 1028 0.0011
884 1034 0.0022
1035 1034 0.0022
1034 1035 0.0022
1039 1035 0.0022
890 1039 0.0066
1035 1039 0.0022
1045 1039 0.0033
892 1045 0.0033
1039 1045 0.0033
698 1050 0.011
755 1050 0.0121
909 1050 0.0066
697 1051 0.0055
699 1051 0.0022
906 1051 0.0022
696 1053 0.0011
697 1053 0.0033
699 1053 0.0011
928 1068 0.0022
1069 1068 0.0055
1070 1068 0.0022
1068 1069 0.0055
1070 1069 0.0022
1072 1069 0.0044
1076 1069 0.0011
1068 1070 0.0022
1069 1070 0.0022
928 1071 0.0077
1072 1071 0.0055
1197 1071 0.0077
1069 1072 0.0044
1071 1072 0.0055
1197 1072 0.0044
1069 1076 0.0011
1077 1076 0.0033
1084 1076 0.0088
1091 1076 0.0066
1076 1077 0.0033
1078 1077 0.0033
1201 1077 0.0077
1077 1078 0.0033
1079 1078 0.0033
1078 1079 0.0033
1080 1079 0.0055
1089 1079 0.0011
1079 1080 0.0055
1089 1080 0.0011
1201 1080 0.0033
939 1084 0.0044
1076 1084 0.0088
1085 1084 0.0011
1201 1084 0.0055
1084 1085 0.0011
1086 1085 0.0022
1202 1085 0.0044
1085 1086 0.0022
1202 1086 0.0022
1079 1089 0.0011
1080 1089 0.0011
934 1091 0.0099
1076 1091 0.0066
1197 1091 0.0066
934 1092 0.0044
939 1092 0.0044
937 1093 0.0022
1096 1093 0.0022
937 1096 0.0022
1093 1096 0.0022
934 1105 0.0055
1108 1105 0.0055
1105 1108 0.0055
1129 1108 0.0055
953 1126 0.0055
1129 1126 0.0055
1108 1129 0.0055
1126 1129 0.0055
953 1131 0.0022
1142 1131 0.0022
952 1142 0.0077
953 1142 0.011
1131 1142 0.0022
975 1165 0.0033
976 1165 0.0066
977 1165 0.0022
232 1175 0.0088
233 1175 0.0066
235 1175 0.0033
1176 1175 0.0055
231 1176 0.0011
234 1176 0.0033
1175 1176 0.0055
194 1177 0.0077
198 1177 0.0077
141 1178 0.0066
729 1178 0.0066
730 1178 0.0055
7 1180 0.0066
8 1180 0.0143
13 1180 0.0143
6 1182 0.0143
540 1182 0.0132
1183 1182 0.011
480 1183 0.0154
481 1183 0.0143
1182 1183 0.011
551 1184 0.0044
560 1184 0.0022
561 1184 0.0077
615 1185 0.0044
1187 1185 0.0044
1185 1187 0.0044
1203 1187 0.0099
1208 1187 0.0044
606 1188 0.0011
609 1188 0.0044
610 1188 0.0022
1071 1197 0.0077
1072 1197 0.0044
1091 1197 0.0066
1077 1201 0.0077
1080 1201 0.0033
1084 1201 0.0055
1202 1201 0.0011
1085 1202 0.0044
1086 1202 0.0022
1201 1202 0.0011
739 1203 0.0164
1187 1203 0.0099
1204 1203 0.0164
1203 1204 0.0164
1205 1204 0.0077
1210 1204 0.0143
1204 1205 0.0077
1206 1205 0.0022
1208 1205 0.0044
1205 1206 0.0022
1210 1206 0.0022
1187 1208 0.0044
1205 1208 0.0044
740 1210 0.011
1204 1210 0.0143
1206 1210 0.0022
568 1211 0.0077
597 1211 0.0121
737 1211 0.0033
544 1212 0.0175
554 1212 0.0208
1213 1212 0.0022
554 1213 0.0219
1212 1213 0.0022
1214 1213 0.0186
555 1214 0.0154
1213 1214 0.0186
1215 1214 0.011
556 1215 0.0066
565 1215 0.0033
1214 1215 0.011
468 1216 0.0022
1007 1216 0.0132
1217 1216 0.0099
467 1217 0.0022
471 1217 0.0132
1216 1217 0.0099
544 1218 0.0088
1220 1218 0.0088
540 1220 0.0143
541 1220 0.0197
1218 1220 0.0088
394 1231 0.0099
434 1231 0.0132
435 1231 0.0055
1232 1231 0.0022
434 1232 0.0044
1231 1232 0.0022
1233 1232 0.0011
434 1233 0.0077
436 1233 0.0055
1232 1233 0.0011
