2 1 0.0063
8 1 0.0063
69 1 0.0052
74 1 0.0052
85 1 0.0167
89 1 0.0063
113 1 0.0115
127 1 0.0031
136 1 0.0094
1 2 0.0063
3 2 0.0094
5 2 0.0021
2 3 0.0094
4 3 0.0125
37 3 0.0021
3 4 0.0125
5 4 0.0094
43 4 0.0063
45 4 0.0031
2 5 0.0021
4 5 0.0094
6 5 0.0063
5 6 0.0063
53 6 0.0063
1 8 0.0063
14 8 0.0063
17 8 0.0136
8 14 0.0063
16 14 0.0063
14 16 0.0063
362 16 0.0063
8 17 0.0136
18 17 0.0136
17 18 0.0136
20 18 0.0136
18 20 0.0136
22 20 0.0136
307 20 0.0136
369 21 0.0146
374 21 0.0146
20 22 0.0136
23 22 0.0094
29 22 0.0094
22 23 0.0094
378 23 0.0094
22 29 0.0094
30 29 0.0094
29 30 0.0094
387 30 0.0094
3 37 0.0021
38 37 0.0031
43 37 0.0063
37 38 0.0031
40 38 0.0031
38 40 0.0031
41 40 0.0031
40 41 0.0031
44 41 0.0031
4 43 0.0063
37 43 0.0063
44 43 0.0073
41 44 0.0031
43 44 0.0073
45 44 0.0031
4 45 0.0031
44 45 0.0031
48 47 0.024
52 47 0.0219
53 47 0.0115
47 48 0.024
49 48 0.024
48 49 0.024
50 49 0.024
49 50 0.024
336 50 0.024
47 52 0.0219
335 52 0.0219
6 53 0.0063
47 53 0.0115
319 53 0.0042
1 69 0.0052
80 69 0.0052
71 70 0.0031
81 70 0.0031
70 71 0.0031
82 71 0.0031
1 74 0.0052
75 74 0.0052
74 75 0.0052
78 75 0.0052
75 78 0.0052
80 78 0.0052
69 80 0.0052
78 80 0.0052
70 81 0.0031
82 81 0.0031
71 82 0.0031
81 82 0.0031
83 82 0.0042
182 82 0.0042
82 83 0.0042
84 83 0.0042
83 84 0.0042
180 84 0.0042
1 85 0.0167
86 85 0.0063
104 85 0.0094
85 86 0.0063
95 86 0.0063
1 89 0.0063
93 89 0.0063
89 93 0.0063
94 93 0.0094
102 93 0.0167
93 94 0.0094
264 94 0.0094
86 95 0.0063
96 95 0.0094
100 95 0.0167
95 96 0.0094
98 96 0.0094
96 98 0.0094
99 98 0.0136
262 98 0.0031
98 99 0.0136
251 99 0.0104
258 99 0.0251
95 100 0.0167
102 100 0.0167
93 102 0.0167
100 102 0.0167
85 104 0.0094
105 104 0.0052
129 104 0.0031
104 105 0.0052
106 105 0.0063
109 105 0.0094
169 105 0.0021
105 106 0.0063
107 106 0.0021
108 106 0.0031
106 107 0.0021
169 107 0.0021
106 108 0.0031
111 108 0.0063
210 108 0.0125
235 108 0.0094
105 109 0.0094
111 109 0.0094
108 111 0.0063
109 111 0.0094
210 111 0.0084
1 113 0.0115
114 113 0.0094
127 113 0.001
113 114 0.0094
115 114 0.0094
156 114 0.0073
114 115 0.0094
116 115 0.0084
157 115 0.0063
115 116 0.0084
117 116 0.0021
125 116 0.0052
116 117 0.0021
118 117 0.0084
155 117 0.0042
157 117 0.0104
117 118 0.0084
119 118 0.0052
154 118 0.0021
118 119 0.0052
152 119 0.0052
148 122 0.0052
152 122 0.0052
116 125 0.0052
127 125 0.001
128 125 0.0031
1 127 0.0031
113 127 0.001
125 127 0.001
125 128 0.0031
129 128 0.0073
131 128 0.0031
104 129 0.0031
128 129 0.0073
130 129 0.0031
129 130 0.0031
131 130 0.0031
128 131 0.0031
130 131 0.0031
1 136 0.0094
155 136 0.001
156 136 0.0115
122 148 0.0052
149 148 0.0157
150 148 0.0094
148 149 0.0157
186 149 0.0157
148 150 0.0094
187 150 0.0094
119 152 0.0052
122 152 0.0052
210 153 0.0188
211 153 0.0021
213 153 0.0157
118 154 0.0021
155 154 0.0021
117 155 0.0042
136 155 0.001
154 155 0.0021
114 156 0.0073
136 156 0.0115
157 156 0.0115
115 157 0.0063
117 157 0.0104
156 157 0.0115
160 159 0.0021
162 159 0.0021
159 160 0.0021
162 160 0.0021
159 162 0.0021
160 162 0.0021
105 169 0.0021
107 169 0.0021
84 180 0.0042
182 180 0.0042
82 182 0.0042
180 182 0.0042
149 186 0.0157
533 186 0.0157
150 187 0.0094
188 187 0.0031
190 187 0.0136
187 188 0.0031
194 188 0.0063
495 188 0.0021
495 189 0.0042
496 189 0.0042
187 190 0.0136
191 190 0.0125
194 190 0.0063
190 191 0.0125
504 191 0.0125
188 194 0.0063
190 194 0.0063
108 210 0.0125
111 210 0.0084
153 210 0.0188
211 210 0.0021
153 211 0.0021
210 211 0.0021
153 213 0.0157
214 213 0.0104
225 213 0.0146
213 214 0.0104
215 214 0.0104
214 215 0.0104
216 215 0.0136
230 215 0.0125
215 216 0.0136
532 216 0.0136
213 225 0.0146
226 225 0.0146
225 226 0.0146
227 226 0.0188
230 226 0.0136
226 227 0.0188
228 227 0.0146
231 227 0.0031
227 228 0.0146
229 228 0.0146
228 229 0.0146
834 229 0.0146
215 230 0.0125
226 230 0.0136
231 230 0.0167
227 231 0.0031
230 231 0.0167
232 231 0.0125
231 232 0.0125
233 232 0.0073
551 232 0.0042
232 233 0.0073
234 233 0.0073
233 234 0.0073
544 234 0.0073
108 235 0.0094
236 235 0.0094
235 236 0.0094
237 236 0.0094
236 237 0.0094
240 237 0.0094
237 240 0.0094
242 240 0.0094
240 242 0.0094
1962 242 0.0094
99 251 0.0104
253 251 0.0104
251 253 0.0104
565 253 0.0104
99 258 0.0251
259 258 0.0209
262 258 0.0031
258 259 0.0209
260 259 0.0177
434 259 0.0167
259 260 0.0177
261 260 0.0177
260 261 0.0177
582 261 0.0177
98 262 0.0031
258 262 0.0031
94 264 0.0094
265 264 0.0094
264 265 0.0094
266 265 0.0094
265 266 0.0094
267 266 0.0094
266 267 0.0094
880 267 0.0094
20 307 0.0136
374 307 0.0136
53 319 0.0042
335 319 0.0042
347 322 0.0031
441 322 0.0031
326 325 0.0209
328 325 0.0031
335 325 0.0167
325 326 0.0209
327 326 0.0209
326 327 0.0209
328 327 0.0209
325 328 0.0031
327 328 0.0209
329 328 0.0167
328 329 0.0167
349 329 0.0167
332 331 0.0021
333 331 0.0021
331 332 0.0021
333 332 0.0021
331 333 0.0021
332 333 0.0021
52 335 0.0219
319 335 0.0042
325 335 0.0167
50 336 0.024
337 336 0.024
336 337 0.024
339 337 0.024
337 339 0.024
351 339 0.024
341 340 0.0031
662 340 0.0031
340 341 0.0031
664 341 0.0031
322 347 0.0031
444 347 0.0031
329 349 0.0167
630 349 0.0167
339 351 0.024
650 351 0.024
16 362 0.0063
369 362 0.0063
367 363 0.0157
374 363 0.0188
773 363 0.0188
365 364 0.0209
366 364 0.0177
773 364 0.0188
364 365 0.0209
745 365 0.0209
364 366 0.0177
764 366 0.0209
782 366 0.0021
363 367 0.0157
368 367 0.0073
796 367 0.0073
367 368 0.0073
775 368 0.0073
21 369 0.0146
362 369 0.0063
370 369 0.0073
369 370 0.0073
371 370 0.0073
370 371 0.0073
796 371 0.0073
21 374 0.0146
307 374 0.0136
363 374 0.0188
375 374 0.0177
374 375 0.0177
378 375 0.0177
23 378 0.0094
375 378 0.0177
379 378 0.0136
378 379 0.0136
380 379 0.0136
379 380 0.0136
381 380 0.0136
380 381 0.0136
727 381 0.0136
30 387 0.0094
388 387 0.0063
390 387 0.0104
387 388 0.0063
389 388 0.0188
392 388 0.0198
388 389 0.0188
427 389 0.0188
387 390 0.0104
391 390 0.023
394 390 0.0198
390 391 0.023
697 391 0.023
388 392 0.0198
393 392 0.0021
394 392 0.023
392 393 0.0021
394 393 0.0021
390 394 0.0198
392 394 0.023
393 394 0.0021
409 408 0.0021
1005 408 0.0021
408 409 0.0021
801 409 0.001
1005 409 0.0042
389 427 0.0188
717 427 0.0188
259 434 0.0167
603 434 0.0167
322 441 0.0031
444 441 0.0031
347 444 0.0031
441 444 0.0031
188 495 0.0021
189 495 0.0042
825 495 0.0073
189 496 0.0042
498 496 0.0042
496 498 0.0042
826 498 0.0021
827 498 0.0073
191 504 0.0125
505 504 0.0125
504 505 0.0125
506 505 0.0177
2092 505 0.0104
505 506 0.0177
507 506 0.0177
506 507 0.0177
545 507 0.0177
216 532 0.0136
533 532 0.0157
546 532 0.0177
186 533 0.0157
532 533 0.0157
234 544 0.0073
545 544 0.0146
546 544 0.023
507 545 0.0177
544 545 0.0146
828 545 0.0125
532 546 0.0177
544 546 0.023
547 546 0.0042
546 547 0.0042
829 547 0.0146
830 547 0.0094
232 551 0.0042
835 551 0.0042
253 565 0.0104
574 565 0.0104
565 574 0.0104
575 574 0.0104
574 575 0.0104
579 575 0.0104
575 579 0.0104
580 579 0.0104
579 580 0.0104
842 580 0.0104
261 582 0.0177
583 582 0.023
596 582 0.0188
582 583 0.023
584 583 0.0146
594 583 0.0073
583 584 0.0146
585 584 0.0146
584 585 0.0146
849 585 0.0136
851 585 0.0063
583 594 0.0073
864 594 0.0073
582 596 0.0188
598 596 0.0188
596 598 0.0188
599 598 0.0188
598 599 0.0188
600 599 0.0115
2060 599 0.0063
599 600 0.0115
859 600 0.0031
864 600 0.0073
434 603 0.0167
604 603 0.0167
608 603 0.0198
603 604 0.0167
605 604 0.0021
609 604 0.0198
604 605 0.0021
609 605 0.0021
603 608 0.0198
879 608 0.0198
604 609 0.0198
605 609 0.0021
610 609 0.0167
609 610 0.0167
611 610 0.0063
875 610 0.0094
610 611 0.0063
868 611 0.0125
870 611 0.0052
349 630 0.0167
632 630 0.0167
630 632 0.0167
633 632 0.0167
632 633 0.0167
634 633 0.0219
1771 633 0.0042
633 634 0.0219
1765 634 0.0219
351 650 0.024
651 650 0.024
650 651 0.024
653 651 0.024
651 653 0.024
913 653 0.024
340 662 0.0031
664 662 0.0031
341 664 0.0031
662 664 0.0031
391 697 0.023
705 697 0.023
697 705 0.023
706 705 0.0292
710 705 0.0052
705 706 0.0292
707 706 0.0125
714 706 0.0157
706 707 0.0125
708 707 0.0052
712 707 0.0125
713 707 0.0052
707 708 0.0052
711 708 0.0052
705 710 0.0052
711 710 0.0052
708 711 0.0052
710 711 0.0052
707 712 0.0125
932 712 0.0125
707 713 0.0052
939 713 0.0052
706 714 0.0157
950 714 0.0157
940 715 0.0031
945 715 0.0031
427 717 0.0188
721 717 0.0188
717 721 0.0188
722 721 0.0188
721 722 0.0188
964 722 0.023
1572 722 0.0031
381 727 0.0136
728 727 0.0136
727 728 0.0136
735 728 0.0136
728 735 0.0136
749 735 0.0136
365 745 0.0209
746 745 0.0104
759 745 0.0094
745 746 0.0104
747 746 0.0104
746 747 0.0104
748 747 0.0104
747 748 0.0104
749 748 0.0104
735 749 0.0136
748 749 0.0104
751 749 0.0021
749 751 0.0021
970 751 0.0021
745 759 0.0094
760 759 0.0094
759 760 0.0094
1447 760 0.0094
366 764 0.0209
765 764 0.0177
782 764 0.0021
764 765 0.0177
766 765 0.0177
765 766 0.0177
768 766 0.0177
766 768 0.0177
769 768 0.0094
980 768 0.0073
768 769 0.0094
1446 769 0.0021
1447 769 0.0125
363 773 0.0188
364 773 0.0188
368 775 0.0073
776 775 0.0021
778 775 0.0104
775 776 0.0021
778 776 0.0021
775 778 0.0104
776 778 0.0021
779 778 0.0042
785 778 0.0125
778 779 0.0042
787 779 0.0042
366 782 0.0021
764 782 0.0021
778 785 0.0125
786 785 0.0125
785 786 0.0125
787 786 0.0125
779 787 0.0042
786 787 0.0125
788 787 0.0073
787 788 0.0073
985 788 0.0125
995 788 0.0042
367 796 0.0073
371 796 0.0073
409 801 0.001
1005 801 0.001
807 806 0.0052
809 806 0.0052
806 807 0.0052
808 807 0.0052
807 808 0.0052
1010 808 0.0031
1026 808 0.0094
806 809 0.0052
810 809 0.0094
1049 809 0.0031
809 810 0.0094
811 810 0.0146
813 810 0.0125
810 811 0.0146
812 811 0.0104
1026 811 0.0073
811 812 0.0104
1027 812 0.0063
1028 812 0.0136
810 813 0.0125
814 813 0.023
1049 813 0.0177
813 814 0.023
815 814 0.023
814 815 0.023
1054 815 0.023
495 825 0.0073
2086 825 0.0073
498 826 0.0021
2089 826 0.0021
498 827 0.0073
2086 827 0.0084
2089 827 0.0063
545 828 0.0125
2102 828 0.0125
547 829 0.0146
2110 829 0.0084
2112 829 0.0136
547 830 0.0094
831 830 0.0094
830 831 0.0094
832 831 0.0094
831 832 0.0094
2114 832 0.0094
229 834 0.0146
1962 834 0.0146
551 835 0.0042
836 835 0.0104
1935 835 0.0052
835 836 0.0104
1937 836 0.0052
1939 836 0.0042
580 842 0.0104
843 842 0.0104
842 843 0.0104
1930 843 0.0136
1931 843 0.0021
585 849 0.0136
850 849 0.0136
851 849 0.0052
849 850 0.0136
1929 850 0.0052
1930 850 0.0136
585 851 0.0063
849 851 0.0052
852 851 0.0063
851 852 0.0063
1941 852 0.0073
1943 852 0.0063
600 859 0.0031
860 859 0.0031
859 860 0.0031
861 860 0.0031
860 861 0.0031
862 861 0.0073
1920 861 0.0031
861 862 0.0073
863 862 0.0094
1933 862 0.0094
862 863 0.0094
1920 863 0.0031
1922 863 0.0052
594 864 0.0073
600 864 0.0073
611 868 0.0125
869 868 0.0104
1820 868 0.0094
868 869 0.0104
1818 869 0.0031
2060 869 0.0104
2062 869 0.0031
611 870 0.0052
871 870 0.0052
870 871 0.0052
1817 871 0.0052
610 875 0.0094
877 875 0.0094
875 877 0.0094
1810 877 0.0094
608 879 0.0198
880 879 0.0094
1808 879 0.0094
267 880 0.0094
879 880 0.0094
653 913 0.024
914 913 0.0271
916 913 0.0167
913 914 0.0271
915 914 0.0219
1727 914 0.0042
914 915 0.0219
1756 915 0.0219
913 916 0.0167
917 916 0.0115
919 916 0.0146
916 917 0.0115
1618 917 0.0115
916 919 0.0146
1638 919 0.0094
1727 919 0.0042
712 932 0.0125
933 932 0.0094
1604 932 0.0084
932 933 0.0094
934 933 0.0052
935 933 0.0031
1613 933 0.0073
933 934 0.0052
1604 934 0.0021
1609 934 0.0021
933 935 0.0031
1606 935 0.0052
1725 935 0.0031
713 939 0.0052
1603 939 0.0052
715 940 0.0031
943 940 0.0031
942 941 0.001
1591 941 0.001
941 942 0.001
1594 942 0.0031
1598 942 0.001
940 943 0.0031
944 943 0.0031
947 943 0.0073
943 944 0.0031
1580 944 0.0031
715 945 0.0031
947 945 0.0031
943 947 0.0073
945 947 0.0031
1580 947 0.0031
714 950 0.0157
951 950 0.0157
950 951 0.0157
1559 951 0.0157
959 957 0.0042
961 957 0.0073
1572 957 0.0021
957 959 0.0042
960 959 0.0042
959 960 0.0042
962 960 0.0042
957 961 0.0073
962 961 0.0042
963 961 0.0021
960 962 0.0042
961 962 0.0042
961 963 0.0021
1545 963 0.0052
1546 963 0.0021
722 964 0.023
965 964 0.023
964 965 0.023
966 965 0.0219
1572 965 0.0063
965 966 0.0219
1515 966 0.0052
1545 966 0.0219
970 968 0.0063
972 968 0.0063
751 970 0.0021
968 970 0.0063
971 970 0.0094
970 971 0.0094
1511 971 0.0021
1514 971 0.0125
968 972 0.0063
973 972 0.0063
972 973 0.0063
974 973 0.0063
973 974 0.0063
1492 974 0.0052
1501 974 0.0125
1443 979 0.0031
1446 979 0.0031
768 980 0.0073
988 980 0.0021
1437 980 0.0104
1425 984 0.0021
1426 984 0.0021
788 985 0.0125
986 985 0.0115
993 985 0.0084
985 986 0.0115
987 986 0.0073
994 986 0.0031
986 987 0.0073
988 987 0.0073
980 988 0.0021
987 988 0.0073
1437 988 0.0104
1432 992 0.0021
1434 992 0.0021
985 993 0.0084
994 993 0.0084
986 994 0.0031
993 994 0.0084
1404 994 0.0042
788 995 0.0042
1402 995 0.0042
1394 999 0.0031
1395 999 0.0031
408 1005 0.0021
409 1005 0.0042
801 1005 0.001
808 1010 0.0031
1011 1010 0.0021
1016 1010 0.0063
1017 1010 0.0052
1010 1011 0.0021
1014 1011 0.0021
1011 1014 0.0021
1017 1014 0.0021
1010 1016 0.0063
1017 1016 0.0052
1023 1016 0.0063
1010 1017 0.0052
1014 1017 0.0021
1016 1017 0.0052
1018 1017 0.0021
1017 1018 0.0021
1023 1018 0.0021
1016 1023 0.0063
1018 1023 0.0021
1024 1023 0.0042
1034 1023 0.0084
1023 1024 0.0042
1030 1024 0.0042
808 1026 0.0094
811 1026 0.0073
1027 1026 0.0052
812 1027 0.0063
1026 1027 0.0052
1034 1027 0.0084
812 1028 0.0136
1029 1028 0.0042
1036 1028 0.0084
1028 1029 0.0042
1030 1029 0.0042
1024 1030 0.0042
1029 1030 0.0042
1023 1034 0.0084
1027 1034 0.0084
1028 1036 0.0084
1039 1036 0.0084
1036 1039 0.0084
1040 1039 0.0063
1041 1039 0.0157
1039 1040 0.0063
1157 1040 0.0063
1039 1041 0.0157
1064 1041 0.0157
809 1049 0.0031
813 1049 0.0177
1050 1049 0.0136
1049 1050 0.0136
1051 1050 0.0136
1050 1051 0.0136
1053 1051 0.0136
1051 1053 0.0136
1066 1053 0.0136
815 1054 0.023
1055 1054 0.0136
1060 1054 0.0084
1054 1055 0.0136
1056 1055 0.0136
1055 1056 0.0136
1071 1056 0.0177
1172 1056 0.0031
1054 1060 0.0084
1061 1060 0.0073
1063 1060 0.0167
1060 1061 0.0073
1062 1061 0.0073
1061 1062 0.0073
1074 1062 0.0073
1060 1063 0.0167
1064 1063 0.0125
1065 1063 0.0115
1082 1063 0.0073
1041 1064 0.0157
1063 1064 0.0125
1101 1064 0.0146
1112 1064 0.0031
1063 1065 0.0115
1083 1065 0.0031
1091 1065 0.0073
1053 1066 0.0136
1177 1066 0.0136
1056 1071 0.0177
1181 1071 0.0136
1202 1071 0.0031
1062 1074 0.0073
1077 1074 0.0073
1074 1077 0.0073
1121 1077 0.0073
1063 1082 0.0073
1083 1082 0.0073
1065 1083 0.0031
1082 1083 0.0073
1084 1083 0.0031
1083 1084 0.0031
1086 1084 0.0157
1095 1084 0.0115
1084 1086 0.0157
1087 1086 0.0104
1098 1086 0.0125
1086 1087 0.0104
1099 1087 0.0104
1065 1091 0.0073
1092 1091 0.0104
1094 1091 0.0021
1091 1092 0.0104
1094 1092 0.0104
1091 1094 0.0021
1092 1094 0.0104
1121 1094 0.0073
1084 1095 0.0115
1097 1095 0.0115
1095 1097 0.0115
1124 1097 0.0021
1131 1097 0.0146
1086 1098 0.0125
1099 1098 0.0031
1338 1098 0.0084
1087 1099 0.0104
1098 1099 0.0031
1100 1099 0.0063
1099 1100 0.0063
1134 1100 0.0021
1332 1100 0.0031
1064 1101 0.0146
1103 1101 0.0136
1105 1101 0.0094
1106 1101 0.0021
1101 1103 0.0136
1107 1103 0.0094
1115 1103 0.0031
1105 1104 0.0031
1112 1104 0.0031
1101 1105 0.0094
1104 1105 0.0031
1106 1105 0.0052
1101 1106 0.0021
1105 1106 0.0052
1107 1106 0.0021
1103 1107 0.0094
1106 1107 0.0021
1109 1107 0.0063
1107 1109 0.0063
1110 1109 0.0094
1140 1109 0.0021
1109 1110 0.0094
1117 1110 0.0063
1140 1110 0.0021
1064 1112 0.0031
1104 1112 0.0031
1103 1115 0.0031
1332 1115 0.0031
1110 1117 0.0063
1167 1117 0.0063
1077 1121 0.0073
1094 1121 0.0073
1097 1124 0.0021
1125 1124 0.0136
1131 1124 0.0167
1124 1125 0.0136
1131 1125 0.001
1337 1125 0.0115
1127 1126 0.0052
1136 1126 0.0042
1300 1126 0.0031
1337 1126 0.0021
1126 1127 0.0052
1128 1127 0.001
1302 1127 0.0031
1127 1128 0.001
1304 1128 0.0021
1307 1128 0.0042
1097 1131 0.0146
1124 1131 0.0167
1125 1131 0.001
1100 1134 0.0021
1135 1134 0.0042
1136 1134 0.0073
1134 1135 0.0042
1138 1135 0.0063
1326 1135 0.001
1126 1136 0.0042
1134 1136 0.0073
1137 1136 0.0063
1136 1137 0.0063
1138 1137 0.0073
1308 1137 0.0042
1135 1138 0.0063
1137 1138 0.0073
1309 1138 0.0042
1109 1140 0.0021
1110 1140 0.0021
1040 1157 0.0063
1166 1157 0.0063
1157 1166 0.0063
1167 1166 0.0063
1117 1167 0.0063
1166 1167 0.0063
1056 1172 0.0031
1202 1172 0.0031
1066 1177 0.0136
1191 1177 0.0136
1071 1181 0.0136
1182 1181 0.0136
1181 1182 0.0136
1185 1182 0.0136
1182 1185 0.0136
1189 1185 0.0136
1185 1189 0.0136
1193 1189 0.0136
1177 1191 0.0136
1193 1191 0.0136
1189 1193 0.0136
1191 1193 0.0136
1071 1202 0.0031
1172 1202 0.0031
1220 1212 0.0052
1225 1212 0.0052
1212 1220 0.0052
1224 1220 0.0052
1220 1224 0.0052
1232 1224 0.0052
1212 1225 0.0052
1226 1225 0.0021
1227 1225 0.0021
1228 1225 0.0052
1225 1226 0.0021
1250 1226 0.0021
1225 1227 0.0021
1250 1227 0.0052
1251 1227 0.0021
1225 1228 0.0052
1229 1228 0.0063
1232 1228 0.0084
1237 1228 0.0031
1228 1229 0.0063
1233 1229 0.0021
1235 1229 0.0031
1224 1232 0.0052
1228 1232 0.0084
1233 1232 0.0021
1229 1233 0.0021
1232 1233 0.0021
1229 1235 0.0031
1241 1235 0.0031
1228 1237 0.0031
1239 1237 0.0031
1237 1239 0.0031
1240 1239 0.0052
1246 1239 0.001
1239 1240 0.0052
1241 1240 0.0063
1243 1240 0.0042
1235 1241 0.0031
1240 1241 0.0063
1244 1241 0.0021
1240 1243 0.0042
1244 1243 0.0063
1246 1243 0.0052
1241 1244 0.0021
1243 1244 0.0063
1247 1244 0.0031
1239 1246 0.001
1243 1246 0.0052
1247 1246 0.0031
1244 1247 0.0031
1246 1247 0.0031
1226 1250 0.0021
1227 1250 0.0052
1251 1250 0.0021
1227 1251 0.0021
1250 1251 0.0021
1126 1300 0.0031
1302 1300 0.0031
1127 1302 0.0031
1300 1302 0.0031
1128 1304 0.0021
1305 1304 0.0021
1304 1305 0.0021
1306 1305 0.0031
1307 1305 0.0063
1305 1306 0.0031
1308 1306 0.0063
1309 1306 0.0021
1128 1307 0.0042
1305 1307 0.0063
1308 1307 0.0052
1137 1308 0.0042
1306 1308 0.0063
1307 1308 0.0052
1138 1309 0.0042
1306 1309 0.0021
1326 1309 0.001
1348 1317 0.0021
1352 1317 0.0021
1135 1326 0.001
1309 1326 0.001
1100 1332 0.0031
1115 1332 0.0031
1125 1337 0.0115
1126 1337 0.0021
1343 1337 0.0084
1098 1338 0.0084
1340 1338 0.0084
1338 1340 0.0084
1342 1340 0.0084
1340 1342 0.0084
1343 1342 0.0084
1337 1343 0.0084
1342 1343 0.0084
1317 1348 0.0021
1352 1348 0.0021
1317 1352 0.0021
1348 1352 0.0021
1380 1379 0.0031
1382 1379 0.0031
1379 1380 0.0031
1383 1380 0.0031
1379 1382 0.0031
1383 1382 0.0031
1380 1383 0.0031
1382 1383 0.0031
999 1394 0.0031
1397 1394 0.0063
1400 1394 0.0021
999 1395 0.0031
1397 1395 0.0031
1394 1397 0.0063
1395 1397 0.0031
1398 1397 0.0021
1397 1398 0.0021
1400 1398 0.0021
1394 1400 0.0021
1398 1400 0.0021
995 1402 0.0042
1404 1402 0.0042
994 1404 0.0042
1402 1404 0.0042
984 1425 0.0021
1426 1425 0.0021
984 1426 0.0021
1425 1426 0.0021
992 1432 0.0021
1433 1432 0.0021
1435 1432 0.0052
1432 1433 0.0021
1435 1433 0.0021
992 1434 0.0021
1435 1434 0.0021
1432 1435 0.0052
1433 1435 0.0021
1434 1435 0.0021
980 1437 0.0104
988 1437 0.0104
979 1443 0.0031
1448 1443 0.0031
769 1446 0.0021
979 1446 0.0031
1447 1446 0.0021
1448 1446 0.0031
760 1447 0.0094
769 1447 0.0125
1446 1447 0.0021
1443 1448 0.0031
1446 1448 0.0031
1456 1455 0.0021
2179 1455 0.0021
1455 1456 0.0021
1458 1456 0.0052
1459 1456 0.0021
1456 1458 0.0052
1459 1458 0.0021
2179 1458 0.0021
1456 1459 0.0021
1458 1459 0.0021
974 1492 0.0052
1495 1492 0.0052
1492 1495 0.0052
1496 1495 0.0021
1498 1495 0.0084
1495 1496 0.0021
1497 1496 0.0021
1524 1496 0.0052
1496 1497 0.0021
1522 1497 0.0052
1525 1497 0.0021
1495 1498 0.0084
1499 1498 0.0021
1503 1498 0.0052
1498 1499 0.0021
1500 1499 0.0052
1526 1499 0.0021
1499 1500 0.0052
1524 1500 0.0021
1526 1500 0.0021
974 1501 0.0125
1502 1501 0.0167
1508 1501 0.0031
1501 1502 0.0167
1503 1502 0.0084
1507 1502 0.0136
1498 1503 0.0052
1502 1503 0.0084
1504 1503 0.0021
1503 1504 0.0021
1506 1504 0.0021
1504 1506 0.0021
1507 1506 0.0052
1567 1506 0.0021
1502 1507 0.0136
1506 1507 0.0052
1508 1507 0.0031
1510 1507 0.0094
1501 1508 0.0031
1507 1508 0.0031
1507 1510 0.0094
1512 1510 0.0063
1567 1510 0.0021
971 1511 0.0021
1512 1511 0.0063
1514 1511 0.0094
1510 1512 0.0063
1511 1512 0.0063
971 1514 0.0125
1511 1514 0.0094
1515 1514 0.0021
966 1515 0.0052
1514 1515 0.0021
1528 1515 0.0021
1517 1516 0.0084
1528 1516 0.0063
1547 1516 0.001
1516 1517 0.0084
1529 1517 0.0031
1547 1517 0.0042
1497 1522 0.0052
1524 1522 0.0021
1525 1522 0.0021
1496 1524 0.0052
1500 1524 0.0021
1522 1524 0.0021
1497 1525 0.0021
1522 1525 0.0021
1499 1526 0.0021
1500 1526 0.0021
1515 1528 0.0021
1516 1528 0.0063
1529 1528 0.0031
1517 1529 0.0031
1528 1529 0.0031
963 1545 0.0052
966 1545 0.0219
1546 1545 0.0219
963 1546 0.0021
1545 1546 0.0219
1547 1546 0.0052
1576 1546 0.0188
1516 1547 0.001
1517 1547 0.0042
1546 1547 0.0052
1569 1547 0.001
1576 1547 0.0042
951 1559 0.0157
1560 1559 0.0157
1559 1560 0.0157
1561 1560 0.0157
1560 1561 0.0157
1571 1561 0.0157
1506 1567 0.0021
1510 1567 0.0021
1547 1569 0.001
1570 1569 0.001
1576 1569 0.0031
1569 1570 0.001
1571 1570 0.0157
1576 1570 0.0177
1561 1571 0.0157
1570 1571 0.0157
722 1572 0.0031
957 1572 0.0021
965 1572 0.0063
1546 1576 0.0188
1547 1576 0.0042
1569 1576 0.0031
1570 1576 0.0177
944 1580 0.0031
947 1580 0.0031
941 1591 0.001
1592 1591 0.0031
1594 1591 0.0052
1591 1592 0.0031
1595 1592 0.0031
942 1594 0.0031
1591 1594 0.0052
1595 1594 0.0052
1592 1595 0.0031
1594 1595 0.0052
1596 1595 0.0042
1598 1595 0.0063
1595 1596 0.0042
1597 1596 0.0021
1601 1596 0.0073
1596 1597 0.0021
1601 1597 0.0052
1670 1597 0.0021
942 1598 0.001
1595 1598 0.0063
1599 1598 0.001
1601 1598 0.0021
1598 1599 0.001
1600 1599 0.0021
1601 1599 0.0042
1599 1600 0.0021
1670 1600 0.0021
1596 1601 0.0073
1597 1601 0.0052
1598 1601 0.0021
1599 1601 0.0042
939 1603 0.0052
1604 1603 0.0052
932 1604 0.0084
934 1604 0.0021
1603 1604 0.0052
935 1606 0.0052
1607 1606 0.0021
1609 1606 0.0115
1632 1606 0.0021
1725 1606 0.0094
1606 1607 0.0021
1608 1607 0.0052
1609 1607 0.0084
1607 1608 0.0052
1624 1608 0.001
1629 1608 0.0073
934 1609 0.0021
1606 1609 0.0115
1607 1609 0.0084
1614 1610 0.0021
1656 1610 0.0042
1657 1610 0.0073
933 1613 0.0073
1617 1613 0.0104
1620 1613 0.0042
1726 1613 0.001
1610 1614 0.0021
1637 1614 0.0021
1613 1617 0.0104
1618 1617 0.0104
917 1618 0.0115
1617 1618 0.0104
1621 1618 0.0084
1613 1620 0.0042
1621 1620 0.0084
1637 1620 0.0031
1618 1621 0.0084
1620 1621 0.0084
1726 1621 0.0094
1608 1624 0.001
1647 1624 0.0042
1648 1624 0.0021
1626 1625 0.0021
1627 1625 0.0073
1648 1625 0.0042
1625 1626 0.0021
1678 1626 0.0021
1625 1627 0.0073
1678 1627 0.0021
1694 1627 0.0042
1685 1628 0.0042
1694 1628 0.0042
1608 1629 0.0073
1630 1629 0.0073
1649 1629 0.0063
1693 1629 0.0021
1629 1630 0.0073
1631 1630 0.0136
1669 1630 0.0052
1630 1631 0.0136
1642 1631 0.0136
1650 1631 0.0021
1658 1631 0.0042
1606 1632 0.0021
1635 1632 0.0031
1634 1633 0.0021
1661 1633 0.001
1633 1634 0.0021
1636 1634 0.0063
1662 1634 0.0073
1632 1635 0.0031
1636 1635 0.0042
1655 1635 0.0042
1634 1636 0.0063
1635 1636 0.0042
1664 1636 0.0073
1614 1637 0.0021
1620 1637 0.0031
1657 1637 0.0042
1726 1637 0.0052
919 1638 0.0094
1639 1638 0.0042
1641 1638 0.0042
1638 1639 0.0042
1640 1639 0.0167
1706 1639 0.0115
1639 1640 0.0167
1643 1640 0.0021
1644 1640 0.0198
1638 1641 0.0042
1751 1641 0.0084
1753 1641 0.0031
1631 1642 0.0136
1643 1642 0.0094
1666 1642 0.0031
1640 1643 0.0021
1642 1643 0.0094
1644 1643 0.0104
1669 1643 0.0073
1640 1644 0.0198
1643 1644 0.0104
1645 1644 0.0146
1644 1645 0.0146
1646 1645 0.0177
1717 1645 0.0021
1645 1646 0.0177
1686 1646 0.0146
1717 1646 0.0021
1624 1647 0.0042
1648 1647 0.0073
1649 1647 0.0063
1624 1648 0.0021
1625 1648 0.0042
1647 1648 0.0073
1629 1649 0.0063
1647 1649 0.0063
1693 1649 0.0094
1631 1650 0.0021
1651 1650 0.0052
1693 1650 0.0063
1650 1651 0.0052
1652 1651 0.0031
1697 1651 0.0073
1651 1652 0.0031
1669 1652 0.0031
1697 1652 0.0052
1635 1655 0.0042
1656 1655 0.0042
1665 1655 0.0052
1610 1656 0.0042
1655 1656 0.0042
1657 1656 0.0021
1665 1656 0.0021
1610 1657 0.0073
1637 1657 0.0042
1656 1657 0.0021
1725 1657 0.0031
1631 1658 0.0042
1660 1658 0.0042
1658 1660 0.0042
1661 1660 0.0042
1663 1660 0.0073
1633 1661 0.001
1660 1661 0.0042
1662 1661 0.0063
1634 1662 0.0073
1661 1662 0.0063
1663 1662 0.0042
1667 1662 0.0052
1660 1663 0.0073
1662 1663 0.0042
1666 1663 0.0031
1636 1664 0.0073
1665 1664 0.0021
1667 1664 0.0042
1655 1665 0.0052
1656 1665 0.0021
1664 1665 0.0021
1642 1666 0.0031
1663 1666 0.0031
1662 1667 0.0052
1664 1667 0.0042
1630 1669 0.0052
1643 1669 0.0073
1652 1669 0.0031
1597 1670 0.0021
1600 1670 0.0021
1626 1678 0.0021
1627 1678 0.0021
1628 1685 0.0042
1686 1685 0.0021
1697 1685 0.0073
1646 1686 0.0146
1685 1686 0.0021
1688 1686 0.0115
1686 1688 0.0115
1722 1688 0.0115
1629 1693 0.0021
1649 1693 0.0094
1650 1693 0.0063
1694 1693 0.0094
1627 1694 0.0042
1628 1694 0.0042
1693 1694 0.0094
1651 1697 0.0073
1652 1697 0.0052
1685 1697 0.0073
1639 1706 0.0115
1707 1706 0.0115
1706 1707 0.0115
1736 1707 0.0115
1711 1709 0.0115
1722 1709 0.0115
1709 1711 0.0115
1713 1711 0.0115
1711 1713 0.0115
1715 1713 0.0115
1713 1715 0.0115
1734 1715 0.0115
1645 1717 0.0021
1646 1717 0.0021
1688 1722 0.0115
1709 1722 0.0115
935 1725 0.0031
1606 1725 0.0094
1657 1725 0.0031
1726 1725 0.0073
1613 1726 0.001
1621 1726 0.0094
1637 1726 0.0052
1725 1726 0.0073
914 1727 0.0042
919 1727 0.0042
1715 1734 0.0115
1737 1734 0.0115
1707 1736 0.0115
1737 1736 0.0115
1734 1737 0.0115
1736 1737 0.0115
1641 1751 0.0084
1777 1751 0.0073
1778 1751 0.0084
1641 1753 0.0031
1775 1753 0.0115
1791 1753 0.0073
915 1756 0.0219
1757 1756 0.0219
1756 1757 0.0219
1766 1757 0.0219
634 1765 0.0219
1766 1765 0.0251
1769 1765 0.0125
1757 1766 0.0219
1765 1766 0.0251
1767 1766 0.0125
1766 1767 0.0125
1779 1767 0.0125
1765 1769 0.0125
1770 1769 0.0073
1771 1769 0.0042
1769 1770 0.0073
1783 1770 0.0073
633 1771 0.0042
1769 1771 0.0042
1753 1775 0.0115
1777 1775 0.0115
1751 1777 0.0073
1775 1777 0.0115
1779 1777 0.0115
1751 1778 0.0084
1779 1778 0.0084
1767 1779 0.0125
1777 1779 0.0115
1778 1779 0.0084
1770 1783 0.0073
1784 1783 0.0104
1785 1783 0.0021
1783 1784 0.0104
1785 1784 0.0021
1794 1784 0.0073
1783 1785 0.0021
1784 1785 0.0021
1753 1791 0.0073
1793 1791 0.0073
1791 1793 0.0073
1794 1793 0.0104
1796 1793 0.0021
1784 1794 0.0073
1793 1794 0.0104
1796 1794 0.0021
1793 1796 0.0021
1794 1796 0.0021
879 1808 0.0094
1809 1808 0.0094
1808 1809 0.0094
1810 1809 0.0094
877 1810 0.0094
1809 1810 0.0094
1816 1815 0.0031
1835 1815 0.0031
1815 1816 0.0031
1836 1816 0.0031
871 1817 0.0052
1821 1817 0.0084
2076 1817 0.0021
869 1818 0.0031
1819 1818 0.0021
2065 1818 0.0063
1818 1819 0.0021
2066 1819 0.0021
868 1820 0.0094
1821 1820 0.0084
2062 1820 0.0063
1817 1821 0.0084
1820 1821 0.0084
1815 1835 0.0031
1836 1835 0.0031
1816 1836 0.0031
1835 1836 0.0031
1842 1841 0.0021
1864 1841 0.0021
1841 1842 0.0021
1864 1842 0.0021
1841 1864 0.0021
1842 1864 0.0021
861 1920 0.0031
863 1920 0.0031
863 1922 0.0052
1923 1922 0.0031
1944 1922 0.0094
1922 1923 0.0031
1924 1923 0.0094
1973 1923 0.0052
1923 1924 0.0094
1925 1924 0.0094
1944 1924 0.0073
1924 1925 0.0094
1966 1925 0.0094
850 1929 0.0052
1930 1929 0.0021
1943 1929 0.0021
843 1930 0.0136
850 1930 0.0136
1929 1930 0.0021
1931 1930 0.0073
1954 1930 0.0042
843 1931 0.0021
1930 1931 0.0073
1962 1931 0.0042
862 1933 0.0094
1956 1933 0.0094
835 1935 0.0052
1959 1935 0.0052
836 1937 0.0052
1946 1937 0.0052
836 1939 0.0042
1940 1939 0.0021
1954 1939 0.0073
1939 1940 0.0021
1954 1940 0.0021
852 1941 0.0073
1942 1941 0.0073
1941 1942 0.0073
1943 1942 0.0031
1956 1942 0.0031
852 1943 0.0063
1929 1943 0.0021
1942 1943 0.0031
1922 1944 0.0094
1924 1944 0.0073
1974 1944 0.0094
1937 1946 0.0052
1959 1946 0.0052
1930 1954 0.0042
1939 1954 0.0073
1940 1954 0.0021
1933 1956 0.0094
1942 1956 0.0031
1957 1956 0.0052
1956 1957 0.0052
1975 1957 0.0052
1935 1959 0.0052
1946 1959 0.0052
242 1962 0.0094
834 1962 0.0146
1931 1962 0.0042
1973 1965 0.0125
1985 1965 0.0125
1925 1966 0.0094
1979 1966 0.0031
1980 1966 0.0052
1923 1973 0.0052
1965 1973 0.0125
1986 1973 0.0063
1944 1974 0.0094
1975 1974 0.0052
1977 1974 0.0031
1957 1975 0.0052
1974 1975 0.0052
1974 1977 0.0031
1979 1977 0.0031
1966 1979 0.0031
1977 1979 0.0031
1966 1980 0.0052
1987 1980 0.0052
1982 1981 0.0021
1984 1981 0.0021
1981 1982 0.0021
1984 1982 0.0021
1981 1984 0.0021
1982 1984 0.0021
1965 1985 0.0125
1987 1985 0.0104
1990 1985 0.0115
1973 1986 0.0063
2154 1986 0.0021
2155 1986 0.0094
1980 1987 0.0052
1985 1987 0.0104
1988 1987 0.0042
1987 1988 0.0042
1994 1988 0.0021
2010 1988 0.0073
1985 1990 0.0115
1991 1990 0.0063
2014 1990 0.0042
1990 1991 0.0063
2159 1991 0.0063
1988 1994 0.0021
2010 1994 0.0042
2011 1994 0.001
2005 2004 0.0021
2029 2004 0.0021
2004 2005 0.0021
2029 2005 0.0021
1988 2010 0.0073
1994 2010 0.0042
2011 2010 0.0063
1994 2011 0.001
2010 2011 0.0063
2012 2011 0.0042
2011 2012 0.0042
2032 2012 0.0042
1990 2014 0.0042
2032 2014 0.0042
2004 2029 0.0021
2005 2029 0.0021
2012 2032 0.0042
2014 2032 0.0042
599 2060 0.0063
869 2060 0.0104
2065 2060 0.0031
869 2062 0.0031
1820 2062 0.0063
2063 2062 0.0021
2062 2063 0.0021
2076 2063 0.0021
1818 2065 0.0063
2060 2065 0.0031
2066 2065 0.0021
1819 2066 0.0021
2065 2066 0.0021
1817 2076 0.0021
2063 2076 0.0021
825 2086 0.0073
827 2086 0.0084
2088 2086 0.0063
2086 2088 0.0063
2089 2088 0.0031
2096 2088 0.0021
826 2089 0.0021
827 2089 0.0063
2088 2089 0.0031
505 2092 0.0104
2094 2092 0.0104
2092 2094 0.0104
2105 2094 0.0104
2106 2094 0.0052
2088 2096 0.0021
2106 2096 0.0021
828 2102 0.0125
2103 2102 0.0042
2105 2102 0.0073
2102 2103 0.0042
2129 2103 0.0042
2094 2105 0.0104
2102 2105 0.0073
2106 2105 0.0021
2094 2106 0.0052
2096 2106 0.0021
2105 2106 0.0021
829 2110 0.0084
2111 2110 0.0031
2124 2110 0.0042
2110 2111 0.0031
2112 2111 0.0136
2127 2111 0.0094
829 2112 0.0136
2111 2112 0.0136
832 2114 0.0094
2115 2114 0.0094
2114 2115 0.0094
2116 2115 0.0094
2115 2116 0.0094
2125 2116 0.0094
2110 2124 0.0042
2129 2124 0.0073
2133 2124 0.0021
2116 2125 0.0094
2126 2125 0.0094
2125 2126 0.0094
2127 2126 0.0094
2111 2127 0.0094
2126 2127 0.0094
2103 2129 0.0042
2124 2129 0.0073
2133 2129 0.0021
2124 2133 0.0021
2129 2133 0.0021
2145 2144 0.0021
2152 2144 0.0021
2144 2145 0.0021
2146 2145 0.0031
2152 2145 0.0063
2145 2146 0.0031
2147 2146 0.0031
2146 2147 0.0031
2153 2147 0.0031
2144 2152 0.0021
2145 2152 0.0063
2153 2152 0.0031
2147 2153 0.0031
2152 2153 0.0031
1986 2154 0.0021
2155 2154 0.0021
1986 2155 0.0094
2154 2155 0.0021
2159 2155 0.0063
1991 2159 0.0063
2155 2159 0.0063
1455 2179 0.0021
1458 2179 0.0021
