2 1 0.0072
6 1 0.0266
26 1 0.0193
34 1 0.0048
64 1 0.0097
72 1 0.0048
171 1 0.0072
205 1 0.0072
356 1 0.0072
1 2 0.0072
317 2 0.0072
1 6 0.0266
9 6 0.0411
35 6 0.0145
317 6 0.029
8 7 0.0097
213 7 0.0072
317 7 0.0193
7 8 0.0097
666 8 0.0097
6 9 0.0411
10 9 0.0411
214 9 0.0169
9 10 0.0411
11 10 0.0266
14 10 0.0266
10 11 0.0266
14 11 0.0097
207 11 0.0242
193 12 0.0097
208 12 0.0193
213 12 0.0072
200 13 0.0072
209 13 0.0072
10 14 0.0266
11 14 0.0097
15 14 0.0362
217 14 0.0097
14 15 0.0362
43 15 0.0169
177 15 0.0362
205 22 0.0097
347 22 0.0097
1 26 0.0193
29 26 0.0266
32 26 0.0048
70 26 0.0217
61 27 0.0242
63 27 0.0145
669 27 0.0314
52 28 0.0048
137 28 0.0072
152 28 0.0145
26 29 0.0266
30 29 0.0169
64 29 0.0072
29 30 0.0169
662 30 0.0169
26 32 0.0048
656 32 0.0072
662 32 0.0145
1 34 0.0048
35 34 0.0097
37 34 0.0024
6 35 0.0145
34 35 0.0097
36 35 0.0145
68 35 0.0097
35 36 0.0145
43 36 0.0121
68 36 0.0097
34 37 0.0024
65 37 0.0024
49 42 0.0193
243 42 0.0145
677 42 0.0121
15 43 0.0169
36 43 0.0121
44 43 0.0121
43 44 0.0121
185 44 0.0072
677 44 0.0121
47 46 0.0121
65 46 0.0121
67 46 0.0072
46 47 0.0121
48 47 0.0048
66 47 0.0072
47 48 0.0048
236 48 0.0121
237 48 0.0097
249 48 0.0169
42 49 0.0193
50 49 0.0145
184 49 0.0121
49 50 0.0145
312 50 0.0072
313 50 0.0145
117 51 0.0145
313 51 0.0145
28 52 0.0048
145 52 0.0024
665 52 0.0097
413 53 0.0048
415 53 0.0121
676 53 0.0048
411 54 0.0072
426 54 0.0072
149 55 0.0048
403 55 0.0024
405 55 0.0097
57 56 0.0121
385 56 0.0048
403 56 0.0048
56 57 0.0121
58 57 0.0072
386 57 0.0193
401 57 0.029
57 58 0.0072
402 58 0.0072
27 61 0.0242
150 61 0.0193
668 61 0.0121
137 62 0.0121
150 62 0.0121
27 63 0.0145
663 63 0.0145
1 64 0.0097
29 64 0.0072
37 65 0.0024
46 65 0.0121
66 65 0.0072
47 66 0.0072
65 66 0.0072
46 67 0.0072
233 67 0.0169
236 67 0.0048
657 67 0.0145
658 67 0.0072
35 68 0.0097
36 68 0.0097
69 68 0.0048
657 68 0.0145
68 69 0.0048
658 69 0.0072
26 70 0.0217
134 70 0.0217
1 72 0.0048
171 72 0.0048
78 76 0.0097
318 76 0.0097
335 77 0.0048
449 77 0.0048
76 78 0.0097
79 78 0.0097
78 79 0.0097
80 79 0.0097
79 80 0.0097
318 80 0.0097
86 85 0.0024
690 85 0.0024
85 86 0.0024
87 86 0.0048
691 86 0.0097
86 87 0.0048
691 87 0.0048
100 91 0.0097
111 91 0.0145
692 91 0.0169
97 96 0.0097
263 96 0.0169
271 96 0.0048
672 96 0.0121
96 97 0.0097
111 97 0.0072
672 97 0.0097
91 100 0.0097
101 100 0.0121
672 100 0.0097
100 101 0.0121
443 101 0.0121
692 101 0.0121
107 102 0.0072
265 102 0.0169
464 102 0.0072
102 107 0.0072
264 107 0.0072
91 111 0.0145
97 111 0.0072
114 111 0.0145
205 112 0.0193
346 112 0.0193
111 114 0.0145
126 114 0.0072
603 114 0.0145
51 117 0.0145
243 117 0.0169
258 117 0.0097
181 119 0.0121
182 119 0.0121
225 119 0.0097
114 126 0.0072
651 126 0.0169
652 126 0.0169
443 128 0.0242
603 128 0.0097
652 128 0.0217
440 133 0.0097
441 133 0.0169
681 133 0.0048
70 134 0.0217
669 134 0.0217
28 137 0.0072
62 137 0.0121
668 137 0.0024
145 144 0.0097
159 144 0.0217
160 144 0.0169
412 144 0.0121
413 144 0.0048
52 145 0.0024
144 145 0.0097
146 145 0.0048
145 146 0.0048
412 146 0.0048
55 149 0.0048
405 149 0.0048
61 150 0.0193
62 150 0.0121
151 150 0.0242
150 151 0.0242
152 151 0.0024
153 151 0.029
28 152 0.0145
151 152 0.0024
153 152 0.0362
665 152 0.029
151 153 0.029
152 153 0.0362
154 153 0.0145
153 154 0.0145
155 154 0.0097
156 154 0.0024
154 155 0.0097
159 155 0.0145
665 155 0.0266
154 156 0.0024
656 156 0.0024
144 159 0.0217
155 159 0.0145
160 159 0.0048
144 160 0.0169
159 160 0.0048
161 160 0.0097
160 161 0.0097
289 161 0.0097
1 171 0.0072
72 171 0.0048
15 177 0.0362
178 177 0.0338
677 177 0.0145
177 178 0.0338
179 178 0.0145
180 178 0.0362
178 179 0.0145
184 179 0.0097
659 179 0.0121
178 180 0.0362
181 180 0.0169
182 180 0.0362
119 181 0.0121
180 181 0.0169
312 181 0.0072
659 181 0.0121
119 182 0.0121
180 182 0.0362
225 182 0.0314
49 184 0.0121
179 184 0.0097
677 184 0.0145
44 185 0.0072
248 185 0.0072
440 191 0.0169
442 191 0.0048
666 191 0.0097
12 193 0.0097
194 193 0.0121
441 193 0.0242
193 194 0.0121
195 194 0.0121
194 195 0.0121
436 195 0.0121
13 200 0.0072
228 200 0.0072
1 205 0.0072
22 205 0.0097
112 205 0.0193
11 207 0.0242
208 207 0.0193
210 207 0.0024
12 208 0.0193
207 208 0.0193
13 209 0.0072
228 209 0.0072
207 210 0.0024
224 210 0.0024
7 213 0.0072
12 213 0.0072
214 213 0.0169
9 214 0.0169
213 214 0.0169
14 217 0.0097
218 217 0.0097
217 218 0.0097
220 218 0.0097
218 220 0.0097
222 220 0.0097
220 222 0.0097
224 222 0.0097
210 224 0.0024
222 224 0.0097
225 224 0.0217
226 224 0.0048
119 225 0.0097
182 225 0.0314
224 225 0.0217
226 225 0.0072
266 225 0.0193
282 225 0.0121
224 226 0.0048
225 226 0.0072
260 227 0.0072
266 227 0.0097
200 228 0.0072
209 228 0.0072
232 231 0.0048
467 231 0.0048
231 232 0.0048
467 232 0.0048
67 233 0.0169
234 233 0.0145
236 233 0.0193
658 233 0.0024
233 234 0.0145
235 234 0.0072
249 234 0.0121
234 235 0.0072
246 235 0.0145
248 235 0.0145
48 236 0.0121
67 236 0.0048
233 236 0.0193
48 237 0.0097
238 237 0.0048
298 237 0.0145
237 238 0.0048
239 238 0.0048
299 238 0.0121
238 239 0.0048
240 239 0.0097
256 239 0.0024
239 240 0.0097
256 240 0.0121
301 240 0.0048
306 240 0.0072
248 241 0.0145
253 241 0.0145
42 243 0.0145
117 243 0.0169
244 243 0.0097
243 244 0.0097
297 244 0.0097
235 246 0.0145
252 246 0.0145
185 248 0.0072
235 248 0.0145
241 248 0.0145
48 249 0.0169
234 249 0.0121
250 249 0.0121
249 250 0.0121
251 250 0.0169
252 250 0.0121
250 251 0.0169
253 251 0.0121
295 251 0.0121
246 252 0.0145
250 252 0.0121
253 252 0.0193
241 253 0.0145
251 253 0.0121
252 253 0.0193
256 254 0.0072
306 254 0.0072
239 256 0.0024
240 256 0.0121
254 256 0.0072
117 258 0.0097
651 258 0.0097
227 260 0.0072
261 260 0.0121
463 260 0.0024
260 261 0.0121
262 261 0.0072
268 261 0.0121
261 262 0.0072
263 262 0.0097
264 262 0.0024
268 262 0.0097
463 262 0.0024
615 262 0.0121
96 263 0.0169
262 263 0.0097
264 263 0.0217
615 263 0.029
107 264 0.0072
262 264 0.0024
263 264 0.0217
265 264 0.0266
102 265 0.0169
264 265 0.0266
428 265 0.0266
225 266 0.0193
227 266 0.0097
267 266 0.0242
282 266 0.0097
266 267 0.0242
268 267 0.0242
282 267 0.0072
261 268 0.0121
262 268 0.0097
267 268 0.0242
269 268 0.0217
268 269 0.0217
270 269 0.0048
283 269 0.0072
615 269 0.029
269 270 0.0048
271 270 0.0121
671 270 0.0048
96 271 0.0048
270 271 0.0121
272 271 0.0024
671 271 0.0097
271 272 0.0024
671 272 0.0024
284 280 0.0072
312 280 0.0072
225 282 0.0121
266 282 0.0097
267 282 0.0072
283 282 0.0072
284 282 0.0072
269 283 0.0072
282 283 0.0072
284 283 0.0072
280 284 0.0072
282 284 0.0072
283 284 0.0072
161 289 0.0097
291 289 0.0097
289 291 0.0097
293 291 0.0097
291 293 0.0097
443 293 0.0097
251 295 0.0121
296 295 0.0072
298 295 0.0072
310 295 0.0024
295 296 0.0072
297 296 0.0097
309 296 0.0169
310 296 0.0048
244 297 0.0097
296 297 0.0097
303 297 0.0121
237 298 0.0145
295 298 0.0072
299 298 0.0048
238 299 0.0121
298 299 0.0048
300 299 0.0048
299 300 0.0048
301 300 0.0145
310 300 0.0072
240 301 0.0048
300 301 0.0145
302 301 0.0072
301 302 0.0072
303 302 0.0048
309 302 0.0145
297 303 0.0121
302 303 0.0048
304 303 0.0048
303 304 0.0048
650 304 0.0048
240 306 0.0072
254 306 0.0072
296 309 0.0169
302 309 0.0145
310 309 0.0193
295 310 0.0024
296 310 0.0048
300 310 0.0072
309 310 0.0193
50 312 0.0072
181 312 0.0072
280 312 0.0072
659 312 0.0072
50 313 0.0145
51 313 0.0145
2 317 0.0072
6 317 0.029
7 317 0.0193
76 318 0.0097
80 318 0.0097
77 335 0.0048
449 335 0.0048
690 339 0.0048
691 339 0.0048
112 346 0.0193
347 346 0.0097
351 346 0.0072
22 347 0.0097
346 347 0.0097
346 351 0.0072
352 351 0.0121
353 351 0.0024
351 352 0.0121
353 352 0.0121
541 352 0.0169
351 353 0.0024
352 353 0.0121
540 353 0.0072
355 354 0.0048
359 354 0.0145
362 354 0.0217
539 354 0.0121
354 355 0.0048
362 355 0.0121
542 355 0.0048
1 356 0.0072
357 356 0.0072
356 357 0.0072
358 357 0.0048
541 357 0.0145
357 358 0.0048
359 358 0.0048
539 358 0.0121
354 359 0.0145
358 359 0.0048
367 359 0.0072
363 360 0.0121
366 360 0.0097
367 360 0.0242
354 362 0.0217
355 362 0.0121
364 362 0.0072
360 363 0.0121
364 363 0.0072
365 363 0.0024
362 364 0.0072
363 364 0.0072
363 365 0.0024
558 365 0.0072
566 365 0.0121
360 366 0.0097
369 366 0.0097
359 367 0.0072
360 367 0.0242
368 367 0.0145
367 368 0.0145
369 368 0.0097
566 368 0.0024
366 369 0.0097
368 369 0.0097
56 385 0.0048
386 385 0.0048
57 386 0.0193
385 386 0.0048
387 386 0.0121
386 387 0.0121
388 387 0.0121
387 388 0.0121
389 388 0.0121
388 389 0.0121
393 389 0.0217
679 389 0.0072
392 391 0.0048
596 391 0.0048
391 392 0.0048
596 392 0.0048
389 393 0.0217
394 393 0.0072
398 393 0.0121
393 394 0.0072
679 394 0.0072
393 398 0.0121
407 398 0.0121
57 401 0.029
402 401 0.029
403 401 0.0097
670 401 0.0097
58 402 0.0072
401 402 0.029
406 402 0.0193
55 403 0.0024
56 403 0.0048
401 403 0.0097
55 405 0.0097
149 405 0.0048
670 405 0.0024
402 406 0.0193
407 406 0.0121
670 406 0.0048
398 407 0.0121
406 407 0.0121
54 411 0.0072
425 411 0.0242
676 411 0.0145
144 412 0.0121
146 412 0.0048
413 412 0.0121
414 412 0.0048
53 413 0.0048
144 413 0.0048
412 413 0.0121
412 414 0.0048
415 414 0.0048
53 415 0.0121
414 415 0.0048
675 415 0.0048
417 416 0.0024
425 416 0.0193
675 416 0.0145
416 417 0.0024
647 417 0.0024
411 425 0.0242
416 425 0.0193
426 425 0.0121
647 425 0.0072
54 426 0.0072
425 426 0.0121
647 426 0.0024
469 427 0.0024
470 427 0.0024
265 428 0.0266
431 428 0.0169
466 428 0.0072
431 430 0.0169
443 430 0.0169
428 431 0.0169
430 431 0.0169
195 436 0.0121
682 436 0.0121
133 440 0.0097
191 440 0.0169
442 440 0.0048
133 441 0.0169
193 441 0.0242
681 441 0.0193
191 442 0.0048
440 442 0.0048
101 443 0.0121
128 443 0.0242
293 443 0.0097
430 443 0.0169
650 443 0.0048
652 443 0.0024
673 443 0.0048
77 449 0.0048
335 449 0.0048
260 463 0.0024
262 463 0.0024
464 463 0.0048
465 463 0.0048
102 464 0.0072
463 464 0.0048
465 464 0.0145
463 465 0.0048
464 465 0.0145
466 465 0.0072
428 466 0.0072
465 466 0.0072
231 467 0.0048
232 467 0.0048
427 469 0.0024
470 469 0.0097
473 469 0.0048
427 470 0.0024
469 470 0.0097
471 470 0.0048
472 470 0.0121
470 471 0.0048
475 471 0.0048
476 471 0.0121
470 472 0.0121
473 472 0.0048
476 472 0.0048
469 473 0.0048
472 473 0.0048
471 475 0.0048
476 475 0.0048
471 476 0.0121
472 476 0.0048
475 476 0.0048
354 539 0.0121
358 539 0.0121
540 539 0.0048
542 539 0.0048
353 540 0.0072
539 540 0.0048
541 540 0.0145
352 541 0.0169
357 541 0.0145
540 541 0.0145
355 542 0.0048
539 542 0.0048
365 558 0.0072
573 558 0.0072
365 566 0.0121
368 566 0.0024
573 566 0.0072
558 573 0.0072
566 573 0.0072
391 596 0.0048
392 596 0.0048
114 603 0.0145
128 603 0.0097
692 603 0.0169
262 615 0.0121
263 615 0.029
269 615 0.029
638 637 0.0048
639 637 0.0048
637 638 0.0048
639 638 0.0048
637 639 0.0048
638 639 0.0048
417 647 0.0024
425 647 0.0072
426 647 0.0024
304 650 0.0048
443 650 0.0048
126 651 0.0169
258 651 0.0097
673 651 0.0048
126 652 0.0169
128 652 0.0217
443 652 0.0024
32 656 0.0072
156 656 0.0024
663 656 0.0121
67 657 0.0145
68 657 0.0145
658 657 0.0121
67 658 0.0072
69 658 0.0072
233 658 0.0024
657 658 0.0121
179 659 0.0121
181 659 0.0121
312 659 0.0072
30 662 0.0169
32 662 0.0145
663 662 0.0193
63 663 0.0145
656 663 0.0121
662 663 0.0193
52 665 0.0097
152 665 0.029
155 665 0.0266
8 666 0.0097
191 666 0.0097
61 668 0.0121
137 668 0.0024
669 668 0.0072
27 669 0.0314
134 669 0.0217
668 669 0.0072
401 670 0.0097
405 670 0.0024
406 670 0.0048
270 671 0.0048
271 671 0.0097
272 671 0.0024
96 672 0.0121
97 672 0.0097
100 672 0.0097
443 673 0.0048
651 673 0.0048
415 675 0.0048
416 675 0.0145
676 675 0.0072
53 676 0.0048
411 676 0.0145
675 676 0.0072
42 677 0.0121
44 677 0.0121
177 677 0.0145
184 677 0.0145
389 679 0.0072
394 679 0.0072
133 681 0.0048
441 681 0.0193
682 681 0.0121
436 682 0.0121
681 682 0.0121
85 690 0.0024
339 690 0.0048
691 690 0.0097
86 691 0.0097
87 691 0.0048
339 691 0.0048
690 691 0.0097
91 692 0.0169
101 692 0.0121
603 692 0.0169
