2 1 0.0262
53 1 0.0121
57 1 0.008
85 1 0.0101
99 1 0.0121
101 1 0.008
102 1 0.006
105 1 0.008
281 1 0.0201
1 2 0.0262
3 2 0.0322
4 2 0.004
2 3 0.0322
4 3 0.0262
16 3 0.0161
2 4 0.004
3 4 0.0262
5 4 0.0241
10 4 0.002
34 4 0.006
4 5 0.0241
6 5 0.0121
10 5 0.008
11 5 0.0282
5 6 0.0121
7 6 0.0101
13 6 0.0121
6 7 0.0101
8 7 0.0121
34 7 0.008
7 8 0.0121
9 8 0.0141
14 8 0.0181
15 8 0.004
8 9 0.0141
42 9 0.0141
4 10 0.002
5 10 0.008
11 10 0.004
5 11 0.0282
10 11 0.004
12 11 0.0221
11 12 0.0221
13 12 0.0241
22 12 0.0322
6 13 0.0121
12 13 0.0241
14 13 0.0121
31 13 0.008
8 14 0.0181
13 14 0.0121
15 14 0.004
8 15 0.004
14 15 0.004
3 16 0.0161
18 16 0.0221
32 16 0.004
16 18 0.0221
20 18 0.0221
18 20 0.0221
21 20 0.0282
47 20 0.004
20 21 0.0282
47 21 0.0141
48 21 0.0121
12 22 0.0322
23 22 0.0362
24 22 0.0101
26 22 0.0262
22 23 0.0362
130 23 0.0362
22 24 0.0101
25 24 0.0101
24 25 0.0101
131 25 0.0101
22 26 0.0262
27 26 0.0161
29 26 0.008
26 27 0.0161
28 27 0.008
523 27 0.006
27 28 0.008
46 28 0.008
26 29 0.008
30 29 0.0141
36 29 0.004
29 30 0.0141
31 30 0.008
36 30 0.004
13 31 0.008
30 31 0.008
16 32 0.004
468 32 0.004
4 34 0.006
7 34 0.008
41 34 0.008
29 36 0.004
30 36 0.004
34 41 0.008
461 41 0.008
9 42 0.0141
43 42 0.006
135 42 0.0121
139 42 0.0101
467 42 0.004
42 43 0.006
141 43 0.006
28 46 0.008
519 46 0.008
20 47 0.004
21 47 0.0141
453 47 0.008
21 48 0.0121
50 48 0.0101
448 48 0.0201
56 49 0.004
66 49 0.0221
152 49 0.0241
448 49 0.0221
48 50 0.0101
51 50 0.0101
50 51 0.0101
153 51 0.008
1 53 0.0121
54 53 0.0181
55 53 0.004
53 54 0.0181
55 54 0.0241
62 54 0.008
53 55 0.004
54 55 0.0241
56 55 0.0181
49 56 0.004
55 56 0.0181
448 56 0.0241
1 57 0.008
58 57 0.008
69 57 0.0181
57 58 0.008
59 58 0.0101
60 58 0.008
58 59 0.0101
60 59 0.004
319 59 0.004
58 60 0.008
59 60 0.004
61 60 0.002
60 61 0.002
438 61 0.002
54 62 0.008
63 62 0.008
62 63 0.008
64 63 0.006
66 63 0.0121
63 64 0.006
65 64 0.006
458 64 0.0101
64 65 0.006
445 65 0.008
458 65 0.0121
49 66 0.0221
63 66 0.0121
152 66 0.004
454 66 0.002
57 69 0.0181
70 69 0.0101
78 69 0.006
69 70 0.0101
72 70 0.0141
760 70 0.0262
313 71 0.0221
319 71 0.0181
760 71 0.0262
70 72 0.0141
74 72 0.0141
72 74 0.0141
76 74 0.0141
74 76 0.0141
82 76 0.0141
69 78 0.006
79 78 0.0141
98 78 0.006
78 79 0.0141
80 79 0.004
158 79 0.0201
79 80 0.004
81 80 0.004
80 81 0.004
322 81 0.004
325 81 0.0101
76 82 0.0141
83 82 0.0141
82 83 0.0141
316 83 0.0201
320 83 0.004
1 85 0.0101
86 85 0.0101
757 85 0.006
85 86 0.0101
87 86 0.008
170 86 0.0101
757 86 0.0161
758 86 0.0101
86 87 0.008
88 87 0.0141
92 87 0.0101
98 87 0.0121
87 88 0.0141
160 88 0.0141
90 89 0.006
93 89 0.008
758 89 0.004
89 90 0.006
91 90 0.008
96 90 0.0181
97 90 0.004
90 91 0.008
92 91 0.004
162 91 0.0101
87 92 0.0101
91 92 0.004
259 92 0.0121
89 93 0.008
94 93 0.004
96 93 0.006
93 94 0.004
95 94 0.0101
167 94 0.008
94 95 0.0101
170 95 0.004
247 95 0.008
90 96 0.0181
93 96 0.006
97 96 0.0221
165 96 0.0101
90 97 0.004
96 97 0.0221
163 97 0.0161
78 98 0.006
87 98 0.0121
158 98 0.0201
1 99 0.0121
100 99 0.0101
126 99 0.008
99 100 0.0101
101 100 0.0141
120 100 0.002
1 101 0.008
100 101 0.0141
115 101 0.008
1 102 0.006
103 102 0.0121
118 102 0.008
102 103 0.0121
109 103 0.0101
112 103 0.0121
1 105 0.008
106 105 0.0121
128 105 0.0101
105 106 0.0121
107 106 0.0101
126 106 0.008
106 107 0.0101
108 107 0.004
128 107 0.008
107 108 0.004
173 108 0.0121
178 108 0.006
103 109 0.0101
110 109 0.0161
230 109 0.0161
109 110 0.0161
111 110 0.0241
597 110 0.006
110 111 0.0241
183 111 0.0302
756 111 0.004
103 112 0.0121
113 112 0.0141
204 112 0.0121
112 113 0.0141
114 113 0.008
117 113 0.006
205 113 0.0161
113 114 0.008
211 114 0.0121
214 114 0.006
101 115 0.008
116 115 0.0121
122 115 0.0181
115 116 0.0121
117 116 0.0181
118 116 0.008
113 117 0.006
116 117 0.0181
218 117 0.004
220 117 0.0161
102 118 0.008
116 118 0.008
100 120 0.002
121 120 0.002
122 120 0.006
120 121 0.002
234 121 0.008
235 121 0.004
115 122 0.0181
120 122 0.006
123 122 0.0221
234 122 0.0101
122 123 0.0221
124 123 0.0141
226 123 0.006
123 124 0.0141
125 124 0.002
220 124 0.0181
124 125 0.002
222 125 0.002
99 126 0.008
106 126 0.008
105 128 0.0101
107 128 0.008
129 128 0.004
128 129 0.004
171 129 0.008
757 129 0.0101
23 130 0.0362
131 130 0.0282
132 130 0.0221
25 131 0.0101
130 131 0.0282
143 131 0.0161
130 132 0.0221
514 132 0.0141
516 132 0.006
42 135 0.0121
136 135 0.0121
135 136 0.0121
137 136 0.0101
138 136 0.0201
136 137 0.0101
480 137 0.0101
136 138 0.0201
148 138 0.0201
151 138 0.0181
42 139 0.0101
147 139 0.0101
43 141 0.006
142 141 0.006
141 142 0.006
523 142 0.0121
524 142 0.004
131 143 0.0161
517 143 0.006
519 143 0.008
139 147 0.0101
148 147 0.0101
138 148 0.0201
147 148 0.0101
149 148 0.008
148 149 0.008
495 149 0.008
138 151 0.0181
486 151 0.008
495 151 0.008
49 152 0.0241
66 152 0.004
153 152 0.0181
51 153 0.008
152 153 0.0181
154 153 0.008
153 154 0.008
155 154 0.0101
452 154 0.008
154 155 0.0101
455 155 0.004
456 155 0.004
480 156 0.0101
486 156 0.008
79 158 0.0201
98 158 0.0201
88 160 0.0141
271 160 0.0121
326 160 0.0161
91 162 0.0101
253 162 0.0302
260 162 0.0262
97 163 0.0161
164 163 0.0181
248 163 0.0201
163 164 0.0181
253 164 0.0181
96 165 0.0101
168 165 0.0101
94 167 0.008
168 167 0.0101
169 167 0.0161
165 168 0.0101
167 168 0.0101
243 168 0.008
248 168 0.008
167 169 0.0161
245 169 0.0141
246 169 0.0121
86 170 0.0101
95 170 0.004
171 170 0.008
129 171 0.008
170 171 0.008
108 173 0.0121
174 173 0.0181
247 173 0.008
173 174 0.0181
175 174 0.006
176 174 0.008
179 174 0.0121
174 175 0.006
241 175 0.006
174 176 0.008
179 176 0.004
181 176 0.002
108 178 0.006
179 178 0.006
174 179 0.0121
176 179 0.004
178 179 0.006
176 181 0.002
224 181 0.002
111 183 0.0302
193 183 0.006
195 183 0.0282
756 183 0.0241
185 184 0.0221
188 184 0.0141
573 184 0.0101
756 184 0.0181
184 185 0.0221
186 185 0.0141
589 185 0.006
185 186 0.0141
187 186 0.0101
189 186 0.0262
186 187 0.0101
579 187 0.0101
184 188 0.0141
189 188 0.008
574 188 0.004
186 189 0.0262
188 189 0.008
190 189 0.0161
189 190 0.0161
191 190 0.0201
751 190 0.002
190 191 0.0201
192 191 0.0262
751 191 0.004
191 192 0.0262
567 192 0.0201
751 192 0.0121
183 193 0.006
196 193 0.006
183 195 0.0282
196 195 0.0181
568 195 0.008
193 196 0.006
195 196 0.0181
569 196 0.0101
112 204 0.0121
205 204 0.0121
230 204 0.0101
113 205 0.0161
204 205 0.0121
206 205 0.006
216 205 0.006
205 206 0.006
207 206 0.0121
230 206 0.0161
206 207 0.0121
208 207 0.0221
210 207 0.006
746 207 0.0121
207 208 0.0221
209 208 0.0221
208 209 0.0221
274 209 0.008
275 209 0.0121
207 210 0.006
212 210 0.004
274 210 0.0121
114 211 0.0121
212 211 0.004
216 211 0.006
210 212 0.004
211 212 0.004
213 212 0.0101
212 213 0.0101
215 213 0.0121
274 213 0.0121
114 214 0.006
215 214 0.006
213 215 0.0121
214 215 0.006
229 215 0.008
205 216 0.006
211 216 0.006
117 218 0.004
219 218 0.004
218 219 0.004
229 219 0.002
274 219 0.008
117 220 0.0161
124 220 0.0181
274 220 0.0121
125 222 0.002
223 222 0.008
274 222 0.004
222 223 0.008
224 223 0.002
274 223 0.0121
181 224 0.002
223 224 0.002
274 224 0.006
123 226 0.006
234 226 0.006
215 229 0.008
219 229 0.002
274 229 0.0121
109 230 0.0161
204 230 0.0101
206 230 0.0161
121 234 0.008
122 234 0.0101
226 234 0.006
235 234 0.004
121 235 0.004
234 235 0.004
175 241 0.006
245 241 0.006
168 243 0.008
244 243 0.008
243 244 0.008
245 244 0.008
169 245 0.0141
241 245 0.006
244 245 0.008
246 245 0.0121
169 246 0.0121
245 246 0.0121
247 246 0.0141
95 247 0.008
173 247 0.008
246 247 0.0141
163 248 0.0201
168 248 0.008
249 248 0.0101
248 249 0.0101
251 249 0.0101
249 251 0.0101
268 251 0.0101
162 253 0.0302
164 253 0.0181
254 253 0.0101
253 254 0.0101
256 254 0.0101
254 256 0.0101
270 256 0.0101
92 259 0.0121
261 259 0.008
326 259 0.0141
162 260 0.0262
261 260 0.0141
270 260 0.0101
259 261 0.008
260 261 0.0141
262 261 0.002
329 261 0.0201
436 261 0.0101
261 262 0.002
263 262 0.0181
329 262 0.0221
262 263 0.0181
264 263 0.0181
263 264 0.0181
265 264 0.0181
264 265 0.0181
266 265 0.0101
406 265 0.006
265 266 0.0101
378 266 0.0101
268 267 0.0221
344 267 0.0101
378 267 0.0101
251 268 0.0101
267 268 0.0221
353 268 0.0101
256 270 0.0101
260 270 0.0101
160 271 0.0121
272 271 0.0121
271 272 0.0121
273 272 0.0121
340 272 0.0101
272 273 0.0121
340 273 0.004
341 273 0.006
209 274 0.008
210 274 0.0121
213 274 0.0121
219 274 0.008
220 274 0.0121
222 274 0.004
223 274 0.0121
224 274 0.006
229 274 0.0121
209 275 0.0121
276 275 0.004
669 275 0.006
275 276 0.004
664 276 0.004
1 281 0.0201
282 281 0.0262
295 281 0.008
281 282 0.0262
284 282 0.0262
282 284 0.0262
286 284 0.0262
284 286 0.0262
287 286 0.0141
290 286 0.008
295 286 0.0121
286 287 0.0141
288 287 0.0141
287 288 0.0141
289 288 0.0141
288 289 0.0141
294 289 0.0141
286 290 0.008
291 290 0.0121
299 290 0.0141
290 291 0.0121
302 291 0.0121
305 292 0.004
306 292 0.004
289 294 0.0141
559 294 0.0141
281 295 0.008
286 295 0.0121
296 295 0.006
295 296 0.006
298 296 0.0101
299 296 0.0141
296 298 0.0101
550 298 0.0101
290 299 0.0141
296 299 0.0141
301 299 0.008
303 299 0.008
299 301 0.008
550 301 0.008
291 302 0.0121
303 302 0.0121
299 303 0.008
302 303 0.0121
590 303 0.002
292 305 0.004
306 305 0.004
292 306 0.004
305 306 0.004
71 313 0.0221
314 313 0.0221
439 313 0.0141
313 314 0.0221
315 314 0.0221
314 315 0.0221
316 315 0.0141
443 315 0.006
83 316 0.0201
315 316 0.0141
320 316 0.004
396 318 0.004
439 318 0.006
443 318 0.0121
59 319 0.004
71 319 0.0181
437 319 0.0141
438 319 0.0121
83 320 0.004
316 320 0.004
321 320 0.004
364 320 0.004
320 321 0.004
364 321 0.004
81 322 0.004
325 322 0.0141
339 322 0.008
81 325 0.0101
322 325 0.0141
339 325 0.002
160 326 0.0161
259 326 0.0141
327 326 0.0121
326 327 0.0121
328 327 0.0101
435 327 0.008
436 327 0.0101
327 328 0.0101
335 328 0.0221
435 328 0.0181
261 329 0.0201
262 329 0.0221
436 329 0.0121
405 333 0.006
435 333 0.006
328 335 0.0221
341 335 0.006
394 335 0.0141
322 339 0.008
325 339 0.002
340 339 0.004
272 340 0.0101
273 340 0.004
339 340 0.004
273 341 0.006
335 341 0.006
267 344 0.0101
348 344 0.0101
344 348 0.0101
349 348 0.008
372 348 0.0201
348 349 0.008
350 349 0.008
349 350 0.008
373 350 0.006
374 350 0.0161
268 353 0.0101
389 353 0.0101
320 364 0.004
321 364 0.004
348 372 0.0201
375 372 0.0181
376 372 0.0201
350 373 0.006
382 373 0.006
350 374 0.0161
381 374 0.008
382 374 0.006
372 375 0.0181
381 375 0.008
392 375 0.008
372 376 0.0201
393 376 0.0141
407 376 0.0161
266 378 0.0101
267 378 0.0101
374 381 0.008
375 381 0.008
373 382 0.006
374 382 0.006
353 389 0.0101
407 389 0.0101
375 392 0.008
393 392 0.008
376 393 0.0141
392 393 0.008
411 393 0.004
335 394 0.0141
395 394 0.008
405 394 0.0241
394 395 0.008
403 395 0.008
318 396 0.004
443 396 0.004
395 403 0.008
406 403 0.008
333 405 0.006
394 405 0.0241
406 405 0.0161
265 406 0.006
403 406 0.008
405 406 0.0161
376 407 0.0161
389 407 0.0101
411 407 0.004
393 411 0.004
407 411 0.004
327 435 0.008
328 435 0.0181
333 435 0.006
436 435 0.0121
261 436 0.0101
327 436 0.0101
329 436 0.0121
435 436 0.0121
319 437 0.0141
439 437 0.006
440 437 0.006
61 438 0.002
319 438 0.0121
440 438 0.008
313 439 0.0141
318 439 0.006
437 439 0.006
437 440 0.006
438 440 0.008
315 443 0.006
318 443 0.0121
396 443 0.004
65 445 0.008
462 445 0.006
48 448 0.0201
49 448 0.0221
56 448 0.0241
154 452 0.008
454 452 0.008
455 452 0.0101
47 453 0.008
467 453 0.006
468 453 0.0161
66 454 0.002
452 454 0.008
455 454 0.004
155 455 0.004
452 455 0.0101
454 455 0.004
155 456 0.004
458 456 0.004
64 458 0.0101
65 458 0.0121
456 458 0.004
459 458 0.006
458 459 0.006
462 459 0.006
41 461 0.008
467 461 0.0121
468 461 0.0101
445 462 0.006
459 462 0.006
42 467 0.004
453 467 0.006
461 467 0.0121
32 468 0.004
453 468 0.0161
461 468 0.0101
137 480 0.0101
156 480 0.0101
151 486 0.008
156 486 0.008
149 495 0.008
151 495 0.008
132 514 0.0141
559 514 0.0141
132 516 0.006
517 516 0.0121
527 516 0.004
143 517 0.006
516 517 0.0121
527 517 0.004
46 519 0.008
143 519 0.008
27 523 0.006
142 523 0.0121
524 523 0.004
142 524 0.004
523 524 0.004
516 527 0.004
517 527 0.004
298 550 0.0101
301 550 0.008
294 559 0.0141
514 559 0.0141
192 567 0.0201
572 567 0.0221
755 567 0.008
195 568 0.008
597 568 0.006
196 569 0.0101
589 569 0.0101
752 571 0.004
755 571 0.004
567 572 0.0221
575 572 0.0161
755 572 0.004
184 573 0.0101
574 573 0.004
746 573 0.004
188 574 0.004
573 574 0.004
572 575 0.0161
576 575 0.0342
631 575 0.0282
575 576 0.0342
637 576 0.0221
640 576 0.0101
187 579 0.0101
581 579 0.0101
579 581 0.0101
582 581 0.0121
640 581 0.0241
581 582 0.0121
621 582 0.0121
185 589 0.006
569 589 0.0101
590 589 0.002
303 590 0.002
589 590 0.002
110 597 0.006
568 597 0.006
606 605 0.0101
607 605 0.0101
605 606 0.0101
613 606 0.0101
605 607 0.0101
609 607 0.0101
607 609 0.0101
614 609 0.0101
606 613 0.0101
614 613 0.0101
609 614 0.0101
613 614 0.0101
582 621 0.0121
654 621 0.0121
575 631 0.0282
632 631 0.0201
637 631 0.006
631 632 0.0201
635 632 0.0201
632 635 0.0201
668 635 0.0201
576 637 0.0221
631 637 0.006
638 637 0.0141
637 638 0.0141
639 638 0.0141
638 639 0.0141
698 639 0.0141
576 640 0.0101
581 640 0.0241
642 640 0.0121
640 642 0.0121
652 642 0.0121
642 652 0.0121
654 652 0.0121
621 654 0.0121
652 654 0.0121
276 664 0.004
668 664 0.004
667 666 0.004
676 666 0.004
666 667 0.004
676 667 0.004
635 668 0.0201
664 668 0.004
680 668 0.0141
275 669 0.006
747 669 0.006
666 676 0.004
667 676 0.004
668 680 0.0141
698 680 0.0141
639 698 0.0141
680 698 0.0141
207 746 0.0121
573 746 0.004
747 746 0.006
669 747 0.006
746 747 0.006
190 751 0.002
191 751 0.004
192 751 0.0121
752 751 0.002
571 752 0.004
751 752 0.002
755 752 0.008
567 755 0.008
571 755 0.004
572 755 0.004
752 755 0.008
111 756 0.004
183 756 0.0241
184 756 0.0181
85 757 0.006
86 757 0.0161
129 757 0.0101
758 757 0.004
86 758 0.0101
89 758 0.004
757 758 0.004
70 760 0.0262
71 760 0.0262
