3 2 0.0625
10 2 0.0625
2 3 0.0625
4 3 0.0875
19 3 0.0188
3 4 0.0875
5 4 0.1062
6 4 0.0625
8 4 0.0438
4 5 0.1062
45 5 0.0375
54 5 0.0625
4 6 0.0625
7 6 0.0625
6 7 0.0625
35 7 0.0625
4 8 0.0438
19 8 0.0438
2 10 0.0625
11 10 0.0625
10 11 0.0625
78 11 0.0625
3 19 0.0188
8 19 0.0438
20 19 0.05
24 19 0.025
28 19 0.0438
19 20 0.05
21 20 0.025
29 20 0.0188
20 21 0.025
389 21 0.025
19 24 0.025
26 24 0.0438
27 24 0.0125
24 26 0.0438
27 26 0.0125
396 26 0.025
24 27 0.0125
26 27 0.0125
19 28 0.0438
29 28 0.0438
20 29 0.0188
28 29 0.0438
30 29 0.0188
29 30 0.0188
379 30 0.0188
7 35 0.0625
40 35 0.0188
336 35 0.0375
35 40 0.0188
41 40 0.0375
380 40 0.0625
40 41 0.0375
42 41 0.0375
41 42 0.0375
368 42 0.0375
5 45 0.0375
46 45 0.075
47 45 0.0312
45 46 0.075
332 46 0.075
45 47 0.0312
49 47 0.0312
47 49 0.0312
50 49 0.05
61 49 0.0125
49 50 0.05
51 50 0.0312
61 50 0.0125
50 51 0.0312
60 51 0.0312
5 54 0.0625
55 54 0.0625
54 55 0.0625
56 55 0.0812
99 55 0.0125
55 56 0.0812
57 56 0.0625
99 56 0.0125
56 57 0.0625
58 57 0.0625
74 57 0.1
311 57 0.025
57 58 0.0625
62 58 0.025
66 58 0.0312
51 60 0.0312
328 60 0.0125
332 60 0.05
49 61 0.0125
50 61 0.0125
58 62 0.025
64 62 0.025
62 64 0.025
310 64 0.025
58 66 0.0312
67 66 0.0188
71 66 0.0562
66 67 0.0188
308 67 0.0188
66 71 0.0562
72 71 0.075
307 71 0.0125
71 72 0.075
307 72 0.075
57 74 0.1
75 74 0.0312
77 74 0.0625
74 75 0.0312
76 75 0.0312
75 76 0.0312
287 76 0.0188
306 76 0.0562
74 77 0.0625
256 77 0.0625
11 78 0.0625
79 78 0.0938
101 78 0.025
78 79 0.0938
80 79 0.0938
79 80 0.0938
105 80 0.025
258 80 0.0625
85 84 0.025
87 84 0.0125
89 84 0.0062
84 85 0.025
87 85 0.025
84 87 0.0125
85 87 0.025
89 87 0.0062
84 89 0.0062
87 89 0.0062
55 99 0.0125
56 99 0.0125
78 101 0.025
102 101 0.0438
103 101 0.0125
101 102 0.0438
103 102 0.0125
105 102 0.025
101 103 0.0125
102 103 0.0125
80 105 0.025
102 105 0.025
132 131 0.0312
135 131 0.0312
131 132 0.0312
133 132 0.0312
132 133 0.0312
134 133 0.0312
133 134 0.0312
136 134 0.0312
131 135 0.0312
136 135 0.0312
134 136 0.0312
135 136 0.0312
140 139 0.0062
141 139 0.0062
139 140 0.0062
141 140 0.025
211 140 0.0125
139 141 0.0062
140 141 0.025
211 141 0.0125
163 162 0.0188
165 162 0.0188
162 163 0.0188
166 163 0.0188
162 165 0.0188
166 165 0.075
167 165 0.05
163 166 0.0188
165 166 0.075
474 166 0.05
165 167 0.05
171 167 0.05
167 171 0.05
173 171 0.05
171 173 0.05
174 173 0.05
173 174 0.05
175 174 0.05
174 175 0.05
176 175 0.0812
179 175 0.025
175 176 0.0812
178 176 0.0812
176 178 0.0812
483 178 0.05
491 178 0.025
175 179 0.025
491 179 0.025
198 197 0.0125
200 197 0.0125
197 198 0.0125
200 198 0.0125
197 200 0.0125
198 200 0.0125
203 202 0.0188
205 202 0.0188
202 203 0.0188
207 203 0.0188
202 205 0.0188
207 205 0.0188
203 207 0.0188
205 207 0.0188
140 211 0.0125
141 211 0.0125
229 228 0.0125
232 228 0.0125
228 229 0.0125
230 229 0.0125
232 229 0.0312
229 230 0.0125
234 230 0.0125
228 232 0.0125
229 232 0.0312
233 232 0.0125
232 233 0.0125
234 233 0.0375
236 233 0.0188
230 234 0.0125
233 234 0.0375
239 234 0.0188
233 236 0.0188
237 236 0.0062
239 236 0.0312
236 237 0.0062
239 237 0.0062
234 239 0.0188
236 239 0.0312
237 239 0.0062
77 256 0.0625
258 256 0.0625
80 258 0.0625
256 258 0.0625
76 287 0.0188
298 287 0.0188
287 298 0.0188
299 298 0.0125
301 298 0.0125
306 298 0.0188
298 299 0.0125
301 299 0.0125
298 301 0.0125
299 301 0.0125
76 306 0.0562
298 306 0.0188
307 306 0.0312
71 307 0.0125
72 307 0.075
306 307 0.0312
308 307 0.0188
67 308 0.0188
307 308 0.0188
64 310 0.025
311 310 0.025
57 311 0.025
310 311 0.025
60 328 0.0125
329 328 0.0125
328 329 0.0125
330 329 0.0188
332 329 0.0375
329 330 0.0188
333 330 0.0188
46 332 0.075
60 332 0.05
329 332 0.0375
333 332 0.0625
330 333 0.0188
332 333 0.0625
336 333 0.0375
35 336 0.0375
333 336 0.0375
350 349 0.0188
352 349 0.0188
349 350 0.0188
353 350 0.0188
349 352 0.0188
353 352 0.0188
350 353 0.0188
352 353 0.0188
42 368 0.0375
370 368 0.0375
368 370 0.0375
371 370 0.0125
373 370 0.0125
381 370 0.0375
370 371 0.0125
373 371 0.0125
370 373 0.0125
371 373 0.0125
30 379 0.0188
380 379 0.0188
40 380 0.0625
379 380 0.0188
381 380 0.0375
370 381 0.0375
380 381 0.0375
21 389 0.025
392 389 0.025
389 392 0.025
394 392 0.0125
396 392 0.0438
392 394 0.0125
396 394 0.0125
26 396 0.025
392 396 0.0438
394 396 0.0125
166 474 0.05
484 474 0.05
178 483 0.05
484 483 0.05
474 484 0.05
483 484 0.05
178 491 0.025
179 491 0.025
