2 1 0.0088
57 1 0.0111
58 1 0.0032
70 1 0.0048
99 1 0.0119
196 1 0.0096
197 1 0.0016
211 1 0.0104
212 1 0.0016
242 1 0.0024
285 1 0.0032
391 1 0.004
395 1 0.0032
400 1 0.0016
402 1 0.004
448 1 0.0016
457 1 0.0008
459 1 0.0016
466 1 0.0008
472 1 0.004
473 1 0.0016
498 1 0.0024
506 1 0.0008
558 1 0.0016
692 1 0.0048
715 1 0.0016
716 1 0.0032
733 1 0.0024
788 1 0.004
795 1 0.0104
809 1 0.0032
818 1 0.0096
821 1 0.0024
967 1 0.004
968 1 0.0032
969 1 0.0048
1645 1 0.0088
1646 1 0.0024
1648 1 0.0088
1 2 0.0088
3 2 0.0127
491 2 0.008
2 3 0.0127
4 3 0.0096
819 3 0.0024
3 4 0.0096
5 4 0.0119
474 4 0.0032
4 5 0.0119
6 5 0.0111
27 5 0.0096
5 6 0.0111
7 6 0.0024
17 6 0.0072
647 6 0.0064
6 7 0.0024
8 7 0.0016
497 7 0.0048
7 8 0.0016
186 8 0.0016
190 12 0.004
647 12 0.0064
649 12 0.0111
653 13 0.0111
938 13 0.0024
1054 13 0.008
15 14 0.0048
938 14 0.0056
943 14 0.0111
14 15 0.0048
1093 15 0.0048
6 17 0.0072
18 17 0.0072
17 18 0.0072
22 18 0.0072
18 22 0.0072
23 22 0.0024
25 22 0.0104
22 23 0.0024
26 23 0.0024
22 25 0.0104
26 25 0.0104
23 26 0.0024
25 26 0.0104
1121 26 0.0072
5 27 0.0096
28 27 0.0008
475 27 0.0111
27 28 0.0008
29 28 0.0048
991 28 0.0064
28 29 0.0048
30 29 0.0064
481 29 0.0119
29 30 0.0064
35 30 0.0064
32 31 0.0064
35 31 0.0119
39 31 0.0111
31 32 0.0064
33 32 0.008
141 32 0.0088
32 33 0.008
34 33 0.0064
1171 33 0.004
33 34 0.0064
1177 34 0.0008
1182 34 0.0048
30 35 0.0064
31 35 0.0119
36 35 0.0024
140 35 0.0064
35 36 0.0024
37 36 0.0024
36 37 0.0024
38 37 0.0016
39 37 0.0048
37 38 0.0016
1166 38 0.0016
31 39 0.0111
37 39 0.0048
40 39 0.0104
39 40 0.0104
1132 40 0.0111
1172 40 0.0064
1171 41 0.0016
1172 41 0.004
1173 41 0.0016
43 42 0.0167
57 42 0.0111
130 42 0.0127
459 42 0.004
42 43 0.0167
44 43 0.0191
458 43 0.0096
43 44 0.0191
45 44 0.0167
458 44 0.0016
44 45 0.0167
46 45 0.0167
669 45 0.0119
45 46 0.0167
47 46 0.0167
46 47 0.0167
48 47 0.0096
927 47 0.0111
47 48 0.0096
49 48 0.0096
48 49 0.0096
50 49 0.0096
49 50 0.0096
51 50 0.0096
147 50 0.004
50 51 0.0096
52 51 0.0135
550 51 0.0032
51 52 0.0135
53 52 0.0056
547 52 0.0104
52 53 0.0056
54 53 0.0072
1228 53 0.0056
53 54 0.0072
55 54 0.0096
546 54 0.0016
54 55 0.0096
56 55 0.0048
546 55 0.004
55 56 0.0048
516 56 0.0048
1219 56 0.0024
1 57 0.0111
42 57 0.0111
1 58 0.0032
59 58 0.0056
987 58 0.0016
58 59 0.0056
60 59 0.0064
987 59 0.0048
59 60 0.0064
61 60 0.0032
452 60 0.0024
60 61 0.0032
62 61 0.008
911 61 0.0119
61 62 0.008
63 62 0.008
904 62 0.0056
62 63 0.008
64 63 0.0072
124 63 0.0048
63 64 0.0072
118 64 0.0016
509 64 0.0048
1 70 0.0048
71 70 0.0072
1639 70 0.0032
70 71 0.0072
445 71 0.008
446 71 0.004
448 71 0.0032
73 72 0.0024
390 72 0.004
444 72 0.0064
445 72 0.008
72 73 0.0024
74 73 0.004
680 73 0.004
73 74 0.004
75 74 0.0032
91 74 0.004
1047 74 0.0032
74 75 0.0032
76 75 0.004
1048 75 0.0048
75 76 0.004
77 76 0.0088
423 76 0.004
76 77 0.0088
78 77 0.0088
129 77 0.0056
77 78 0.0088
425 78 0.0056
977 78 0.0024
80 79 0.0064
519 79 0.0064
79 80 0.0064
81 80 0.0064
80 81 0.0064
536 81 0.0064
83 82 0.0064
536 82 0.0064
82 83 0.0064
84 83 0.0064
83 84 0.0064
85 84 0.0064
84 85 0.0064
519 85 0.0064
74 91 0.004
420 91 0.0016
680 91 0.0032
114 92 0.0032
420 92 0.0032
94 93 0.0048
98 93 0.0048
93 94 0.0048
916 94 0.0048
96 95 0.0048
917 95 0.0048
95 96 0.0048
98 96 0.0048
93 98 0.0048
96 98 0.0048
1 99 0.0119
100 99 0.0119
99 100 0.0119
910 100 0.0024
911 100 0.0151
910 101 0.0024
911 101 0.0024
105 104 0.0032
447 104 0.004
104 105 0.0032
106 105 0.0032
105 106 0.0032
107 106 0.004
444 106 0.008
106 107 0.004
108 107 0.004
107 108 0.004
109 108 0.004
108 109 0.004
110 109 0.004
109 110 0.004
111 110 0.0072
901 110 0.0024
110 111 0.0072
112 111 0.004
433 111 0.0008
442 111 0.0104
111 112 0.004
113 112 0.0024
441 112 0.004
112 113 0.0024
114 113 0.0032
422 113 0.0048
433 113 0.0008
92 114 0.0032
113 114 0.0032
64 118 0.0016
124 118 0.0016
124 123 0.0024
903 123 0.0048
904 123 0.0016
63 124 0.0048
118 124 0.0016
123 124 0.0024
127 126 0.0096
390 126 0.0064
406 126 0.0024
1642 126 0.0072
126 127 0.0096
128 127 0.0072
150 127 0.0104
390 127 0.0016
1046 127 0.004
127 128 0.0072
129 128 0.0056
169 128 0.0072
77 129 0.0056
128 129 0.0056
42 130 0.0127
131 130 0.0048
132 130 0.0072
130 131 0.0048
923 131 0.0088
984 131 0.0032
130 132 0.0072
133 132 0.0032
979 132 0.0032
132 133 0.0032
134 133 0.0032
133 134 0.0032
135 134 0.0032
134 135 0.0032
509 135 0.0032
35 140 0.0064
141 140 0.0088
669 140 0.008
32 141 0.0088
140 141 0.0088
50 147 0.004
148 147 0.0016
1237 147 0.0016
147 148 0.0016
1233 148 0.0016
127 150 0.0104
678 150 0.0104
152 151 0.0111
163 151 0.0096
678 151 0.0104
151 152 0.0111
153 152 0.0111
152 153 0.0111
1038 153 0.0111
155 154 0.0088
1039 154 0.0088
154 155 0.0088
156 155 0.0088
155 156 0.0088
157 156 0.0127
631 156 0.0032
156 157 0.0127
158 157 0.0048
160 157 0.0032
888 157 0.0032
157 158 0.0048
159 158 0.0024
168 158 0.0016
1249 158 0.0104
158 159 0.0024
1250 159 0.0024
157 160 0.0032
161 160 0.0032
160 161 0.0032
1272 161 0.0032
1272 162 0.004
1283 162 0.004
151 163 0.0096
164 163 0.008
417 163 0.0072
163 164 0.008
165 164 0.0048
419 164 0.0024
164 165 0.0048
530 165 0.0016
1041 165 0.0072
167 166 0.0024
168 166 0.008
1041 166 0.0048
166 167 0.0024
1245 167 0.0024
158 168 0.0016
166 168 0.008
1266 168 0.0104
128 169 0.0072
419 169 0.004
682 169 0.0024
171 170 0.0024
174 170 0.0056
682 170 0.0024
170 171 0.0024
172 171 0.0008
175 171 0.004
171 172 0.0008
175 172 0.0008
170 174 0.0056
175 174 0.0024
977 174 0.0024
171 175 0.004
172 175 0.0008
174 175 0.0024
179 178 0.0064
185 178 0.0024
793 178 0.008
800 178 0.004
178 179 0.0064
791 179 0.0056
823 179 0.0064
181 180 0.0072
353 180 0.0032
824 180 0.0032
180 181 0.0072
182 181 0.0032
183 181 0.0032
181 182 0.0032
190 182 0.0008
1054 182 0.0072
1599 182 0.0016
181 183 0.0032
355 183 0.0032
1594 184 0.0024
1636 184 0.0024
178 185 0.0024
186 185 0.0016
187 185 0.0048
8 186 0.0016
185 186 0.0016
185 187 0.0048
188 187 0.008
948 187 0.0024
187 188 0.008
191 188 0.0056
662 188 0.0056
663 188 0.008
663 189 0.0048
946 189 0.0024
947 189 0.008
12 190 0.004
182 190 0.0008
1054 190 0.0056
188 191 0.0056
799 191 0.0048
800 191 0.0048
352 192 0.0111
636 192 0.0048
826 192 0.0056
636 193 0.0096
639 193 0.0072
1587 193 0.0016
350 194 0.0048
641 194 0.0048
1 196 0.0096
583 196 0.0175
613 196 0.0199
1 197 0.0016
198 197 0.0016
613 197 0.0159
619 197 0.0159
197 198 0.0016
892 198 0.0016
617 199 0.0127
880 199 0.0127
591 200 0.0048
880 200 0.0143
1028 200 0.0088
206 201 0.004
604 201 0.004
1028 201 0.0088
608 202 0.004
1331 202 0.004
201 206 0.004
1305 206 0.004
1 211 0.0104
212 211 0.0111
1 212 0.0016
211 212 0.0111
223 212 0.0088
687 212 0.0072
214 213 0.0048
220 213 0.0024
688 213 0.0048
213 214 0.0048
215 214 0.004
217 214 0.0127
581 214 0.004
589 214 0.0151
214 215 0.004
216 215 0.0032
1333 215 0.0048
215 216 0.0032
1341 216 0.0016
1344 216 0.0008
214 217 0.0127
218 217 0.0127
217 218 0.0127
1324 218 0.0127
1022 219 0.0111
1324 219 0.0127
1344 219 0.0008
213 220 0.0024
221 220 0.0056
1337 220 0.0024
220 221 0.0056
222 221 0.0024
1338 221 0.0056
221 222 0.0024
226 222 0.0016
227 222 0.0048
212 223 0.0088
231 223 0.0024
235 223 0.0056
580 223 0.0048
225 224 0.0032
235 224 0.0056
687 224 0.0048
224 225 0.0032
226 225 0.0032
222 226 0.0016
225 226 0.0032
227 226 0.0064
229 226 0.0048
222 227 0.0048
226 227 0.0064
228 227 0.004
227 228 0.004
1352 228 0.004
1372 228 0.0032
226 229 0.0048
230 229 0.0064
239 229 0.0008
229 230 0.0064
240 230 0.0064
1356 230 0.0056
223 231 0.0024
316 231 0.0008
1013 231 0.004
240 232 0.0088
312 232 0.0143
316 232 0.0159
1013 232 0.0104
234 233 0.0072
313 233 0.0072
870 233 0.0056
233 234 0.0072
863 234 0.0008
865 234 0.0064
1371 234 0.0008
1379 234 0.008
223 235 0.0056
224 235 0.0056
239 238 0.0032
1011 238 0.0032
229 239 0.0008
238 239 0.0032
240 239 0.0048
230 240 0.0064
232 240 0.0088
239 240 0.0048
1 242 0.0024
286 242 0.004
1648 242 0.004
244 243 0.0032
288 243 0.008
831 243 0.0016
1648 243 0.0032
243 244 0.0032
700 244 0.0032
829 244 0.0008
1648 244 0.0008
246 245 0.0024
272 245 0.0104
695 245 0.0056
701 245 0.0135
245 246 0.0024
247 246 0.0119
842 246 0.0016
1055 246 0.0127
246 247 0.0119
248 247 0.0104
842 247 0.0072
247 248 0.0104
249 248 0.0072
844 248 0.0024
248 249 0.0072
250 249 0.0072
249 250 0.0072
268 250 0.0096
271 250 0.0016
252 251 0.0191
258 251 0.0032
259 251 0.0191
696 251 0.0096
697 251 0.004
251 252 0.0191
258 252 0.0024
568 252 0.0016
570 252 0.0016
709 252 0.0127
317 253 0.0032
712 253 0.0119
962 253 0.008
255 254 0.0167
314 254 0.0143
963 254 0.008
254 255 0.0167
307 255 0.0064
1018 255 0.0096
257 256 0.0096
1018 256 0.0096
256 257 0.0096
298 257 0.0119
305 257 0.0016
251 258 0.0032
252 258 0.0024
717 258 0.0016
251 259 0.0191
698 259 0.0032
699 259 0.0183
261 260 0.0167
846 260 0.0016
1055 260 0.0191
260 261 0.0167
262 261 0.0127
318 261 0.0032
261 262 0.0127
263 262 0.0127
262 263 0.0127
264 263 0.0127
263 264 0.0127
1390 264 0.0016
1432 264 0.004
1435 264 0.0104
250 268 0.0096
269 268 0.0111
270 268 0.0056
268 269 0.0111
1478 269 0.0016
1487 269 0.0135
268 270 0.0056
1430 270 0.0016
1437 270 0.0032
250 271 0.0016
1530 271 0.0016
245 272 0.0104
273 272 0.0104
272 273 0.0104
277 273 0.0104
1534 275 0.0016
1535 275 0.0016
273 277 0.0104
278 277 0.0104
277 278 0.0104
837 278 0.0024
1006 278 0.0135
280 279 0.0151
833 279 0.004
1008 279 0.0104
279 280 0.0151
281 280 0.0104
375 280 0.004
280 281 0.0104
282 281 0.0104
281 282 0.0104
283 282 0.0104
282 283 0.0104
284 283 0.0104
283 284 0.0104
322 284 0.0104
1 285 0.0032
286 285 0.0032
292 285 0.004
242 286 0.004
285 286 0.0032
1650 286 0.0048
288 287 0.0127
702 287 0.0024
1649 287 0.0143
243 288 0.008
287 288 0.0127
289 288 0.0008
831 288 0.0167
288 289 0.0008
290 289 0.0207
707 289 0.0016
832 289 0.0247
289 290 0.0207
291 290 0.0175
1643 290 0.0024
290 291 0.0175
319 291 0.0104
766 291 0.0064
285 292 0.004
293 292 0.0064
783 292 0.0016
292 293 0.0064
294 293 0.004
783 293 0.0064
293 294 0.004
565 294 0.0016
1643 294 0.0016
297 296 0.0016
749 296 0.0016
296 297 0.0016
749 297 0.0016
257 298 0.0119
299 298 0.0127
305 298 0.0064
863 298 0.0008
298 299 0.0127
300 299 0.0088
1379 299 0.008
299 300 0.0088
301 300 0.004
302 300 0.0064
866 300 0.0064
300 301 0.004
1384 301 0.004
300 302 0.0064
303 302 0.0032
1387 302 0.0024
302 303 0.0032
304 303 0.0032
1389 303 0.0008
303 304 0.0032
1411 304 0.0032
257 305 0.0016
298 305 0.0064
1387 305 0.004
255 307 0.0064
308 307 0.0064
307 308 0.0064
309 308 0.0064
308 309 0.0064
312 309 0.0064
232 312 0.0143
309 312 0.0064
313 312 0.0072
233 313 0.0072
312 313 0.0072
254 314 0.0143
315 314 0.0119
580 314 0.0032
314 315 0.0119
316 315 0.0119
231 316 0.0008
232 316 0.0159
315 316 0.0119
1013 316 0.0016
253 317 0.0032
318 317 0.0032
261 318 0.0032
317 318 0.0032
291 319 0.0104
320 319 0.0104
319 320 0.0104
1064 320 0.0104
322 321 0.0104
367 321 0.0016
1064 321 0.0127
284 322 0.0104
321 322 0.0104
325 324 0.0024
381 324 0.0008
998 324 0.004
324 325 0.0024
1550 325 0.0024
774 327 0.0016
1057 327 0.0016
340 339 0.0024
553 339 0.0111
811 339 0.008
339 340 0.0024
341 340 0.0008
1651 340 0.004
340 341 0.0008
634 341 0.0008
1651 341 0.0024
344 343 0.0024
635 343 0.0024
343 344 0.0024
345 344 0.0024
347 344 0.0056
344 345 0.0024
389 345 0.0024
344 347 0.0056
348 347 0.004
351 347 0.0064
389 347 0.0032
347 348 0.004
349 348 0.0032
348 349 0.0032
350 349 0.0032
194 350 0.0048
349 350 0.0032
351 350 0.0088
347 351 0.0064
350 351 0.0088
352 351 0.008
192 352 0.0111
351 352 0.008
827 352 0.0024
180 353 0.0032
355 353 0.0032
183 355 0.0032
353 355 0.0032
364 363 0.0024
786 363 0.0024
363 364 0.0024
369 364 0.0024
321 367 0.0016
1064 367 0.0016
364 369 0.0024
786 369 0.0024
371 370 0.004
836 370 0.004
370 371 0.004
372 371 0.004
371 372 0.004
373 372 0.0064
375 372 0.0016
372 373 0.0064
375 373 0.0064
280 375 0.004
372 375 0.0016
373 375 0.0064
324 381 0.0008
382 381 0.0008
381 382 0.0008
383 382 0.0032
385 382 0.0048
382 383 0.0032
1547 383 0.0032
382 385 0.0048
386 385 0.0032
388 385 0.0056
385 386 0.0032
387 386 0.0048
998 386 0.004
386 387 0.0048
388 387 0.0032
1541 387 0.004
385 388 0.0056
387 388 0.0032
1546 388 0.0048
345 389 0.0024
347 389 0.0032
72 390 0.004
126 390 0.0064
127 390 0.0016
1 391 0.004
392 391 0.0024
968 391 0.0008
391 392 0.0024
972 392 0.0024
1 395 0.0032
396 395 0.0016
400 395 0.0056
395 396 0.0016
464 396 0.0016
400 399 0.0032
402 399 0.0016
403 399 0.0056
407 399 0.004
1 400 0.0016
395 400 0.0056
399 400 0.0032
1 402 0.004
399 402 0.0016
468 402 0.0032
399 403 0.0056
462 403 0.0056
126 406 0.0024
407 406 0.004
460 406 0.0056
399 407 0.004
406 407 0.004
408 407 0.0072
407 408 0.0072
409 408 0.0056
463 408 0.0056
408 409 0.0056
410 409 0.0032
463 409 0.0016
409 410 0.0032
412 410 0.0032
410 412 0.0032
461 412 0.0032
163 417 0.0072
419 417 0.0072
164 419 0.0024
169 419 0.004
417 419 0.0072
91 420 0.0016
92 420 0.0032
421 420 0.0008
422 420 0.004
420 421 0.0008
424 421 0.0008
113 422 0.0048
420 422 0.004
441 422 0.0016
76 423 0.004
424 423 0.004
421 424 0.0008
423 424 0.004
425 424 0.0056
78 425 0.0056
424 425 0.0056
431 430 0.0016
898 430 0.0016
430 431 0.0016
898 431 0.0016
111 433 0.0008
113 433 0.0008
112 441 0.004
422 441 0.0016
442 441 0.0032
111 442 0.0104
441 442 0.0032
443 442 0.008
442 443 0.008
444 443 0.0088
680 443 0.0016
72 444 0.0064
106 444 0.008
443 444 0.0088
446 444 0.0016
447 444 0.0032
71 445 0.008
72 445 0.008
446 445 0.004
71 446 0.004
444 446 0.0016
445 446 0.004
447 446 0.0016
104 447 0.004
444 447 0.0032
446 447 0.0016
448 447 0.0024
1 448 0.0016
71 448 0.0032
447 448 0.0024
60 452 0.0024
455 452 0.0024
452 455 0.0024
987 455 0.0024
1 457 0.0008
458 457 0.0008
43 458 0.0096
44 458 0.0016
457 458 0.0008
459 458 0.0016
667 458 0.0032
1 459 0.0016
42 459 0.004
458 459 0.0016
406 460 0.0056
461 460 0.0064
1038 460 0.0048
412 461 0.0032
460 461 0.0064
1039 461 0.0024
403 462 0.0056
463 462 0.0032
464 462 0.0016
408 463 0.0056
409 463 0.0016
462 463 0.0032
396 464 0.0016
462 464 0.0016
1 466 0.0008
1641 466 0.0016
1645 466 0.0032
468 467 0.0032
1645 467 0.0032
402 468 0.0032
467 468 0.0032
1 472 0.004
473 472 0.004
1 473 0.0016
472 473 0.004
474 473 0.0016
4 474 0.0032
473 474 0.0016
475 474 0.0024
1646 474 0.0024
27 475 0.0111
474 475 0.0024
477 475 0.0119
991 475 0.0064
475 477 0.0119
478 477 0.0119
477 478 0.0119
481 478 0.0119
29 481 0.0119
478 481 0.0119
2 491 0.008
492 491 0.008
821 491 0.004
491 492 0.008
493 492 0.0056
821 492 0.0016
492 493 0.0056
494 493 0.0024
819 493 0.0024
493 494 0.0024
495 494 0.0072
822 494 0.004
494 495 0.0072
496 495 0.0056
664 495 0.0072
495 496 0.0056
497 496 0.0064
666 496 0.0064
7 497 0.0048
496 497 0.0064
658 497 0.0056
1 498 0.0024
794 498 0.0016
500 499 0.0016
507 499 0.0008
499 500 0.0016
501 500 0.004
504 500 0.0032
798 500 0.004
500 501 0.004
502 501 0.004
501 502 0.004
503 502 0.0032
662 502 0.0048
502 503 0.0032
504 503 0.0008
661 503 0.0016
500 504 0.0032
503 504 0.0008
508 504 0.0064
664 504 0.004
506 505 0.0048
508 505 0.0088
822 505 0.0048
1 506 0.0008
505 506 0.0048
507 506 0.0032
499 507 0.0008
506 507 0.0032
508 507 0.0016
504 508 0.0064
505 508 0.0088
507 508 0.0016
64 509 0.0048
135 509 0.0032
510 509 0.0008
509 510 0.0008
511 510 0.0048
1233 510 0.0032
510 511 0.0048
513 511 0.0048
511 513 0.0048
514 513 0.0024
516 513 0.0048
513 514 0.0024
515 514 0.0056
1220 514 0.0024
514 515 0.0056
1219 515 0.0056
56 516 0.0048
513 516 0.0048
1229 516 0.0072
79 519 0.0064
85 519 0.0064
165 530 0.0016
1041 530 0.0016
532 531 0.0016
1242 531 0.0016
531 532 0.0016
1242 532 0.0016
81 536 0.0064
82 536 0.0064
54 546 0.0016
55 546 0.004
1187 546 0.0016
52 547 0.0104
548 547 0.0008
1184 547 0.0088
547 548 0.0008
1204 548 0.0008
51 550 0.0032
1184 550 0.0032
339 553 0.0111
554 553 0.0064
1651 553 0.004
553 554 0.0064
746 554 0.0048
747 554 0.0119
747 555 0.0119
756 555 0.0119
1 558 0.0016
559 558 0.0016
563 558 0.004
558 559 0.0016
566 559 0.0016
558 563 0.004
564 563 0.0016
783 563 0.0064
563 564 0.0016
565 564 0.004
783 564 0.0064
294 565 0.0016
564 565 0.004
566 565 0.0016
559 566 0.0016
565 566 0.0016
252 568 0.0016
569 568 0.0016
568 569 0.0016
575 569 0.0032
953 569 0.0072
954 569 0.004
252 570 0.0016
571 570 0.0008
574 570 0.0032
570 571 0.0008
572 571 0.0016
960 571 0.0032
571 572 0.0016
960 572 0.0016
570 574 0.0032
575 574 0.0032
569 575 0.0032
574 575 0.0032
576 575 0.0024
575 576 0.0024
577 576 0.0032
954 576 0.0032
576 577 0.0032
578 577 0.0008
955 577 0.004
956 577 0.0032
960 577 0.0008
577 578 0.0008
956 578 0.0008
223 580 0.0048
314 580 0.0032
967 580 0.0008
214 581 0.004
1337 581 0.004
196 583 0.0175
584 583 0.0024
586 583 0.0167
1031 583 0.0032
583 584 0.0024
596 584 0.0024
583 586 0.0167
587 586 0.0167
597 586 0.0056
586 587 0.0167
588 587 0.0104
590 587 0.0104
587 588 0.0104
589 588 0.008
590 588 0.0016
214 589 0.0151
588 589 0.008
601 589 0.0064
587 590 0.0104
588 590 0.0016
591 590 0.008
200 591 0.0048
590 591 0.008
597 591 0.0024
584 596 0.0024
597 596 0.0024
586 597 0.0056
591 597 0.0024
596 597 0.0024
589 601 0.0064
602 601 0.0064
601 602 0.0064
1021 602 0.0064
201 604 0.004
1331 604 0.004
202 608 0.004
610 608 0.004
608 610 0.004
1022 610 0.004
196 613 0.0199
197 613 0.0159
614 613 0.0032
613 614 0.0032
1031 614 0.0032
617 616 0.0151
619 616 0.0151
199 617 0.0127
616 617 0.0151
1320 617 0.0016
197 619 0.0159
616 619 0.0151
620 619 0.0111
619 620 0.0111
621 620 0.0127
628 620 0.0056
620 621 0.0127
622 621 0.0151
884 621 0.0016
621 622 0.0151
623 622 0.0111
630 622 0.0032
622 623 0.0111
624 623 0.0088
884 623 0.0016
623 624 0.0088
625 624 0.0111
626 624 0.0016
624 625 0.0111
626 625 0.0016
881 625 0.0088
624 626 0.0016
625 626 0.0016
620 628 0.0056
630 628 0.0056
622 630 0.0032
628 630 0.0056
1320 630 0.0016
156 631 0.0032
886 631 0.0032
341 634 0.0008
635 634 0.0016
790 634 0.0032
343 635 0.0024
634 635 0.0016
790 635 0.0048
192 636 0.0048
193 636 0.0096
637 636 0.004
636 637 0.004
1587 637 0.004
193 639 0.0072
641 639 0.0072
194 641 0.0048
639 641 0.0072
1585 641 0.0016
6 647 0.0064
12 647 0.0064
12 649 0.0111
651 649 0.0111
649 651 0.0111
653 651 0.0111
13 653 0.0111
651 653 0.0111
497 658 0.0056
659 658 0.0048
945 658 0.0048
658 659 0.0048
945 659 0.0016
946 659 0.0032
947 659 0.0048
503 661 0.0016
662 661 0.0048
663 661 0.0024
188 662 0.0056
502 662 0.0048
661 662 0.0048
188 663 0.008
189 663 0.0048
661 663 0.0024
495 664 0.0072
504 664 0.004
665 664 0.0024
664 665 0.0024
666 665 0.0032
496 666 0.0064
665 666 0.0032
945 666 0.0024
458 667 0.0032
668 667 0.0032
667 668 0.0032
669 668 0.0032
45 669 0.0119
140 669 0.008
668 669 0.0032
150 678 0.0104
151 678 0.0104
73 680 0.004
91 680 0.0032
443 680 0.0016
169 682 0.0024
170 682 0.0024
212 687 0.0072
224 687 0.0048
688 687 0.0048
213 688 0.0048
687 688 0.0048
1 692 0.0048
693 692 0.0032
696 692 0.0072
692 693 0.0032
694 693 0.004
829 693 0.0016
693 694 0.004
695 694 0.0056
830 694 0.004
245 695 0.0056
694 695 0.0056
696 695 0.0056
251 696 0.0096
692 696 0.0072
695 696 0.0056
697 696 0.0016
251 697 0.004
696 697 0.0016
698 697 0.0016
259 698 0.0032
697 698 0.0016
699 698 0.0008
259 699 0.0183
698 699 0.0008
952 699 0.0167
244 700 0.0032
701 700 0.0151
830 700 0.0024
832 700 0.0159
245 701 0.0135
700 701 0.0151
784 701 0.0016
830 701 0.0048
287 702 0.0024
705 702 0.0024
702 705 0.0024
1650 705 0.0016
289 707 0.0016
784 707 0.0016
252 709 0.0127
710 709 0.0032
712 709 0.0151
709 710 0.0032
720 710 0.0024
723 710 0.0048
713 711 0.0024
715 711 0.0024
723 711 0.0056
253 712 0.0119
709 712 0.0151
713 712 0.0024
711 713 0.0024
712 713 0.0024
1 715 0.0016
711 715 0.0024
721 715 0.0048
1 716 0.0032
717 716 0.0032
718 716 0.004
258 717 0.0016
716 717 0.0032
718 717 0.0024
716 718 0.004
717 718 0.0024
719 718 0.0024
718 719 0.0024
720 719 0.0024
710 720 0.0024
719 720 0.0024
721 720 0.004
715 721 0.0048
720 721 0.004
723 721 0.0048
710 723 0.0048
711 723 0.0056
721 723 0.0048
733 724 0.0024
967 724 0.0024
1 733 0.0024
724 733 0.0024
554 746 0.0048
760 746 0.0048
554 747 0.0119
555 747 0.0119
296 749 0.0016
297 749 0.0016
750 749 0.0064
753 749 0.0064
749 750 0.0064
751 750 0.0024
776 750 0.0096
750 751 0.0024
779 751 0.0024
749 753 0.0064
754 753 0.0072
756 753 0.0143
753 754 0.0072
756 754 0.0016
757 754 0.0048
555 756 0.0119
753 756 0.0143
754 756 0.0016
754 757 0.0048
760 757 0.0048
746 760 0.0048
757 760 0.0048
291 766 0.0064
767 766 0.0064
766 767 0.0064
772 767 0.0064
767 772 0.0064
774 772 0.0064
327 774 0.0016
772 774 0.0064
775 774 0.0064
1057 774 0.0016
774 775 0.0064
776 775 0.0096
777 775 0.0024
750 776 0.0096
775 776 0.0096
781 776 0.0056
775 777 0.0024
779 777 0.0024
781 777 0.0056
751 779 0.0024
777 779 0.0024
776 781 0.0056
777 781 0.0056
292 783 0.0016
293 783 0.0064
563 783 0.0064
564 783 0.0064
701 784 0.0016
707 784 0.0016
363 786 0.0024
369 786 0.0024
1 788 0.004
791 788 0.0056
805 788 0.004
790 789 0.0064
805 789 0.0048
808 789 0.0056
634 790 0.0032
635 790 0.0048
789 790 0.0064
808 790 0.0016
179 791 0.0056
788 791 0.0056
793 791 0.0056
178 793 0.008
791 793 0.0056
794 793 0.0016
795 793 0.0104
498 794 0.0016
793 794 0.0016
1 795 0.0104
793 795 0.0104
500 798 0.004
799 798 0.004
191 799 0.0048
798 799 0.004
800 799 0.0032
178 800 0.004
191 800 0.0048
799 800 0.0032
788 805 0.004
789 805 0.0048
806 805 0.0032
805 806 0.0032
807 806 0.0016
810 806 0.0056
806 807 0.0016
808 807 0.0032
810 807 0.0056
789 808 0.0056
790 808 0.0016
807 808 0.0032
1 809 0.0032
810 809 0.0024
811 809 0.0032
806 810 0.0056
807 810 0.0056
809 810 0.0024
339 811 0.008
809 811 0.0032
812 811 0.0016
818 811 0.0111
811 812 0.0016
818 812 0.0024
1 818 0.0096
811 818 0.0111
812 818 0.0024
3 819 0.0024
493 819 0.0024
1 821 0.0024
491 821 0.004
492 821 0.0016
494 822 0.004
505 822 0.0048
179 823 0.0064
824 823 0.0032
826 823 0.0024
180 824 0.0032
823 824 0.0032
192 826 0.0056
823 826 0.0024
827 826 0.0024
352 827 0.0024
826 827 0.0024
244 829 0.0008
693 829 0.0016
830 829 0.0016
694 830 0.004
700 830 0.0024
701 830 0.0048
829 830 0.0016
243 831 0.0016
288 831 0.0167
832 831 0.0143
289 832 0.0247
700 832 0.0159
831 832 0.0143
279 833 0.004
834 833 0.0016
836 833 0.0064
833 834 0.0016
836 834 0.0016
370 836 0.004
833 836 0.0064
834 836 0.0016
278 837 0.0024
1008 837 0.0024
246 842 0.0016
247 842 0.0072
843 842 0.0048
842 843 0.0048
844 843 0.0024
846 843 0.0016
248 844 0.0024
843 844 0.0024
260 846 0.0016
843 846 0.0016
234 863 0.0008
298 863 0.0008
234 865 0.0064
870 865 0.004
1365 865 0.0024
1371 865 0.0048
300 866 0.0064
867 866 0.0088
869 866 0.0016
866 867 0.0088
869 867 0.0088
866 869 0.0016
867 869 0.0088
1373 869 0.0064
233 870 0.0056
865 870 0.004
1364 870 0.004
199 880 0.0127
200 880 0.0143
1303 880 0.0072
625 881 0.0088
882 881 0.0088
881 882 0.0088
892 882 0.0016
1310 882 0.0064
621 884 0.0016
623 884 0.0016
631 886 0.0032
888 886 0.0032
157 888 0.0032
886 888 0.0032
198 892 0.0016
882 892 0.0016
430 898 0.0016
431 898 0.0016
110 901 0.0024
902 901 0.0024
901 902 0.0024
903 902 0.0024
123 903 0.0048
902 903 0.0024
904 903 0.008
62 904 0.0056
123 904 0.0016
903 904 0.008
100 910 0.0024
101 910 0.0024
61 911 0.0119
100 911 0.0151
101 911 0.0024
94 916 0.0048
917 916 0.0048
95 917 0.0048
916 917 0.0048
131 923 0.0088
924 923 0.0016
927 923 0.0111
923 924 0.0016
925 924 0.0016
929 924 0.004
924 925 0.0016
929 925 0.0016
47 927 0.0111
923 927 0.0111
924 929 0.004
925 929 0.0016
1237 929 0.0016
13 938 0.0024
14 938 0.0056
939 938 0.0024
938 939 0.0024
943 939 0.0024
14 943 0.0111
939 943 0.0024
944 943 0.008
943 944 0.008
1107 944 0.008
658 945 0.0048
659 945 0.0016
666 945 0.0024
189 946 0.0024
659 946 0.0032
189 947 0.008
659 947 0.0048
948 947 0.0024
187 948 0.0024
947 948 0.0024
699 952 0.0167
953 952 0.004
1055 952 0.0119
569 953 0.0072
952 953 0.004
957 953 0.0024
569 954 0.004
576 954 0.0032
955 954 0.0048
577 955 0.004
954 955 0.0048
956 955 0.0048
577 956 0.0032
578 956 0.0008
955 956 0.0048
957 956 0.0024
953 957 0.0024
956 957 0.0024
571 960 0.0032
572 960 0.0016
577 960 0.0008
253 962 0.008
963 962 0.008
254 963 0.008
962 963 0.008
1 967 0.004
580 967 0.0008
724 967 0.0024
1 968 0.0032
391 968 0.0008
969 968 0.0016
1 969 0.0048
968 969 0.0016
970 969 0.0024
969 970 0.0024
972 970 0.0024
392 972 0.0024
970 972 0.0024
78 977 0.0024
174 977 0.0024
132 979 0.0032
980 979 0.0032
979 980 0.0032
984 980 0.0032
131 984 0.0032
980 984 0.0032
58 987 0.0016
59 987 0.0048
455 987 0.0024
28 991 0.0064
475 991 0.0064
324 998 0.004
386 998 0.004
1541 998 0.0024
1550 998 0.0048
1553 998 0.0016
278 1006 0.0135
1008 1006 0.0135
279 1008 0.0104
837 1008 0.0024
1006 1008 0.0135
238 1011 0.0032
1013 1011 0.0032
231 1013 0.004
232 1013 0.0104
316 1013 0.0016
1011 1013 0.0032
255 1018 0.0096
256 1018 0.0096
602 1021 0.0064
1022 1021 0.0064
219 1022 0.0111
610 1022 0.004
1021 1022 0.0064
200 1028 0.0088
201 1028 0.0088
583 1031 0.0032
614 1031 0.0032
153 1038 0.0111
460 1038 0.0048
1039 1038 0.0119
154 1039 0.0088
461 1039 0.0024
1038 1039 0.0119
165 1041 0.0072
166 1041 0.0048
530 1041 0.0016
127 1046 0.004
1047 1046 0.0032
1048 1046 0.0048
74 1047 0.0032
1046 1047 0.0032
1048 1047 0.004
75 1048 0.0048
1046 1048 0.0048
1047 1048 0.004
13 1054 0.008
182 1054 0.0072
190 1054 0.0056
1599 1054 0.0016
246 1055 0.0127
260 1055 0.0191
952 1055 0.0119
327 1057 0.0016
774 1057 0.0016
320 1064 0.0104
321 1064 0.0127
367 1064 0.0016
1083 1072 0.0016
1084 1072 0.0016
1072 1083 0.0016
1084 1083 0.0016
1072 1084 0.0016
1083 1084 0.0016
1089 1088 0.0016
1614 1088 0.0016
1088 1089 0.0016
1614 1089 0.0016
15 1093 0.0048
1094 1093 0.0016
1096 1093 0.004
1099 1093 0.0072
1093 1094 0.0016
1097 1094 0.0016
1093 1096 0.004
1097 1096 0.0016
1099 1096 0.0016
1094 1097 0.0016
1096 1097 0.0016
1093 1099 0.0072
1096 1099 0.0016
1100 1099 0.0048
1099 1100 0.0048
1112 1100 0.0048
944 1107 0.008
1108 1107 0.0048
1111 1107 0.0072
1107 1108 0.0048
1109 1108 0.0024
1111 1108 0.0016
1108 1109 0.0024
1126 1109 0.0024
1107 1111 0.0072
1108 1111 0.0016
1112 1111 0.0048
1100 1112 0.0048
1111 1112 0.0048
26 1121 0.0072
1122 1121 0.004
1125 1121 0.0024
1121 1122 0.004
1167 1122 0.004
1121 1125 0.0024
1126 1125 0.0056
1127 1125 0.0024
1109 1126 0.0024
1125 1126 0.0056
1129 1126 0.0024
1125 1127 0.0024
1129 1127 0.0024
1126 1129 0.0024
1127 1129 0.0024
40 1132 0.0111
1133 1132 0.0096
1148 1132 0.0072
1132 1133 0.0096
1134 1133 0.0064
1144 1133 0.0024
1133 1134 0.0064
1135 1134 0.0096
1170 1134 0.0072
1134 1135 0.0096
1136 1135 0.0072
1170 1135 0.0016
1135 1136 0.0072
1137 1136 0.0104
1140 1136 0.0024
1136 1137 0.0104
1139 1137 0.0024
1167 1137 0.0072
1137 1139 0.0024
1140 1139 0.004
1141 1139 0.0008
1136 1140 0.0024
1139 1140 0.004
1141 1140 0.0008
1139 1141 0.0008
1140 1141 0.0008
1133 1144 0.0024
1151 1144 0.0024
1132 1148 0.0072
1149 1148 0.0056
1158 1148 0.0111
1174 1148 0.0032
1148 1149 0.0056
1150 1149 0.0048
1157 1149 0.0048
1149 1150 0.0048
1151 1150 0.0064
1154 1150 0.0056
1144 1151 0.0024
1150 1151 0.0064
1152 1151 0.0032
1151 1152 0.0032
1156 1152 0.0032
1150 1154 0.0056
1155 1154 0.0064
1157 1154 0.0064
1162 1154 0.0024
1154 1155 0.0064
1156 1155 0.0056
1152 1156 0.0032
1155 1156 0.0056
1207 1156 0.0016
1149 1157 0.0048
1154 1157 0.0064
1158 1157 0.0072
1148 1158 0.0111
1157 1158 0.0072
1159 1158 0.0127
1158 1159 0.0127
1161 1159 0.0056
1163 1159 0.0143
1161 1160 0.0048
1162 1160 0.0008
1201 1160 0.0048
1206 1160 0.0008
1159 1161 0.0056
1160 1161 0.0048
1154 1162 0.0024
1160 1162 0.0008
1159 1163 0.0143
1164 1163 0.0104
1175 1163 0.0111
1163 1164 0.0104
1165 1164 0.0088
1179 1164 0.004
1164 1165 0.0088
1180 1165 0.0016
1199 1165 0.0064
38 1166 0.0016
1167 1166 0.0024
1170 1166 0.0048
1122 1167 0.004
1137 1167 0.0072
1166 1167 0.0024
1134 1170 0.0072
1135 1170 0.0016
1166 1170 0.0048
33 1171 0.004
41 1171 0.0016
1172 1171 0.0064
40 1172 0.0064
41 1172 0.004
1171 1172 0.0064
41 1173 0.0016
1174 1173 0.0016
1148 1174 0.0032
1173 1174 0.0016
1175 1174 0.0056
1163 1175 0.0111
1174 1175 0.0056
1177 1175 0.0048
34 1177 0.0008
1175 1177 0.0048
1178 1177 0.0032
1177 1178 0.0032
1179 1178 0.0024
1164 1179 0.004
1178 1179 0.0024
1180 1179 0.0008
1165 1180 0.0016
1179 1180 0.0008
34 1182 0.0048
1185 1182 0.0048
547 1184 0.0088
550 1184 0.0032
1185 1184 0.0048
1182 1185 0.0048
1184 1185 0.0048
546 1187 0.0016
1188 1187 0.0048
1195 1187 0.0072
1187 1188 0.0048
1189 1188 0.0024
1212 1188 0.008
1188 1189 0.0024
1191 1189 0.0024
1189 1191 0.0024
1216 1191 0.0024
1197 1193 0.0048
1212 1193 0.0048
1187 1195 0.0072
1196 1195 0.0072
1205 1195 0.004
1195 1196 0.0072
1197 1196 0.0048
1207 1196 0.0016
1193 1197 0.0048
1196 1197 0.0048
1165 1199 0.0064
1200 1199 0.008
1204 1199 0.0072
1199 1200 0.008
1201 1200 0.008
1160 1201 0.0048
1200 1201 0.008
1206 1201 0.0056
548 1204 0.0008
1199 1204 0.0072
1205 1204 0.0088
1195 1205 0.004
1204 1205 0.0088
1206 1205 0.004
1160 1206 0.0008
1201 1206 0.0056
1205 1206 0.004
1156 1207 0.0016
1196 1207 0.0016
1188 1212 0.008
1193 1212 0.0048
1213 1212 0.0024
1212 1213 0.0024
1214 1213 0.0016
1216 1213 0.0048
1213 1214 0.0016
1216 1214 0.0016
1191 1216 0.0024
1213 1216 0.0048
1214 1216 0.0016
56 1219 0.0024
515 1219 0.0056
1220 1219 0.0024
514 1220 0.0024
1219 1220 0.0024
53 1228 0.0056
1229 1228 0.0096
1234 1228 0.008
516 1229 0.0072
1228 1229 0.0096
1234 1229 0.0016
148 1233 0.0016
510 1233 0.0032
1234 1233 0.0056
1228 1234 0.008
1229 1234 0.0016
1233 1234 0.0056
147 1237 0.0016
929 1237 0.0016
531 1242 0.0016
532 1242 0.0016
167 1245 0.0024
1246 1245 0.0024
1245 1246 0.0024
1247 1246 0.0024
1246 1247 0.0024
1248 1247 0.0064
1249 1247 0.0032
1247 1248 0.0064
1252 1248 0.0064
158 1249 0.0104
1247 1249 0.0032
1250 1249 0.0096
1266 1249 0.0104
159 1250 0.0024
1249 1250 0.0096
1251 1250 0.0064
1250 1251 0.0064
1252 1251 0.0064
1248 1252 0.0064
1251 1252 0.0064
168 1266 0.0104
1249 1266 0.0104
161 1272 0.0032
162 1272 0.004
1273 1272 0.008
1272 1273 0.008
1274 1273 0.004
1306 1273 0.0032
1273 1274 0.004
1296 1274 0.004
162 1283 0.004
1301 1283 0.004
1274 1296 0.004
1297 1296 0.004
1296 1297 0.004
1298 1297 0.0016
1301 1297 0.0064
1297 1298 0.0016
1301 1298 0.0016
1283 1301 0.004
1297 1301 0.0064
1298 1301 0.0016
880 1303 0.0072
1304 1303 0.0088
1311 1303 0.0072
1303 1304 0.0088
1305 1304 0.004
1306 1304 0.004
206 1305 0.004
1304 1305 0.004
1273 1306 0.0032
1304 1306 0.004
1313 1306 0.008
882 1310 0.0064
1311 1310 0.0072
1313 1310 0.008
1303 1311 0.0072
1310 1311 0.0072
1306 1313 0.008
1310 1313 0.008
617 1320 0.0016
630 1320 0.0016
218 1324 0.0127
219 1324 0.0127
202 1331 0.004
604 1331 0.004
215 1333 0.0048
1334 1333 0.0072
1346 1333 0.0016
1333 1334 0.0072
1335 1334 0.0064
1339 1334 0.0048
1334 1335 0.0064
1336 1335 0.0056
1339 1335 0.0032
1335 1336 0.0056
1343 1336 0.004
1346 1336 0.0024
220 1337 0.0024
581 1337 0.004
1338 1337 0.0072
221 1338 0.0056
1337 1338 0.0072
1339 1338 0.004
1334 1339 0.0048
1335 1339 0.0032
1338 1339 0.004
216 1341 0.0016
1342 1341 0.0048
1348 1341 0.0016
1341 1342 0.0048
1343 1342 0.0024
1348 1342 0.0016
1336 1343 0.004
1342 1343 0.0024
1372 1343 0.0008
216 1344 0.0008
219 1344 0.0008
1333 1346 0.0016
1336 1346 0.0024
1341 1348 0.0016
1342 1348 0.0016
228 1352 0.004
1353 1352 0.0016
1372 1352 0.0016
1352 1353 0.0016
1354 1353 0.0016
1353 1354 0.0016
1355 1354 0.0032
1358 1354 0.0032
1377 1354 0.0016
1354 1355 0.0032
1371 1355 0.0032
1377 1355 0.004
230 1356 0.0056
1357 1356 0.0096
1359 1356 0.0008
1364 1356 0.0016
1356 1357 0.0096
1358 1357 0.0064
1359 1357 0.004
1364 1357 0.0072
1354 1358 0.0032
1357 1358 0.0064
1365 1358 0.0032
1366 1358 0.0016
1356 1359 0.0008
1357 1359 0.004
1360 1359 0.004
1361 1359 0.0008
1359 1360 0.004
1361 1360 0.0016
1369 1360 0.0016
1359 1361 0.0008
1360 1361 0.0016
870 1364 0.004
1356 1364 0.0016
1357 1364 0.0072
1365 1364 0.0032
865 1365 0.0024
1358 1365 0.0032
1364 1365 0.0032
1358 1366 0.0016
1367 1366 0.0016
1369 1366 0.004
1366 1367 0.0016
1369 1367 0.0016
1360 1369 0.0016
1366 1369 0.004
1367 1369 0.0016
234 1371 0.0008
865 1371 0.0048
1355 1371 0.0032
228 1372 0.0032
1343 1372 0.0008
1352 1372 0.0016
869 1373 0.0064
1377 1373 0.0016
1381 1373 0.004
1375 1374 0.004
1381 1374 0.004
1374 1375 0.004
1384 1375 0.004
1354 1377 0.0016
1355 1377 0.004
1373 1377 0.0016
234 1379 0.008
299 1379 0.008
1373 1381 0.004
1374 1381 0.004
301 1384 0.004
1375 1384 0.004
302 1387 0.0024
305 1387 0.004
1388 1387 0.0008
1387 1388 0.0008
1389 1388 0.0032
1390 1388 0.0048
303 1389 0.0008
1388 1389 0.0032
1391 1389 0.0032
264 1390 0.0016
1388 1390 0.0048
1391 1390 0.0024
1389 1391 0.0032
1390 1391 0.0024
1393 1392 0.004
1397 1392 0.0008
1407 1392 0.0056
1392 1393 0.004
1394 1393 0.0024
1399 1393 0.0072
1393 1394 0.0024
1395 1394 0.0024
1394 1395 0.0024
1399 1395 0.0024
1392 1397 0.0008
1404 1397 0.0008
1393 1399 0.0072
1395 1399 0.0024
1400 1399 0.004
1399 1400 0.004
1404 1400 0.004
1397 1404 0.0008
1400 1404 0.004
1405 1404 0.0056
1404 1405 0.0056
1407 1405 0.0056
1392 1407 0.0056
1405 1407 0.0056
304 1411 0.0032
1414 1411 0.0024
1411 1414 0.0024
1415 1414 0.0024
1425 1414 0.0056
1414 1415 0.0024
1416 1415 0.004
1444 1415 0.0008
1415 1416 0.004
1450 1416 0.0048
1494 1416 0.0032
1414 1425 0.0056
1426 1425 0.008
1427 1425 0.0016
1425 1426 0.008
1427 1426 0.004
1451 1426 0.008
1425 1427 0.0016
1426 1427 0.004
1428 1427 0.0016
1427 1428 0.0016
1451 1428 0.0016
270 1430 0.0016
1433 1430 0.0016
264 1432 0.004
1433 1432 0.0016
1435 1432 0.0016
1430 1433 0.0016
1432 1433 0.0016
264 1435 0.0104
1432 1435 0.0016
1442 1435 0.0088
1437 1436 0.0032
1441 1436 0.004
270 1437 0.0032
1436 1437 0.0032
1438 1437 0.0072
1437 1438 0.0072
1439 1438 0.0072
1459 1438 0.0072
1438 1439 0.0072
1440 1439 0.0016
1462 1439 0.0096
1439 1440 0.0016
1441 1440 0.0072
1462 1440 0.0096
1436 1441 0.004
1440 1441 0.0072
1442 1441 0.004
1435 1442 0.0088
1441 1442 0.004
1443 1442 0.0119
1442 1443 0.0119
1444 1443 0.0008
1446 1443 0.0135
1415 1444 0.0008
1443 1444 0.0008
1443 1446 0.0135
1448 1446 0.0135
1446 1448 0.0135
1449 1448 0.004
1453 1448 0.0151
1448 1449 0.004
1450 1449 0.004
1494 1449 0.0024
1416 1450 0.0048
1449 1450 0.004
1451 1450 0.0056
1494 1450 0.0032
1426 1451 0.008
1428 1451 0.0016
1450 1451 0.0056
1452 1451 0.0056
1451 1452 0.0056
1453 1452 0.0056
1448 1453 0.0151
1452 1453 0.0056
1454 1453 0.0088
1453 1454 0.0088
1455 1454 0.0016
1456 1454 0.0111
1454 1455 0.0016
1456 1455 0.0032
1468 1455 0.0008
1454 1456 0.0111
1455 1456 0.0032
1457 1456 0.0104
1456 1457 0.0104
1458 1457 0.0024
1469 1457 0.0135
1457 1458 0.0024
1459 1458 0.0024
1470 1458 0.0056
1438 1459 0.0072
1458 1459 0.0024
1477 1459 0.0104
1439 1462 0.0096
1440 1462 0.0096
1455 1468 0.0008
1469 1468 0.0008
1473 1468 0.0024
1457 1469 0.0135
1468 1469 0.0008
1470 1469 0.0151
1458 1470 0.0056
1469 1470 0.0151
1471 1470 0.0151
1470 1471 0.0151
1472 1471 0.0072
1477 1471 0.0159
1488 1471 0.008
1471 1472 0.0072
1473 1472 0.008
1468 1473 0.0024
1472 1473 0.008
1492 1473 0.0048
1459 1477 0.0104
1471 1477 0.0159
1479 1477 0.0127
269 1478 0.0016
1479 1478 0.0088
1487 1478 0.0151
1516 1478 0.0032
1477 1479 0.0127
1478 1479 0.0088
1480 1479 0.0032
1479 1480 0.0032
1481 1480 0.0032
1480 1481 0.0032
1482 1481 0.0032
1481 1482 0.0032
1483 1482 0.0048
1495 1482 0.0008
1482 1483 0.0048
1484 1483 0.0016
1488 1483 0.0056
1495 1483 0.0008
1483 1484 0.0016
1485 1484 0.004
1488 1484 0.0064
1484 1485 0.004
1489 1485 0.004
269 1487 0.0135
1478 1487 0.0151
1518 1487 0.0056
1471 1488 0.008
1483 1488 0.0056
1484 1488 0.0064
1485 1489 0.004
1490 1489 0.0016
1492 1489 0.0072
1489 1490 0.0016
1492 1490 0.0016
1473 1492 0.0048
1489 1492 0.0072
1490 1492 0.0016
1416 1494 0.0032
1449 1494 0.0024
1450 1494 0.0032
1482 1495 0.0008
1483 1495 0.0008
1478 1516 0.0032
1521 1516 0.0032
1487 1518 0.0056
1519 1518 0.0032
1524 1518 0.0016
1518 1519 0.0032
1521 1519 0.0032
1516 1521 0.0032
1519 1521 0.0032
1518 1524 0.0016
1525 1524 0.0032
1526 1524 0.0056
1524 1525 0.0032
1528 1525 0.0032
1524 1526 0.0056
1527 1526 0.0072
1530 1526 0.0008
1526 1527 0.0072
1528 1527 0.0064
1529 1527 0.0064
1525 1528 0.0032
1527 1528 0.0064
1529 1528 0.0008
1533 1528 0.0008
1527 1529 0.0064
1528 1529 0.0008
1530 1529 0.0032
1533 1529 0.0008
271 1530 0.0016
1526 1530 0.0008
1529 1530 0.0032
1528 1533 0.0008
1529 1533 0.0008
275 1534 0.0016
1535 1534 0.0016
275 1535 0.0016
1534 1535 0.0016
387 1541 0.004
998 1541 0.0024
1542 1541 0.0008
1541 1542 0.0008
1546 1542 0.0008
388 1546 0.0048
1542 1546 0.0008
1547 1546 0.0032
383 1547 0.0032
1546 1547 0.0032
325 1550 0.0024
998 1550 0.0048
1551 1550 0.0016
1550 1551 0.0016
1552 1551 0.0024
1553 1551 0.0048
1551 1552 0.0024
1555 1552 0.0024
998 1553 0.0016
1551 1553 0.0048
1554 1553 0.0024
1553 1554 0.0024
1555 1554 0.0024
1552 1555 0.0024
1554 1555 0.0024
641 1585 0.0016
1588 1585 0.0016
193 1587 0.0016
637 1587 0.004
1588 1587 0.0016
1585 1588 0.0016
1587 1588 0.0016
184 1594 0.0024
1595 1594 0.0016
1608 1594 0.0048
1594 1595 0.0016
1609 1595 0.0016
182 1599 0.0016
1054 1599 0.0016
1594 1608 0.0048
1609 1608 0.0016
1636 1608 0.0024
1595 1609 0.0016
1608 1609 0.0016
1612 1611 0.0032
1624 1611 0.0032
1611 1612 0.0032
1622 1612 0.0032
1088 1614 0.0016
1089 1614 0.0016
1612 1622 0.0032
1625 1622 0.0032
1611 1624 0.0032
1625 1624 0.0032
1622 1625 0.0032
1624 1625 0.0032
1629 1628 0.0016
1631 1628 0.0016
1628 1629 0.0016
1631 1629 0.0016
1628 1631 0.0016
1629 1631 0.0016
184 1636 0.0024
1608 1636 0.0024
70 1639 0.0032
1640 1639 0.0024
1642 1639 0.0048
1639 1640 0.0024
1641 1640 0.0048
1642 1640 0.0064
466 1641 0.0016
1640 1641 0.0048
1645 1641 0.0072
126 1642 0.0072
1639 1642 0.0048
1640 1642 0.0064
290 1643 0.0024
294 1643 0.0016
1 1645 0.0088
466 1645 0.0032
467 1645 0.0032
1641 1645 0.0072
1 1646 0.0024
474 1646 0.0024
1 1648 0.0088
242 1648 0.004
243 1648 0.0032
244 1648 0.0008
1649 1648 0.0127
287 1649 0.0143
1648 1649 0.0127
1650 1649 0.0072
286 1650 0.0048
705 1650 0.0016
1649 1650 0.0072
340 1651 0.004
341 1651 0.0024
553 1651 0.004
