946 1 0.0015
1343 1 0.0015
1349 1 0.0038
300 2 0.0113
342 2 0.0038
856 2 0.009
1319 2 0.0015
7 3 0.0075
83 3 0.0083
234 3 0.0053
848 3 0.0068
1149 3 0.0038
1342 3 0.0015
101 4 0.006
668 4 0.0023
670 4 0.0008
857 4 0.0075
1159 4 0.0045
1162 4 0.0083
1165 4 0.0083
1188 4 0.0008
1191 4 0.0023
1192 4 0.003
1288 4 0.003
1289 4 0.003
401 5 0.006
443 5 0.0106
516 5 0.0098
549 5 0.0098
762 5 0.0038
1300 5 0.0008
282 6 0.0008
344 6 0.0143
354 6 0.0023
376 6 0.0083
828 6 0.0008
1003 6 0.0121
1009 6 0.009
3 7 0.0075
11 7 0.006
45 7 0.0068
7 11 0.006
12 11 0.0068
1349 11 0.0045
11 12 0.0068
13 12 0.009
22 12 0.0015
36 12 0.0053
12 13 0.009
14 13 0.0098
22 13 0.0098
48 13 0.0068
72 13 0.0015
13 14 0.0098
15 14 0.0068
62 14 0.0023
14 15 0.0068
17 15 0.0008
72 15 0.0083
154 16 0.0045
603 16 0.0045
964 16 0.0038
15 17 0.0008
19 17 0.0015
82 17 0.003
17 19 0.0015
20 19 0.0038
82 19 0.006
19 20 0.0038
21 20 0.006
1107 20 0.0015
20 21 0.006
221 21 0.003
1107 21 0.0068
1336 21 0.0053
12 22 0.0015
13 22 0.0098
23 22 0.0075
22 23 0.0075
25 23 0.006
31 23 0.0023
23 25 0.006
28 25 0.003
36 25 0.0023
25 28 0.003
29 28 0.003
28 29 0.003
30 29 0.0023
29 30 0.0023
220 30 0.0053
1340 30 0.0023
23 31 0.0023
73 31 0.0015
12 36 0.0053
25 36 0.0023
1351 36 0.0023
603 37 0.0023
985 37 0.0045
1189 37 0.0015
7 45 0.0068
48 45 0.0038
712 45 0.0053
74 46 0.0121
299 46 0.0023
457 46 0.009
397 47 0.0075
561 47 0.0068
1011 47 0.0045
13 48 0.0068
45 48 0.0038
51 48 0.0083
62 48 0.0083
320 50 0.003
978 50 0.0038
48 51 0.0083
52 51 0.009
224 51 0.003
51 52 0.009
56 52 0.006
63 52 0.0023
59 53 0.003
861 53 0.003
59 55 0.0023
849 55 0.003
52 56 0.006
57 56 0.0038
224 56 0.0015
56 57 0.0038
58 57 0.0023
230 57 0.0015
57 58 0.0023
61 58 0.0023
53 59 0.003
55 59 0.0023
339 60 0.0015
866 60 0.0023
871 60 0.0045
58 61 0.0023
607 61 0.0008
1324 61 0.0038
14 62 0.0023
48 62 0.0083
63 62 0.0053
52 63 0.0023
62 63 0.0053
67 63 0.0023
299 65 0.0045
330 65 0.006
1326 65 0.0053
63 67 0.0023
68 67 0.0045
1334 67 0.0015
67 68 0.0045
1334 68 0.0045
13 72 0.0015
15 72 0.0083
73 72 0.006
31 73 0.0015
72 73 0.006
77 73 0.0023
79 73 0.0008
46 74 0.0121
330 74 0.0098
589 74 0.0015
76 75 0.003
957 75 0.0068
962 75 0.006
1183 75 0.0113
75 76 0.003
498 76 0.0053
617 76 0.0015
73 77 0.0023
220 77 0.0053
1338 77 0.0023
449 78 0.0015
888 78 0.0023
73 79 0.0008
80 79 0.0038
82 79 0.0053
79 80 0.0038
1337 80 0.0038
17 82 0.003
19 82 0.006
79 82 0.0053
3 83 0.0083
84 83 0.0083
83 84 0.0083
86 84 0.0166
192 84 0.0075
84 86 0.0166
89 86 0.0136
115 86 0.0173
119 86 0.0023
88 87 0.0045
94 87 0.0015
110 87 0.0023
968 87 0.0023
87 88 0.0045
110 88 0.0038
708 88 0.006
86 89 0.0136
90 89 0.009
97 89 0.0113
89 90 0.009
92 90 0.009
134 90 0.0083
565 91 0.0023
708 91 0.0068
1166 91 0.003
90 92 0.009
93 92 0.0068
132 92 0.0068
136 92 0.003
92 93 0.0068
96 93 0.003
112 93 0.003
87 94 0.0015
111 94 0.0098
241 94 0.009
970 94 0.0075
93 96 0.003
138 96 0.003
89 97 0.0113
98 97 0.0083
106 97 0.0038
97 98 0.0083
103 98 0.006
120 98 0.0015
105 100 0.0045
968 100 0.0023
1124 100 0.003
4 101 0.006
102 101 0.006
101 102 0.006
619 102 0.0068
98 103 0.006
162 103 0.0053
105 104 0.003
1124 104 0.0023
100 105 0.0045
104 105 0.003
110 105 0.0008
97 106 0.0038
109 106 0.0038
964 108 0.0008
966 108 0.0015
106 109 0.0038
112 109 0.003
87 110 0.0023
88 110 0.0038
105 110 0.0008
619 110 0.0023
94 111 0.0098
708 111 0.0106
93 112 0.003
109 112 0.003
1178 113 0.003
1180 113 0.0023
86 115 0.0173
117 115 0.0181
179 115 0.0075
867 116 0.0015
880 116 0.0038
889 116 0.0015
115 117 0.0181
156 117 0.0113
177 117 0.0015
182 117 0.0128
343 118 0.0023
350 118 0.0015
360 118 0.0008
441 118 0.006
86 119 0.0023
120 119 0.0015
98 120 0.0015
119 120 0.0015
587 121 0.003
1160 121 0.003
302 123 0.0023
709 123 0.0023
127 124 0.0045
130 124 0.0075
712 124 0.0053
785 126 0.0015
786 126 0.0023
124 127 0.0045
128 127 0.0015
133 127 0.0053
1218 127 0.0008
127 128 0.0015
129 128 0.0045
133 128 0.0068
128 129 0.0045
139 129 0.0075
230 129 0.0053
124 130 0.0075
131 130 0.0045
134 130 0.0053
130 131 0.0045
132 131 0.0053
92 132 0.0068
131 132 0.0053
133 132 0.0083
127 133 0.0053
128 133 0.0068
132 133 0.0083
90 134 0.0083
130 134 0.0053
136 134 0.0023
165 135 0.0075
529 135 0.0038
1119 135 0.003
92 136 0.003
134 136 0.0023
529 137 0.0075
777 137 0.0075
96 138 0.003
139 138 0.003
129 139 0.0075
138 139 0.003
141 139 0.0038
399 140 0.0053
690 140 0.0045
777 140 0.006
915 140 0.0023
139 141 0.0038
225 141 0.0038
155 142 0.003
806 142 0.003
806 145 0.003
915 145 0.003
150 146 0.0023
153 146 0.0023
276 148 0.0038
906 148 0.0053
955 148 0.003
1189 148 0.0015
146 150 0.0023
1204 150 0.0023
146 153 0.0023
171 153 0.0008
1204 153 0.0038
16 154 0.0045
279 154 0.0023
556 154 0.0015
142 155 0.003
777 155 0.0038
117 156 0.0113
158 156 0.0106
156 158 0.0106
161 158 0.0121
172 158 0.0113
214 159 0.0023
564 159 0.0053
566 159 0.0023
158 161 0.0121
167 161 0.0098
172 161 0.0015
103 162 0.0053
163 162 0.0083
167 162 0.0023
162 163 0.0083
164 163 0.0121
169 163 0.0211
163 164 0.0121
165 164 0.0098
169 164 0.0015
135 165 0.0075
164 165 0.0098
166 165 0.0106
165 166 0.0106
777 166 0.0113
161 167 0.0098
162 167 0.0023
170 167 0.0128
163 169 0.0211
164 169 0.0015
170 169 0.0189
167 170 0.0128
169 170 0.0189
806 170 0.0068
153 171 0.0008
1204 171 0.0008
158 172 0.0113
161 172 0.0015
174 172 0.009
172 174 0.009
1221 174 0.009
117 177 0.0015
186 177 0.0015
115 179 0.0075
180 179 0.0038
1197 179 0.003
179 180 0.0038
181 180 0.0045
180 181 0.0045
182 181 0.0053
117 182 0.0128
181 182 0.0053
183 182 0.0068
182 183 0.0068
186 183 0.0038
199 183 0.0023
607 185 0.0023
1207 185 0.0023
177 186 0.0015
183 186 0.0038
188 186 0.0015
210 187 0.0045
436 187 0.006
915 187 0.0008
186 188 0.0015
1319 188 0.0015
706 191 0.0008
1141 191 0.0008
84 192 0.0075
193 192 0.003
1197 192 0.0038
192 193 0.003
194 193 0.0023
202 193 0.0045
193 194 0.0023
195 194 0.0023
202 194 0.0038
194 195 0.0023
196 195 0.0015
195 196 0.0015
199 196 0.0023
202 196 0.0045
183 199 0.0023
196 199 0.0023
193 202 0.0045
194 202 0.0038
196 202 0.0045
221 207 0.0008
1336 207 0.0008
187 210 0.0045
900 210 0.0038
159 214 0.0023
826 214 0.006
1120 214 0.003
1107 217 0.0045
1116 217 0.0045
30 220 0.0053
77 220 0.0053
1341 220 0.0053
21 221 0.003
207 221 0.0008
222 221 0.0045
221 222 0.0045
1116 222 0.0045
224 223 0.0008
712 223 0.0023
1218 223 0.0008
51 224 0.003
56 224 0.0015
223 224 0.0008
141 225 0.0038
1215 225 0.0038
57 230 0.0015
129 230 0.0053
231 230 0.0045
230 231 0.0045
1215 231 0.0038
281 233 0.0015
875 233 0.0015
3 234 0.0053
236 234 0.0038
908 234 0.0098
234 236 0.0038
238 236 0.0083
1232 236 0.0038
236 238 0.0083
239 238 0.0083
238 239 0.0083
242 239 0.0083
273 239 0.0083
940 240 0.0023
1101 240 0.0023
94 241 0.009
735 241 0.003
972 241 0.0053
239 242 0.0083
243 242 0.0075
1141 242 0.003
242 243 0.0075
278 243 0.006
1277 243 0.0023
1279 243 0.0008
249 245 0.0038
1232 245 0.0038
245 249 0.0038
250 249 0.0038
249 250 0.0038
252 250 0.0015
699 250 0.0075
1228 250 0.0008
250 252 0.0015
699 252 0.0053
702 252 0.003
258 254 0.0023
942 254 0.0023
258 257 0.0053
263 257 0.006
879 257 0.006
254 258 0.0023
257 258 0.0053
951 258 0.0023
263 262 0.0083
264 262 0.0038
896 262 0.0053
257 263 0.006
262 263 0.0083
265 263 0.009
262 264 0.0038
265 264 0.0015
877 264 0.0008
263 265 0.009
264 265 0.0015
878 265 0.0068
719 270 0.003
1086 270 0.0038
239 273 0.0083
274 273 0.0083
1277 273 0.0053
273 274 0.0083
275 274 0.006
699 274 0.006
274 275 0.006
277 275 0.003
1277 275 0.0023
148 276 0.0038
1189 276 0.0038
275 277 0.003
278 277 0.0053
311 277 0.0015
243 278 0.006
277 278 0.0053
311 278 0.006
329 278 0.0075
704 278 0.0015
1279 278 0.0038
154 279 0.0023
603 279 0.0023
321 280 0.0008
1170 280 0.0008
233 281 0.0015
862 281 0.0045
1153 281 0.0023
6 282 0.0008
283 282 0.0008
282 283 0.0008
284 283 0.0023
313 283 0.0008
283 284 0.0023
285 284 0.0015
313 284 0.0045
284 285 0.0015
286 285 0.0113
313 285 0.0158
314 285 0.0008
285 286 0.0113
287 286 0.0143
333 286 0.0083
286 287 0.0143
288 287 0.0151
370 287 0.0098
287 288 0.0151
302 288 0.0053
709 288 0.0151
504 289 0.006
966 289 0.0038
1326 289 0.0015
293 290 0.009
300 290 0.0113
709 290 0.0121
290 293 0.009
341 293 0.009
46 299 0.0023
65 299 0.0045
1326 299 0.0015
2 300 0.0113
290 300 0.0113
330 301 0.0023
1156 301 0.0023
123 302 0.0023
288 302 0.0053
305 302 0.0008
308 302 0.0038
556 303 0.0015
1156 303 0.0015
302 305 0.0008
701 305 0.0008
838 306 0.0008
1226 306 0.0015
1318 306 0.003
302 308 0.0038
309 308 0.003
331 308 0.0045
308 309 0.003
311 309 0.003
331 309 0.0038
277 311 0.0015
278 311 0.006
309 311 0.003
701 311 0.003
887 312 0.0038
1055 312 0.0023
1170 312 0.0008
283 313 0.0008
284 313 0.0045
285 313 0.0158
314 313 0.0106
317 313 0.0083
344 313 0.0143
285 314 0.0008
313 314 0.0106
315 314 0.009
314 315 0.009
316 315 0.0068
317 315 0.0015
315 316 0.0068
322 316 0.0098
326 316 0.0075
369 316 0.0106
313 317 0.0083
315 317 0.0015
346 317 0.009
351 317 0.0023
328 319 0.0015
332 319 0.0008
50 320 0.003
321 320 0.0008
978 320 0.0015
280 321 0.0008
320 321 0.0008
972 321 0.0023
316 322 0.0098
325 322 0.0098
705 322 0.0023
322 325 0.0098
705 325 0.0008
706 325 0.0008
914 325 0.0068
316 326 0.0075
329 326 0.0068
331 326 0.0045
328 327 0.0038
610 327 0.0038
992 327 0.0053
319 328 0.0015
327 328 0.0038
993 328 0.0068
278 329 0.0075
326 329 0.0068
65 330 0.006
74 330 0.0098
301 330 0.0023
838 330 0.006
308 331 0.0045
309 331 0.0038
326 331 0.0045
319 332 0.0008
570 332 0.0045
913 332 0.0008
1139 332 0.0075
286 333 0.0083
614 333 0.0083
338 334 0.0008
1139 334 0.0015
1303 336 0.0008
1306 336 0.0083
1307 336 0.0015
1344 336 0.0045
686 337 0.0015
710 337 0.0015
716 337 0.003
334 338 0.0008
340 338 0.0083
1139 338 0.0098
60 339 0.0015
1175 339 0.003
1176 339 0.0008
338 340 0.0083
397 340 0.009
293 341 0.009
342 341 0.0038
716 341 0.0045
2 342 0.0038
341 342 0.0038
118 343 0.0023
360 343 0.0008
522 343 0.0068
993 343 0.0075
1122 343 0.006
6 344 0.0143
313 344 0.0143
317 346 0.009
347 346 0.009
346 347 0.009
348 347 0.0053
351 347 0.0075
347 348 0.0053
398 348 0.0053
118 350 0.0015
694 350 0.0045
973 350 0.0038
317 351 0.0023
347 351 0.0075
353 351 0.0045
351 353 0.0045
354 353 0.0023
393 353 0.003
398 353 0.0008
6 354 0.0023
353 354 0.0023
118 360 0.0008
343 360 0.0008
316 369 0.0106
370 369 0.0098
287 370 0.0098
369 370 0.0098
710 374 0.0023
715 374 0.0015
6 376 0.0083
377 376 0.0083
376 377 0.0083
378 377 0.0038
435 377 0.0015
787 377 0.0128
792 377 0.0015
377 378 0.0038
379 378 0.0045
378 379 0.0045
380 379 0.0045
384 379 0.0068
389 379 0.0053
379 380 0.0045
381 380 0.0068
391 380 0.0015
380 381 0.0068
382 381 0.0038
391 381 0.0075
396 381 0.006
381 382 0.0038
395 382 0.0015
1148 382 0.0015
379 384 0.0068
385 384 0.0158
792 384 0.0128
384 385 0.0158
419 385 0.0008
678 385 0.0173
389 387 0.0008
392 387 0.003
775 387 0.0015
379 389 0.0053
387 389 0.0008
803 389 0.0038
380 391 0.0015
381 391 0.0075
392 391 0.0053
387 392 0.003
391 392 0.0053
775 392 0.003
785 392 0.0038
353 393 0.003
394 393 0.0053
1317 393 0.0015
393 394 0.0053
395 394 0.003
396 394 0.006
398 394 0.0083
1317 394 0.0023
382 395 0.0015
394 395 0.003
396 395 0.0038
398 395 0.0008
381 396 0.006
394 396 0.006
395 396 0.0038
47 397 0.0075
340 397 0.009
522 397 0.009
993 397 0.0015
348 398 0.0053
353 398 0.0008
394 398 0.0083
395 398 0.0008
140 399 0.0053
689 399 0.0053
5 401 0.006
402 401 0.009
410 401 0.0023
401 402 0.009
403 402 0.0189
416 402 0.0151
402 403 0.0189
404 403 0.0219
407 403 0.0023
403 404 0.0219
405 404 0.0189
412 404 0.0023
404 405 0.0189
407 405 0.0038
417 405 0.0068
678 405 0.0143
403 407 0.0023
405 407 0.0038
408 407 0.0008
407 408 0.0008
803 408 0.0008
401 410 0.0023
416 410 0.0015
814 411 0.0008
1018 411 0.006
1040 411 0.0045
404 412 0.0023
413 412 0.009
416 412 0.0128
412 413 0.009
414 413 0.0083
413 414 0.0083
415 414 0.0075
423 414 0.0075
414 415 0.0075
433 415 0.0083
402 416 0.0151
410 416 0.0015
412 416 0.0128
405 417 0.0068
419 417 0.006
385 419 0.0008
417 419 0.006
421 419 0.0045
419 421 0.0045
422 421 0.0015
802 421 0.0068
421 422 0.0015
802 422 0.0023
414 423 0.0075
426 423 0.003
802 423 0.0038
423 426 0.003
429 426 0.0045
433 426 0.0106
797 426 0.0015
426 429 0.0045
430 429 0.0038
429 430 0.0038
431 430 0.0008
433 430 0.0015
430 431 0.0008
437 431 0.0015
415 433 0.0083
426 433 0.0106
430 433 0.0015
377 435 0.0015
437 435 0.006
805 435 0.0038
187 436 0.006
462 436 0.0038
915 436 0.0015
431 437 0.0015
435 437 0.006
438 437 0.0158
789 437 0.0143
437 438 0.0158
439 438 0.0173
821 438 0.006
824 438 0.003
1069 438 0.0023
438 439 0.0173
440 439 0.0158
808 439 0.0038
439 440 0.0158
442 440 0.0113
812 440 0.0098
118 441 0.006
989 441 0.0008
1122 441 0.0075
440 442 0.0113
816 442 0.0023
1050 442 0.0083
5 443 0.0106
444 443 0.0106
443 444 0.0106
445 444 0.0106
444 445 0.0106
447 445 0.0038
450 445 0.0128
1066 445 0.0015
689 446 0.0023
1075 446 0.0053
1103 446 0.0038
445 447 0.0038
448 447 0.0023
1066 447 0.0008
447 448 0.0023
451 448 0.0173
460 448 0.0143
78 449 0.0015
888 449 0.0068
966 449 0.0045
445 450 0.0128
451 450 0.0158
458 450 0.0023
448 451 0.0173
450 451 0.0158
452 451 0.0189
451 452 0.0189
453 452 0.0173
458 452 0.0038
452 453 0.0173
454 453 0.0158
458 453 0.0008
453 454 0.0158
455 454 0.0158
454 455 0.0158
509 455 0.0098
513 455 0.0053
582 456 0.0015
1318 456 0.0015
46 457 0.009
737 457 0.0045
887 457 0.0098
450 458 0.0023
452 458 0.0038
453 458 0.0008
448 460 0.0143
461 460 0.0173
1061 460 0.0023
460 461 0.0173
463 461 0.0121
1062 461 0.0045
436 462 0.0038
1298 462 0.0015
1330 462 0.006
461 463 0.0121
476 463 0.0143
1051 463 0.006
466 465 0.0053
1051 465 0.0068
1056 465 0.0008
465 466 0.0053
467 466 0.0045
466 467 0.0045
473 467 0.0045
517 470 0.006
937 470 0.0075
1068 470 0.0068
472 471 0.006
491 471 0.0023
1051 471 0.009
471 472 0.006
473 472 0.006
497 472 0.0023
467 473 0.0045
472 473 0.006
497 473 0.0008
645 475 0.0038
809 475 0.0015
1073 475 0.0015
1103 475 0.0038
463 476 0.0143
477 476 0.0098
491 476 0.0038
476 477 0.0098
478 477 0.0098
477 478 0.0098
479 478 0.0098
478 479 0.0098
481 479 0.0083
482 479 0.0008
479 481 0.0083
855 481 0.0083
479 482 0.0008
644 482 0.0008
471 491 0.0023
476 491 0.0038
492 491 0.0008
491 492 0.0008
493 492 0.0023
496 492 0.0038
492 493 0.0023
637 493 0.0023
492 496 0.0038
497 496 0.0008
637 496 0.0023
472 497 0.0023
473 497 0.0008
496 497 0.0008
76 498 0.0053
521 498 0.0038
1182 498 0.0053
502 501 0.0045
595 501 0.006
870 501 0.0113
501 502 0.0045
620 502 0.0023
692 502 0.0015
289 504 0.006
1326 504 0.0053
455 509 0.0098
510 509 0.0106
644 509 0.003
509 510 0.0106
511 510 0.0083
644 510 0.0015
510 511 0.0083
855 511 0.0083
455 513 0.0053
1108 513 0.0053
5 516 0.0098
518 516 0.0098
470 517 0.006
595 517 0.006
722 517 0.0053
516 518 0.0098
519 518 0.0083
608 518 0.0068
518 519 0.0083
520 519 0.0106
531 519 0.0015
519 520 0.0106
523 520 0.0083
531 520 0.0075
498 521 0.0038
617 521 0.0023
888 521 0.0023
343 522 0.0068
397 522 0.009
1011 522 0.003
520 523 0.0083
524 523 0.0068
1071 523 0.0008
523 524 0.0068
527 524 0.0083
1087 524 0.0038
524 527 0.0083
528 527 0.0023
1085 527 0.0053
527 528 0.0023
1087 528 0.0023
135 529 0.0038
137 529 0.0075
1075 529 0.003
519 531 0.0015
520 531 0.0075
533 531 0.0083
1070 531 0.0023
531 533 0.0083
534 533 0.0075
673 533 0.0023
1077 533 0.0075
533 534 0.0075
536 534 0.0075
534 536 0.0075
537 536 0.0075
536 537 0.0075
540 537 0.0121
543 537 0.0038
537 540 0.0121
541 540 0.0053
1074 540 0.006
540 541 0.0053
542 541 0.0068
653 541 0.0038
541 542 0.0068
666 542 0.0023
1088 542 0.0038
537 543 0.0038
1089 543 0.0038
565 546 0.0023
735 546 0.003
5 549 0.0098
552 549 0.0098
978 551 0.0053
987 551 0.0015
988 551 0.0083
549 552 0.0098
553 552 0.0106
567 552 0.009
552 553 0.0106
555 553 0.0128
577 553 0.0121
553 555 0.0128
558 555 0.0121
1302 555 0.0015
154 556 0.0015
303 556 0.0015
555 558 0.0121
559 558 0.0053
581 558 0.009
558 559 0.0053
1134 559 0.0008
1136 559 0.0068
47 561 0.0068
570 561 0.0045
1217 561 0.0015
564 563 0.0045
580 563 0.003
1011 563 0.0023
159 564 0.0053
563 564 0.0045
1217 564 0.0045
91 565 0.0023
546 565 0.0023
159 566 0.0023
1217 566 0.0023
552 567 0.009
569 567 0.0045
626 567 0.0038
567 569 0.0045
571 569 0.0053
634 569 0.0106
332 570 0.0045
561 570 0.0045
569 571 0.0053
574 571 0.0038
643 571 0.0008
571 574 0.0038
575 574 0.0038
574 575 0.0038
682 575 0.0038
553 577 0.0121
581 577 0.003
585 577 0.0083
580 578 0.0015
973 578 0.0015
1011 578 0.0008
563 580 0.003
578 580 0.0015
826 580 0.0038
558 581 0.009
577 581 0.003
584 581 0.0053
456 582 0.0015
1120 582 0.0008
1318 582 0.003
581 584 0.0053
732 584 0.0083
734 584 0.0023
577 585 0.0083
588 585 0.0045
594 585 0.0121
602 585 0.0083
121 587 0.003
1119 587 0.003
585 588 0.0045
591 588 0.0045
750 588 0.0023
74 589 0.0015
738 589 0.0015
588 591 0.0045
728 591 0.0045
585 594 0.0121
597 594 0.0136
634 594 0.0113
501 595 0.006
517 595 0.006
594 597 0.0136
598 597 0.0106
756 597 0.0023
597 598 0.0106
599 598 0.0075
635 598 0.0023
598 599 0.0075
975 599 0.0083
831 600 0.0045
1043 600 0.0045
1044 600 0.0083
1045 600 0.0015
1048 600 0.003
585 602 0.0083
604 602 0.0075
753 602 0.0015
16 603 0.0045
37 603 0.0023
279 603 0.0023
602 604 0.0075
707 604 0.0098
1015 604 0.0015
61 607 0.0008
185 607 0.0023
1324 607 0.0038
518 608 0.0068
609 608 0.006
625 608 0.0045
608 609 0.006
612 609 0.003
646 609 0.0053
652 609 0.0038
327 610 0.0038
832 610 0.0023
913 610 0.0008
719 611 0.0053
723 611 0.0045
937 611 0.006
609 612 0.003
648 612 0.003
333 614 0.0083
710 614 0.006
723 614 0.0023
76 617 0.0015
521 617 0.0023
102 619 0.0068
110 619 0.0023
708 619 0.0098
502 620 0.0023
623 620 0.0015
870 620 0.0045
620 623 0.0015
692 623 0.0015
608 625 0.0045
651 625 0.0023
1117 625 0.0015
567 626 0.0038
630 626 0.0075
757 626 0.003
626 630 0.0075
631 630 0.003
652 630 0.0038
630 631 0.003
632 631 0.003
631 632 0.003
757 632 0.003
569 634 0.0106
594 634 0.0113
635 634 0.009
598 635 0.0023
634 635 0.009
642 635 0.006
493 637 0.0023
496 637 0.0023
635 642 0.006
643 642 0.0053
714 642 0.003
571 643 0.0008
642 643 0.0053
684 643 0.0023
714 643 0.0008
482 644 0.0008
509 644 0.003
510 644 0.0015
475 645 0.0038
1103 645 0.0038
1140 645 0.006
1142 645 0.0015
609 646 0.0053
1117 646 0.006
612 648 0.003
1117 648 0.0038
625 651 0.0023
673 651 0.0023
609 652 0.0038
630 652 0.0038
541 653 0.0038
654 653 0.0008
666 653 0.0023
653 654 0.0008
655 654 0.003
1090 654 0.0023
1091 654 0.0045
654 655 0.003
656 655 0.003
655 656 0.003
660 656 0.003
728 659 0.0008
752 659 0.0008
656 660 0.003
1091 660 0.003
542 666 0.0023
653 666 0.0023
918 667 0.0068
1249 667 0.006
4 668 0.0023
669 668 0.0023
668 669 0.0023
928 669 0.0015
930 669 0.0045
4 670 0.0008
851 670 0.0008
1085 671 0.0075
1106 671 0.0015
1108 671 0.0053
533 673 0.0023
651 673 0.0023
385 678 0.0173
405 678 0.0143
803 678 0.0053
575 682 0.0038
684 682 0.006
691 682 0.0015
643 684 0.0023
682 684 0.006
691 684 0.003
337 686 0.0015
900 686 0.0008
1330 686 0.003
689 688 0.0038
690 688 0.003
399 689 0.0053
446 689 0.0023
688 689 0.0038
140 690 0.0045
688 690 0.003
941 690 0.0008
682 691 0.0015
684 691 0.003
990 691 0.0008
502 692 0.0015
623 692 0.0015
350 694 0.0045
1120 694 0.0045
1135 695 0.0098
1137 695 0.006
1297 695 0.0106
697 696 0.0098
1253 696 0.0008
1255 696 0.0015
1276 696 0.0106
696 697 0.0098
1253 697 0.0023
1255 697 0.0008
1258 697 0.0053
250 699 0.0075
252 699 0.0053
274 699 0.006
305 701 0.0008
311 701 0.003
702 701 0.0015
252 702 0.003
701 702 0.0015
1228 702 0.003
1230 702 0.0015
986 703 0.0083
997 703 0.0015
998 703 0.0106
278 704 0.0015
705 704 0.0008
322 705 0.0023
325 705 0.0008
704 705 0.0008
191 706 0.0008
325 706 0.0008
1279 706 0.0023
604 707 0.0098
756 707 0.0038
1015 707 0.0083
88 708 0.006
91 708 0.0068
111 708 0.0106
619 708 0.0098
123 709 0.0023
288 709 0.0151
290 709 0.0121
337 710 0.0015
374 710 0.0023
614 710 0.006
715 710 0.0023
717 710 0.0068
967 711 0.0068
974 711 0.0121
1015 711 0.006
45 712 0.0053
124 712 0.0053
223 712 0.0023
642 714 0.003
643 714 0.0008
1034 714 0.0015
374 715 0.0015
710 715 0.0023
337 716 0.003
341 716 0.0045
717 716 0.006
1298 716 0.0015
710 717 0.0068
716 717 0.006
986 718 0.003
1042 718 0.003
270 719 0.003
611 719 0.0053
723 719 0.0015
517 722 0.0053
1068 722 0.0023
1254 722 0.0023
611 723 0.0045
614 723 0.0023
719 723 0.0015
591 728 0.0045
659 728 0.0008
729 728 0.003
728 729 0.003
730 729 0.0023
745 729 0.006
729 730 0.0023
731 730 0.006
1289 730 0.003
730 731 0.006
1271 731 0.0045
1287 731 0.0053
584 732 0.0083
733 732 0.0098
745 732 0.0008
732 733 0.0098
734 733 0.0113
744 733 0.0008
584 734 0.0023
733 734 0.0113
740 734 0.0023
744 734 0.0068
241 735 0.003
546 735 0.003
457 737 0.0045
738 737 0.0015
1055 737 0.0023
589 738 0.0015
737 738 0.0015
734 740 0.0023
742 740 0.0045
1269 740 0.003
740 742 0.0045
1267 742 0.0008
1269 742 0.0015
1272 742 0.0038
733 744 0.0008
734 744 0.0068
745 744 0.0075
748 744 0.003
729 745 0.006
732 745 0.0008
744 745 0.0075
744 748 0.003
1269 748 0.0008
1271 748 0.003
588 750 0.0023
752 750 0.0015
753 750 0.0045
659 752 0.0008
750 752 0.0015
753 752 0.003
602 753 0.0015
750 753 0.0045
752 753 0.003
755 753 0.0023
1123 753 0.0015
753 755 0.0023
1123 755 0.0023
597 756 0.0023
707 756 0.0038
1126 756 0.0008
626 757 0.003
632 757 0.003
5 762 0.0038
764 762 0.0038
762 764 0.0038
765 764 0.0045
764 765 0.0045
766 765 0.0068
1344 765 0.0106
765 766 0.0068
1313 766 0.0038
1315 766 0.0023
775 773 0.0015
1315 773 0.0045
1328 773 0.0068
387 775 0.0015
392 775 0.003
773 775 0.0015
1328 775 0.003
137 777 0.0075
140 777 0.006
155 777 0.0038
166 777 0.0113
126 785 0.0015
392 785 0.0038
786 785 0.006
126 786 0.0023
785 786 0.006
1148 786 0.003
377 787 0.0128
789 787 0.0015
795 787 0.0151
437 789 0.0143
787 789 0.0015
795 789 0.0196
796 789 0.0023
377 792 0.0015
384 792 0.0128
795 792 0.0143
787 795 0.0151
789 795 0.0196
792 795 0.0143
789 796 0.0023
797 796 0.0023
426 797 0.0015
796 797 0.0023
421 802 0.0068
422 802 0.0023
423 802 0.0038
389 803 0.0038
408 803 0.0008
678 803 0.0053
435 805 0.0038
808 805 0.0023
830 805 0.0008
142 806 0.003
145 806 0.003
170 806 0.0068
439 808 0.0038
805 808 0.0023
810 808 0.0008
475 809 0.0015
1075 809 0.0015
808 810 0.0008
1050 810 0.0008
440 812 0.0098
813 812 0.006
824 812 0.003
812 813 0.006
815 813 0.006
818 813 0.0068
411 814 0.0008
1048 814 0.0008
813 815 0.006
816 815 0.0023
820 815 0.006
839 815 0.0023
442 816 0.0023
815 816 0.0023
813 818 0.0068
819 818 0.0053
844 818 0.0038
818 819 0.0053
820 819 0.006
844 819 0.003
815 820 0.006
819 820 0.006
841 820 0.0053
438 821 0.006
822 821 0.003
1069 821 0.0015
821 822 0.003
823 822 0.0015
1060 822 0.0008
822 823 0.0015
1061 823 0.0023
438 824 0.003
812 824 0.003
1018 825 0.0053
1043 825 0.0075
1105 825 0.0015
214 826 0.006
580 826 0.0038
973 826 0.0045
6 828 0.0008
830 828 0.0008
805 830 0.0008
828 830 0.0008
831 830 0.0023
600 831 0.0045
830 831 0.0023
1048 831 0.0015
610 832 0.0023
995 832 0.0023
306 838 0.0008
330 838 0.006
1156 838 0.0045
815 839 0.0023
842 839 0.0023
820 841 0.0053
842 841 0.0038
846 841 0.0038
839 842 0.0023
841 842 0.0038
843 842 0.0008
842 843 0.0008
846 843 0.0015
818 844 0.0038
819 844 0.003
845 844 0.0045
844 845 0.0045
846 845 0.0015
1056 845 0.0023
841 846 0.0038
843 846 0.0015
845 846 0.0015
3 848 0.0068
849 848 0.0068
55 849 0.003
848 849 0.0068
850 849 0.0143
858 849 0.003
931 849 0.0008
849 850 0.0143
851 850 0.0075
863 850 0.0136
670 851 0.0008
850 851 0.0075
852 851 0.0121
853 851 0.0128
851 852 0.0121
853 852 0.0015
934 852 0.0098
851 853 0.0128
852 853 0.0015
854 853 0.0106
853 854 0.0106
857 854 0.0075
930 854 0.0083
481 855 0.0083
511 855 0.0083
2 856 0.009
1221 856 0.009
4 857 0.0075
854 857 0.0075
849 858 0.003
861 858 0.0113
1155 858 0.0151
53 861 0.003
858 861 0.0113
862 861 0.0075
281 862 0.0045
861 862 0.0075
873 862 0.0068
874 862 0.0038
850 863 0.0136
864 863 0.0053
871 863 0.0053
1155 863 0.0151
863 864 0.0053
865 864 0.0045
864 865 0.0045
866 865 0.003
1188 865 0.0008
60 866 0.0023
865 866 0.003
116 867 0.0015
868 867 0.0023
867 868 0.0023
880 868 0.0023
501 870 0.0113
620 870 0.0045
1254 870 0.006
60 871 0.0045
863 871 0.0053
872 871 0.0045
871 872 0.0045
873 872 0.0075
1175 872 0.0068
862 873 0.0068
872 873 0.0075
1177 873 0.009
862 874 0.0038
875 874 0.0015
877 874 0.0015
233 875 0.0015
874 875 0.0015
264 877 0.0008
874 877 0.0015
878 877 0.003
265 878 0.0068
877 878 0.003
879 878 0.003
257 879 0.006
878 879 0.003
942 879 0.0023
116 880 0.0038
868 880 0.0023
882 880 0.003
889 880 0.006
880 882 0.003
883 882 0.006
1161 882 0.0015
882 883 0.006
885 883 0.006
1161 883 0.0068
883 885 0.006
886 885 0.009
1182 885 0.0083
885 886 0.009
887 886 0.0083
312 887 0.0038
457 887 0.0098
886 887 0.0083
888 887 0.0068
78 888 0.0023
449 888 0.0068
521 888 0.0023
887 888 0.0068
116 889 0.0015
880 889 0.006
891 889 0.0045
897 889 0.0045
889 891 0.0045
892 891 0.0098
1176 891 0.0045
891 892 0.0098
893 892 0.006
897 892 0.0053
1178 892 0.0106
892 893 0.006
894 893 0.0068
902 893 0.006
893 894 0.0068
895 894 0.006
894 895 0.006
896 895 0.0068
905 895 0.003
947 895 0.0023
1181 895 0.0023
262 896 0.0053
895 896 0.0068
1181 896 0.0015
889 897 0.0045
892 897 0.0053
898 897 0.0045
1187 897 0.0038
897 898 0.0045
899 898 0.0053
901 898 0.0015
956 898 0.0023
898 899 0.0053
901 899 0.0098
958 899 0.0038
961 899 0.0008
210 900 0.0038
686 900 0.0008
1330 900 0.0053
898 901 0.0015
899 901 0.0098
902 901 0.0075
893 902 0.006
901 902 0.0075
904 902 0.0083
902 904 0.0083
905 904 0.0068
906 904 0.0083
895 905 0.003
904 905 0.0068
954 905 0.003
148 906 0.0053
904 906 0.0083
961 906 0.0023
234 908 0.0098
909 908 0.0143
911 908 0.0023
1280 908 0.0008
908 909 0.0143
939 909 0.0121
1141 909 0.0015
908 911 0.0023
912 911 0.0098
916 911 0.0143
939 911 0.0143
1238 911 0.0113
911 912 0.0098
914 912 0.009
1144 912 0.003
332 913 0.0008
610 913 0.0008
325 914 0.0068
912 914 0.009
939 914 0.0015
140 915 0.0023
145 915 0.003
187 915 0.0008
436 915 0.0015
911 916 0.0143
917 916 0.0151
916 917 0.0151
918 917 0.0143
1280 917 0.0008
667 918 0.0068
917 918 0.0143
919 918 0.0121
1282 918 0.0015
918 919 0.0121
920 919 0.0136
1194 919 0.0008
919 920 0.0136
921 920 0.0136
1194 920 0.0083
920 921 0.0136
922 921 0.0128
921 922 0.0128
923 922 0.009
1265 922 0.0008
1266 922 0.0098
922 923 0.009
924 923 0.0128
1266 923 0.0083
1283 923 0.006
923 924 0.0128
925 924 0.0106
1284 924 0.0015
924 925 0.0106
926 925 0.0098
934 925 0.0106
925 926 0.0098
928 926 0.0068
929 926 0.0068
669 928 0.0015
926 928 0.0068
1291 928 0.0045
926 929 0.0068
930 929 0.0075
669 930 0.0045
854 930 0.0083
929 930 0.0075
849 931 0.0008
932 931 0.0038
1193 931 0.0023
931 932 0.0038
933 932 0.0038
1260 932 0.0053
932 933 0.0038
934 933 0.0008
1283 933 0.0053
852 934 0.0098
925 934 0.0106
933 934 0.0008
470 937 0.0075
611 937 0.006
1005 937 0.0068
940 938 0.0023
1101 938 0.0023
909 939 0.0121
911 939 0.0143
914 939 0.0015
240 940 0.0023
938 940 0.0023
690 941 0.0008
1086 941 0.0008
254 942 0.0023
879 942 0.0023
1 946 0.0015
1350 946 0.0015
895 947 0.0023
949 947 0.0045
953 947 0.0015
947 949 0.0045
950 949 0.0023
953 949 0.0015
949 950 0.0023
951 950 0.0023
258 951 0.0023
950 951 0.0023
947 953 0.0015
949 953 0.0015
905 954 0.003
955 954 0.003
148 955 0.003
954 955 0.003
898 956 0.0023
957 956 0.0045
1187 956 0.006
75 957 0.0068
956 957 0.0045
958 957 0.003
899 958 0.0038
957 958 0.003
959 958 0.0053
962 958 0.0045
958 959 0.0053
961 959 0.0008
985 959 0.0038
899 961 0.0008
906 961 0.0023
959 961 0.0008
75 962 0.006
958 962 0.0045
1038 962 0.0053
16 964 0.0038
108 964 0.0008
1038 964 0.0053
108 966 0.0015
289 966 0.0038
449 966 0.0045
1038 966 0.0023
711 967 0.0068
968 967 0.0023
969 967 0.0038
87 968 0.0023
100 968 0.0023
967 968 0.0023
967 969 0.0038
970 969 0.0053
980 969 0.0008
94 970 0.0075
969 970 0.0053
971 970 0.0045
980 970 0.0128
970 971 0.0045
972 971 0.0023
980 971 0.0015
241 972 0.0053
321 972 0.0023
971 972 0.0023
350 973 0.0038
578 973 0.0015
826 973 0.0045
711 974 0.0121
976 974 0.0143
1128 974 0.0045
599 975 0.0083
983 975 0.0098
1125 975 0.0008
974 976 0.0143
977 976 0.0106
984 976 0.0121
976 977 0.0106
978 977 0.0075
981 977 0.0098
50 978 0.0038
320 978 0.0015
551 978 0.0053
977 978 0.0075
969 980 0.0008
970 980 0.0128
971 980 0.0015
981 980 0.009
977 981 0.0098
980 981 0.009
975 983 0.0098
986 983 0.0121
1034 983 0.0053
976 984 0.0121
1004 984 0.0128
37 985 0.0045
959 985 0.0038
703 986 0.0083
718 986 0.003
983 986 0.0121
551 987 0.0015
988 987 0.0083
1004 987 0.006
551 988 0.0083
987 988 0.0083
989 988 0.0023
441 989 0.0008
988 989 0.0023
1122 989 0.0038
691 990 0.0008
992 990 0.0023
995 990 0.0008
327 992 0.0053
990 992 0.0023
993 992 0.0038
995 992 0.0038
328 993 0.0068
343 993 0.0075
397 993 0.0015
992 993 0.0038
832 995 0.0023
990 995 0.0008
992 995 0.0038
703 997 0.0015
998 997 0.003
999 997 0.0008
703 998 0.0106
997 998 0.003
999 998 0.0008
1002 998 0.0083
997 999 0.0008
998 999 0.0008
998 1002 0.0083
1004 1002 0.009
1131 1002 0.006
6 1003 0.0121
1035 1003 0.0121
984 1004 0.0128
987 1004 0.006
1002 1004 0.009
937 1005 0.0068
1035 1005 0.0068
1035 1007 0.0045
1320 1007 0.0045
6 1009 0.009
1012 1009 0.009
47 1011 0.0045
522 1011 0.003
563 1011 0.0023
578 1011 0.0008
1009 1012 0.009
1013 1012 0.0045
1030 1012 0.0068
1033 1012 0.0023
1012 1013 0.0045
1014 1013 0.0015
1320 1013 0.0068
1013 1014 0.0015
1320 1014 0.0015
604 1015 0.0015
707 1015 0.0083
711 1015 0.006
411 1018 0.006
825 1018 0.0053
1012 1030 0.0068
1037 1030 0.0068
1012 1033 0.0023
1037 1033 0.0023
714 1034 0.0015
983 1034 0.0053
1042 1034 0.003
1003 1035 0.0121
1005 1035 0.0068
1007 1035 0.0045
1030 1037 0.0068
1033 1037 0.0023
1040 1037 0.0038
962 1038 0.0053
964 1038 0.0053
966 1038 0.0023
411 1040 0.0045
1037 1040 0.0038
718 1042 0.003
1034 1042 0.003
600 1043 0.0045
825 1043 0.0075
1105 1043 0.0098
600 1044 0.0083
1046 1044 0.0098
1050 1044 0.0068
600 1045 0.0015
1046 1045 0.0008
1044 1046 0.0098
1045 1046 0.0008
1047 1046 0.0083
1046 1047 0.0083
1105 1047 0.0075
600 1048 0.003
814 1048 0.0008
831 1048 0.0015
442 1050 0.0083
810 1050 0.0008
1044 1050 0.0068
463 1051 0.006
465 1051 0.0068
471 1051 0.009
312 1055 0.0023
737 1055 0.0023
465 1056 0.0008
845 1056 0.0023
1057 1056 0.0008
1056 1057 0.0008
1058 1057 0.0015
1060 1057 0.003
1057 1058 0.0015
1060 1058 0.0015
822 1060 0.0008
1057 1060 0.003
1058 1060 0.0015
460 1061 0.0023
823 1061 0.0023
1062 1061 0.0053
461 1062 0.0045
1061 1062 0.0053
445 1066 0.0015
447 1066 0.0008
470 1068 0.0068
722 1068 0.0023
1073 1068 0.0038
438 1069 0.0023
821 1069 0.0015
531 1070 0.0023
1071 1070 0.0008
1077 1070 0.0038
523 1071 0.0008
1070 1071 0.0008
1072 1071 0.0023
1071 1072 0.0023
1074 1072 0.006
1077 1072 0.006
475 1073 0.0015
1068 1073 0.0038
1079 1073 0.006
540 1074 0.006
1072 1074 0.006
446 1075 0.0053
529 1075 0.003
809 1075 0.0015
533 1077 0.0075
1070 1077 0.0038
1072 1077 0.006
1073 1079 0.006
1086 1079 0.006
1140 1079 0.0038
527 1085 0.0053
671 1085 0.0075
1106 1085 0.0015
270 1086 0.0038
941 1086 0.0008
1079 1086 0.006
524 1087 0.0038
528 1087 0.0023
1090 1087 0.0008
542 1088 0.0038
1110 1088 0.0038
543 1089 0.0038
1110 1089 0.0038
654 1090 0.0023
1087 1090 0.0008
1091 1090 0.0008
654 1091 0.0045
660 1091 0.003
1090 1091 0.0008
240 1101 0.0023
938 1101 0.0023
446 1103 0.0038
475 1103 0.0038
645 1103 0.0038
825 1105 0.0015
1043 1105 0.0098
1047 1105 0.0075
671 1106 0.0015
1085 1106 0.0015
20 1107 0.0015
21 1107 0.0068
217 1107 0.0045
513 1108 0.0053
671 1108 0.0053
1088 1110 0.0038
1089 1110 0.0038
217 1116 0.0045
222 1116 0.0045
625 1117 0.0015
646 1117 0.006
648 1117 0.0038
135 1119 0.003
587 1119 0.003
214 1120 0.003
582 1120 0.0008
694 1120 0.0045
343 1122 0.006
441 1122 0.0075
989 1122 0.0038
753 1123 0.0015
755 1123 0.0023
100 1124 0.003
104 1124 0.0023
975 1125 0.0008
1126 1125 0.0015
756 1126 0.0008
1125 1126 0.0015
1127 1126 0.003
1126 1127 0.003
1128 1127 0.0045
1131 1127 0.0053
974 1128 0.0045
1127 1128 0.0045
1002 1131 0.006
1127 1131 0.0053
559 1134 0.0008
1135 1134 0.0038
1296 1134 0.0023
695 1135 0.0098
1134 1135 0.0038
1136 1135 0.0083
559 1136 0.0068
1135 1136 0.0083
1137 1136 0.0008
695 1137 0.006
1136 1137 0.0008
1138 1137 0.0045
1137 1138 0.0045
1262 1138 0.0008
1274 1138 0.003
332 1139 0.0075
334 1139 0.0015
338 1139 0.0098
645 1140 0.006
1079 1140 0.0038
1142 1140 0.0015
191 1141 0.0008
242 1141 0.003
909 1141 0.0015
645 1142 0.0015
1140 1142 0.0015
912 1144 0.003
1145 1144 0.0008
1242 1144 0.0015
1144 1145 0.0008
1148 1145 0.0008
382 1148 0.0015
786 1148 0.003
1145 1148 0.0008
3 1149 0.0038
1150 1149 0.0038
1149 1150 0.0038
1151 1150 0.0068
1154 1150 0.0023
1150 1151 0.0068
1153 1151 0.0068
281 1153 0.0023
1151 1153 0.0068
1154 1153 0.0038
1150 1154 0.0023
1153 1154 0.0038
858 1155 0.0151
863 1155 0.0151
301 1156 0.0023
303 1156 0.0015
838 1156 0.0045
4 1159 0.0045
1161 1159 0.0045
121 1160 0.003
1254 1160 0.003
882 1161 0.0015
883 1161 0.0068
1159 1161 0.0045
4 1162 0.0083
1163 1162 0.0083
1162 1163 0.0083
1171 1163 0.0083
4 1165 0.0083
1166 1165 0.0083
91 1166 0.003
1165 1166 0.0083
1169 1166 0.0045
1166 1169 0.0045
1170 1169 0.0023
1172 1169 0.0075
280 1170 0.0008
312 1170 0.0008
1169 1170 0.0023
1163 1171 0.0083
1172 1171 0.0098
1173 1171 0.0023
1169 1172 0.0075
1171 1172 0.0098
1173 1172 0.0015
1171 1173 0.0023
1172 1173 0.0015
339 1175 0.003
872 1175 0.0068
1176 1175 0.006
339 1176 0.0008
891 1176 0.0045
1175 1176 0.006
873 1177 0.009
1178 1177 0.0113
1180 1177 0.0015
113 1178 0.003
892 1178 0.0106
1177 1178 0.0113
113 1180 0.0023
1177 1180 0.0015
895 1181 0.0023
896 1181 0.0015
498 1182 0.0053
885 1182 0.0083
1183 1182 0.0098
75 1183 0.0113
1182 1183 0.0098
1186 1183 0.0023
1183 1186 0.0023
1187 1186 0.0015
897 1187 0.0038
956 1187 0.006
1186 1187 0.0015
4 1188 0.0008
865 1188 0.0008
37 1189 0.0015
148 1189 0.0015
276 1189 0.0038
1191 1190 0.0023
1192 1190 0.003
4 1191 0.0023
1190 1191 0.0023
4 1192 0.003
1190 1192 0.003
931 1193 0.0023
1260 1193 0.003
919 1194 0.0008
920 1194 0.0083
1261 1194 0.0038
1282 1194 0.0023
179 1197 0.003
192 1197 0.0038
150 1204 0.0023
153 1204 0.0038
171 1204 0.0008
185 1207 0.0023
1324 1207 0.0053
1334 1207 0.0023
225 1215 0.0038
231 1215 0.0038
561 1217 0.0015
564 1217 0.0045
566 1217 0.0023
127 1218 0.0008
223 1218 0.0008
174 1221 0.009
856 1221 0.009
306 1226 0.0015
1318 1226 0.0015
250 1228 0.0008
702 1228 0.003
1230 1228 0.0015
702 1230 0.0015
1228 1230 0.0015
236 1232 0.0038
245 1232 0.0038
911 1238 0.0113
1239 1238 0.006
1249 1238 0.0045
1238 1239 0.006
1241 1239 0.006
1239 1241 0.006
1242 1241 0.0015
1244 1241 0.0038
1144 1242 0.0015
1241 1242 0.0015
1241 1244 0.0038
1245 1244 0.0015
1247 1244 0.0015
1258 1244 0.0038
1244 1245 0.0015
1247 1245 0.0015
1244 1247 0.0015
1245 1247 0.0015
667 1249 0.006
1238 1249 0.0045
1251 1249 0.0008
1249 1251 0.0008
1253 1251 0.0008
696 1253 0.0008
697 1253 0.0023
1251 1253 0.0008
722 1254 0.0023
870 1254 0.006
1160 1254 0.003
696 1255 0.0015
697 1255 0.0008
1256 1255 0.0008
1276 1255 0.0045
1255 1256 0.0008
1258 1256 0.0008
697 1258 0.0053
1244 1258 0.0038
1256 1258 0.0008
932 1260 0.0053
1193 1260 0.003
1261 1260 0.003
1194 1261 0.0038
1260 1261 0.003
1283 1261 0.006
1138 1262 0.0008
1263 1262 0.003
1267 1262 0.0045
1262 1263 0.003
1264 1263 0.009
1276 1263 0.0053
1263 1264 0.009
1265 1264 0.0098
922 1265 0.0008
1264 1265 0.0098
1266 1265 0.0106
922 1266 0.0098
923 1266 0.0083
1265 1266 0.0106
1284 1266 0.003
742 1267 0.0008
1262 1267 0.0045
1272 1267 0.0045
1292 1267 0.0045
740 1269 0.003
742 1269 0.0015
748 1269 0.0008
731 1271 0.0045
748 1271 0.003
1272 1271 0.0015
1293 1271 0.003
742 1272 0.0038
1267 1272 0.0045
1271 1272 0.0015
1292 1272 0.0038
1138 1274 0.003
1275 1274 0.003
1297 1274 0.0083
1307 1274 0.0053
1274 1275 0.003
1303 1275 0.0038
1304 1275 0.0015
1305 1275 0.0038
696 1276 0.0106
1255 1276 0.0045
1263 1276 0.0053
243 1277 0.0023
273 1277 0.0053
275 1277 0.0023
243 1279 0.0008
278 1279 0.0038
706 1279 0.0023
908 1280 0.0008
917 1280 0.0008
918 1282 0.0015
1194 1282 0.0023
923 1283 0.006
933 1283 0.0053
1261 1283 0.006
924 1284 0.0015
1266 1284 0.003
1285 1284 0.0008
1284 1285 0.0008
1286 1285 0.0015
1290 1285 0.003
1285 1286 0.0015
1290 1286 0.003
1291 1286 0.0008
731 1287 0.0053
1288 1287 0.003
1291 1287 0.0015
4 1288 0.003
1287 1288 0.003
4 1289 0.003
730 1289 0.003
1285 1290 0.003
1286 1290 0.003
1291 1290 0.0023
928 1291 0.0045
1286 1291 0.0008
1287 1291 0.0015
1290 1291 0.0023
1292 1291 0.0053
1293 1291 0.0038
1267 1292 0.0045
1272 1292 0.0038
1291 1292 0.0053
1293 1292 0.003
1271 1293 0.003
1291 1293 0.0038
1292 1293 0.003
1134 1296 0.0023
1297 1296 0.003
695 1297 0.0106
1274 1297 0.0083
1296 1297 0.003
462 1298 0.0015
716 1298 0.0015
5 1300 0.0008
1302 1300 0.0008
555 1302 0.0015
1300 1302 0.0008
1303 1302 0.0015
1304 1302 0.0008
336 1303 0.0008
1275 1303 0.0038
1302 1303 0.0015
1307 1303 0.003
1275 1304 0.0015
1302 1304 0.0008
1305 1304 0.003
1275 1305 0.0038
1304 1305 0.003
336 1306 0.0083
1307 1306 0.0068
1315 1306 0.0008
336 1307 0.0015
1274 1307 0.0053
1303 1307 0.003
1306 1307 0.0068
1312 1310 0.0008
1313 1310 0.0015
1310 1312 0.0008
1313 1312 0.0015
1328 1312 0.003
766 1313 0.0038
1310 1313 0.0015
1312 1313 0.0015
766 1315 0.0023
773 1315 0.0045
1306 1315 0.0008
1344 1315 0.0083
393 1317 0.0015
394 1317 0.0023
306 1318 0.003
456 1318 0.0015
582 1318 0.003
1226 1318 0.0015
2 1319 0.0015
188 1319 0.0015
1007 1320 0.0045
1013 1320 0.0068
1014 1320 0.0015
61 1324 0.0038
607 1324 0.0038
1207 1324 0.0053
65 1326 0.0053
289 1326 0.0015
299 1326 0.0015
504 1326 0.0053
773 1328 0.0068
775 1328 0.003
1312 1328 0.003
462 1330 0.006
686 1330 0.003
900 1330 0.0053
67 1334 0.0015
68 1334 0.0045
1207 1334 0.0023
21 1336 0.0053
207 1336 0.0008
1337 1336 0.0038
80 1337 0.0038
1336 1337 0.0038
77 1338 0.0023
1339 1338 0.0023
1338 1339 0.0023
1341 1339 0.0023
30 1340 0.0023
1341 1340 0.0023
220 1341 0.0053
1339 1341 0.0023
1340 1341 0.0023
3 1342 0.0015
1343 1342 0.0015
1 1343 0.0015
1342 1343 0.0015
336 1344 0.0045
765 1344 0.0106
1315 1344 0.0083
1 1349 0.0038
11 1349 0.0045
1350 1349 0.0045
946 1350 0.0015
1349 1350 0.0045
1351 1350 0.0023
36 1351 0.0023
1350 1351 0.0023
