4 1 0.12
5 1 0.12
36 1 0.16
58 1 0.16
1 4 0.12
32 4 0.12
1 5 0.12
32 5 0.12
15 7 0.08
21 7 0.08
7 15 0.08
21 15 0.08
7 21 0.08
15 21 0.08
4 32 0.12
5 32 0.12
1 36 0.16
37 36 0.16
36 37 0.16
90 37 0.16
83 50 0.08
121 50 0.08
1 58 0.16
59 58 0.12
60 58 0.32
58 59 0.12
92 59 0.12
58 60 0.32
90 60 0.16
92 60 0.12
82 81 0.08
103 81 0.08
81 82 0.08
100 82 0.2
101 82 0.08
50 83 0.08
121 83 0.08
37 90 0.16
60 90 0.16
59 92 0.12
60 92 0.12
82 100 0.2
101 100 0.08
103 100 0.08
82 101 0.08
100 101 0.08
81 103 0.08
100 103 0.08
50 121 0.08
83 121 0.08
