2 1 0.0366
3 1 0.0732
4 1 0.0732
5 1 0.0244
6 1 0.061
7 1 0.0244
8 1 0.0488
9 1 0.0488
15 1 0.0244
19 1 0.0366
29 1 0.0244
32 1 0.0244
46 1 0.0488
47 1 0.122
48 1 0.0122
53 1 0.0366
54 1 0.0244
1 2 0.0366
102 2 0.0366
1 3 0.0732
15 3 0.0732
1 4 0.0732
24 4 0.0366
29 4 0.0244
1 5 0.0244
31 5 0.0244
1 6 0.061
32 6 0.061
1 7 0.0244
41 7 0.0976
46 7 0.1341
1 8 0.0488
88 8 0.0244
89 8 0.0244
96 8 0.0488
1 9 0.0488
10 9 0.0488
9 10 0.0488
96 10 0.0488
101 11 0.0854
102 11 0.0854
1 15 0.0244
3 15 0.0732
16 15 0.0366
15 16 0.0366
99 16 0.0366
100 17 0.122
101 17 0.122
1 19 0.0366
23 19 0.0366
19 23 0.0366
24 23 0.0366
4 24 0.0366
23 24 0.0366
1 29 0.0244
4 29 0.0244
5 31 0.0244
32 31 0.0244
1 32 0.0244
6 32 0.061
31 32 0.0244
7 41 0.0976
42 41 0.1098
41 42 0.1098
43 42 0.0244
75 42 0.1829
126 42 0.0244
42 43 0.0244
75 43 0.0244
1 46 0.0488
7 46 0.1341
47 46 0.122
1 47 0.122
46 47 0.122
48 47 0.2073
1 48 0.0122
47 48 0.2073
49 48 0.1829
48 49 0.1829
50 49 0.122
54 49 0.0488
49 50 0.122
51 50 0.1098
53 50 0.1341
61 50 0.0976
50 51 0.1098
57 51 0.1098
59 52 0.0488
140 52 0.0488
1 53 0.0366
50 53 0.1341
54 53 0.0122
55 53 0.1098
1 54 0.0244
49 54 0.0488
53 54 0.0122
53 55 0.1098
144 55 0.1098
51 57 0.1098
58 57 0.0488
144 57 0.0488
57 58 0.0488
59 58 0.0488
52 59 0.0488
58 59 0.0488
50 61 0.0976
62 61 0.0976
61 62 0.0976
63 62 0.0976
62 63 0.0976
64 63 0.0976
63 64 0.0976
65 64 0.0976
64 65 0.0976
66 65 0.1463
71 65 0.0366
65 66 0.1463
67 66 0.1463
66 67 0.1463
71 67 0.0488
125 67 0.1098
65 71 0.0366
67 71 0.0488
42 75 0.1829
43 75 0.0244
127 75 0.1463
8 88 0.0244
89 88 0.061
91 88 0.0244
8 89 0.0244
88 89 0.061
90 89 0.0244
89 90 0.0244
91 90 0.0244
88 91 0.0244
90 91 0.0244
8 96 0.0488
10 96 0.0488
16 99 0.0366
100 99 0.0854
102 99 0.0366
17 100 0.122
99 100 0.0854
101 100 0.0244
11 101 0.0854
17 101 0.122
100 101 0.0244
2 102 0.0366
11 102 0.0854
99 102 0.0366
67 125 0.1098
126 125 0.1098
42 126 0.0244
125 126 0.1098
127 126 0.1463
75 127 0.1463
126 127 0.1463
52 140 0.0488
144 140 0.0488
55 144 0.1098
57 144 0.0488
140 144 0.0488
