2 1 0.016
3 1 0.0266
4 1 0.0213
5 1 0.0053
6 1 0.016
7 1 0.0106
8 1 0.0479
9 1 0.0319
10 1 0.0213
11 1 0.0266
12 1 0.0266
13 1 0.0426
14 1 0.0372
15 1 0.016
26 1 0.016
27 1 0.0372
66 1 0.0213
119 1 0.0053
1 2 0.016
208 2 0.0053
209 2 0.016
1 3 0.0266
198 3 0.0213
205 3 0.0213
1 4 0.0213
146 4 0.0213
165 4 0.0319
205 4 0.0319
1 5 0.0053
137 5 0.0106
139 5 0.0213
1 6 0.016
132 6 0.0372
133 6 0.016
1 7 0.0106
110 7 0.0106
111 7 0.0266
1 8 0.0479
111 8 0.0745
113 8 0.0532
1 9 0.0319
95 9 0.0372
113 9 0.0319
1 10 0.0213
69 10 0.0319
73 10 0.0319
83 10 0.0213
1 11 0.0266
67 11 0.0213
69 11 0.0213
1 12 0.0266
48 12 0.0372
56 12 0.0213
1 13 0.0426
36 13 0.0319
41 13 0.0266
1 14 0.0372
16 14 0.0213
26 14 0.0106
1 15 0.016
16 15 0.016
19 15 0.0053
14 16 0.0213
15 16 0.016
17 16 0.0053
20 16 0.0106
34 16 0.0053
16 17 0.0053
20 17 0.0053
15 19 0.0053
20 19 0.016
206 19 0.0266
208 19 0.0053
16 20 0.0106
17 20 0.0053
19 20 0.016
21 20 0.0213
212 20 0.0053
20 21 0.0213
206 21 0.0106
212 21 0.0053
1 26 0.016
14 26 0.0106
1 27 0.0372
28 27 0.0213
34 27 0.0053
27 28 0.0213
29 28 0.016
28 29 0.016
30 29 0.0106
38 29 0.0372
29 30 0.0106
38 30 0.0106
16 34 0.0053
27 34 0.0053
13 36 0.0319
37 36 0.0319
41 36 0.016
36 37 0.0319
38 37 0.0213
41 37 0.0053
29 38 0.0372
30 38 0.0106
37 38 0.0213
13 41 0.0266
36 41 0.016
37 41 0.0053
42 41 0.0106
55 41 0.0372
41 42 0.0106
43 42 0.0106
55 42 0.0266
42 43 0.0106
49 43 0.0106
12 48 0.0372
49 48 0.0266
55 48 0.0372
43 49 0.0106
48 49 0.0266
50 49 0.0106
49 50 0.0106
58 50 0.0106
41 55 0.0372
42 55 0.0266
48 55 0.0372
12 56 0.0213
57 56 0.016
66 56 0.0426
56 57 0.016
66 57 0.0106
50 58 0.0106
59 58 0.016
64 58 0.0372
58 59 0.016
60 59 0.0372
72 59 0.016
59 60 0.0372
64 60 0.0372
58 64 0.0372
60 64 0.0372
1 66 0.0213
56 66 0.0426
57 66 0.0106
67 66 0.0426
72 66 0.0053
11 67 0.0213
66 67 0.0426
68 67 0.0372
67 68 0.0372
69 68 0.0053
72 68 0.0266
10 69 0.0319
11 69 0.0213
68 69 0.0053
70 69 0.0106
78 69 0.0319
69 70 0.0106
74 70 0.0106
59 72 0.016
66 72 0.0053
68 72 0.0266
10 73 0.0319
74 73 0.0106
78 73 0.0319
81 73 0.0213
87 73 0.0053
70 74 0.0106
73 74 0.0106
69 78 0.0319
73 78 0.0319
73 81 0.0213
82 81 0.0319
91 81 0.0053
81 82 0.0319
83 82 0.0213
91 82 0.0266
10 83 0.0213
82 83 0.0213
84 83 0.016
83 84 0.016
85 84 0.0053
118 84 0.0213
119 84 0.0106
84 85 0.0053
87 85 0.0053
73 87 0.0053
85 87 0.0053
91 87 0.016
81 91 0.0053
82 91 0.0266
87 91 0.016
9 95 0.0372
96 95 0.016
118 95 0.016
95 96 0.016
97 96 0.016
96 97 0.016
98 97 0.0372
113 97 0.0585
97 98 0.0372
99 98 0.0266
111 98 0.0053
98 99 0.0266
100 99 0.0106
112 99 0.0106
99 100 0.0106
103 100 0.0106
100 103 0.0106
104 103 0.0106
105 103 0.0266
112 103 0.0266
103 104 0.0106
105 104 0.0106
103 105 0.0266
104 105 0.0106
108 105 0.0106
105 108 0.0106
109 108 0.0106
108 109 0.0106
110 109 0.0106
7 110 0.0106
109 110 0.0106
111 110 0.0479
120 110 0.016
7 111 0.0266
8 111 0.0745
98 111 0.0053
110 111 0.0479
112 111 0.0426
99 112 0.0106
103 112 0.0266
111 112 0.0426
8 113 0.0532
9 113 0.0319
97 113 0.0585
84 118 0.0213
95 118 0.016
119 118 0.0213
1 119 0.0053
84 119 0.0106
118 119 0.0213
110 120 0.016
121 120 0.0053
132 120 0.0266
120 121 0.0053
122 121 0.016
132 121 0.0266
121 122 0.016
134 122 0.016
6 132 0.0372
120 132 0.0266
121 132 0.0266
6 133 0.016
134 133 0.016
122 134 0.016
133 134 0.016
5 137 0.0106
139 137 0.0106
5 139 0.0213
137 139 0.0106
141 139 0.0106
146 139 0.0213
139 141 0.0106
149 141 0.0106
4 146 0.0213
139 146 0.0213
147 146 0.0053
166 146 0.0213
167 146 0.0319
146 147 0.0053
148 147 0.0106
168 147 0.0213
147 148 0.0106
149 148 0.0106
168 148 0.0266
141 149 0.0106
148 149 0.0106
151 150 0.016
161 150 0.016
150 151 0.016
152 151 0.0053
160 151 0.0266
151 152 0.0053
160 152 0.0053
151 160 0.0266
152 160 0.0053
161 160 0.016
150 161 0.016
160 161 0.016
4 165 0.0319
166 165 0.0106
180 165 0.016
146 166 0.0213
165 166 0.0106
167 166 0.0053
146 167 0.0319
166 167 0.0053
168 167 0.0213
147 168 0.0213
148 168 0.0266
167 168 0.0213
165 180 0.016
181 180 0.0053
205 180 0.0266
180 181 0.0053
182 181 0.016
199 181 0.0266
181 182 0.016
201 182 0.016
184 183 0.0053
188 183 0.0053
183 184 0.0053
185 184 0.0213
188 184 0.0319
184 185 0.0213
196 185 0.0213
183 188 0.0053
184 188 0.0319
189 188 0.0213
188 189 0.0213
196 189 0.0213
185 196 0.0213
189 196 0.0213
3 198 0.0213
199 198 0.0266
208 198 0.0106
209 198 0.0479
181 199 0.0266
198 199 0.0266
200 199 0.0372
199 200 0.0372
202 200 0.0053
207 200 0.0319
209 200 0.0266
182 201 0.016
202 201 0.0106
200 202 0.0053
201 202 0.0106
203 202 0.0213
202 203 0.0213
206 203 0.0053
207 203 0.0372
208 203 0.0213
3 205 0.0213
4 205 0.0319
180 205 0.0266
19 206 0.0266
21 206 0.0106
203 206 0.0053
208 206 0.0213
200 207 0.0319
203 207 0.0372
208 207 0.0213
2 208 0.0053
19 208 0.0053
198 208 0.0106
203 208 0.0213
206 208 0.0213
207 208 0.0213
2 209 0.016
198 209 0.0479
200 209 0.0266
20 212 0.0053
21 212 0.0053
