2 1 0.0272
3 1 0.0544
4 1 0.034
5 1 0.0272
6 1 0.0204
7 1 0.0884
8 1 0.0748
9 1 0.0204
10 1 0.0476
11 1 0.034
12 1 0.0408
13 1 0.0204
60 1 0.0136
81 1 0.0816
1 2 0.0272
98 2 0.0136
208 2 0.0068
1 3 0.0544
93 3 0.0204
94 3 0.0068
97 3 0.034
98 3 0.0272
1 4 0.034
86 4 0.0068
91 4 0.0136
96 4 0.0408
1 5 0.0272
75 5 0.0068
83 5 0.0136
1 6 0.0204
73 6 0.0068
85 6 0.034
1 7 0.0884
63 7 0.0136
69 7 0.0136
85 7 0.0884
1 8 0.0748
52 8 0.0816
1 9 0.0204
52 9 0.0476
53 9 0.0204
1 10 0.0476
26 10 0.0136
28 10 0.0136
41 10 0.0204
45 10 0.0612
59 10 0.034
1 11 0.034
12 11 0.0272
22 11 0.0204
24 11 0.0408
25 11 0.0068
1 12 0.0408
11 12 0.0272
15 12 0.0408
19 12 0.0272
22 12 0.0204
1 13 0.0204
14 13 0.0204
13 14 0.0204
15 14 0.0204
12 15 0.0408
14 15 0.0204
16 15 0.0136
15 16 0.0136
105 16 0.0136
12 19 0.0272
20 19 0.034
23 19 0.0272
19 20 0.034
21 20 0.0136
23 20 0.0136
20 21 0.0136
105 21 0.034
106 21 0.0136
11 22 0.0204
12 22 0.0204
23 22 0.0068
24 22 0.0068
19 23 0.0272
20 23 0.0136
22 23 0.0068
11 24 0.0408
22 24 0.0068
25 24 0.0272
11 25 0.0068
24 25 0.0272
26 25 0.0136
10 26 0.0136
25 26 0.0136
108 27 0.0136
112 27 0.0068
115 27 0.0272
10 28 0.0136
29 28 0.0204
38 28 0.0408
28 29 0.0204
30 29 0.0204
29 30 0.0204
31 30 0.0204
30 31 0.0204
32 31 0.068
36 31 0.0136
39 31 0.0204
31 32 0.068
33 32 0.0476
36 32 0.0136
32 33 0.0476
118 33 0.0476
31 36 0.0136
32 36 0.0136
28 38 0.0408
39 38 0.0204
45 38 0.0136
31 39 0.0204
38 39 0.0204
121 39 0.0476
10 41 0.0204
42 41 0.034
46 41 0.0068
41 42 0.034
45 42 0.0408
47 43 0.034
51 43 0.0272
10 45 0.0612
38 45 0.0136
42 45 0.0408
41 46 0.0068
59 46 0.0068
43 47 0.034
48 47 0.0544
59 47 0.0136
47 48 0.0544
49 48 0.0272
61 48 0.0204
48 49 0.0272
51 49 0.0272
43 51 0.0272
49 51 0.0272
8 52 0.0816
9 52 0.0476
53 52 0.0068
54 52 0.0136
56 52 0.0408
57 52 0.0408
9 53 0.0204
52 53 0.0068
54 53 0.0068
52 54 0.0136
53 54 0.0068
52 56 0.0408
57 56 0.034
58 56 0.0408
52 57 0.0408
56 57 0.034
61 57 0.0408
56 58 0.0408
60 58 0.034
10 59 0.034
46 59 0.0068
47 59 0.0136
1 60 0.0136
58 60 0.034
62 60 0.0136
48 61 0.0204
57 61 0.0408
62 61 0.0136
60 62 0.0136
61 62 0.0136
7 63 0.0136
64 63 0.0068
69 63 0.0272
63 64 0.0068
69 64 0.0068
7 69 0.0136
63 69 0.0272
64 69 0.0068
6 73 0.0068
74 73 0.0068
85 73 0.0204
73 74 0.0068
75 74 0.0612
85 74 0.0748
5 75 0.0068
74 75 0.0612
76 75 0.0476
75 76 0.0476
77 76 0.0408
76 77 0.0408
78 77 0.0408
77 78 0.0408
79 78 0.034
78 79 0.034
82 79 0.034
139 80 0.0408
143 80 0.0408
1 81 0.0816
82 81 0.0408
83 81 0.034
84 81 0.0272
86 81 0.0068
165 81 0.0136
79 82 0.034
81 82 0.0408
5 83 0.0136
81 83 0.034
84 83 0.0136
81 84 0.0272
83 84 0.0136
165 84 0.0068
6 85 0.034
7 85 0.0884
73 85 0.0204
74 85 0.0748
4 86 0.0068
81 86 0.0068
4 91 0.0136
92 91 0.0068
96 91 0.0272
91 92 0.0068
93 92 0.0068
97 92 0.0204
3 93 0.0204
92 93 0.0068
94 93 0.0068
3 94 0.0068
93 94 0.0068
4 96 0.0408
91 96 0.0272
97 96 0.034
3 97 0.034
92 97 0.0204
96 97 0.034
2 98 0.0136
3 98 0.0272
208 98 0.0068
16 105 0.0136
21 105 0.034
106 105 0.0136
21 106 0.0136
105 106 0.0136
27 108 0.0136
110 108 0.0136
108 110 0.0136
113 110 0.0136
27 112 0.0068
113 112 0.034
115 112 0.0476
110 113 0.0136
112 113 0.034
115 113 0.0136
27 115 0.0272
112 115 0.0476
113 115 0.0136
33 118 0.0476
121 118 0.068
206 118 0.0136
39 121 0.0476
118 121 0.068
122 121 0.0136
121 122 0.0136
123 122 0.0136
206 122 0.034
122 123 0.0136
206 123 0.0136
80 139 0.0408
140 139 0.0204
143 139 0.0136
139 140 0.0204
144 140 0.0204
80 143 0.0408
139 143 0.0136
194 143 0.0204
140 144 0.0204
194 144 0.0204
81 165 0.0136
84 165 0.0068
143 194 0.0204
144 194 0.0204
118 206 0.0136
122 206 0.034
123 206 0.0136
2 208 0.0068
98 208 0.0068
