2 1 0.0622
3 1 0.0335
4 1 0.0431
5 1 0.0144
6 1 0.0431
7 1 0.0287
8 1 0.0239
9 1 0.0191
10 1 0.0239
11 1 0.0191
13 1 0.0096
52 1 0.0239
60 1 0.0048
62 1 0.0191
63 1 0.0718
87 1 0.0239
144 1 0.0096
155 1 0.0096
157 1 0.0335
159 1 0.0287
273 1 0.0287
1 2 0.0622
15 2 0.0478
49 2 0.0096
1 3 0.0335
63 3 0.0383
78 3 0.0526
1 4 0.0431
81 4 0.0239
85 4 0.0144
1 5 0.0144
85 5 0.0144
1 6 0.0431
90 6 0.0383
96 6 0.0096
97 6 0.0144
1 7 0.0287
100 7 0.0287
109 7 0.0239
1 8 0.0239
109 8 0.0335
110 8 0.0096
111 8 0.0191
1 9 0.0191
111 9 0.0239
122 9 0.0096
125 9 0.0144
1 10 0.0239
141 10 0.0096
144 10 0.0096
1 11 0.0191
151 11 0.0191
1 13 0.0096
53 13 0.0096
2 15 0.0478
16 15 0.0478
15 16 0.0478
17 16 0.0478
16 17 0.0478
18 17 0.0383
197 17 0.0144
17 18 0.0383
201 18 0.0383
31 30 0.0144
41 30 0.0144
30 31 0.0144
32 31 0.0144
31 32 0.0144
33 32 0.0431
41 32 0.0622
32 33 0.0431
42 33 0.0096
221 33 0.0287
30 41 0.0144
32 41 0.0622
42 41 0.0431
33 42 0.0096
41 42 0.0431
43 42 0.0287
42 43 0.0287
217 43 0.0287
2 49 0.0096
50 49 0.0096
52 49 0.0239
49 50 0.0096
52 50 0.0239
53 50 0.0096
1 52 0.0239
49 52 0.0239
50 52 0.0239
13 53 0.0096
50 53 0.0096
1 60 0.0048
61 60 0.0048
60 61 0.0048
62 61 0.0096
64 61 0.0191
1 62 0.0191
61 62 0.0096
63 62 0.0191
64 62 0.0287
1 63 0.0718
3 63 0.0383
62 63 0.0191
67 63 0.0909
61 64 0.0191
62 64 0.0287
75 64 0.0048
166 66 0.0383
167 66 0.0191
200 66 0.0144
63 67 0.0909
68 67 0.0766
78 67 0.0096
67 68 0.0766
69 68 0.0096
71 68 0.0909
68 69 0.0096
70 69 0.0096
71 69 0.0431
200 69 0.0144
69 70 0.0096
72 70 0.0239
177 70 0.0096
68 71 0.0909
69 71 0.0431
72 71 0.0718
70 72 0.0239
71 72 0.0718
73 72 0.1005
75 72 0.0718
72 73 0.1005
74 73 0.1005
73 74 0.1005
179 74 0.0096
183 74 0.0861
64 75 0.0048
72 75 0.0718
183 75 0.0191
190 75 0.0383
3 78 0.0526
67 78 0.0096
166 78 0.0383
4 81 0.0239
83 81 0.0239
81 83 0.0239
168 83 0.0239
4 85 0.0144
5 85 0.0144
1 87 0.0239
89 87 0.0239
87 89 0.0239
92 89 0.0239
6 90 0.0383
91 90 0.0239
96 90 0.0096
90 91 0.0239
92 91 0.0239
89 92 0.0239
91 92 0.0239
6 96 0.0096
90 96 0.0096
6 97 0.0144
99 97 0.0144
97 99 0.0144
104 99 0.0096
105 99 0.0383
106 99 0.0048
7 100 0.0287
101 100 0.0478
113 100 0.0191
100 101 0.0478
102 101 0.0478
101 102 0.0478
103 102 0.0144
114 102 0.0287
102 103 0.0144
104 103 0.0144
99 104 0.0096
103 104 0.0144
105 104 0.0287
99 105 0.0383
104 105 0.0287
106 105 0.0048
99 106 0.0048
105 106 0.0048
7 109 0.0239
8 109 0.0335
110 109 0.0335
8 110 0.0096
109 110 0.0335
111 110 0.0191
8 111 0.0191
9 111 0.0239
110 111 0.0191
112 111 0.0239
111 112 0.0239
113 112 0.0287
121 112 0.0239
122 112 0.0096
100 113 0.0191
112 113 0.0287
114 113 0.0526
102 114 0.0287
113 114 0.0526
115 114 0.0191
114 115 0.0191
117 115 0.0191
115 117 0.0191
119 117 0.0191
117 119 0.0191
120 119 0.0335
124 119 0.0096
119 120 0.0335
121 120 0.0191
124 120 0.0096
112 121 0.0239
120 121 0.0191
9 122 0.0096
112 122 0.0096
119 124 0.0096
120 124 0.0096
9 125 0.0144
126 125 0.0239
130 125 0.0191
141 125 0.0096
125 126 0.0239
127 126 0.0239
126 127 0.0239
128 127 0.0383
287 127 0.0096
127 128 0.0383
284 128 0.0191
289 128 0.0144
125 130 0.0191
131 130 0.0239
277 130 0.0478
130 131 0.0239
132 131 0.0287
131 132 0.0287
133 132 0.0287
132 133 0.0287
134 133 0.0239
133 134 0.0239
135 134 0.0335
139 134 0.0048
134 135 0.0335
136 135 0.0191
137 135 0.0335
139 135 0.0048
277 135 0.0383
135 136 0.0191
279 136 0.0191
135 137 0.0335
277 137 0.0335
284 137 0.0431
134 139 0.0048
135 139 0.0048
10 141 0.0096
125 141 0.0096
1 144 0.0096
10 144 0.0096
269 149 0.0287
273 149 0.0287
11 151 0.0191
153 151 0.0191
151 153 0.0191
154 153 0.0191
153 154 0.0191
243 154 0.0191
1 155 0.0096
158 155 0.0096
1 157 0.0335
158 157 0.0526
244 157 0.0144
155 158 0.0096
157 158 0.0526
243 158 0.0383
1 159 0.0287
160 159 0.0478
162 159 0.0144
159 160 0.0478
161 160 0.0144
251 160 0.0287
160 161 0.0144
254 161 0.0287
262 161 0.0096
159 162 0.0144
254 162 0.0144
66 166 0.0383
78 166 0.0383
66 167 0.0191
168 167 0.0239
83 168 0.0239
167 168 0.0239
70 177 0.0096
179 177 0.0096
74 179 0.0096
177 179 0.0096
74 183 0.0861
75 183 0.0191
184 183 0.0622
183 184 0.0622
185 184 0.0574
184 185 0.0574
186 185 0.0335
191 185 0.0191
185 186 0.0335
187 186 0.0383
186 187 0.0383
201 187 0.0383
75 190 0.0383
191 190 0.0335
185 191 0.0191
190 191 0.0335
192 191 0.0096
191 192 0.0096
193 192 0.0096
192 193 0.0096
194 193 0.0287
197 193 0.0144
193 194 0.0287
196 194 0.0287
194 196 0.0287
197 196 0.0335
17 197 0.0144
193 197 0.0144
196 197 0.0335
66 200 0.0144
69 200 0.0144
18 201 0.0383
187 201 0.0383
43 217 0.0287
219 217 0.0335
217 219 0.0335
223 219 0.0335
33 221 0.0287
222 221 0.0287
221 222 0.0287
223 222 0.0335
219 223 0.0335
222 223 0.0335
232 231 0.0096
235 231 0.0096
231 232 0.0096
235 232 0.0096
231 235 0.0096
232 235 0.0096
154 243 0.0191
158 243 0.0383
244 243 0.0239
245 243 0.0048
157 244 0.0144
243 244 0.0239
245 244 0.0048
243 245 0.0048
244 245 0.0048
160 251 0.0287
253 251 0.0287
251 253 0.0287
269 253 0.0287
161 254 0.0287
162 254 0.0144
255 254 0.0096
266 254 0.0239
254 255 0.0096
256 255 0.0096
255 256 0.0096
263 256 0.0096
161 262 0.0096
263 262 0.0096
266 262 0.0239
256 263 0.0096
262 263 0.0096
266 263 0.0239
254 266 0.0239
262 266 0.0239
263 266 0.0239
149 269 0.0287
253 269 0.0287
1 273 0.0287
149 273 0.0287
130 277 0.0478
135 277 0.0383
137 277 0.0335
136 279 0.0191
280 279 0.0191
279 280 0.0191
284 280 0.0191
128 284 0.0191
137 284 0.0431
280 284 0.0191
127 287 0.0096
288 287 0.0239
290 287 0.0096
287 288 0.0239
289 288 0.0144
290 288 0.0144
128 289 0.0144
288 289 0.0144
287 290 0.0096
288 290 0.0144
