2 1 0.0311
3 1 0.0248
4 1 0.0248
5 1 0.0248
6 1 0.0435
7 1 0.0186
8 1 0.0124
9 1 0.0186
10 1 0.0186
11 1 0.0248
12 1 0.0435
13 1 0.0497
14 1 0.0248
56 1 0.0435
164 1 0.0124
1 2 0.0311
15 2 0.0062
25 2 0.0062
156 2 0.0311
1 3 0.0248
25 3 0.0062
28 3 0.0062
29 3 0.0248
1 4 0.0248
29 4 0.0124
35 4 0.0248
49 4 0.0124
1 5 0.0248
35 5 0.0311
55 5 0.0435
56 5 0.0373
1 6 0.0435
62 6 0.0248
177 6 0.0124
1 7 0.0186
63 7 0.0062
69 7 0.0248
70 7 0.0124
72 7 0.0124
75 7 0.0124
150 7 0.0186
1 8 0.0124
77 8 0.0186
149 8 0.0248
1 9 0.0186
80 9 0.0248
92 9 0.0186
107 9 0.0248
116 9 0.0248
149 9 0.0248
1 10 0.0186
122 10 0.0248
126 10 0.0248
1 11 0.0248
125 11 0.0311
171 11 0.0373
1 12 0.0435
163 12 0.0124
168 12 0.0248
1 13 0.0497
151 13 0.0559
162 13 0.0124
164 13 0.0186
1 14 0.0248
156 14 0.0186
2 15 0.0062
156 15 0.0062
2 25 0.0062
3 25 0.0062
3 28 0.0062
29 28 0.0248
30 28 0.0124
3 29 0.0248
4 29 0.0124
28 29 0.0248
32 29 0.0124
28 30 0.0124
32 30 0.0124
29 32 0.0124
30 32 0.0124
4 35 0.0248
5 35 0.0311
49 35 0.0124
55 35 0.0062
174 35 0.0062
4 49 0.0124
35 49 0.0124
52 51 0.0062
55 51 0.0062
56 51 0.0186
51 52 0.0062
53 52 0.0062
55 52 0.0186
52 53 0.0062
55 53 0.0062
5 55 0.0435
35 55 0.0062
51 55 0.0062
52 55 0.0186
53 55 0.0062
174 55 0.0062
1 56 0.0435
5 56 0.0373
51 56 0.0186
177 56 0.0248
6 62 0.0248
63 62 0.0124
177 62 0.0062
7 63 0.0062
62 63 0.0124
7 69 0.0248
70 69 0.0062
72 69 0.0124
7 70 0.0124
69 70 0.0062
7 72 0.0124
69 72 0.0124
7 75 0.0124
78 75 0.0124
8 77 0.0186
78 77 0.0311
83 77 0.0311
150 77 0.0186
75 78 0.0124
77 78 0.0311
79 78 0.0248
81 78 0.0062
150 78 0.0311
78 79 0.0248
80 79 0.0248
83 79 0.0311
9 80 0.0248
79 80 0.0248
81 80 0.0062
84 80 0.0062
88 80 0.0186
78 81 0.0062
80 81 0.0062
77 83 0.0311
79 83 0.0311
149 83 0.0311
80 84 0.0062
85 84 0.0124
89 84 0.0248
84 85 0.0124
86 85 0.0062
90 85 0.0311
91 85 0.0248
85 86 0.0062
91 86 0.0062
80 88 0.0186
89 88 0.0062
93 88 0.0062
84 89 0.0248
88 89 0.0062
90 89 0.0124
85 90 0.0311
89 90 0.0124
91 90 0.0124
85 91 0.0248
86 91 0.0062
90 91 0.0124
9 92 0.0186
93 92 0.0311
107 92 0.0311
88 93 0.0062
92 93 0.0311
94 93 0.0062
108 93 0.0683
111 93 0.0186
112 93 0.0062
93 94 0.0062
95 94 0.0311
113 94 0.0435
94 95 0.0311
96 95 0.0186
99 95 0.0373
95 96 0.0186
98 96 0.0186
96 98 0.0186
99 98 0.0124
95 99 0.0373
98 99 0.0124
100 99 0.0186
99 100 0.0186
114 100 0.0311
9 107 0.0248
92 107 0.0311
108 107 0.0373
115 107 0.0311
93 108 0.0683
107 108 0.0373
109 108 0.0683
130 108 0.0373
108 109 0.0683
110 109 0.0559
131 109 0.0062
109 110 0.0559
111 110 0.0559
140 110 0.0186
93 111 0.0186
110 111 0.0559
112 111 0.0186
141 111 0.0062
93 112 0.0062
111 112 0.0186
113 112 0.0373
143 112 0.0248
94 113 0.0435
112 113 0.0373
114 113 0.0621
100 114 0.0311
113 114 0.0621
145 114 0.0248
107 115 0.0311
116 115 0.0248
118 115 0.0124
121 115 0.0186
9 116 0.0248
115 116 0.0248
117 116 0.0186
116 117 0.0186
118 117 0.0062
122 117 0.0062
115 118 0.0124
117 118 0.0062
115 121 0.0186
130 121 0.0124
10 122 0.0248
117 122 0.0062
123 122 0.0124
122 123 0.0124
124 123 0.0124
126 123 0.0311
123 124 0.0124
125 124 0.0373
171 124 0.0186
11 125 0.0311
124 125 0.0373
126 125 0.0248
10 126 0.0248
123 126 0.0311
125 126 0.0248
108 130 0.0373
121 130 0.0124
131 130 0.0186
109 131 0.0062
130 131 0.0186
140 131 0.0062
133 132 0.0124
136 132 0.0248
138 132 0.0062
132 133 0.0124
136 133 0.0124
132 136 0.0248
133 136 0.0124
138 136 0.0062
132 138 0.0062
136 138 0.0062
110 140 0.0186
131 140 0.0062
141 140 0.0062
111 141 0.0062
140 141 0.0062
112 143 0.0248
145 143 0.0248
114 145 0.0248
143 145 0.0248
8 149 0.0248
9 149 0.0248
83 149 0.0311
7 150 0.0186
77 150 0.0186
78 150 0.0311
13 151 0.0559
157 151 0.0062
162 151 0.0621
2 156 0.0311
14 156 0.0186
15 156 0.0062
151 157 0.0062
161 157 0.0062
157 161 0.0062
162 161 0.0311
163 161 0.0062
165 161 0.0062
13 162 0.0124
151 162 0.0621
161 162 0.0311
163 162 0.0248
12 163 0.0124
161 163 0.0062
162 163 0.0248
1 164 0.0124
13 164 0.0186
161 165 0.0062
168 165 0.0062
12 168 0.0248
165 168 0.0062
169 168 0.0124
168 169 0.0124
171 169 0.0124
11 171 0.0373
124 171 0.0186
169 171 0.0124
35 174 0.0062
55 174 0.0062
6 177 0.0124
56 177 0.0248
62 177 0.0062
