2 1 0.0474
3 1 0.0105
4 1 0.0263
5 1 0.0684
6 1 0.0105
7 1 0.0105
9 1 0.0211
10 1 0.0474
14 1 0.0474
15 1 0.0053
19 1 0.0263
25 1 0.0158
31 1 0.0105
32 1 0.0105
36 1 0.0368
37 1 0.0105
44 1 0.0158
46 1 0.0158
52 1 0.0105
64 1 0.0474
76 1 0.0211
79 1 0.0053
85 1 0.0421
100 1 0.0105
1 2 0.0474
11 2 0.0474
1 3 0.0105
85 3 0.0526
95 3 0.0053
96 3 0.0053
97 3 0.0158
1 4 0.0263
75 4 0.0211
76 4 0.0105
1 5 0.0684
70 5 0.0474
75 5 0.0158
1 6 0.0105
64 6 0.0105
1 7 0.0105
52 7 0.0105
1 9 0.0211
40 9 0.0211
1 10 0.0474
16 10 0.0053
17 10 0.0105
18 10 0.0211
2 11 0.0474
12 11 0.0263
14 11 0.0158
11 12 0.0263
13 12 0.0211
12 13 0.0211
291 13 0.0474
297 13 0.0211
1 14 0.0474
11 14 0.0158
15 14 0.0263
1 15 0.0053
14 15 0.0263
16 15 0.0158
10 16 0.0053
15 16 0.0158
17 16 0.0053
10 17 0.0105
16 17 0.0053
10 18 0.0211
21 18 0.0263
1 19 0.0263
20 19 0.0421
23 19 0.0105
19 20 0.0421
21 20 0.0263
23 20 0.0105
18 21 0.0263
20 21 0.0263
19 23 0.0105
20 23 0.0105
1 25 0.0158
292 25 0.0158
273 29 0.0158
283 29 0.0158
1 31 0.0105
32 31 0.0211
33 31 0.0053
1 32 0.0105
31 32 0.0211
33 32 0.0053
31 33 0.0053
32 33 0.0053
1 36 0.0368
37 36 0.0211
38 36 0.0316
1 37 0.0105
36 37 0.0211
38 37 0.0053
36 38 0.0316
37 38 0.0053
39 38 0.0263
38 39 0.0263
251 39 0.0316
259 39 0.0632
9 40 0.0211
41 40 0.0211
40 41 0.0211
261 41 0.0263
1 44 0.0158
47 44 0.0158
1 46 0.0158
47 46 0.0158
44 47 0.0158
46 47 0.0158
1 52 0.0105
7 52 0.0105
1 64 0.0474
6 64 0.0105
74 64 0.0316
67 66 0.0368
68 66 0.0105
74 66 0.0211
66 67 0.0368
68 67 0.0684
190 67 0.0263
66 68 0.0105
67 68 0.0684
185 68 0.0211
188 68 0.0263
5 70 0.0474
71 70 0.0316
74 70 0.0053
77 70 0.0211
70 71 0.0316
72 71 0.0368
78 71 0.0211
71 72 0.0368
73 72 0.0211
78 72 0.0105
72 73 0.0211
174 73 0.0211
64 74 0.0316
66 74 0.0211
70 74 0.0053
4 75 0.0211
5 75 0.0158
1 76 0.0211
4 76 0.0105
77 76 0.0105
70 77 0.0211
76 77 0.0105
78 77 0.0053
71 78 0.0211
72 78 0.0105
77 78 0.0053
1 79 0.0053
80 79 0.0316
81 79 0.0421
79 80 0.0316
158 80 0.0526
160 80 0.0158
79 81 0.0421
82 81 0.0053
86 81 0.0105
87 81 0.0684
81 82 0.0053
83 82 0.0053
88 82 0.0158
82 83 0.0053
89 83 0.0053
1 85 0.0421
3 85 0.0526
86 85 0.0105
96 85 0.0526
81 86 0.0105
85 86 0.0105
87 86 0.0263
81 87 0.0684
86 87 0.0263
88 87 0.0474
82 88 0.0158
87 88 0.0474
89 88 0.0474
83 89 0.0053
88 89 0.0474
90 89 0.0368
89 90 0.0368
91 90 0.0579
101 90 0.0263
90 91 0.0579
92 91 0.0368
138 91 0.0474
91 92 0.0368
125 92 0.0368
128 92 0.0316
137 92 0.0316
94 93 0.0105
95 93 0.0316
99 93 0.0474
93 94 0.0105
99 94 0.0105
3 95 0.0053
93 95 0.0316
96 95 0.0421
3 96 0.0053
85 96 0.0526
95 96 0.0421
3 97 0.0158
98 97 0.0211
97 98 0.0211
99 98 0.0316
100 98 0.0053
93 99 0.0474
94 99 0.0105
98 99 0.0316
1 100 0.0105
98 100 0.0053
90 101 0.0263
102 101 0.0316
104 101 0.0105
101 102 0.0316
103 102 0.0211
125 102 0.0368
102 103 0.0211
104 103 0.0053
115 103 0.0105
101 104 0.0105
103 104 0.0053
103 115 0.0105
126 115 0.0105
92 125 0.0368
102 125 0.0368
126 125 0.0158
147 125 0.0474
115 126 0.0105
125 126 0.0158
149 126 0.0316
92 128 0.0316
129 128 0.0368
128 129 0.0368
130 129 0.0526
140 129 0.0105
129 130 0.0526
131 130 0.0789
141 130 0.0211
130 131 0.0789
132 131 0.0842
131 132 0.0842
133 132 0.0684
151 132 0.0263
152 132 0.0211
132 133 0.0684
134 133 0.0842
135 133 0.0105
133 134 0.0842
135 134 0.0105
141 134 0.0632
133 135 0.0105
134 135 0.0105
137 136 0.0105
138 136 0.0789
158 136 0.0526
164 136 0.0053
92 137 0.0316
136 137 0.0105
138 137 0.0579
139 137 0.0158
164 137 0.0263
91 138 0.0474
136 138 0.0789
137 138 0.0579
137 139 0.0158
140 139 0.0211
129 140 0.0105
139 140 0.0211
141 140 0.0368
130 141 0.0211
134 141 0.0632
140 141 0.0368
125 147 0.0474
148 147 0.0368
151 147 0.0053
147 148 0.0368
149 148 0.0316
126 149 0.0316
148 149 0.0316
132 151 0.0263
147 151 0.0053
154 151 0.0158
132 152 0.0211
153 152 0.0211
152 153 0.0211
154 153 0.0368
155 153 0.0105
151 154 0.0158
153 154 0.0368
155 154 0.0158
153 155 0.0105
154 155 0.0158
80 158 0.0526
136 158 0.0526
80 160 0.0158
161 160 0.0158
160 161 0.0158
162 161 0.0158
161 162 0.0158
164 162 0.0158
136 164 0.0053
137 164 0.0263
162 164 0.0158
73 174 0.0211
185 174 0.0211
68 185 0.0211
174 185 0.0211
68 188 0.0263
193 188 0.0263
67 190 0.0263
191 190 0.0263
190 191 0.0263
192 191 0.0263
191 192 0.0263
193 192 0.0263
188 193 0.0263
192 193 0.0263
227 223 0.0105
228 223 0.0105
223 227 0.0105
228 227 0.0105
223 228 0.0105
227 228 0.0105
39 251 0.0316
252 251 0.0316
251 252 0.0316
260 252 0.0316
39 259 0.0632
261 259 0.0579
252 260 0.0316
261 260 0.0263
41 261 0.0263
259 261 0.0579
260 261 0.0263
29 273 0.0158
274 273 0.0158
273 274 0.0158
283 274 0.0158
29 283 0.0158
274 283 0.0158
13 291 0.0474
292 291 0.0421
25 292 0.0158
291 292 0.0421
293 292 0.0368
294 292 0.0105
292 293 0.0368
294 293 0.0105
298 293 0.0211
292 294 0.0105
293 294 0.0105
13 297 0.0211
298 297 0.0211
293 298 0.0211
297 298 0.0211
