2 1 0.0263
3 1 0.0526
4 1 0.0526
5 1 0.0175
6 1 0.0439
7 1 0.0175
8 1 0.0614
9 1 0.0351
15 1 0.0175
19 1 0.0263
29 1 0.0175
32 1 0.0175
46 1 0.0351
47 1 0.0439
48 1 0.0088
53 1 0.0351
54 1 0.0175
76 1 0.0175
1 2 0.0263
95 2 0.0263
1 3 0.0526
15 3 0.0526
1 4 0.0526
24 4 0.0263
29 4 0.0175
1 5 0.0175
31 5 0.0175
1 6 0.0439
32 6 0.0439
1 7 0.0175
41 7 0.0175
46 7 0.0439
1 8 0.0614
84 8 0.0175
86 8 0.0439
90 8 0.0351
1 9 0.0351
10 9 0.0351
9 10 0.0351
90 10 0.0351
94 11 0.1053
95 11 0.0526
96 11 0.0439
1 15 0.0175
3 15 0.0526
16 15 0.0263
15 16 0.0263
92 16 0.0263
93 17 0.0789
94 17 0.1316
98 17 0.0439
1 19 0.0263
23 19 0.0263
19 23 0.0263
24 23 0.0263
4 24 0.0263
23 24 0.0263
1 29 0.0175
4 29 0.0175
5 31 0.0175
32 31 0.0175
1 32 0.0175
6 32 0.0439
31 32 0.0175
7 41 0.0175
42 41 0.0263
41 42 0.0263
43 42 0.0175
75 42 0.0789
111 42 0.0175
42 43 0.0175
75 43 0.0175
108 44 0.0263
109 44 0.0263
1 46 0.0351
7 46 0.0439
47 46 0.0351
1 47 0.0439
46 47 0.0351
48 47 0.0526
1 48 0.0088
47 48 0.0526
49 48 0.0351
48 49 0.0351
50 49 0.0614
54 49 0.0526
49 50 0.0614
51 50 0.1667
53 50 0.0088
61 50 0.1667
50 51 0.1667
57 51 0.1667
59 52 0.1491
120 52 0.1404
1 53 0.0351
50 53 0.0088
54 53 0.0789
55 53 0.0175
1 54 0.0175
49 54 0.0526
53 54 0.0789
53 55 0.0175
127 55 0.0614
131 55 0.0351
51 57 0.1667
58 57 0.1491
127 57 0.0088
57 58 0.1491
59 58 0.1491
52 59 0.1491
58 59 0.1491
50 61 0.1667
62 61 0.1667
61 62 0.1667
63 62 0.1667
62 63 0.1667
64 63 0.1667
63 64 0.1667
65 64 0.1667
64 65 0.1667
66 65 0.2018
71 65 0.0263
65 66 0.2018
67 66 0.2018
66 67 0.2018
71 67 0.0351
110 67 0.1754
65 71 0.0263
67 71 0.0351
42 75 0.0789
43 75 0.0175
112 75 0.0526
1 76 0.0175
139 76 0.0175
8 84 0.0175
85 84 0.0263
86 84 0.0526
84 85 0.0263
88 85 0.0526
136 85 0.0175
8 86 0.0439
84 86 0.0526
87 86 0.0526
86 87 0.0526
88 87 0.0526
85 88 0.0526
87 88 0.0526
8 90 0.0351
10 90 0.0351
16 92 0.0263
93 92 0.0526
95 92 0.0175
17 93 0.0789
92 93 0.0526
94 93 0.0175
11 94 0.1053
17 94 0.1316
93 94 0.0175
2 95 0.0263
11 95 0.0526
92 95 0.0175
11 96 0.0439
152 96 0.0439
17 98 0.0439
153 98 0.0439
44 108 0.0263
171 108 0.0263
44 109 0.0263
171 109 0.0263
67 110 0.1754
111 110 0.0263
117 110 0.1404
42 111 0.0175
110 111 0.0263
112 111 0.0526
75 112 0.0526
111 112 0.0526
110 117 0.1404
118 117 0.1404
117 118 0.1404
178 118 0.1667
180 118 0.0175
52 120 0.1404
121 120 0.1404
120 121 0.1404
122 121 0.1404
121 122 0.1404
180 122 0.1404
127 124 0.0351
130 124 0.0263
55 127 0.0614
57 127 0.0088
124 127 0.0351
128 127 0.0263
196 127 0.0351
127 128 0.0263
130 128 0.0263
124 130 0.0263
128 130 0.0263
55 131 0.0351
133 131 0.0351
131 133 0.0351
196 133 0.0351
85 136 0.0175
137 136 0.0439
139 136 0.0175
136 137 0.0439
139 137 0.0439
76 139 0.0175
136 139 0.0175
137 139 0.0439
96 152 0.0439
153 152 0.0439
98 153 0.0439
152 153 0.0439
108 171 0.0263
109 171 0.0263
118 178 0.1667
180 178 0.1667
118 180 0.0175
122 180 0.1404
178 180 0.1667
127 196 0.0351
133 196 0.0351
