2 1 0.0171
3 1 0.0029
4 1 0.0071
5 1 0.0171
6 1 0.0029
7 1 0.0029
9 1 0.0057
10 1 0.0129
14 1 0.0057
15 1 0.0043
19 1 0.0071
25 1 0.0114
28 1 0.0129
32 1 0.0214
33 1 0.0029
37 1 0.02
38 1 0.0029
45 1 0.0157
47 1 0.0043
53 1 0.0157
64 1 0.01
77 1 0.0071
81 1 0.0071
87 1 0.0229
102 1 0.0057
1 2 0.0171
11 2 0.0143
393 2 0.0014
1 3 0.0029
87 3 0.0114
97 3 0.0014
98 3 0.0014
99 3 0.0014
1 4 0.0071
76 4 0.0057
77 4 0.0029
1 5 0.0171
71 5 0.0114
76 5 0.0043
1 6 0.0029
58 6 0.0086
64 6 0.0143
1 7 0.0029
53 7 0.0029
1 9 0.0057
41 9 0.0057
1 10 0.0129
16 10 0.0071
18 10 0.0057
2 11 0.0143
12 11 0.0086
14 11 0.0043
11 12 0.0086
13 12 0.0043
17 12 0.0014
12 13 0.0043
246 13 0.0114
252 13 0.0057
1 14 0.0057
11 14 0.0043
1 15 0.0043
16 15 0.0029
10 16 0.0071
15 16 0.0029
17 16 0.0029
12 17 0.0014
16 17 0.0029
10 18 0.0057
21 18 0.0071
1 19 0.0071
20 19 0.0114
23 19 0.0029
19 20 0.0114
21 20 0.0071
23 20 0.0029
18 21 0.0071
20 21 0.0071
19 23 0.0029
20 23 0.0029
1 25 0.0114
26 25 0.0114
25 26 0.0114
27 26 0.0157
247 26 0.0229
26 27 0.0157
244 27 0.0171
531 27 0.0057
1 28 0.0129
530 28 0.0129
30 29 0.0129
530 29 0.0129
29 30 0.0129
234 30 0.0157
242 30 0.0057
541 30 0.0029
1 32 0.0214
33 32 0.0057
34 32 0.02
1 33 0.0029
32 33 0.0057
34 33 0.0014
32 34 0.02
33 34 0.0014
35 34 0.0171
34 35 0.0171
36 35 0.0143
232 35 0.0014
35 36 0.0143
218 36 0.0186
345 36 0.0029
1 37 0.02
38 37 0.0057
39 37 0.0186
1 38 0.0029
37 38 0.0057
39 38 0.0014
37 39 0.0186
38 39 0.0014
40 39 0.0171
39 40 0.0171
221 40 0.02
227 40 0.0157
341 40 0.0043
9 41 0.0057
42 41 0.0057
41 42 0.0057
229 42 0.0071
1 45 0.0157
46 45 0.0029
48 45 0.0143
45 46 0.0029
213 46 0.0029
1 47 0.0043
48 47 0.0043
45 48 0.0143
47 48 0.0043
473 48 0.0086
1 53 0.0157
7 53 0.0029
54 53 0.0114
53 54 0.0114
55 54 0.0129
197 54 0.0086
54 55 0.0129
201 55 0.0129
6 58 0.0086
62 58 0.0086
58 62 0.0086
317 62 0.0086
1 64 0.01
6 64 0.0143
75 64 0.0171
67 66 0.02
68 66 0.01
69 66 0.0029
75 66 0.0157
66 67 0.02
195 67 0.01
316 67 0.0114
66 68 0.01
69 68 0.0129
181 68 0.0129
66 69 0.0029
68 69 0.0129
177 69 0.0014
179 69 0.0086
5 71 0.0114
72 71 0.0114
78 71 0.0057
71 72 0.0114
73 72 0.0114
79 72 0.0071
72 73 0.0114
74 73 0.0071
79 73 0.0029
73 74 0.0071
167 74 0.0071
64 75 0.0171
66 75 0.0157
4 76 0.0057
5 76 0.0043
1 77 0.0071
4 77 0.0029
78 77 0.0014
80 77 0.0014
71 78 0.0057
77 78 0.0014
79 78 0.0029
72 79 0.0071
73 79 0.0029
78 79 0.0029
77 80 0.0014
162 80 0.0014
1 81 0.0071
82 81 0.0114
83 81 0.0114
81 82 0.0114
150 82 0.0129
152 82 0.0086
81 83 0.0114
84 83 0.0014
88 83 0.0029
89 83 0.0186
83 84 0.0014
85 84 0.0014
90 84 0.0043
84 85 0.0014
91 85 0.0014
1 87 0.0229
3 87 0.0114
88 87 0.0129
98 87 0.0129
83 88 0.0029
87 88 0.0129
89 88 0.0171
83 89 0.0186
88 89 0.0171
90 89 0.02
84 90 0.0043
89 90 0.02
91 90 0.02
85 91 0.0014
90 91 0.02
92 91 0.0171
91 92 0.0171
93 92 0.0143
103 92 0.0157
92 93 0.0143
94 93 0.01
133 93 0.0114
93 94 0.01
120 94 0.0086
123 94 0.0071
132 94 0.0086
96 95 0.0029
97 95 0.0071
101 95 0.0114
95 96 0.0029
101 96 0.0029
3 97 0.0014
95 97 0.0071
98 97 0.01
3 98 0.0014
87 98 0.0129
97 98 0.01
3 99 0.0014
100 99 0.0029
99 100 0.0029
101 100 0.0071
102 100 0.0029
95 101 0.0114
96 101 0.0029
100 101 0.0071
1 102 0.0057
100 102 0.0029
106 102 0.0014
92 103 0.0157
104 103 0.0171
106 103 0.0057
103 104 0.0171
105 104 0.0229
120 104 0.0186
104 105 0.0229
109 105 0.0071
110 105 0.0129
113 105 0.0229
102 106 0.0014
103 106 0.0057
109 106 0.0029
105 109 0.0071
106 109 0.0029
393 109 0.0029
105 110 0.0129
111 110 0.0157
110 111 0.0157
112 111 0.0143
263 111 0.0086
111 112 0.0143
263 112 0.0029
264 112 0.01
105 113 0.0229
114 113 0.0186
121 113 0.0029
113 114 0.0186
115 114 0.0171
114 115 0.0171
116 115 0.0271
272 115 0.0114
115 116 0.0271
117 116 0.0271
116 117 0.0271
276 117 0.0271
94 120 0.0086
104 120 0.0186
121 120 0.0014
141 120 0.0171
113 121 0.0029
120 121 0.0014
143 121 0.0057
94 123 0.0071
124 123 0.0086
123 124 0.0086
125 124 0.0057
135 124 0.01
124 125 0.0057
126 125 0.0086
136 125 0.01
125 126 0.0086
127 126 0.01
126 127 0.01
128 127 0.0114
144 127 0.0086
145 127 0.01
127 128 0.0114
129 128 0.0114
130 128 0.0071
128 129 0.0114
130 129 0.01
136 129 0.0129
128 130 0.0071
129 130 0.01
140 130 0.01
297 130 0.0043
132 131 0.0029
133 131 0.02
150 131 0.0129
158 131 0.0014
94 132 0.0086
131 132 0.0029
133 132 0.0157
134 132 0.0043
158 132 0.0071
93 133 0.0114
131 133 0.02
132 133 0.0157
132 134 0.0043
135 134 0.01
442 134 0.0029
124 135 0.01
134 135 0.01
136 135 0.01
137 135 0.0014
125 136 0.01
129 136 0.0129
135 136 0.01
135 137 0.0014
139 137 0.0014
137 139 0.0014
294 139 0.0029
297 139 0.0057
130 140 0.01
292 140 0.0114
295 140 0.0057
120 141 0.0171
142 141 0.0214
144 141 0.0086
141 142 0.0214
143 142 0.0229
121 143 0.0057
142 143 0.0229
277 143 0.0071
280 143 0.0186
127 144 0.0086
141 144 0.0086
147 144 0.0129
127 145 0.01
146 145 0.0057
149 145 0.0029
145 146 0.0057
147 146 0.0086
148 146 0.0014
144 147 0.0129
146 147 0.0086
148 147 0.0086
146 148 0.0014
147 148 0.0086
281 148 0.0086
145 149 0.0029
287 149 0.0043
289 149 0.0086
82 150 0.0129
131 150 0.0129
82 152 0.0086
153 152 0.0114
162 152 0.0014
152 153 0.0114
154 153 0.0114
153 154 0.0114
155 154 0.0129
299 154 0.0057
154 155 0.0129
156 155 0.0114
158 155 0.0043
165 155 0.0029
155 156 0.0114
157 156 0.0129
156 157 0.0129
304 157 0.0014
307 157 0.0157
131 158 0.0014
132 158 0.0071
155 158 0.0043
80 162 0.0014
152 162 0.0014
163 162 0.0043
162 163 0.0043
164 163 0.0029
299 163 0.0086
163 164 0.0029
171 164 0.0057
299 164 0.01
155 165 0.0029
171 165 0.01
301 165 0.0186
302 165 0.0029
74 167 0.0071
168 167 0.0129
177 167 0.0071
167 168 0.0129
169 168 0.0086
178 168 0.0057
168 169 0.0086
170 169 0.0114
314 169 0.0071
169 170 0.0114
171 170 0.0029
172 170 0.0157
164 171 0.0057
165 171 0.01
170 171 0.0029
170 172 0.0157
173 172 0.0186
300 172 0.0014
172 173 0.0186
174 173 0.0243
313 173 0.0157
173 174 0.0243
175 174 0.0314
300 174 0.0257
174 175 0.0314
176 175 0.03
300 175 0.0029
305 175 0.0071
175 176 0.03
305 176 0.0014
309 176 0.0271
69 177 0.0014
167 177 0.0071
178 177 0.0043
168 178 0.0057
177 178 0.0043
69 179 0.0086
180 179 0.0057
184 179 0.0129
179 180 0.0057
460 180 0.0071
68 181 0.0129
182 181 0.0129
181 182 0.0129
183 182 0.0129
182 183 0.0129
184 183 0.0129
187 183 0.0143
319 183 0.0029
179 184 0.0129
183 184 0.0129
330 184 0.01
183 187 0.0143
188 187 0.0114
320 187 0.0157
187 188 0.0114
189 188 0.0129
188 189 0.0129
190 189 0.0071
321 189 0.0043
189 190 0.0071
191 190 0.0114
193 190 0.0029
190 191 0.0114
192 191 0.0114
193 191 0.0071
191 192 0.0114
327 192 0.0029
328 192 0.0029
329 192 0.0114
190 193 0.0029
191 193 0.0071
324 193 0.0029
325 193 0.0029
327 193 0.0029
67 195 0.01
196 195 0.01
459 195 0.01
195 196 0.01
319 196 0.0086
54 197 0.0086
200 197 0.0086
197 200 0.0086
331 200 0.0071
332 200 0.0071
333 200 0.0086
55 201 0.0129
202 201 0.0086
475 201 0.0029
201 202 0.0086
203 202 0.0086
202 203 0.0086
205 203 0.0086
206 203 0.0029
518 203 0.0029
203 205 0.0086
206 205 0.0086
208 205 0.01
203 206 0.0029
205 206 0.0086
207 206 0.0043
206 207 0.0043
513 207 0.0086
514 207 0.0029
205 208 0.01
331 208 0.0057
511 208 0.0057
46 213 0.0029
214 213 0.0157
215 213 0.0143
213 214 0.0157
229 214 0.0014
339 214 0.0186
213 215 0.0143
216 215 0.0086
339 215 0.0043
215 216 0.0086
217 216 0.0129
337 216 0.0029
216 217 0.0129
336 217 0.01
337 217 0.0043
523 217 0.0014
36 218 0.0186
219 218 0.0171
218 219 0.0171
220 219 0.0243
345 219 0.0014
569 219 0.0029
219 220 0.0243
344 220 0.0286
346 220 0.0029
40 221 0.02
222 221 0.0157
226 221 0.0029
221 222 0.0157
223 222 0.0057
228 222 0.01
222 223 0.0057
224 223 0.0057
223 224 0.0057
350 224 0.0086
352 224 0.0014
221 226 0.0029
341 226 0.0029
40 227 0.0157
229 227 0.0171
222 228 0.01
229 228 0.0114
231 228 0.0129
608 228 0.0057
42 229 0.0071
214 229 0.0014
227 229 0.0171
228 229 0.0114
228 231 0.0129
354 231 0.0186
355 231 0.0043
35 232 0.0014
348 232 0.0014
30 234 0.0157
235 234 0.0186
241 234 0.0014
234 235 0.0186
236 235 0.0214
242 235 0.0129
235 236 0.0214
237 236 0.02
236 237 0.02
238 237 0.0286
360 237 0.0071
237 238 0.0286
239 238 0.0171
241 238 0.0157
238 239 0.0171
240 239 0.0071
361 239 0.0057
556 239 0.0014
239 240 0.0071
363 240 0.0143
549 240 0.0057
234 241 0.0014
238 241 0.0157
349 241 0.0157
555 241 0.0071
30 242 0.0057
235 242 0.0129
357 242 0.0114
358 242 0.0186
27 244 0.0171
256 244 0.0014
260 244 0.0143
13 246 0.0114
247 246 0.0129
26 247 0.0229
246 247 0.0129
248 247 0.01
249 247 0.02
247 248 0.01
249 248 0.0057
253 248 0.0086
247 249 0.02
248 249 0.0057
250 249 0.01
251 249 0.0043
256 249 0.0014
249 250 0.01
257 250 0.01
249 251 0.0043
371 251 0.0043
13 252 0.0057
253 252 0.0071
248 253 0.0086
252 253 0.0071
244 256 0.0014
249 256 0.0014
250 257 0.01
258 257 0.01
257 258 0.01
260 258 0.01
244 260 0.0143
258 260 0.01
532 260 0.0029
263 262 0.0043
386 262 0.0029
111 263 0.0086
112 263 0.0029
262 263 0.0043
386 263 0.01
112 264 0.01
267 264 0.01
264 267 0.01
410 267 0.01
270 269 0.0057
274 269 0.0071
276 269 0.0257
410 269 0.01
269 270 0.0057
271 270 0.0114
273 270 0.0043
270 271 0.0114
417 271 0.0114
115 272 0.0114
273 272 0.0057
275 272 0.0143
270 273 0.0043
272 273 0.0057
274 273 0.0043
417 273 0.0057
269 274 0.0071
273 274 0.0043
275 274 0.0129
272 275 0.0143
274 275 0.0129
117 276 0.0271
269 276 0.0257
143 277 0.0071
278 277 0.0071
279 277 0.0029
277 278 0.0071
279 278 0.0014
280 278 0.0029
277 279 0.0029
278 279 0.0014
143 280 0.0186
278 280 0.0029
281 280 0.0143
148 281 0.0086
280 281 0.0143
282 281 0.0114
286 281 0.0057
281 282 0.0114
283 282 0.0143
429 282 0.0014
282 283 0.0143
284 283 0.0114
429 283 0.0129
283 284 0.0114
418 284 0.0057
422 284 0.0043
281 286 0.0057
287 286 0.0043
149 287 0.0043
286 287 0.0043
288 287 0.01
287 288 0.01
289 288 0.0071
429 288 0.0071
149 289 0.0086
288 289 0.0071
290 289 0.0057
289 290 0.0057
291 290 0.0014
292 290 0.0114
293 290 0.0071
290 291 0.0014
430 291 0.0043
432 291 0.0071
140 292 0.0114
290 292 0.0114
296 292 0.0071
290 293 0.0071
296 293 0.0071
433 293 0.0071
139 294 0.0029
295 294 0.0014
297 294 0.0057
140 295 0.0057
294 295 0.0014
296 295 0.0029
292 296 0.0071
293 296 0.0071
295 296 0.0029
433 296 0.0071
443 296 0.0029
130 297 0.0043
139 297 0.0057
294 297 0.0057
154 299 0.0057
163 299 0.0086
164 299 0.01
172 300 0.0014
174 300 0.0257
175 300 0.0029
302 300 0.0157
304 300 0.0014
165 301 0.0186
302 301 0.0229
303 301 0.0029
165 302 0.0029
300 302 0.0157
301 302 0.0229
303 302 0.0014
301 303 0.0029
302 303 0.0014
157 304 0.0014
300 304 0.0014
306 304 0.0043
175 305 0.0071
176 305 0.0014
306 305 0.0043
304 306 0.0043
305 306 0.0043
307 306 0.0029
447 306 0.0086
157 307 0.0157
306 307 0.0029
447 307 0.02
447 308 0.0171
448 308 0.0214
453 308 0.0029
176 309 0.0271
311 309 0.0271
309 311 0.0271
312 311 0.02
454 311 0.0029
455 311 0.01
311 312 0.02
451 312 0.0229
452 312 0.0014
173 313 0.0157
314 313 0.0043
456 313 0.01
169 314 0.0071
313 314 0.0043
460 314 0.0014
67 316 0.0114
317 316 0.01
62 317 0.0086
316 317 0.01
459 318 0.0129
480 318 0.0214
481 318 0.0143
485 318 0.0057
183 319 0.0029
196 319 0.0086
320 319 0.0143
187 320 0.0157
319 320 0.0143
321 320 0.0171
491 320 0.0043
189 321 0.0043
320 321 0.0171
322 321 0.0114
321 322 0.0114
469 322 0.0157
486 322 0.02
491 322 0.0086
193 324 0.0029
325 324 0.0057
326 324 0.0014
193 325 0.0029
324 325 0.0057
326 325 0.0014
324 326 0.0014
325 326 0.0014
192 327 0.0029
193 327 0.0029
192 328 0.0029
464 328 0.0029
192 329 0.0114
330 329 0.0086
184 330 0.01
329 330 0.0086
464 330 0.0086
200 331 0.0071
208 331 0.0057
332 331 0.0029
200 332 0.0071
331 332 0.0029
484 332 0.0057
200 333 0.0086
334 333 0.0029
335 333 0.0129
333 334 0.0029
459 334 0.0043
333 335 0.0129
478 335 0.0186
484 335 0.0157
217 336 0.01
338 336 0.01
523 336 0.0029
525 336 0.0029
216 337 0.0029
217 337 0.0043
336 338 0.01
527 338 0.0029
605 338 0.0057
214 339 0.0186
215 339 0.0043
608 339 0.0129
602 340 0.0214
608 340 0.02
40 341 0.0043
226 341 0.0029
220 344 0.0286
346 344 0.0229
554 344 0.0029
561 344 0.0029
562 344 0.0129
36 345 0.0029
219 345 0.0014
346 345 0.0057
220 346 0.0029
344 346 0.0229
345 346 0.0057
347 346 0.0114
346 347 0.0114
553 347 0.0129
554 347 0.0086
232 348 0.0014
349 348 0.0057
553 348 0.0029
241 349 0.0157
348 349 0.0057
553 349 0.0171
224 350 0.0086
570 350 0.0114
571 350 0.0014
224 352 0.0014
572 352 0.0014
574 353 0.0029
578 353 0.0029
231 354 0.0186
594 354 0.0186
602 354 0.0257
231 355 0.0043
356 355 0.01
586 355 0.0043
355 356 0.01
592 356 0.0086
593 356 0.01
242 357 0.0114
542 357 0.0014
543 357 0.0157
242 358 0.0186
359 358 0.0171
358 359 0.0171
547 359 0.0171
237 360 0.0071
361 360 0.0057
239 361 0.0057
360 361 0.0057
240 363 0.0143
364 363 0.0143
363 364 0.0143
365 364 0.0143
364 365 0.0143
366 365 0.02
550 365 0.0043
365 366 0.02
367 366 0.0043
368 366 0.0257
366 367 0.0043
552 367 0.0043
366 368 0.0257
552 368 0.0271
251 371 0.0043
372 371 0.0129
373 371 0.0029
376 371 0.0029
371 372 0.0129
373 372 0.0029
377 372 0.0114
381 372 0.0014
371 373 0.0029
372 373 0.0029
371 376 0.0029
377 376 0.0129
378 376 0.0071
386 376 0.0071
372 377 0.0114
376 377 0.0129
376 378 0.0071
379 378 0.0086
384 378 0.0086
378 379 0.0086
380 379 0.0029
385 379 0.0057
379 380 0.0029
381 380 0.0014
382 380 0.0086
383 380 0.0071
387 380 0.0014
372 381 0.0014
380 381 0.0014
382 381 0.0043
380 382 0.0086
381 382 0.0043
383 382 0.0029
380 383 0.0071
382 383 0.0029
387 383 0.0029
378 384 0.0086
385 384 0.0071
386 384 0.0057
379 385 0.0057
384 385 0.0071
262 386 0.0029
263 386 0.01
376 386 0.0071
384 386 0.0057
380 387 0.0014
383 387 0.0029
2 393 0.0014
109 393 0.0029
267 410 0.01
269 410 0.01
415 414 0.0029
416 414 0.0014
414 415 0.0029
416 415 0.0071
418 415 0.0057
414 416 0.0014
415 416 0.0071
417 416 0.0043
271 417 0.0114
273 417 0.0057
416 417 0.0043
284 418 0.0057
415 418 0.0057
284 422 0.0043
423 422 0.0043
429 422 0.0071
430 422 0.0071
422 423 0.0043
425 423 0.0043
423 425 0.0043
430 425 0.0029
282 429 0.0014
283 429 0.0129
288 429 0.0071
422 429 0.0071
291 430 0.0043
422 430 0.0071
425 430 0.0029
431 430 0.0086
430 431 0.0086
432 431 0.0071
291 432 0.0071
431 432 0.0071
293 433 0.0071
296 433 0.0071
434 433 0.0071
433 434 0.0071
435 434 0.0043
443 434 0.0043
434 435 0.0043
442 435 0.0043
134 442 0.0029
435 442 0.0043
296 443 0.0029
434 443 0.0043
306 447 0.0086
307 447 0.02
308 447 0.0171
308 448 0.0214
450 448 0.01
452 448 0.0214
448 450 0.01
451 450 0.0086
453 450 0.0086
312 451 0.0229
450 451 0.0086
452 451 0.0243
312 452 0.0014
448 452 0.0214
451 452 0.0243
308 453 0.0029
450 453 0.0086
454 453 0.0043
311 454 0.0029
453 454 0.0043
311 455 0.01
456 455 0.01
313 456 0.01
455 456 0.01
195 459 0.01
318 459 0.0129
334 459 0.0043
180 460 0.0071
314 460 0.0014
462 460 0.0043
460 462 0.0043
464 462 0.0043
328 464 0.0029
330 464 0.0086
462 464 0.0043
322 469 0.0157
470 469 0.0143
469 470 0.0143
472 470 0.0143
470 472 0.0143
487 472 0.0129
48 473 0.0086
474 473 0.0129
476 473 0.0029
473 474 0.0129
475 474 0.0071
476 474 0.0043
201 475 0.0029
474 475 0.0071
520 475 0.0029
473 476 0.0029
474 476 0.0043
335 478 0.0186
479 478 0.02
478 479 0.02
480 479 0.0229
482 479 0.0014
318 480 0.0214
479 480 0.0229
482 480 0.0029
318 481 0.0143
483 481 0.0171
495 481 0.0114
501 481 0.0114
479 482 0.0014
480 482 0.0029
481 483 0.0171
484 483 0.0143
332 484 0.0057
335 484 0.0157
483 484 0.0143
509 484 0.0014
318 485 0.0057
494 485 0.0043
322 486 0.02
487 486 0.0071
488 486 0.0114
472 487 0.0129
486 487 0.0071
490 487 0.0043
486 488 0.0114
489 488 0.0086
493 488 0.01
488 489 0.0086
490 489 0.0057
494 489 0.0043
487 490 0.0043
489 490 0.0057
320 491 0.0043
322 491 0.0086
492 491 0.0029
491 492 0.0029
493 492 0.0014
488 493 0.01
492 493 0.0014
494 493 0.0071
485 494 0.0043
489 494 0.0043
493 494 0.0071
481 495 0.0114
496 495 0.01
495 496 0.01
498 496 0.01
496 498 0.01
499 498 0.0114
498 499 0.0114
500 499 0.0071
504 499 0.0171
499 500 0.0071
506 500 0.0043
507 500 0.01
481 501 0.0114
502 501 0.0114
509 501 0.0043
501 502 0.0114
503 502 0.0029
504 502 0.02
510 502 0.0071
502 503 0.0029
504 503 0.0043
499 504 0.0171
502 504 0.02
503 504 0.0043
506 505 0.0043
508 505 0.0029
500 506 0.0043
505 506 0.0043
507 506 0.0071
500 507 0.01
506 507 0.0071
508 507 0.01
505 508 0.0029
507 508 0.01
512 508 0.0057
484 509 0.0014
501 509 0.0043
510 509 0.0014
502 510 0.0071
509 510 0.0014
511 510 0.0043
208 511 0.0057
510 511 0.0043
512 511 0.0114
508 512 0.0057
511 512 0.0114
513 512 0.0043
207 513 0.0086
512 513 0.0043
514 513 0.0029
207 514 0.0029
513 514 0.0029
203 518 0.0029
520 518 0.0029
475 520 0.0029
518 520 0.0029
217 523 0.0014
336 523 0.0029
336 525 0.0029
527 525 0.0029
338 527 0.0029
525 527 0.0029
28 530 0.0129
29 530 0.0129
27 531 0.0057
532 531 0.0029
537 531 0.0014
260 532 0.0029
531 532 0.0029
531 537 0.0014
539 537 0.0014
537 539 0.0014
540 539 0.0057
541 539 0.0086
539 540 0.0057
543 540 0.0171
545 540 0.01
30 541 0.0029
539 541 0.0086
542 541 0.0029
357 542 0.0014
541 542 0.0029
543 542 0.0057
357 543 0.0157
540 543 0.0171
542 543 0.0057
540 545 0.01
547 545 0.01
359 547 0.0171
545 547 0.01
548 547 0.0057
547 548 0.0057
549 548 0.0071
240 549 0.0057
548 549 0.0071
550 549 0.0143
365 550 0.0043
549 550 0.0143
551 550 0.02
550 551 0.02
552 551 0.0214
367 552 0.0043
368 552 0.0271
551 552 0.0214
347 553 0.0129
348 553 0.0029
349 553 0.0171
344 554 0.0029
347 554 0.0086
555 554 0.0043
241 555 0.0071
554 555 0.0043
556 555 0.0014
239 556 0.0014
555 556 0.0014
344 561 0.0029
562 561 0.0029
344 562 0.0129
561 562 0.0029
569 562 0.0086
219 569 0.0029
562 569 0.0086
573 569 0.0043
350 570 0.0114
571 570 0.0071
573 570 0.0129
350 571 0.0014
570 571 0.0071
572 571 0.0043
352 572 0.0014
571 572 0.0043
573 572 0.0071
569 573 0.0043
570 573 0.0129
572 573 0.0071
353 574 0.0029
575 574 0.0014
578 574 0.0057
574 575 0.0014
576 575 0.0057
577 575 0.0029
575 576 0.0057
577 576 0.0129
585 576 0.0057
575 577 0.0029
576 577 0.0129
578 577 0.0086
353 578 0.0029
574 578 0.0057
577 578 0.0086
579 578 0.0057
578 579 0.0057
580 579 0.0014
585 579 0.0029
579 580 0.0014
585 580 0.0014
576 585 0.0057
579 585 0.0029
580 585 0.0014
355 586 0.0043
587 586 0.0043
586 587 0.0043
592 587 0.0086
598 587 0.0029
356 592 0.0086
587 592 0.0086
593 592 0.0071
356 593 0.01
592 593 0.0071
594 593 0.01
354 594 0.0186
593 594 0.01
595 594 0.0029
604 594 0.0114
594 595 0.0029
598 595 0.0029
587 598 0.0029
595 598 0.0029
340 602 0.0214
354 602 0.0257
603 602 0.0029
602 603 0.0029
604 603 0.0043
594 604 0.0114
603 604 0.0043
605 604 0.0057
338 605 0.0057
604 605 0.0057
228 608 0.0057
339 608 0.0129
340 608 0.02
