2 1 0.0202
3 1 0.0606
4 1 0.0505
5 1 0.0404
6 1 0.0303
7 1 0.0707
8 1 0.1616
9 1 0.0303
10 1 0.0808
11 1 0.0808
12 1 0.101
13 1 0.0303
70 1 0.0505
94 1 0.0606
1 2 0.0202
111 2 0.0202
1 3 0.0606
105 3 0.0101
106 3 0.0101
109 3 0.0707
111 3 0.0202
1 4 0.0505
97 4 0.0101
103 4 0.0202
108 4 0.0606
1 5 0.0404
89 5 0.0101
94 5 0.0202
1 6 0.0303
87 6 0.0101
96 6 0.0505
1 7 0.0707
74 7 0.0202
83 7 0.0202
96 7 0.0707
1 8 0.1616
62 8 0.1515
1 9 0.0303
62 9 0.0101
63 9 0.0101
1 10 0.0808
29 10 0.0101
31 10 0.0202
50 10 0.0303
54 10 0.0909
69 10 0.0707
1 11 0.0808
12 11 0.0202
25 11 0.0505
27 11 0.0505
28 11 0.0101
1 12 0.101
11 12 0.0202
16 12 0.0303
22 12 0.0101
25 12 0.0101
1 13 0.0303
15 13 0.0303
13 15 0.0303
16 15 0.0303
12 16 0.0303
15 16 0.0303
12 22 0.0101
23 22 0.0202
26 22 0.0404
22 23 0.0202
26 23 0.0202
11 25 0.0505
12 25 0.0101
26 25 0.0101
27 25 0.0101
22 26 0.0404
23 26 0.0202
25 26 0.0101
11 27 0.0505
25 27 0.0101
28 27 0.0303
11 28 0.0101
27 28 0.0303
29 28 0.0101
10 29 0.0101
28 29 0.0101
10 31 0.0202
45 31 0.0202
31 45 0.0202
54 45 0.0202
10 50 0.0303
51 50 0.0505
55 50 0.0101
50 51 0.0505
54 51 0.0606
56 52 0.0505
61 52 0.0404
10 54 0.0909
45 54 0.0202
51 54 0.0606
50 55 0.0101
69 55 0.0101
52 56 0.0505
57 56 0.101
69 56 0.0404
56 57 0.101
58 57 0.0404
72 57 0.0505
57 58 0.0404
61 58 0.0404
52 61 0.0404
58 61 0.0404
8 62 0.1515
9 62 0.0101
63 62 0.0303
64 62 0.0202
66 62 0.0707
67 62 0.0808
9 63 0.0101
62 63 0.0303
64 63 0.0101
62 64 0.0202
63 64 0.0101
62 66 0.0707
67 66 0.0202
68 66 0.0404
62 67 0.0808
66 67 0.0202
72 67 0.0505
66 68 0.0404
70 68 0.0505
10 69 0.0707
55 69 0.0101
56 69 0.0404
1 70 0.0505
68 70 0.0505
57 72 0.0505
67 72 0.0505
7 74 0.0202
75 74 0.0101
83 74 0.0404
74 75 0.0101
83 75 0.0101
7 83 0.0202
74 83 0.0404
75 83 0.0101
6 87 0.0101
88 87 0.0101
96 87 0.0303
87 88 0.0101
89 88 0.0303
96 88 0.0505
5 89 0.0101
88 89 0.0303
90 89 0.0101
89 90 0.0101
91 90 0.0303
94 90 0.0505
90 91 0.0303
92 91 0.0404
91 92 0.0404
95 92 0.0404
1 94 0.0606
5 94 0.0202
90 94 0.0505
95 94 0.0303
97 94 0.0101
92 95 0.0404
94 95 0.0303
6 96 0.0505
7 96 0.0707
87 96 0.0303
88 96 0.0505
4 97 0.0101
94 97 0.0101
4 103 0.0202
104 103 0.0101
108 103 0.0404
103 104 0.0101
105 104 0.0303
109 104 0.0505
3 105 0.0101
104 105 0.0303
106 105 0.0101
3 106 0.0101
105 106 0.0101
4 108 0.0606
103 108 0.0404
109 108 0.0505
3 109 0.0707
104 109 0.0505
108 109 0.0505
2 111 0.0202
3 111 0.0202
