2 1 0.0207
3 1 0.0311
4 1 0.0207
5 1 0.0207
6 1 0.0259
7 1 0.0207
8 1 0.0311
9 1 0.0259
10 1 0.0415
11 1 0.0052
12 1 0.0311
13 1 0.0311
14 1 0.0311
15 1 0.0155
16 1 0.0415
17 1 0.0207
46 1 0.0052
51 1 0.0052
76 1 0.0104
87 1 0.0155
95 1 0.0104
1 2 0.0207
108 2 0.0725
111 2 0.0104
112 2 0.0518
1 3 0.0311
98 3 0.0259
106 3 0.0052
107 3 0.0104
1 4 0.0207
96 4 0.0155
97 4 0.0259
98 4 0.0311
1 5 0.0207
93 5 0.0466
94 5 0.0207
95 5 0.057
1 6 0.0259
76 6 0.0052
77 6 0.0155
82 6 0.0518
86 6 0.0518
1 7 0.0207
75 7 0.0207
122 7 0.0155
1 8 0.0311
71 8 0.0311
72 8 0.0104
73 8 0.0052
75 8 0.0207
1 9 0.0259
64 9 0.0052
69 9 0.0052
71 9 0.0259
1 10 0.0415
63 10 0.0518
64 10 0.0259
1 11 0.0052
63 11 0.0052
1 12 0.0311
50 12 0.0052
59 12 0.0207
1 13 0.0311
47 13 0.0311
48 13 0.0259
51 13 0.0052
1 14 0.0311
44 14 0.0052
47 14 0.0207
1 15 0.0155
44 15 0.0104
46 15 0.0104
1 16 0.0415
17 16 0.0207
23 16 0.0207
46 16 0.0415
1 17 0.0207
16 17 0.0207
18 17 0.0052
117 17 0.0052
17 18 0.0052
23 18 0.0052
16 23 0.0207
18 23 0.0052
24 23 0.0104
23 24 0.0104
25 24 0.0466
46 24 0.0622
24 25 0.0466
26 25 0.0311
30 25 0.0518
25 26 0.0311
27 26 0.0311
26 27 0.0311
28 27 0.0104
31 27 0.0155
27 28 0.0104
35 28 0.0104
25 30 0.0518
31 30 0.0259
45 30 0.0207
27 31 0.0155
30 31 0.0259
32 31 0.0052
31 32 0.0052
34 32 0.0052
45 32 0.0155
34 33 0.0207
43 33 0.0052
45 33 0.0415
46 33 0.0622
32 34 0.0052
33 34 0.0207
35 34 0.0104
28 35 0.0104
34 35 0.0104
36 35 0.0311
38 35 0.0311
35 36 0.0311
37 36 0.0311
36 37 0.0311
176 37 0.0311
35 38 0.0311
39 38 0.0311
38 39 0.0311
40 39 0.0466
42 39 0.0104
39 40 0.0466
174 40 0.0104
176 40 0.0311
39 42 0.0104
174 42 0.0104
33 43 0.0052
47 43 0.0052
14 44 0.0052
15 44 0.0104
30 45 0.0207
32 45 0.0155
33 45 0.0415
1 46 0.0052
15 46 0.0104
16 46 0.0415
24 46 0.0622
33 46 0.0622
13 47 0.0311
14 47 0.0207
43 47 0.0052
124 47 0.0155
13 48 0.0259
50 48 0.0052
124 48 0.0155
12 50 0.0052
48 50 0.0052
1 51 0.0052
13 51 0.0052
58 56 0.0155
198 56 0.0155
56 58 0.0155
216 58 0.0155
12 59 0.0207
60 59 0.0415
63 59 0.0674
59 60 0.0415
61 60 0.0415
60 61 0.0415
227 61 0.0363
10 63 0.0518
11 63 0.0052
59 63 0.0674
227 63 0.0155
9 64 0.0052
10 64 0.0259
65 64 0.0155
64 65 0.0155
66 65 0.0155
65 66 0.0155
225 66 0.0155
235 67 0.0259
244 67 0.0259
9 69 0.0052
70 69 0.0052
69 70 0.0052
71 70 0.0207
72 70 0.0104
8 71 0.0311
9 71 0.0259
70 71 0.0207
8 72 0.0104
70 72 0.0104
8 73 0.0052
74 73 0.0052
73 74 0.0052
75 74 0.0155
80 74 0.0104
123 74 0.0104
252 74 0.0052
7 75 0.0207
8 75 0.0207
74 75 0.0155
1 76 0.0104
6 76 0.0052
122 76 0.0311
123 76 0.0259
6 77 0.0155
79 77 0.0155
77 79 0.0155
80 79 0.0052
82 79 0.0259
74 80 0.0104
79 80 0.0052
81 80 0.0155
82 80 0.0104
254 80 0.0259
80 81 0.0155
256 81 0.0155
6 82 0.0518
79 82 0.0259
80 82 0.0104
83 82 0.0259
82 83 0.0259
84 83 0.0207
83 84 0.0207
85 84 0.0052
86 84 0.0104
84 85 0.0052
88 85 0.0259
90 85 0.0104
271 85 0.0311
6 86 0.0518
84 86 0.0104
87 86 0.0363
1 87 0.0155
86 87 0.0363
89 87 0.0104
93 87 0.0311
85 88 0.0259
276 88 0.0259
87 89 0.0104
90 89 0.0104
85 90 0.0104
89 90 0.0104
91 90 0.0259
90 91 0.0259
94 91 0.0052
97 91 0.0518
99 91 0.0104
5 93 0.0466
87 93 0.0311
94 93 0.0104
5 94 0.0207
91 94 0.0052
93 94 0.0104
1 95 0.0104
5 95 0.057
96 95 0.0415
4 96 0.0155
95 96 0.0415
97 96 0.0518
4 97 0.0259
91 97 0.0518
96 97 0.0518
3 98 0.0259
4 98 0.0311
104 98 0.0052
106 98 0.0311
91 99 0.0104
100 99 0.0104
99 100 0.0104
101 100 0.0104
102 100 0.0259
100 101 0.0104
102 101 0.0104
100 102 0.0259
101 102 0.0104
104 102 0.0104
98 104 0.0052
102 104 0.0104
106 104 0.0207
3 106 0.0052
98 106 0.0311
104 106 0.0207
3 107 0.0104
108 107 0.0259
109 107 0.0104
2 108 0.0725
107 108 0.0259
111 108 0.0725
107 109 0.0104
118 109 0.0104
2 111 0.0104
108 111 0.0725
112 111 0.0052
114 111 0.0466
2 112 0.0518
111 112 0.0052
113 112 0.0207
117 112 0.0155
112 113 0.0207
114 113 0.0104
115 113 0.0052
111 114 0.0466
113 114 0.0104
115 114 0.0155
118 114 0.0104
113 115 0.0052
114 115 0.0155
116 115 0.0052
115 116 0.0052
117 116 0.0052
17 117 0.0052
112 117 0.0155
116 117 0.0052
109 118 0.0104
114 118 0.0104
7 122 0.0155
76 122 0.0311
123 122 0.0104
74 123 0.0104
76 123 0.0259
122 123 0.0104
47 124 0.0155
48 124 0.0155
40 174 0.0104
42 174 0.0104
37 176 0.0311
40 176 0.0311
56 198 0.0155
202 198 0.0155
198 202 0.0155
213 202 0.0155
217 202 0.0363
202 213 0.0155
218 213 0.0155
58 216 0.0155
217 216 0.0311
221 216 0.0104
202 217 0.0363
216 217 0.0311
218 217 0.0155
221 217 0.0104
213 218 0.0155
217 218 0.0155
216 221 0.0104
217 221 0.0104
66 225 0.0155
227 225 0.0155
61 227 0.0363
63 227 0.0155
225 227 0.0155
67 235 0.0259
237 235 0.0259
235 237 0.0259
238 237 0.0104
246 237 0.0415
237 238 0.0104
247 238 0.0104
67 244 0.0259
245 244 0.0259
244 245 0.0259
246 245 0.0259
237 246 0.0415
245 246 0.0259
247 246 0.0104
238 247 0.0104
246 247 0.0104
74 252 0.0052
254 252 0.0052
80 254 0.0259
252 254 0.0052
256 254 0.0155
81 256 0.0155
254 256 0.0155
85 271 0.0311
273 271 0.0259
271 273 0.0259
277 273 0.0259
88 276 0.0259
277 276 0.0259
273 277 0.0259
276 277 0.0259
