2 1 0.0182
3 1 0.0109
4 1 0.0073
5 1 0.0109
6 1 0.0182
7 1 0.0146
8 1 0.0073
9 1 0.0073
10 1 0.0109
11 1 0.0109
12 1 0.0146
13 1 0.0219
14 1 0.0146
50 1 0.0146
146 1 0.0036
1 2 0.0182
15 2 0.0036
23 2 0.0073
139 2 0.0146
1 3 0.0109
23 3 0.0073
26 3 0.0073
27 3 0.0109
1 4 0.0073
27 4 0.0401
34 4 0.0547
44 4 0.0073
1 5 0.0109
34 5 0.0219
49 5 0.0255
50 5 0.0146
1 6 0.0182
56 6 0.0146
155 6 0.0146
1 7 0.0146
62 7 0.0146
63 7 0.0109
65 7 0.0073
67 7 0.0073
134 7 0.0146
1 8 0.0073
69 8 0.0146
133 8 0.0109
1 9 0.0073
72 9 0.0292
83 9 0.0255
98 9 0.0146
107 9 0.0182
133 9 0.0073
1 10 0.0109
113 10 0.0146
117 10 0.0146
1 11 0.0109
116 11 0.0182
151 11 0.0182
1 12 0.0146
145 12 0.0182
148 12 0.0146
1 13 0.0219
135 13 0.0146
144 13 0.0255
146 13 0.0109
1 14 0.0146
135 14 0.0036
139 14 0.0073
2 15 0.0036
139 15 0.0036
2 23 0.0073
3 23 0.0073
3 26 0.0073
27 26 0.0584
28 26 0.0474
3 27 0.0109
4 27 0.0401
26 27 0.0584
30 27 0.0146
26 28 0.0474
31 28 0.0109
33 28 0.0328
27 30 0.0146
31 30 0.0109
28 31 0.0109
30 31 0.0109
28 33 0.0328
157 33 0.0328
4 34 0.0547
5 34 0.0219
44 34 0.0109
49 34 0.0073
153 34 0.0401
36 35 0.0328
153 35 0.0328
35 36 0.0328
42 36 0.0073
43 36 0.0511
316 36 0.0036
38 37 0.0182
39 37 0.0365
42 37 0.0292
43 37 0.0328
37 38 0.0182
42 38 0.0036
168 38 0.0109
37 39 0.0365
40 39 0.0438
168 39 0.0474
39 40 0.0438
164 40 0.0255
329 40 0.0146
36 42 0.0073
37 42 0.0292
38 42 0.0036
173 42 0.0109
36 43 0.0511
37 43 0.0328
157 43 0.0146
4 44 0.0073
34 44 0.0109
49 45 0.0036
50 45 0.0073
47 46 0.0073
49 46 0.0109
46 47 0.0073
49 47 0.0073
5 49 0.0255
34 49 0.0073
45 49 0.0036
46 49 0.0109
47 49 0.0073
153 49 0.0036
1 50 0.0146
5 50 0.0146
45 50 0.0073
155 50 0.0073
52 51 0.0073
58 51 0.0073
51 52 0.0073
53 52 0.0073
60 52 0.0182
52 53 0.0073
54 53 0.0219
193 53 0.0109
53 54 0.0219
55 54 0.0182
61 54 0.0438
54 55 0.0182
183 55 0.0438
185 55 0.0328
191 55 0.0073
6 56 0.0146
57 56 0.0073
155 56 0.0036
56 57 0.0073
63 57 0.0036
51 58 0.0073
194 58 0.0073
52 60 0.0182
193 60 0.0182
194 60 0.0182
54 61 0.0438
191 61 0.0073
193 61 0.0328
7 62 0.0146
63 62 0.0036
65 62 0.0073
7 63 0.0109
57 63 0.0036
62 63 0.0036
7 65 0.0073
62 65 0.0073
7 67 0.0073
70 67 0.0073
8 69 0.0146
70 69 0.0182
75 69 0.0182
134 69 0.0146
67 70 0.0073
69 70 0.0182
71 70 0.0182
73 70 0.0073
134 70 0.0182
70 71 0.0182
72 71 0.0146
75 71 0.0146
9 72 0.0292
71 72 0.0146
73 72 0.0219
76 72 0.0438
79 72 0.0036
70 73 0.0073
72 73 0.0219
74 73 0.0109
73 74 0.0109
251 74 0.0109
69 75 0.0182
71 75 0.0146
133 75 0.0146
72 76 0.0438
77 76 0.0547
80 76 0.0073
76 77 0.0547
78 77 0.0401
81 77 0.0292
82 77 0.0146
77 78 0.0401
82 78 0.0036
251 78 0.0328
72 79 0.0036
80 79 0.0073
76 80 0.0073
79 80 0.0073
81 80 0.0182
77 81 0.0292
80 81 0.0182
82 81 0.0073
77 82 0.0146
78 82 0.0036
81 82 0.0073
9 83 0.0255
84 83 0.0365
98 83 0.0146
83 84 0.0365
85 84 0.0292
99 84 0.0401
102 84 0.0109
84 85 0.0292
86 85 0.0401
104 85 0.0292
85 86 0.0401
87 86 0.0292
91 86 0.0182
86 87 0.0292
88 87 0.0292
89 87 0.0182
87 88 0.0292
89 88 0.0219
203 88 0.0328
87 89 0.0182
88 89 0.0219
90 89 0.0146
91 89 0.0036
89 90 0.0146
206 90 0.0182
207 90 0.0036
86 91 0.0182
89 91 0.0036
92 91 0.0109
91 92 0.0109
93 92 0.0073
105 92 0.0292
92 93 0.0073
94 93 0.0109
219 93 0.0219
93 94 0.0109
220 94 0.0109
9 98 0.0146
83 98 0.0146
99 98 0.0474
106 98 0.0474
84 99 0.0401
98 99 0.0474
100 99 0.0511
120 99 0.0073
99 100 0.0511
101 100 0.0474
100 101 0.0474
102 101 0.0438
128 101 0.0146
84 102 0.0109
101 102 0.0438
103 102 0.0219
129 102 0.0036
102 103 0.0219
104 103 0.0255
131 103 0.0255
85 104 0.0292
103 104 0.0255
105 104 0.0365
92 105 0.0292
104 105 0.0365
132 105 0.0255
98 106 0.0474
107 106 0.0182
109 106 0.0073
112 106 0.0365
9 107 0.0182
106 107 0.0182
108 107 0.0109
107 108 0.0109
109 108 0.0036
113 108 0.0036
106 109 0.0073
108 109 0.0036
106 112 0.0365
120 112 0.0328
10 113 0.0146
108 113 0.0036
114 113 0.0073
113 114 0.0073
115 114 0.0073
117 114 0.0182
114 115 0.0073
116 115 0.0219
151 115 0.0109
11 116 0.0182
115 116 0.0219
117 116 0.0146
10 117 0.0146
114 117 0.0182
116 117 0.0146
99 120 0.0073
112 120 0.0328
121 120 0.0219
120 121 0.0219
122 121 0.0073
128 121 0.0073
121 122 0.0073
123 122 0.0182
126 122 0.0146
127 122 0.0036
122 123 0.0182
124 123 0.0109
125 123 0.0146
126 123 0.0146
123 124 0.0109
213 124 0.0146
214 124 0.0146
123 125 0.0146
214 125 0.0036
216 125 0.0073
122 126 0.0146
123 126 0.0146
127 126 0.0036
213 126 0.0036
122 127 0.0036
126 127 0.0036
101 128 0.0146
121 128 0.0073
129 128 0.0036
102 129 0.0036
128 129 0.0036
103 131 0.0255
132 131 0.0255
216 131 0.0182
105 132 0.0255
131 132 0.0255
8 133 0.0109
9 133 0.0073
75 133 0.0146
7 134 0.0146
69 134 0.0146
70 134 0.0182
13 135 0.0146
14 135 0.0036
140 135 0.0146
144 135 0.0255
2 139 0.0146
14 139 0.0073
15 139 0.0036
135 140 0.0146
141 140 0.0073
143 140 0.0036
140 141 0.0073
142 141 0.0182
233 141 0.0292
141 142 0.0182
231 142 0.0146
140 143 0.0036
144 143 0.0328
145 143 0.0036
147 143 0.0182
13 144 0.0255
135 144 0.0255
143 144 0.0328
145 144 0.0255
146 144 0.0036
12 145 0.0182
143 145 0.0036
144 145 0.0255
1 146 0.0036
13 146 0.0109
144 146 0.0036
143 147 0.0182
148 147 0.0073
230 147 0.0073
12 148 0.0146
147 148 0.0073
149 148 0.0036
148 149 0.0036
151 149 0.0036
11 151 0.0182
115 151 0.0109
149 151 0.0036
34 153 0.0401
35 153 0.0328
49 153 0.0036
6 155 0.0146
50 155 0.0073
56 155 0.0036
33 157 0.0328
43 157 0.0146
158 157 0.0146
157 158 0.0146
330 158 0.0109
40 164 0.0255
165 164 0.0255
164 165 0.0255
166 165 0.0255
165 166 0.0255
322 166 0.0255
38 168 0.0109
39 168 0.0474
169 168 0.0255
178 168 0.0036
168 169 0.0255
170 169 0.0255
169 170 0.0255
322 170 0.0255
42 173 0.0109
174 173 0.0073
178 173 0.0146
316 173 0.0036
173 174 0.0073
178 174 0.0073
168 178 0.0036
173 178 0.0146
174 178 0.0073
55 183 0.0438
184 183 0.0109
187 183 0.0292
183 184 0.0109
185 184 0.0328
186 184 0.0182
55 185 0.0328
184 185 0.0328
184 186 0.0182
311 186 0.0182
183 187 0.0292
188 187 0.0401
351 187 0.0073
187 188 0.0401
189 188 0.0073
190 188 0.0146
351 188 0.0109
188 189 0.0073
194 189 0.0073
188 190 0.0146
311 190 0.0146
55 191 0.0073
61 191 0.0073
53 193 0.0109
60 193 0.0182
61 193 0.0328
58 194 0.0073
60 194 0.0182
189 194 0.0073
200 199 0.0182
251 199 0.0182
199 200 0.0182
201 200 0.0182
200 201 0.0182
295 201 0.0182
88 203 0.0328
205 203 0.0182
206 203 0.0109
203 205 0.0182
295 205 0.0182
90 206 0.0182
203 206 0.0109
207 206 0.0036
90 207 0.0036
206 207 0.0036
124 213 0.0146
126 213 0.0036
214 213 0.0073
124 214 0.0146
125 214 0.0036
213 214 0.0073
125 216 0.0073
131 216 0.0182
218 216 0.0073
216 218 0.0073
219 218 0.0073
93 219 0.0219
218 219 0.0073
220 219 0.0109
94 220 0.0109
219 220 0.0109
147 230 0.0073
231 230 0.0109
142 231 0.0146
230 231 0.0109
242 231 0.0292
141 233 0.0292
236 233 0.0292
233 236 0.0292
239 236 0.0036
240 236 0.0474
242 236 0.0073
236 239 0.0036
240 239 0.0036
236 240 0.0474
239 240 0.0036
242 240 0.0401
231 242 0.0292
236 242 0.0073
240 242 0.0401
74 251 0.0109
78 251 0.0328
199 251 0.0182
201 295 0.0182
205 295 0.0182
186 311 0.0182
190 311 0.0146
36 316 0.0036
173 316 0.0036
166 322 0.0255
170 322 0.0255
40 329 0.0146
330 329 0.0109
158 330 0.0109
329 330 0.0109
187 351 0.0073
188 351 0.0109
