465 1 0.001
3 2 0.0134
4 2 0.0163
5 2 0.0168
267 2 0.0008
448 2 0.0013
788 2 0.0076
2 3 0.0134
6 3 0.01
8 3 0.0019
2 4 0.0163
6 4 0.0008
7 4 0.0005
2 5 0.0168
263 5 0.0002
266 5 0.0008
3 6 0.01
4 6 0.0008
40 6 0.0018
4 7 0.0005
42 7 0.0004
43 7 0.0019
3 8 0.0019
10 8 0.0018
788 8 0.0005
10 9 0.0594
13 9 0.0618
39 9 0.003
8 10 0.0018
9 10 0.0594
11 10 0.0635
10 11 0.0635
13 12 0.0144
14 12 0.0155
788 12 0.0304
9 13 0.0618
12 13 0.0144
14 13 0.0497
15 13 0.0609
12 14 0.0155
13 14 0.0497
400 14 0.0128
13 15 0.0609
16 15 0.0107
17 15 0.016
15 16 0.0107
15 17 0.016
18 17 0.0003
19 17 0.0411
17 18 0.0003
19 18 0.1299
777 18 0.0031
17 19 0.0411
18 19 0.1299
20 19 0.032
19 20 0.032
21 20 0.0064
23 20 0.0209
20 21 0.0064
22 21 0.0014
27 21 0.0169
21 22 0.0014
36 22 0.0004
37 22 0.0002
20 23 0.0209
24 23 0.0115
771 23 0.0026
23 24 0.0115
25 24 0.0017
26 24 0.0097
24 25 0.0017
24 26 0.0097
27 26 0.1067
28 26 0.0187
21 27 0.0169
26 27 0.1067
28 27 0.0502
29 27 0.0006
26 28 0.0187
27 28 0.0502
78 28 0.0075
81 28 0.007
27 29 0.0006
31 29 0.0002
32 29 0.0002
470 30 0.0011
29 31 0.0002
29 32 0.0002
33 32 0.0203
782 32 0.0066
32 33 0.0203
34 33 0.0711
37 33 0.0006
33 34 0.0711
35 34 0.0008
63 34 0.0001
34 35 0.0008
36 35 0.0257
46 35 0.0054
22 36 0.0004
35 36 0.0257
37 36 0.0041
41 36 0.0008
22 37 0.0002
33 37 0.0006
36 37 0.0041
476 38 0.0009
9 39 0.003
40 39 0.0899
778 39 0.0008
6 40 0.0018
39 40 0.0899
41 40 0.0154
36 41 0.0008
40 41 0.0154
42 41 0.0061
7 42 0.0004
41 42 0.0061
43 42 0.0004
7 43 0.0019
42 43 0.0004
44 43 0.0034
43 44 0.0034
45 44 0.0015
47 44 0.0008
44 45 0.0015
35 46 0.0054
48 46 0.0002
52 46 0.0025
44 47 0.0008
46 48 0.0002
49 48 0.0005
271 48 0.0019
48 49 0.0005
50 49 0.0025
52 49 0.0004
49 50 0.0025
51 50 0.0005
483 50 0.0005
50 51 0.0005
52 51 0.0031
53 51 0.0003
46 52 0.0025
49 52 0.0004
51 52 0.0031
51 53 0.0003
54 53 0.0005
55 53 0.0009
53 54 0.0005
53 55 0.0009
57 56 0.0005
58 56 0.0021
782 56 0.0015
56 57 0.0005
56 58 0.0021
59 58 0.001
61 58 0.0116
58 59 0.001
60 59 0.0005
76 59 0.0003
463 59 0.0024
466 59 0.0026
59 60 0.0005
61 60 0.0015
458 60 0.0047
58 61 0.0116
60 61 0.0015
62 61 0.0032
61 62 0.0032
458 62 0.0024
484 62 0.0001
34 63 0.0001
65 64 0.0035
81 64 0.0289
83 64 0.01
64 65 0.0035
66 65 0.001
72 65 0.0058
65 66 0.001
67 66 0.0015
816 66 0.0011
66 67 0.0015
68 67 0.0017
69 67 0.0013
67 68 0.0017
67 69 0.0013
383 70 0.0004
74 71 0.0095
75 71 0.0008
816 71 0.0019
65 72 0.0058
73 72 0.0021
74 72 0.001
72 73 0.0021
84 73 0.0012
89 73 0.0005
71 74 0.0095
72 74 0.001
91 74 0.0012
71 75 0.0008
76 75 0.0112
473 75 0.0007
59 76 0.0003
75 76 0.0112
77 76 0.0007
76 77 0.0007
28 78 0.0075
79 78 0.0019
488 78 0.0611
78 79 0.0019
80 79 0.0004
82 79 0.0025
79 80 0.0004
81 80 0.008
82 80 0.0003
28 81 0.007
64 81 0.0289
80 81 0.008
79 82 0.0025
80 82 0.0003
85 82 0.0004
64 83 0.01
84 83 0.0004
87 83 0.0032
73 84 0.0012
83 84 0.0004
105 84 0.0028
82 85 0.0004
489 86 0.0046
83 87 0.0032
88 87 0.0137
107 87 0.0435
87 88 0.0137
97 88 0.0027
103 88 0.0077
73 89 0.0005
90 89 0.0006
95 89 0.0004
89 90 0.0006
74 91 0.0012
92 91 0.0106
94 91 0.0023
91 92 0.0106
380 93 0.0017
444 93 0.0011
570 93 0.0027
91 94 0.0023
89 95 0.0004
96 95 0.0008
106 95 0.001
95 96 0.0008
97 96 0.0023
98 96 0.0021
102 96 0.0124
106 96 0.0013
88 97 0.0027
96 97 0.0023
98 97 0.0012
96 98 0.0021
97 98 0.0012
99 98 0.0147
98 99 0.0147
100 99 0.0009
102 99 0.0015
99 100 0.0009
101 100 0.0017
433 100 0.0009
100 101 0.0017
102 101 0.002
426 101 0.0096
96 102 0.0124
99 102 0.0015
101 102 0.002
88 103 0.0077
104 103 0.001
112 103 0.0246
103 104 0.001
84 105 0.0028
95 106 0.001
96 106 0.0013
471 106 0.0016
87 107 0.0435
109 107 0.0003
112 107 0.0489
489 108 0.0033
107 109 0.0003
110 109 0.0016
111 109 0.0014
109 110 0.0016
109 111 0.0014
103 112 0.0246
107 112 0.0489
113 112 0.0122
112 113 0.0122
114 113 0.0076
115 113 0.0027
113 114 0.0076
134 114 0.0009
431 114 0.0235
113 115 0.0027
116 115 0.0005
119 115 0.001
115 116 0.0005
117 116 0.0012
118 116 0.0003
116 117 0.0012
504 117 0.0094
531 117 0.0084
116 118 0.0003
115 119 0.001
120 119 0.0059
124 119 0.0025
119 120 0.0059
121 120 0.0009
122 120 0.0093
120 121 0.0009
120 122 0.0093
123 122 0.0004
124 122 0.0566
122 123 0.0004
134 123 0.008
135 123 0.0008
119 124 0.0025
122 124 0.0566
128 124 0.0005
789 124 0.0038
126 125 0.002
536 125 0.0038
789 125 0.0059
125 126 0.002
127 126 0.0017
156 126 0.0277
126 127 0.0017
124 128 0.0005
130 128 0.0005
135 128 0.0328
604 129 0.0004
128 130 0.0005
131 130 0.0019
151 130 0.0015
130 131 0.0019
132 131 0.0148
149 131 0.0019
150 131 0.0011
131 132 0.0148
133 132 0.0004
137 132 0.0023
132 133 0.0004
135 133 0.0442
136 133 0.0023
114 134 0.0009
123 134 0.008
136 134 0.002
123 135 0.0008
128 135 0.0328
133 135 0.0442
133 136 0.0023
134 136 0.002
137 136 0.0243
132 137 0.0023
136 137 0.0243
138 137 0.1353
137 138 0.1353
140 138 0.0076
407 138 0.0004
537 139 0.0005
138 140 0.0076
141 140 0.0004
142 140 0.0017
140 141 0.0004
142 141 0.0002
146 141 0.004
140 142 0.0017
141 142 0.0002
144 142 0.0005
499 143 0.0003
142 144 0.0005
148 145 0.0005
496 145 0.0026
505 145 0.0003
141 146 0.004
556 147 0.0011
603 147 0.0009
722 147 0.0007
145 148 0.0005
131 149 0.0019
131 150 0.0011
130 151 0.0015
152 151 0.0377
155 151 0.0001
162 151 0.0062
151 152 0.0377
153 152 0.0008
791 152 0.0006
152 153 0.0008
179 154 0.0028
506 154 0.0034
508 154 0.006
151 155 0.0001
126 156 0.0277
157 156 0.0073
158 156 0.0032
156 157 0.0073
158 157 0.0131
160 157 0.0012
156 158 0.0032
157 158 0.0131
168 158 0.0007
208 158 0.001
511 159 0.0012
537 159 0.0005
826 159 0.0005
828 159 0.0067
157 160 0.0012
161 160 0.0015
162 160 0.0192
160 161 0.0015
166 161 0.0006
168 161 0.003
151 162 0.0062
160 162 0.0192
163 162 0.0013
162 163 0.0013
164 163 0.0029
165 163 0.0005
163 164 0.0029
163 165 0.0005
161 166 0.0006
167 166 0.0025
169 166 0.0006
166 167 0.0025
158 168 0.0007
161 168 0.003
207 168 0.0005
166 169 0.0006
170 169 0.0156
207 169 0.0026
169 170 0.0156
171 170 0.0038
206 170 0.001
170 171 0.0038
173 171 0.0004
175 171 0.0001
173 172 0.0042
171 173 0.0004
172 173 0.0042
174 173 0.0072
173 174 0.0072
176 174 0.0001
177 174 0.0033
171 175 0.0001
174 176 0.0001
174 177 0.0033
178 177 0.0012
204 177 0.0016
177 178 0.0012
181 178 0.001
186 178 0.0011
154 179 0.0028
192 179 0.0043
199 179 0.0017
519 180 0.0003
522 180 0.0008
523 180 0.0008
178 181 0.001
182 181 0.0045
188 181 0.0003
181 182 0.0045
183 182 0.0002
184 182 0.0002
182 183 0.0002
182 184 0.0002
185 184 0.0005
193 184 0.0012
184 185 0.0005
178 186 0.0011
187 186 0.0002
201 186 0.0011
186 187 0.0002
181 188 0.0003
793 189 0.0006
191 190 0.0007
190 191 0.0007
197 191 0.0002
794 191 0.0004
179 192 0.0043
194 192 0.0012
530 192 0.0063
649 192 0.0013
184 193 0.0012
192 194 0.0012
623 195 0.0049
625 195 0.001
634 195 0.0029
714 195 0.0008
827 195 0.0003
197 196 0.0027
202 196 0.0035
792 196 0.0005
191 197 0.0002
196 197 0.0027
200 197 0.0009
249 198 0.0005
179 199 0.0017
197 200 0.0009
792 200 0.0008
793 200 0.0009
186 201 0.0011
202 201 0.0042
215 201 0.0116
196 202 0.0035
201 202 0.0042
221 202 0.0008
524 203 0.0007
530 203 0.0011
649 203 0.0004
177 204 0.0016
205 204 0.0255
206 204 0.0003
204 205 0.0255
206 205 0.0031
216 205 0.0082
170 206 0.001
204 206 0.0003
205 206 0.0031
168 207 0.0005
169 207 0.0026
208 207 0.0028
158 208 0.001
207 208 0.0028
209 208 0.0082
208 209 0.0082
210 209 0.0737
216 209 0.0038
209 210 0.0737
211 210 0.0248
550 210 0.0057
210 211 0.0248
212 211 0.0237
223 211 0.0006
211 212 0.0237
213 212 0.0005
214 212 0.0105
212 213 0.0005
214 213 0.0003
217 213 0.0004
212 214 0.0105
213 214 0.0003
215 214 0.0018
201 215 0.0116
214 215 0.0018
216 215 0.0024
205 216 0.0082
209 216 0.0038
215 216 0.0024
213 217 0.0004
218 217 0.0003
219 217 0.0035
217 218 0.0003
217 219 0.0035
220 219 0.0439
221 219 0.0015
219 220 0.0439
231 220 0.0028
235 220 0.0025
202 221 0.0008
219 221 0.0015
222 221 0.0005
221 222 0.0005
211 223 0.0006
224 223 0.0031
555 223 0.0027
223 224 0.0031
225 224 0.0055
228 224 0.0086
224 225 0.0055
226 225 0.0024
227 225 0.0034
225 226 0.0024
227 226 0.0049
588 226 0.0072
225 227 0.0034
226 227 0.0049
228 227 0.0091
593 227 0.0005
597 227 0.0006
224 228 0.0086
227 228 0.0091
229 228 0.0652
228 229 0.0652
230 229 0.0007
231 229 0.0114
229 230 0.0007
220 231 0.0028
229 231 0.0114
232 231 0.0069
231 232 0.0069
233 232 0.0056
234 232 0.006
232 233 0.0056
607 233 0.004
610 233 0.0008
232 234 0.006
242 234 0.0045
613 234 0.0042
220 235 0.0025
236 235 0.0011
237 235 0.0011
235 236 0.0011
235 237 0.0011
238 237 0.0006
239 237 0.0058
237 238 0.0006
237 239 0.0058
240 239 0.0024
241 239 0.0009
239 240 0.0024
239 241 0.0009
234 242 0.0045
243 242 0.0034
245 242 0.0035
242 243 0.0034
626 244 0.0016
628 244 0.0005
633 244 0.0003
242 245 0.0035
246 245 0.0562
248 245 0.0278
245 246 0.0562
247 246 0.0032
257 246 0.0056
246 247 0.0032
248 247 0.0044
251 247 0.01
245 248 0.0278
247 248 0.0044
249 248 0.0044
198 249 0.0005
248 249 0.0044
250 249 0.0009
249 250 0.0009
247 251 0.01
253 251 0.0004
254 251 0.004
542 252 0.0066
251 253 0.0004
251 254 0.004
255 254 0.0037
795 254 0.0004
254 255 0.0037
256 255 0.0029
798 255 0.0023
255 256 0.0029
246 257 0.0056
258 257 0.0302
613 257 0.0288
257 258 0.0302
259 258 0.0003
260 258 0.0056
258 259 0.0003
258 260 0.0056
261 260 0.0003
616 260 0.0005
260 261 0.0003
369 262 0.045
410 262 0.0008
570 262 0.0003
5 263 0.0002
264 263 0.0062
265 263 0.0386
266 263 0.0048
263 264 0.0062
265 264 0.0475
281 264 0.0007
263 265 0.0386
264 265 0.0475
269 265 0.0035
5 266 0.0008
263 266 0.0048
267 266 0.0007
2 267 0.0008
266 267 0.0007
268 267 0.0004
267 268 0.0004
265 269 0.0035
280 269 0.0039
448 269 0.0042
450 269 0.0126
271 270 0.0031
48 271 0.0019
270 271 0.0031
272 271 0.0023
271 272 0.0023
273 272 0.0006
283 272 0.0004
272 273 0.0006
274 273 0.0003
275 273 0.0012
273 274 0.0003
273 275 0.0012
535 276 0.0005
278 277 0.0108
281 277 0.0011
284 277 0.0007
277 278 0.0108
279 278 0.0771
281 278 0.0018
285 278 0.0394
278 279 0.0771
280 279 0.0009
286 279 0.0004
269 280 0.0039
279 280 0.0009
299 280 0.0126
264 281 0.0007
277 281 0.0011
278 281 0.0018
333 282 0.0007
272 283 0.0004
277 284 0.0007
285 284 0.0005
313 284 0.0077
278 285 0.0394
284 285 0.0005
291 285 0.0059
279 286 0.0004
287 286 0.0021
292 286 0.0004
286 287 0.0021
288 287 0.0015
289 287 0.0026
287 288 0.0015
287 289 0.0026
290 289 0.0019
299 289 0.0039
289 290 0.0019
285 291 0.0059
292 291 0.0023
310 291 0.0006
286 292 0.0004
291 292 0.0023
293 292 0.0032
292 293 0.0032
294 293 0.0016
311 293 0.0145
293 294 0.0016
295 294 0.0064
298 294 0.003
309 294 0.001
294 295 0.0064
296 295 0.0005
297 295 0.0019
295 296 0.0005
295 297 0.0019
294 298 0.003
299 298 0.006
300 298 0.0045
280 299 0.0126
289 299 0.0039
298 299 0.006
298 300 0.0045
302 300 0.0108
498 300 0.0004
500 300 0.0011
521 301 0.0005
300 302 0.0108
304 302 0.0052
328 302 0.0013
432 303 0.0008
515 303 0.0002
830 303 0.0002
302 304 0.0052
305 304 0.0197
323 304 0.0011
304 305 0.0197
306 305 0.0058
322 305 0.0028
305 306 0.0058
308 306 0.0005
817 306 0.0023
308 307 0.002
309 307 0.0009
817 307 0.0023
306 308 0.0005
307 308 0.002
317 308 0.0005
817 308 0.003
294 309 0.001
307 309 0.0009
316 309 0.0008
291 310 0.0006
311 310 0.0013
312 310 0.0036
293 311 0.0145
310 311 0.0013
312 311 0.0038
315 311 0.0003
310 312 0.0036
311 312 0.0038
314 312 0.0431
284 313 0.0077
314 313 0.0013
479 313 0.0005
484 313 0.0011
312 314 0.0431
313 314 0.0013
484 314 0.0023
487 314 0.0036
311 315 0.0003
309 316 0.0008
317 316 0.0011
319 316 0.0006
308 317 0.0005
316 317 0.0011
318 317 0.0003
317 318 0.0003
316 319 0.0006
320 319 0.0069
487 319 0.0022
319 320 0.0069
321 320 0.0008
322 320 0.0023
320 321 0.0008
305 322 0.0028
320 322 0.0023
342 322 0.0102
345 322 0.0019
304 323 0.0011
324 323 0.0003
325 323 0.0028
323 324 0.0003
323 325 0.0028
326 325 0.0063
340 325 0.0164
325 326 0.0063
327 326 0.0213
334 326 0.0017
326 327 0.0213
335 327 0.002
554 327 0.0003
302 328 0.0013
329 328 0.0283
334 328 0.0107
328 329 0.0283
330 329 0.0211
334 329 0.0425
329 330 0.0211
331 330 0.0071
333 330 0.0009
330 331 0.0071
332 331 0.0041
341 331 0.0003
331 332 0.0041
511 332 0.0008
544 332 0.0008
548 332 0.0022
549 332 0.0009
282 333 0.0007
330 333 0.0009
547 333 0.0043
326 334 0.0017
328 334 0.0107
329 334 0.0425
552 334 0.002
327 335 0.002
336 335 0.0342
347 335 0.001
822 335 0.0033
335 336 0.0342
337 336 0.0015
650 336 0.0002
336 337 0.0015
338 337 0.0038
634 337 0.0002
337 338 0.0038
339 338 0.0017
623 338 0.0003
338 339 0.0017
325 340 0.0164
343 340 0.0012
822 340 0.0215
331 341 0.0003
322 342 0.0102
343 342 0.0032
344 342 0.0002
340 343 0.0012
342 343 0.0032
822 343 0.0008
342 344 0.0002
322 345 0.0019
346 345 0.0045
354 345 0.0088
345 346 0.0045
347 346 0.0013
353 346 0.0011
335 347 0.001
346 347 0.0013
349 347 0.0001
350 347 0.0006
351 347 0.001
557 348 0.0002
347 349 0.0001
347 350 0.0006
347 351 0.001
352 351 0.0017
353 351 0.0007
351 352 0.0017
353 352 0.0002
358 352 0.0102
346 353 0.0011
351 353 0.0007
352 353 0.0002
345 354 0.0088
356 354 0.0022
447 354 0.0108
356 355 0.1096
378 355 0.0004
392 355 0.0018
354 356 0.0022
355 356 0.1096
357 356 0.0027
356 357 0.0027
358 357 0.0463
377 357 0.0018
352 358 0.0102
357 358 0.0463
360 358 0.0003
545 359 0.0011
358 360 0.0003
361 360 0.0001
362 360 0.0004
360 361 0.0001
363 361 0.0002
364 361 0.0009
360 362 0.0004
363 362 0.0031
370 362 0.0005
361 363 0.0002
362 363 0.0031
365 363 0.0008
361 364 0.0009
363 365 0.0008
366 365 0.0063
370 365 0.0005
365 366 0.0063
367 366 0.0024
368 366 0.0013
366 367 0.0024
366 368 0.0013
622 368 0.0002
824 368 0.0104
262 369 0.045
553 369 0.0006
570 369 0.0004
362 370 0.0005
365 370 0.0005
371 370 0.0144
370 371 0.0144
373 371 0.0004
390 371 0.0008
761 372 0.0004
371 373 0.0004
374 373 0.0019
375 373 0.0017
373 374 0.0019
373 375 0.0017
376 375 0.0008
818 375 0.0006
375 376 0.0008
357 377 0.0018
378 377 0.0232
390 377 0.022
355 378 0.0004
377 378 0.0232
379 378 0.0107
378 379 0.0107
381 379 0.0002
384 379 0.0078
93 380 0.0017
388 380 0.0008
446 380 0.0006
379 381 0.0002
382 381 0.0065
387 381 0.0009
381 382 0.0065
70 383 0.0004
470 383 0.0015
486 383 0.0006
379 384 0.0078
385 384 0.0009
386 384 0.0033
384 385 0.0009
384 386 0.0033
387 386 0.002
395 386 0.0014
381 387 0.0009
386 387 0.002
389 387 0.0005
380 388 0.0008
387 389 0.0005
371 390 0.0008
377 390 0.022
391 390 0.0004
390 391 0.0004
355 392 0.0018
393 392 0.0012
394 392 0.0058
395 392 0.0106
392 393 0.0012
392 394 0.0058
386 395 0.0014
392 395 0.0106
396 395 0.1033
395 396 0.1033
397 396 0.0007
399 396 0.0085
396 397 0.0007
398 397 0.0022
417 397 0.0211
397 398 0.0022
399 398 0.0023
401 398 0.0003
396 399 0.0085
398 399 0.0023
612 399 0.0308
14 400 0.0128
398 401 0.0003
414 401 0.0002
428 401 0.0007
612 401 0.0019
403 402 0.003
409 402 0.0014
612 402 0.0101
402 403 0.003
404 403 0.0004
405 403 0.0667
403 404 0.0004
403 405 0.0667
406 405 0.0002
407 405 0.0034
405 406 0.0002
138 407 0.0004
405 407 0.0034
408 407 0.0004
407 408 0.0004
402 409 0.0014
411 409 0.0016
431 409 0.0018
262 410 0.0008
409 411 0.0016
412 411 0.009
430 411 0.0047
411 412 0.009
413 412 0.0156
427 412 0.0007
412 413 0.0156
414 413 0.004
428 413 0.0004
401 414 0.0002
413 414 0.004
415 414 0.0007
427 414 0.0002
414 415 0.0007
416 415 0.0012
423 415 0.0002
415 416 0.0012
417 416 0.0004
418 416 0.0003
397 417 0.0211
416 417 0.0004
418 417 0.004
416 418 0.0003
417 418 0.004
419 418 0.0015
420 418 0.0006
418 419 0.0015
421 419 0.0006
443 419 0.0003
418 420 0.0006
419 421 0.0006
422 421 0.003
423 421 0.001
821 421 0.002
421 422 0.003
415 423 0.0002
421 423 0.001
424 423 0.0006
423 424 0.0006
425 424 0.0003
426 424 0.0016
424 425 0.0003
101 426 0.0096
424 426 0.0016
427 426 0.0006
437 426 0.0078
412 427 0.0007
414 427 0.0002
426 427 0.0006
401 428 0.0007
413 428 0.0004
429 428 0.0006
428 429 0.0006
411 430 0.0047
431 430 0.0065
436 430 0.0014
114 431 0.0235
409 431 0.0018
430 431 0.0065
303 432 0.0008
100 433 0.0009
434 433 0.0023
435 433 0.0097
433 434 0.0023
433 435 0.0097
430 436 0.0014
426 437 0.0078
439 437 0.0001
441 437 0.0002
769 438 0.0016
437 439 0.0001
570 440 0.0006
437 441 0.0002
442 441 0.0008
468 441 0.0006
441 442 0.0008
443 442 0.0056
447 442 0.0006
419 443 0.0003
442 443 0.0056
445 443 0.0005
93 444 0.0011
443 445 0.0005
380 446 0.0006
354 447 0.0108
442 447 0.0006
454 447 0.0009
2 448 0.0013
269 448 0.0042
449 448 0.003
469 448 0.0241
448 449 0.003
450 449 0.0104
744 449 0.0305
269 450 0.0126
449 450 0.0104
451 450 0.004
450 451 0.004
452 451 0.0091
470 451 0.0148
451 452 0.0091
453 452 0.0058
491 452 0.0017
452 453 0.0058
500 453 0.0003
828 453 0.0038
447 454 0.0009
458 454 0.008
487 454 0.0013
456 455 0.0024
465 455 0.0321
828 455 0.0108
455 456 0.0024
457 456 0.014
506 456 0.0047
519 456 0.0049
456 457 0.014
464 457 0.0023
829 457 0.0052
60 458 0.0047
62 458 0.0024
454 458 0.008
829 459 0.0014
461 460 0.0147
462 460 0.0054
829 460 0.0188
460 461 0.0147
460 462 0.0054
59 463 0.0024
457 464 0.0023
1 465 0.001
455 465 0.0321
496 465 0.0006
59 466 0.0026
467 466 0.0006
475 466 0.0004
466 467 0.0006
468 467 0.001
477 467 0.003
441 468 0.0006
467 468 0.001
471 468 0.0054
448 469 0.0241
30 470 0.0011
383 470 0.0015
451 470 0.0148
476 470 0.0137
106 471 0.0016
468 471 0.0054
472 471 0.0006
471 472 0.0006
75 473 0.0007
474 473 0.0005
475 473 0.0135
473 474 0.0005
466 475 0.0004
473 475 0.0135
477 475 0.001
38 476 0.0009
470 476 0.0137
482 476 0.0003
467 477 0.003
475 477 0.001
478 477 0.004
477 478 0.004
313 479 0.0005
480 479 0.0005
481 479 0.0015
479 480 0.0005
479 481 0.0015
476 482 0.0003
50 483 0.0005
62 484 0.0001
313 484 0.0011
314 484 0.0023
485 484 0.0007
484 485 0.0007
383 486 0.0006
314 487 0.0036
319 487 0.0022
454 487 0.0013
78 488 0.0611
490 488 0.0074
518 488 0.0051
86 489 0.0046
108 489 0.0033
542 489 0.0064
488 490 0.0074
497 490 0.0027
499 490 0.0078
452 491 0.0017
496 491 0.0018
542 491 0.0008
493 492 0.0005
499 492 0.0003
502 492 0.0029
492 493 0.0005
495 493 0.0087
503 493 0.0019
542 494 0.0087
493 495 0.0087
497 495 0.0063
507 495 0.0007
145 496 0.0026
465 496 0.0006
491 496 0.0018
490 497 0.0027
495 497 0.0063
512 497 0.0036
300 498 0.0004
143 499 0.0003
490 499 0.0078
492 499 0.0003
300 500 0.0011
453 500 0.0003
501 500 0.001
500 501 0.001
492 502 0.0029
503 502 0.0035
504 502 0.0016
493 503 0.0019
502 503 0.0035
504 503 0.0163
117 504 0.0094
502 504 0.0016
503 504 0.0163
145 505 0.0003
154 506 0.0034
456 506 0.0047
524 506 0.0021
495 507 0.0007
154 508 0.006
510 509 0.0015
512 509 0.0017
526 509 0.0049
509 510 0.0015
159 511 0.0012
332 511 0.0008
514 511 0.0011
519 511 0.0057
497 512 0.0036
509 512 0.0017
513 512 0.0303
512 513 0.0303
516 513 0.0005
517 513 0.0037
511 514 0.0011
515 514 0.0008
799 514 0.0008
303 515 0.0002
514 515 0.0008
530 515 0.0009
513 516 0.0005
513 517 0.0037
518 517 0.0118
520 517 0.0039
488 518 0.0051
517 518 0.0118
558 518 0.0104
180 519 0.0003
456 519 0.0049
511 519 0.0057
517 520 0.0039
521 520 0.049
525 520 0.0038
301 521 0.0005
520 521 0.049
555 521 0.0052
180 522 0.0008
180 523 0.0008
203 524 0.0007
506 524 0.0021
649 524 0.0005
520 525 0.0038
526 525 0.0018
529 525 0.0078
509 526 0.0049
525 526 0.0018
527 526 0.0112
526 527 0.0112
528 527 0.0043
531 527 0.0024
527 528 0.0043
529 528 0.0009
538 528 0.0003
525 529 0.0078
528 529 0.0009
550 529 0.0034
192 530 0.0063
203 530 0.0011
515 530 0.0009
648 530 0.0038
117 531 0.0084
527 531 0.0024
532 531 0.0038
531 532 0.0038
533 532 0.0058
536 532 0.006
532 533 0.0058
534 533 0.0445
543 533 0.001
533 534 0.0445
535 534 0.0117
546 534 0.0003
276 535 0.0005
534 535 0.0117
536 535 0.0264
125 536 0.0038
532 536 0.006
535 536 0.0264
139 537 0.0005
159 537 0.0005
539 537 0.0022
528 538 0.0003
540 538 0.0008
541 538 0.0004
537 539 0.0022
538 540 0.0008
538 541 0.0004
252 542 0.0066
489 542 0.0064
491 542 0.0008
494 542 0.0087
533 543 0.001
332 544 0.0008
359 545 0.0011
547 545 0.0005
767 545 0.0008
534 546 0.0003
333 547 0.0043
545 547 0.0005
552 547 0.0037
332 548 0.0022
332 549 0.0009
210 550 0.0057
529 550 0.0034
551 550 0.0015
550 551 0.0015
334 552 0.002
547 552 0.0037
553 552 0.0041
369 553 0.0006
552 553 0.0041
554 553 0.0029
327 554 0.0003
553 554 0.0029
556 554 0.0006
578 554 0.0008
223 555 0.0027
521 555 0.0052
568 555 0.0042
147 556 0.0011
554 556 0.0006
557 556 0.0022
348 557 0.0002
556 557 0.0022
604 557 0.0004
823 557 0.0002
518 558 0.0104
559 558 0.011
775 558 0.0012
558 559 0.011
560 559 0.0038
774 559 0.0011
559 560 0.0038
561 560 0.028
573 560 0.0072
768 560 0.0008
560 561 0.028
562 561 0.0004
563 561 0.009
561 562 0.0004
561 563 0.009
564 563 0.0003
565 563 0.0017
563 564 0.0003
563 565 0.0017
566 565 0.0013
569 565 0.0004
565 566 0.0013
567 566 0.0009
568 566 0.0006
566 567 0.0009
568 567 0.0081
579 567 0.0005
555 568 0.0042
566 568 0.0006
567 568 0.0081
565 569 0.0004
571 569 0.0004
580 569 0.0012
93 570 0.0027
262 570 0.0003
369 570 0.0004
440 570 0.0006
569 571 0.0004
572 571 0.0008
574 571 0.003
581 571 0.0016
571 572 0.0008
560 573 0.0072
574 573 0.0129
760 573 0.0036
571 574 0.003
573 574 0.0129
575 574 0.006
760 574 0.0005
574 575 0.006
576 575 0.0009
677 575 0.0581
575 576 0.0009
577 576 0.0035
581 576 0.0016
576 577 0.0035
579 577 0.0011
582 577 0.0051
554 578 0.0008
623 578 0.0008
827 578 0.0003
567 579 0.0005
577 579 0.0011
580 579 0.0018
569 580 0.0012
579 580 0.0018
581 580 0.0004
571 581 0.0016
576 581 0.0016
580 581 0.0004
577 582 0.0051
583 582 0.0041
585 582 0.0154
582 583 0.0041
584 583 0.0224
600 583 0.0007
609 583 0.001
583 584 0.0224
585 584 0.001
589 584 0.0021
814 584 0.001
582 585 0.0154
584 585 0.001
587 585 0.006
610 586 0.001
585 587 0.006
588 587 0.043
589 587 0.0004
226 588 0.0072
587 588 0.043
591 588 0.0031
584 589 0.0021
587 589 0.0004
590 589 0.003
589 590 0.003
591 590 0.0009
814 590 0.0052
588 591 0.0031
590 591 0.0009
592 591 0.0038
591 592 0.0038
593 592 0.0017
596 592 0.0066
227 593 0.0005
592 593 0.0017
594 593 0.0135
593 594 0.0135
595 594 0.0528
598 594 0.0039
594 595 0.0528
596 595 0.028
600 595 0.0026
592 596 0.0066
595 596 0.028
814 596 0.0022
227 597 0.0006
594 598 0.0039
599 598 0.0037
602 598 0.0018
598 599 0.0037
583 600 0.0007
595 600 0.0026
601 600 0.0012
814 600 0.0008
600 601 0.0012
602 601 0.0659
608 601 0.0073
598 602 0.0018
601 602 0.0659
647 602 0.0021
813 602 0.0013
147 603 0.0009
129 604 0.0004
557 604 0.0004
606 604 0.0003
813 605 0.0025
604 606 0.0003
233 607 0.004
617 607 0.0043
813 607 0.0008
601 608 0.0073
609 608 0.015
664 608 0.0019
583 609 0.001
608 609 0.015
677 609 0.0021
233 610 0.0008
586 610 0.001
611 610 0.0164
610 611 0.0164
399 612 0.0308
401 612 0.0019
402 612 0.0101
234 613 0.0042
257 613 0.0288
615 613 0.0002
761 614 0.0007
613 615 0.0002
260 616 0.0005
607 617 0.0043
618 617 0.0109
647 617 0.0008
617 618 0.0109
619 618 0.0018
620 618 0.0032
618 619 0.0018
618 620 0.0032
621 620 0.0006
644 620 0.0017
660 620 0.1257
620 621 0.0006
368 622 0.0002
195 623 0.0049
338 623 0.0003
578 623 0.0008
660 624 0.0008
195 625 0.001
626 625 0.0014
825 625 0.003
244 626 0.0016
625 626 0.0014
635 626 0.0011
824 626 0.0006
629 627 0.0008
630 627 0.0063
660 627 0.0008
244 628 0.0005
627 629 0.0008
627 630 0.0063
631 630 0.0029
632 630 0.0012
630 631 0.0029
630 632 0.0012
244 633 0.0003
195 634 0.0029
337 634 0.0002
643 634 0.0005
825 634 0.0002
626 635 0.0011
637 636 0.0029
638 636 0.0066
660 636 0.0039
636 637 0.0029
638 637 0.0101
658 637 0.0046
636 638 0.0066
637 638 0.0101
639 638 0.0049
638 639 0.0049
697 639 0.0041
713 639 0.0044
641 640 0.0137
660 640 0.0006
662 640 0.0017
640 641 0.0137
642 641 0.0028
644 641 0.0035
641 642 0.0028
644 642 0.0006
646 642 0.0012
634 643 0.0005
645 643 0.0008
736 643 0.0021
620 644 0.0017
641 644 0.0035
642 644 0.0006
643 645 0.0008
642 646 0.0012
647 646 0.002
651 646 0.0098
662 646 0.005
602 647 0.0021
617 647 0.0008
646 647 0.002
530 648 0.0038
192 649 0.0013
203 649 0.0004
524 649 0.0005
336 650 0.0002
646 651 0.0098
652 651 0.0355
667 651 0.0295
651 652 0.0355
653 652 0.0048
661 652 0.0004
652 653 0.0048
654 653 0.0705
657 653 0.0057
653 654 0.0705
655 654 0.0029
695 654 0.0021
654 655 0.0029
656 655 0.0057
663 655 0.001
696 655 0.0022
655 656 0.0057
653 657 0.0057
658 657 0.0282
662 657 0.0016
637 658 0.0046
657 658 0.0282
659 658 0.001
658 659 0.001
620 660 0.1257
624 660 0.0008
627 660 0.0008
636 660 0.0039
640 660 0.0006
652 661 0.0004
640 662 0.0017
646 662 0.005
657 662 0.0016
655 663 0.001
608 664 0.0019
665 664 0.001
666 664 0.0007
664 665 0.001
664 666 0.0007
651 667 0.0295
668 667 0.0006
669 667 0.0156
672 667 0.0029
667 668 0.0006
667 669 0.0156
670 669 0.0374
671 669 0.0037
669 670 0.0374
669 671 0.0037
672 671 0.0041
673 671 0.01
667 672 0.0029
671 672 0.0041
673 672 0.0033
671 673 0.01
672 673 0.0033
674 673 0.0197
673 674 0.0197
675 674 0.0781
689 674 0.0033
674 675 0.0781
676 675 0.0036
690 675 0.0266
675 676 0.0036
688 676 0.0086
691 676 0.0052
575 677 0.0581
609 677 0.0021
678 677 0.1093
677 678 0.1093
679 678 0.0125
752 678 0.004
678 679 0.0125
680 679 0.0209
756 679 0.0007
679 680 0.0209
681 680 0.025
682 680 0.0052
680 681 0.025
680 682 0.0052
683 682 0.0011
685 682 0.0799
682 683 0.0011
684 683 0.013
750 683 0.0013
683 684 0.013
682 685 0.0799
689 685 0.0273
815 685 0.0047
687 686 0.0031
745 686 0.002
815 686 0.0061
686 687 0.0031
688 687 0.0005
733 687 0.0003
676 688 0.0086
687 688 0.0005
689 688 0.0092
674 689 0.0033
685 689 0.0273
688 689 0.0092
675 690 0.0266
691 690 0.0005
692 690 0.0038
676 691 0.0052
690 691 0.0005
692 691 0.0072
694 691 0.0044
690 692 0.0038
691 692 0.0072
693 692 0.0052
692 693 0.0052
694 693 0.0121
695 693 0.0061
691 694 0.0044
693 694 0.0121
700 694 0.0427
654 695 0.0021
693 695 0.0061
696 695 0.0038
655 696 0.0022
695 696 0.0038
697 696 0.0103
639 697 0.0041
696 697 0.0103
698 697 0.0022
697 698 0.0022
699 698 0.0041
702 698 0.0021
698 699 0.0041
694 700 0.0427
701 700 0.0361
729 700 0.0005
700 701 0.0361
702 701 0.0028
704 701 0.087
698 702 0.0021
701 702 0.0028
703 702 0.0005
702 703 0.0005
701 704 0.087
705 704 0.0021
707 704 0.0035
704 705 0.0021
706 705 0.0033
709 705 0.0012
705 706 0.0033
704 707 0.0035
708 707 0.0287
710 707 0.0031
707 708 0.0287
709 708 0.0016
812 708 0.0003
705 709 0.0012
708 709 0.0016
726 709 0.001
707 710 0.0031
711 710 0.0003
712 710 0.0013
710 711 0.0003
710 712 0.0013
639 713 0.0044
715 713 0.0035
719 713 0.0703
195 714 0.0008
713 715 0.0035
716 715 0.0044
721 715 0.0004
715 716 0.0044
717 716 0.0205
718 716 0.0016
716 717 0.0205
716 718 0.0016
721 718 0.0015
804 718 0.0003
805 718 0.0021
713 719 0.0703
720 719 0.0029
726 719 0.0006
719 720 0.0029
721 720 0.0024
723 720 0.0593
715 721 0.0004
718 721 0.0015
720 721 0.0024
147 722 0.0007
720 723 0.0593
724 723 0.0005
725 723 0.003
723 724 0.0005
723 725 0.003
819 725 0.0017
820 725 0.0043
709 726 0.001
719 726 0.0006
727 726 0.001
728 726 0.001
726 727 0.001
726 728 0.001
810 728 0.0041
811 728 0.003
700 729 0.0005
730 729 0.0036
734 729 0.0013
729 730 0.0036
731 730 0.0027
732 730 0.0025
730 731 0.0027
730 732 0.0025
687 733 0.0003
734 733 0.002
748 733 0.0004
729 734 0.0013
733 734 0.002
735 734 0.0006
734 735 0.0006
737 735 0.0014
747 735 0.0023
643 736 0.0021
735 737 0.0014
738 737 0.0015
741 737 0.0013
737 738 0.0015
739 738 0.0021
740 738 0.0023
738 739 0.0021
738 740 0.0023
737 741 0.0013
742 741 0.0005
743 741 0.001
741 742 0.0005
741 743 0.001
449 744 0.0305
686 745 0.002
746 745 0.0014
747 745 0.0006
745 746 0.0014
735 747 0.0023
745 747 0.0006
748 747 0.0168
733 748 0.0004
747 748 0.0168
749 748 0.0004
748 749 0.0004
683 750 0.0013
751 750 0.0012
815 750 0.0012
750 751 0.0012
678 752 0.004
753 752 0.0004
757 752 0.0016
752 753 0.0004
754 753 0.0008
755 753 0.0006
753 754 0.0008
753 755 0.0006
679 756 0.0007
752 757 0.0016
759 758 0.0001
758 759 0.0001
760 759 0.0208
762 759 0.0024
573 760 0.0036
574 760 0.0005
759 760 0.0208
372 761 0.0004
614 761 0.0007
827 761 0.0004
759 762 0.0024
763 762 0.0025
772 762 0.0006
762 763 0.0025
764 763 0.0037
768 763 0.0037
763 764 0.0037
765 764 0.0006
766 764 0.0068
764 765 0.0006
764 766 0.0068
545 767 0.0008
560 768 0.0008
763 768 0.0037
771 768 0.0066
438 769 0.0016
771 770 0.0025
23 771 0.0026
768 771 0.0066
770 771 0.0025
762 772 0.0006
774 773 0.0002
559 774 0.0011
773 774 0.0002
775 774 0.001
558 775 0.0012
774 775 0.001
776 775 0.0017
775 776 0.0017
18 777 0.0031
39 778 0.0008
780 779 0.0044
781 779 0.0021
816 779 0.0007
779 780 0.0044
779 781 0.0021
32 782 0.0066
56 782 0.0015
783 782 0.002
782 783 0.002
784 783 0.0007
785 783 0.0043
783 784 0.0007
783 785 0.0043
786 785 0.0007
787 785 0.0014
785 786 0.0007
785 787 0.0014
2 788 0.0076
8 788 0.0005
12 788 0.0304
124 789 0.0038
125 789 0.0059
790 789 0.0019
789 790 0.0019
152 791 0.0006
196 792 0.0005
200 792 0.0008
793 792 0.0008
189 793 0.0006
200 793 0.0009
792 793 0.0008
191 794 0.0004
254 795 0.0004
796 795 0.0009
797 795 0.0007
795 796 0.0009
795 797 0.0007
255 798 0.0023
800 798 0.0004
801 798 0.0005
514 799 0.0008
798 800 0.0004
798 801 0.0005
802 801 0.0034
803 801 0.0081
801 802 0.0034
801 803 0.0081
718 804 0.0003
718 805 0.0021
806 805 0.0006
807 805 0.0032
805 806 0.0006
805 807 0.0032
808 807 0.0365
809 807 0.006
807 808 0.0365
807 809 0.006
728 810 0.0041
728 811 0.003
708 812 0.0003
602 813 0.0013
605 813 0.0025
607 813 0.0008
584 814 0.001
590 814 0.0052
596 814 0.0022
600 814 0.0008
685 815 0.0047
686 815 0.0061
750 815 0.0012
66 816 0.0011
71 816 0.0019
779 816 0.0007
306 817 0.0023
307 817 0.0023
308 817 0.003
375 818 0.0006
725 819 0.0017
725 820 0.0043
421 821 0.002
335 822 0.0033
340 822 0.0215
343 822 0.0008
557 823 0.0002
368 824 0.0104
626 824 0.0006
825 824 0.0036
625 825 0.003
634 825 0.0002
824 825 0.0036
159 826 0.0005
195 827 0.0003
578 827 0.0003
761 827 0.0004
159 828 0.0067
453 828 0.0038
455 828 0.0108
457 829 0.0052
459 829 0.0014
460 829 0.0188
303 830 0.0002
