2 1 0.0147
3 1 0.0047
5 1 0.0015
8 1 0.0018
21 1 0.0008
22 1 0.0024
25 1 0.0059
26 1 0.0007
378 1 0.003
1 2 0.0147
1 3 0.0047
49 4 0.0061
1 5 0.0015
6 5 0.0019
12 5 0.0082
5 6 0.0019
7 6 0.0067
11 6 0.0217
6 7 0.0067
8 7 0.0071
10 7 0.0043
1 8 0.0018
7 8 0.0071
9 8 0.0158
8 9 0.0158
10 9 0.0498
19 9 0.0499
21 9 0.0016
7 10 0.0043
9 10 0.0498
11 10 0.0012
6 11 0.0217
10 11 0.0012
16 11 0.0572
5 12 0.0082
13 12 0.0002
15 12 0.0106
12 13 0.0002
14 13 0.0379
46 13 0.0027
13 14 0.0379
15 14 0.0209
17 14 0.0816
12 15 0.0106
14 15 0.0209
16 15 0.0107
11 16 0.0572
15 16 0.0107
17 16 0.093
18 16 0.0162
14 17 0.0816
16 17 0.093
40 17 0.0201
16 18 0.0162
19 18 0.0181
24 18 0.0007
9 19 0.0499
18 19 0.0181
24 19 0.0014
441 20 0.0004
1 21 0.0008
9 21 0.0016
22 21 0.0004
23 21 0.0004
1 22 0.0024
21 22 0.0004
23 22 0.0042
21 23 0.0004
22 23 0.0042
30 23 0.0509
18 24 0.0007
19 24 0.0014
38 24 0.0032
1 25 0.0059
26 25 0.0088
30 25 0.0158
1 26 0.0007
25 26 0.0088
27 26 0.0061
26 27 0.0061
28 27 0.0126
378 27 0.0033
27 28 0.0126
29 28 0.0112
378 28 0.0024
28 29 0.0112
33 29 0.0063
56 29 0.0042
231 29 0.0105
23 30 0.0509
25 30 0.0158
31 30 0.0478
30 31 0.0478
32 31 0.001
33 31 0.0168
31 32 0.001
29 33 0.0063
31 33 0.0168
34 33 0.0629
33 34 0.0629
35 34 0.0044
39 34 0.0712
34 35 0.0044
36 35 0.0021
55 35 0.0016
35 36 0.0021
37 36 0.0014
39 36 0.0273
43 36 0.0075
36 37 0.0014
42 37 0.0173
45 37 0.0147
24 38 0.0032
39 38 0.0035
41 38 0.0145
34 39 0.0712
36 39 0.0273
38 39 0.0035
17 40 0.0201
41 40 0.0146
46 40 0.0155
38 41 0.0145
40 41 0.0146
42 41 0.0097
37 42 0.0173
41 42 0.0097
52 42 0.003
36 43 0.0075
44 43 0.0136
59 43 0.0004
43 44 0.0136
45 44 0.0195
66 44 0.0117
37 45 0.0147
44 45 0.0195
53 45 0.0004
67 45 0.0006
13 46 0.0027
40 46 0.0155
47 46 0.021
48 46 0.1935
46 47 0.021
52 47 0.0003
77 47 0.0002
46 48 0.1935
49 48 0.0302
51 48 0.004
4 49 0.0061
48 49 0.0302
684 49 0.0002
596 50 0.0008
602 50 0.0005
603 50 0.0005
48 51 0.004
80 51 0.0008
330 51 0.0116
681 51 0.0002
42 52 0.003
47 52 0.0003
53 52 0.0037
45 53 0.0004
52 53 0.0037
54 53 0.0104
53 54 0.0104
35 55 0.0016
29 56 0.0042
57 56 0.0009
61 56 0.0009
62 56 0.0012
56 57 0.0009
58 57 0.0177
59 57 0.022
57 58 0.0177
43 59 0.0004
57 59 0.022
60 59 0.0008
59 60 0.0008
56 61 0.0009
62 61 0.0009
65 61 0.0005
56 62 0.0012
61 62 0.0009
63 62 0.0035
62 63 0.0035
249 64 0.0005
61 65 0.0005
66 65 0.001
73 65 0.0002
76 65 0.0024
44 66 0.0117
65 66 0.001
70 66 0.0367
71 66 0.0004
45 67 0.0006
68 67 0.0004
77 67 0.004
67 68 0.0004
69 68 0.0106
80 68 0.0133
68 69 0.0106
70 69 0.0436
81 69 0.0003
66 70 0.0367
69 70 0.0436
83 70 0.0052
66 71 0.0004
72 71 0.0004
88 71 0.0007
71 72 0.0004
73 72 0.007
88 72 0.004
65 73 0.0002
72 73 0.007
74 73 0.004
73 74 0.004
75 74 0.0035
92 74 0.0004
74 75 0.0035
76 75 0.0045
251 75 0.0083
65 76 0.0024
75 76 0.0045
249 76 0.0007
47 77 0.0002
67 77 0.004
79 77 0.0005
690 78 0.0003
77 79 0.0005
51 80 0.0008
68 80 0.0133
81 80 0.0028
84 80 0.0034
69 81 0.0003
80 81 0.0028
82 81 0.0035
81 82 0.0035
83 82 0.0004
301 82 0.0267
70 83 0.0052
82 83 0.0004
88 83 0.0003
91 83 0.0021
80 84 0.0034
85 84 0.0007
87 84 0.0006
84 85 0.0007
304 85 0.0092
311 85 0.0008
486 86 0.0005
495 86 0.0011
625 86 0.0034
84 87 0.0006
71 88 0.0007
72 88 0.004
83 88 0.0003
90 89 0.0013
89 90 0.0013
91 90 0.0019
98 90 0.0004
83 91 0.0021
90 91 0.0019
101 91 0.0182
74 92 0.0004
93 92 0.0042
96 92 0.0006
92 93 0.0042
94 93 0.0002
99 93 0.0006
93 94 0.0002
95 94 0.0128
100 94 0.0071
94 95 0.0128
96 95 0.0004
105 95 0.0002
247 95 0.0007
92 96 0.0006
95 96 0.0004
97 96 0.0008
96 97 0.0008
251 97 0.0003
252 97 0.0003
90 98 0.0004
99 98 0.0016
101 98 0.0267
93 99 0.0006
98 99 0.0016
100 99 0.0006
94 100 0.0071
99 100 0.0006
104 100 0.0032
91 101 0.0182
98 101 0.0267
102 101 0.0021
106 101 0.0021
113 101 0.0025
101 102 0.0021
103 102 0.0141
104 102 0.0129
102 103 0.0141
104 103 0.0065
106 103 0.0006
141 103 0.0005
100 104 0.0032
102 104 0.0129
103 104 0.0065
105 104 0.0005
95 105 0.0002
104 105 0.0005
141 105 0.0024
142 105 0.001
145 105 0.0001
101 106 0.0021
103 106 0.0006
107 106 0.0034
106 107 0.0034
122 107 0.0269
141 107 0.0219
109 108 0.0011
108 109 0.0011
110 109 0.012
301 109 0.0037
308 109 0.0009
109 110 0.012
111 110 0.0044
117 110 0.0031
110 111 0.0044
112 111 0.0003
115 111 0.0006
111 112 0.0003
101 113 0.0025
114 113 0.0583
131 113 0.012
113 114 0.0583
115 114 0.0023
139 114 0.0044
111 115 0.0006
114 115 0.0023
116 115 0.0015
118 115 0.0012
115 116 0.0015
110 117 0.0031
118 117 0.026
308 117 0.0007
309 117 0.0002
115 118 0.0012
117 118 0.026
119 118 0.0088
118 119 0.0088
120 119 0.002
121 119 0.005
119 120 0.002
121 120 0.0073
318 120 0.0028
119 121 0.005
120 121 0.0073
309 121 0.0015
693 121 0.0007
107 122 0.0269
123 122 0.0068
142 122 0.0208
122 123 0.0068
124 123 0.0011
143 123 0.0021
123 124 0.0011
125 124 0.002
129 124 0.0143
124 125 0.002
126 125 0.0003
127 125 0.0013
125 126 0.0003
127 126 0.002
137 126 0.0008
125 127 0.0013
126 127 0.002
128 127 0.0009
127 128 0.0009
129 128 0.0016
137 128 0.0005
124 129 0.0143
128 129 0.0016
130 129 0.0057
129 130 0.0057
148 130 0.0002
150 130 0.0004
153 130 0.0005
113 131 0.012
132 131 0.0013
133 131 0.0145
131 132 0.0013
133 132 0.0013
138 132 0.0031
131 133 0.0145
132 133 0.0013
134 133 0.0414
133 134 0.0414
135 134 0.0031
140 134 0.0019
134 135 0.0031
136 135 0.0064
154 135 0.0022
135 136 0.0064
137 136 0.0071
150 136 0.0054
126 137 0.0008
128 137 0.0005
136 137 0.0071
132 138 0.0031
114 139 0.0044
155 139 0.0217
322 139 0.0006
134 140 0.0019
160 140 0.0004
161 140 0.0002
164 140 0.0004
103 141 0.0005
105 141 0.0024
107 141 0.0219
142 141 0.0037
105 142 0.001
122 142 0.0208
141 142 0.0037
143 142 0.0015
123 143 0.0021
142 143 0.0015
144 143 0.0014
143 144 0.0014
146 144 0.0009
147 144 0.0011
105 145 0.0001
144 146 0.0009
189 146 0.0002
259 146 0.0004
144 147 0.0011
148 147 0.0005
189 147 0.0001
130 148 0.0002
147 148 0.0005
149 148 0.0002
192 148 0.0005
148 149 0.0002
153 149 0.0005
192 149 0.0008
130 150 0.0004
136 150 0.0054
151 150 0.005
150 151 0.005
152 151 0.0002
166 151 0.0085
151 152 0.0002
153 152 0.0034
169 152 0.0005
130 153 0.0005
149 153 0.0005
152 153 0.0034
135 154 0.0022
139 155 0.0217
156 155 0.0006
159 155 0.0042
155 156 0.0006
157 156 0.0172
158 156 0.0192
156 157 0.0172
158 157 0.0148
447 157 0.0009
156 158 0.0192
157 158 0.0148
159 158 0.0028
163 158 0.0011
155 159 0.0042
158 159 0.0028
162 159 0.0359
140 160 0.0004
140 161 0.0002
162 161 0.0007
164 161 0.0013
159 162 0.0359
161 162 0.0007
163 162 0.0211
456 162 0.0044
158 163 0.0011
162 163 0.0211
454 163 0.0002
140 164 0.0004
161 164 0.0013
165 164 0.0002
164 165 0.0002
166 165 0.001
167 165 0.0001
182 165 0.0034
151 166 0.0085
165 166 0.001
168 166 0.0085
165 167 0.0001
166 168 0.0085
169 168 0.0003
172 168 0.002
152 169 0.0005
168 169 0.0003
171 169 0.0002
197 169 0.0002
395 170 0.0004
710 170 0.0082
723 170 0.0053
169 171 0.0002
168 172 0.002
174 172 0.0174
176 172 0.0045
174 173 0.0009
172 174 0.0174
173 174 0.0009
175 174 0.0194
177 174 0.0847
174 175 0.0194
176 175 0.0059
177 175 0.0398
172 176 0.0045
175 176 0.0059
199 176 0.0037
201 176 0.0022
174 177 0.0847
175 177 0.0398
178 177 0.0652
703 177 0.0016
177 178 0.0652
179 178 0.0012
185 178 0.0016
201 178 0.0012
178 179 0.0012
180 179 0.0006
183 179 0.0027
179 180 0.0006
181 180 0.0018
468 180 0.0032
180 181 0.0018
182 181 0.0039
463 181 0.0018
165 182 0.0034
181 182 0.0039
457 182 0.0001
179 183 0.0027
375 184 0.0075
400 184 0.0047
417 184 0.0002
501 184 0.0097
723 184 0.0293
178 185 0.0016
186 185 0.0026
187 185 0.0249
185 186 0.0026
185 187 0.0249
188 187 0.0018
704 187 0.0003
187 188 0.0018
146 189 0.0002
147 189 0.0001
190 189 0.0436
189 190 0.0436
191 190 0.0516
235 190 0.0196
190 191 0.0516
192 191 0.0039
193 191 0.0275
148 192 0.0005
149 192 0.0008
191 192 0.0039
191 193 0.0275
194 193 0.0068
218 193 0.034
193 194 0.0068
195 194 0.0003
196 194 0.004
194 195 0.0003
194 196 0.004
197 196 0.0057
198 196 0.0009
169 197 0.0002
196 197 0.0057
198 197 0.0003
196 198 0.0009
197 198 0.0003
199 198 0.0021
176 199 0.0037
198 199 0.0021
200 199 0.0031
199 200 0.0031
201 200 0.0031
202 200 0.0024
176 201 0.0022
178 201 0.0012
200 201 0.0031
202 201 0.0348
200 202 0.0024
201 202 0.0348
203 202 0.0063
202 203 0.0063
204 203 0.0244
205 203 0.0125
203 204 0.0244
205 204 0.0051
206 204 0.007
203 205 0.0125
204 205 0.0051
206 205 0.0016
209 205 0.0072
204 206 0.007
205 206 0.0016
207 206 0.0043
216 206 0.0018
206 207 0.0043
208 207 0.0029
216 207 0.0056
207 208 0.0029
209 208 0.0103
217 208 0.0072
205 209 0.0072
208 209 0.0103
210 209 0.0012
209 210 0.0012
219 210 0.0016
695 210 0.0293
212 211 0.0396
280 211 0.0004
695 211 0.0275
211 212 0.0396
213 212 0.0106
217 212 0.0027
212 213 0.0106
214 213 0.0081
278 213 0.0013
213 214 0.0081
215 214 0.0028
696 214 0.0031
214 215 0.0028
206 216 0.0018
207 216 0.0056
217 216 0.006
208 217 0.0072
212 217 0.0027
216 217 0.006
193 218 0.034
219 218 0.0042
224 218 0.0011
210 219 0.0016
218 219 0.0042
220 219 0.0022
219 220 0.0022
221 220 0.0013
265 220 0.0092
220 221 0.0013
222 221 0.0241
225 221 0.0013
228 221 0.001
221 222 0.0241
229 222 0.0024
265 222 0.0009
224 223 0.0004
218 224 0.0011
223 224 0.0004
225 224 0.0096
221 225 0.0013
224 225 0.0096
226 225 0.0047
225 226 0.0047
227 226 0.0004
228 226 0.0004
226 227 0.0004
426 227 0.0015
431 227 0.0003
221 228 0.001
226 228 0.0004
439 228 0.0039
222 229 0.0024
230 229 0.0074
261 229 0.0014
229 230 0.0074
438 230 0.002
439 230 0.0035
29 231 0.0105
232 231 0.0263
710 231 0.019
231 232 0.0263
233 232 0.0027
238 232 0.0115
249 232 0.0041
232 233 0.0027
234 233 0.0033
242 233 0.0024
233 234 0.0033
235 234 0.0588
237 234 0.0006
190 235 0.0196
234 235 0.0588
237 235 0.0014
377 235 0.0027
597 236 0.0011
234 237 0.0006
235 237 0.0014
259 237 0.0009
232 238 0.0115
239 238 0.0004
240 238 0.0006
238 239 0.0004
238 240 0.0006
241 240 0.0259
253 240 0.0004
240 241 0.0259
242 241 0.0007
247 241 0.0055
233 242 0.0024
241 242 0.0007
243 242 0.0003
245 242 0.0003
242 243 0.0003
244 243 0.0011
257 243 0.0004
258 243 0.0007
243 244 0.0011
245 244 0.0011
248 244 0.0024
242 245 0.0003
244 245 0.0011
246 245 0.0012
245 246 0.0012
247 246 0.0013
248 246 0.0012
95 247 0.0007
241 247 0.0055
246 247 0.0013
244 248 0.0024
246 248 0.0012
255 248 0.0002
64 249 0.0005
76 249 0.0007
232 249 0.0041
250 249 0.0007
249 250 0.0007
251 250 0.0004
252 250 0.0005
75 251 0.0083
97 251 0.0003
250 251 0.0004
97 252 0.0003
250 252 0.0005
253 252 0.0018
240 253 0.0004
252 253 0.0018
254 253 0.0002
253 254 0.0002
248 255 0.0002
256 255 0.0017
257 255 0.001
255 256 0.0017
243 257 0.0004
255 257 0.001
260 257 0.0008
243 258 0.0007
259 258 0.0008
260 258 0.0023
146 259 0.0004
237 259 0.0009
258 259 0.0008
260 259 0.0015
257 260 0.0008
258 260 0.0023
259 260 0.0015
229 261 0.0014
262 261 0.0061
428 261 0.0003
261 262 0.0061
263 262 0.0237
266 262 0.0019
262 263 0.0237
264 263 0.001
266 263 0.0009
263 264 0.001
273 264 0.0017
276 264 0.0066
220 265 0.0092
222 265 0.0009
277 265 0.0013
262 266 0.0019
263 266 0.0009
267 266 0.0019
266 267 0.0019
268 267 0.0007
270 267 0.0296
274 267 0.0006
267 268 0.0007
269 268 0.0041
429 268 0.0004
268 269 0.0041
270 269 0.0005
271 269 0.0008
569 269 0.0002
267 270 0.0296
269 270 0.0005
271 270 0.0051
269 271 0.0008
270 271 0.0051
290 271 0.0042
399 272 0.0005
264 273 0.0017
276 273 0.0004
697 273 0.0046
267 274 0.0006
275 274 0.0003
697 274 0.0006
274 275 0.0003
285 275 0.0028
697 275 0.0061
264 276 0.0066
273 276 0.0004
277 276 0.0308
265 277 0.0013
276 277 0.0308
278 277 0.0042
213 278 0.0013
277 278 0.0042
279 278 0.0158
281 278 0.0488
278 279 0.0158
280 279 0.0176
694 279 0.0007
211 280 0.0004
279 280 0.0176
695 280 0.0008
278 281 0.0488
282 281 0.0008
283 281 0.003
281 282 0.0008
281 283 0.003
285 283 0.0007
286 283 0.001
715 284 0.0002
275 285 0.0028
283 285 0.0007
287 285 0.0078
283 286 0.001
285 287 0.0078
288 287 0.0004
289 287 0.0003
287 288 0.0004
287 289 0.0003
271 290 0.0042
291 290 0.0008
297 290 0.0035
290 291 0.0008
295 292 0.002
294 293 0.0039
293 294 0.0039
295 294 0.0047
296 294 0.0008
292 295 0.002
294 295 0.0047
568 295 0.0232
294 296 0.0008
290 297 0.0035
298 297 0.0003
698 297 0.0215
297 298 0.0003
403 299 0.001
698 300 0.0003
82 301 0.0267
109 301 0.0037
302 301 0.0008
303 301 0.0005
301 302 0.0008
301 303 0.0005
304 303 0.0003
305 303 0.0051
308 303 0.0003
85 304 0.0092
303 304 0.0003
307 304 0.0004
303 305 0.0051
306 305 0.0003
310 305 0.0002
305 306 0.0003
307 306 0.0005
314 306 0.0068
304 307 0.0004
306 307 0.0005
311 307 0.0006
109 308 0.0009
117 308 0.0007
303 308 0.0003
117 309 0.0002
121 309 0.0015
316 309 0.0007
305 310 0.0002
85 311 0.0008
307 311 0.0006
313 311 0.0011
313 312 0.0262
334 312 0.0016
339 312 0.001
311 313 0.0011
312 313 0.0262
314 313 0.0031
306 314 0.0068
313 314 0.0031
315 314 0.0043
314 315 0.0043
316 315 0.0108
323 315 0.0021
309 316 0.0007
315 316 0.0108
317 316 0.0033
316 317 0.0033
321 317 0.0078
327 317 0.0004
120 318 0.0028
319 318 0.0002
322 318 0.0002
318 319 0.0002
321 320 0.0102
322 320 0.0006
446 320 0.0035
317 321 0.0078
320 321 0.0102
329 321 0.0007
139 322 0.0006
318 322 0.0002
320 322 0.0006
315 323 0.0021
324 323 0.0016
325 323 0.0011
326 323 0.0007
327 323 0.0004
328 323 0.0004
323 324 0.0016
325 324 0.0189
326 324 0.0044
371 324 0.0005
323 325 0.0011
324 325 0.0189
380 325 0.0006
323 326 0.0007
324 326 0.0044
347 326 0.0354
317 327 0.0004
323 327 0.0004
329 327 0.0004
323 328 0.0004
321 329 0.0007
327 329 0.0004
445 329 0.0005
51 330 0.0116
340 330 0.02
667 330 0.0407
332 331 0.0572
337 331 0.0004
340 331 0.0127
331 332 0.0572
333 332 0.0486
337 332 0.0004
332 333 0.0486
334 333 0.0085
338 333 0.0002
343 333 0.0167
312 334 0.0016
333 334 0.0085
335 334 0.0048
334 335 0.0048
347 335 0.0027
348 335 0.0105
337 336 0.0009
331 337 0.0004
332 337 0.0004
336 337 0.0009
333 338 0.0002
312 339 0.001
330 340 0.02
331 340 0.0127
341 340 0.0005
340 341 0.0005
342 341 0.0015
655 341 0.005
341 342 0.0015
343 342 0.0002
344 342 0.001
333 343 0.0167
342 343 0.0002
344 343 0.0157
342 344 0.001
343 344 0.0157
345 344 0.0043
354 344 0.0187
344 345 0.0043
348 345 0.0005
351 345 0.0002
418 346 0.0022
326 347 0.0354
335 347 0.0027
365 347 0.0047
335 348 0.0105
345 348 0.0005
349 348 0.0037
355 348 0.0018
348 349 0.0037
350 349 0.0005
357 349 0.0079
349 350 0.0005
345 351 0.0002
352 351 0.0032
356 351 0.0019
351 352 0.0032
353 352 0.0038
630 352 0.0105
352 353 0.0038
354 353 0.0043
646 353 0.0023
344 354 0.0187
353 354 0.0043
651 354 0.0016
348 355 0.0018
356 355 0.0042
515 355 0.0005
351 356 0.0019
355 356 0.0042
531 356 0.0101
349 357 0.0079
358 357 0.0019
361 357 0.0109
357 358 0.0019
359 358 0.0003
360 358 0.0002
358 359 0.0003
358 360 0.0002
357 361 0.0109
362 361 0.0012
513 361 0.0052
361 362 0.0012
363 362 0.0012
535 362 0.0021
362 363 0.0012
364 363 0.0005
559 363 0.0009
363 364 0.0005
365 364 0.0316
366 364 0.0026
347 365 0.0047
364 365 0.0316
367 365 0.0032
364 366 0.0026
373 366 0.0105
382 366 0.0048
365 367 0.0032
368 367 0.0025
369 367 0.0004
367 368 0.0025
369 368 0.005
374 368 0.0003
367 369 0.0004
368 369 0.005
370 369 0.0074
369 370 0.0074
371 370 0.0004
373 370 0.0001
324 371 0.0005
370 371 0.0004
390 371 0.0066
425 372 0.0024
366 373 0.0105
370 373 0.0001
388 373 0.0016
368 374 0.0003
184 375 0.0075
376 375 0.0211
682 375 0.0008
375 376 0.0211
377 376 0.0156
421 376 0.1061
682 376 0.0003
235 377 0.0027
376 377 0.0156
426 377 0.0041
477 377 0.0064
1 378 0.003
27 378 0.0033
28 378 0.0024
402 378 0.0007
519 379 0.0013
665 379 0.0021
680 379 0.0038
325 380 0.0006
381 380 0.0013
450 380 0.0003
380 381 0.0013
391 381 0.0002
408 381 0.0208
413 381 0.0006
366 382 0.0048
383 382 0.0006
384 382 0.0076
382 383 0.0006
382 384 0.0076
386 384 0.0022
511 384 0.0009
399 385 0.0014
384 386 0.0022
394 386 0.0017
488 386 0.0025
425 387 0.0058
440 387 0.0085
473 387 0.0137
373 388 0.0016
389 388 0.0004
392 388 0.001
388 389 0.0004
390 389 0.0012
396 389 0.0005
371 390 0.0066
389 390 0.0012
391 390 0.0007
381 391 0.0002
390 391 0.0007
404 391 0.0005
388 392 0.001
393 392 0.0003
394 392 0.0011
392 393 0.0003
386 394 0.0017
392 394 0.0011
441 394 0.0006
170 395 0.0004
389 396 0.0005
397 396 0.0003
416 396 0.0001
396 397 0.0003
398 397 0.0237
404 397 0.001
416 397 0.0003
397 398 0.0237
401 398 0.0002
407 398 0.0052
420 398 0.0015
272 399 0.0005
385 399 0.0014
400 399 0.0005
184 400 0.0047
399 400 0.0005
715 400 0.003
723 400 0.0014
398 401 0.0002
378 402 0.0007
592 402 0.0012
710 402 0.0005
299 403 0.001
501 403 0.0009
715 403 0.0003
391 404 0.0005
397 404 0.001
405 404 0.0057
404 405 0.0057
406 405 0.0007
407 405 0.0046
405 406 0.0007
398 407 0.0052
405 407 0.0046
408 407 0.0003
381 408 0.0208
407 408 0.0003
409 408 0.0022
410 408 0.0305
408 409 0.0022
408 410 0.0305
411 410 0.0025
413 410 0.0037
414 410 0.0037
410 411 0.0025
412 411 0.0016
414 411 0.0005
411 412 0.0016
413 412 0.0009
459 412 0.0028
381 413 0.0006
410 413 0.0037
412 413 0.0009
410 414 0.0037
411 414 0.0005
415 414 0.0015
414 415 0.0015
472 415 0.0108
473 415 0.0431
474 415 0.0334
396 416 0.0001
397 416 0.0003
419 416 0.0002
184 417 0.0002
418 417 0.0011
682 417 0.0048
346 418 0.0022
417 418 0.0011
424 418 0.0021
416 419 0.0002
420 419 0.0019
430 419 0.0052
398 420 0.0015
419 420 0.0019
425 420 0.0006
376 421 0.1061
422 421 0.0141
424 421 0.0025
461 421 0.0003
421 422 0.0141
423 422 0.0079
477 422 0.003
422 423 0.0079
461 423 0.0017
625 423 0.0004
418 424 0.0021
421 424 0.0025
659 424 0.0008
682 424 0.0021
372 425 0.0024
387 425 0.0058
420 425 0.0006
227 426 0.0015
377 426 0.0041
427 426 0.0195
433 426 0.0033
426 427 0.0195
428 427 0.0033
438 427 0.0163
491 427 0.0008
261 428 0.0003
427 428 0.0033
429 428 0.0067
650 428 0.0004
268 429 0.0004
428 429 0.0067
558 429 0.0023
419 430 0.0052
434 430 0.0002
721 430 0.0015
227 431 0.0003
721 432 0.0003
426 433 0.0033
435 433 0.0014
728 433 0.0003
430 434 0.0002
433 435 0.0014
436 435 0.0022
437 435 0.0012
435 436 0.0022
435 437 0.0012
230 438 0.002
427 438 0.0163
439 438 0.0272
228 439 0.0039
230 439 0.0035
438 439 0.0272
387 440 0.0085
443 440 0.0004
479 440 0.0005
20 441 0.0004
394 441 0.0006
705 441 0.0004
721 442 0.0002
440 443 0.0004
460 444 0.0002
476 444 0.0017
486 444 0.002
329 445 0.0005
320 446 0.0035
447 446 0.001
450 446 0.0061
157 447 0.0009
446 447 0.001
448 447 0.002
447 448 0.002
450 448 0.0014
454 448 0.0014
495 449 0.0019
496 449 0.0041
497 449 0.0009
503 449 0.0031
380 450 0.0003
446 450 0.0061
448 450 0.0014
452 451 0.003
503 451 0.0034
517 451 0.0007
714 451 0.0019
451 452 0.003
453 452 0.0598
714 452 0.0121
452 453 0.0598
517 453 0.0064
680 453 0.005
714 453 0.0128
163 454 0.0002
448 454 0.0014
455 454 0.0014
454 455 0.0014
456 455 0.0004
458 455 0.0002
162 456 0.0044
455 456 0.0004
457 456 0.0019
182 457 0.0001
456 457 0.0019
458 457 0.0026
455 458 0.0002
457 458 0.0026
459 458 0.0387
412 459 0.0028
458 459 0.0387
462 459 0.0008
444 460 0.0002
421 461 0.0003
423 461 0.0017
658 461 0.0002
459 462 0.0008
463 462 0.0023
464 462 0.0166
181 463 0.0018
462 463 0.0023
464 463 0.0012
462 464 0.0166
463 464 0.0012
465 464 0.0007
466 464 0.0026
464 465 0.0007
464 466 0.0026
467 466 0.0028
468 466 0.0004
469 466 0.0056
466 467 0.0028
180 468 0.0032
466 468 0.0004
470 468 0.0059
466 469 0.0056
470 469 0.0007
472 469 0.022
468 470 0.0059
469 470 0.0007
471 470 0.0005
470 471 0.0005
472 471 0.0041
474 471 0.0062
475 471 0.0125
415 472 0.0108
469 472 0.022
471 472 0.0041
387 473 0.0137
415 473 0.0431
474 473 0.0442
415 474 0.0334
471 474 0.0062
473 474 0.0442
471 475 0.0125
479 475 0.0004
482 475 0.0031
444 476 0.0017
625 476 0.0002
658 476 0.0024
377 477 0.0064
422 477 0.003
478 477 0.0051
477 478 0.0051
485 478 0.0008
623 478 0.0026
440 479 0.0005
475 479 0.0004
481 479 0.0002
623 480 0.0234
628 480 0.001
642 480 0.0079
479 481 0.0002
475 482 0.0031
484 482 0.0002
487 482 0.0003
495 483 0.001
628 483 0.0005
657 483 0.0038
482 484 0.0002
478 485 0.0008
86 486 0.0005
444 486 0.002
607 486 0.0002
482 487 0.0003
386 488 0.0025
489 488 0.005
498 488 0.0033
504 488 0.0089
488 489 0.005
490 489 0.0006
492 489 0.0028
489 490 0.0006
427 491 0.0008
628 491 0.0003
645 491 0.0012
489 492 0.0028
493 492 0.0008
494 492 0.0004
492 493 0.0008
492 494 0.0004
86 495 0.0011
449 495 0.0019
483 495 0.001
718 495 0.0011
449 496 0.0041
449 497 0.0009
488 498 0.0033
499 498 0.0041
706 498 0.0007
498 499 0.0041
503 500 0.0003
657 500 0.0002
661 500 0.0057
184 501 0.0097
403 501 0.0009
660 501 0.0003
632 502 0.0087
661 502 0.0028
691 502 0.026
449 503 0.0031
451 503 0.0034
500 503 0.0003
488 504 0.0089
505 504 0.0039
507 504 0.0014
504 505 0.0039
599 506 0.0007
665 506 0.0015
675 506 0.0013
504 507 0.0014
508 507 0.0025
510 507 0.0005
507 508 0.0025
517 509 0.0017
507 510 0.0005
511 510 0.0014
720 510 0.0006
384 511 0.0009
510 511 0.0014
512 511 0.0095
511 512 0.0095
361 513 0.0052
514 513 0.0127
534 513 0.0024
513 514 0.0127
515 514 0.0143
516 514 0.0063
520 514 0.0008
522 514 0.0002
355 515 0.0005
514 515 0.0143
516 515 0.0056
514 516 0.0063
515 516 0.0056
518 516 0.0006
523 516 0.0049
451 517 0.0007
453 517 0.0064
509 517 0.0017
686 517 0.0011
516 518 0.0006
525 518 0.0013
529 518 0.0006
531 518 0.0025
379 519 0.0013
548 519 0.001
689 519 0.0069
514 520 0.0008
521 520 0.0216
547 520 0.0001
549 520 0.0016
520 521 0.0216
522 521 0.0004
524 521 0.001
514 522 0.0002
521 522 0.0004
523 522 0.0003
516 523 0.0049
522 523 0.0003
524 523 0.0003
521 524 0.001
523 524 0.0003
525 524 0.0327
518 525 0.0013
524 525 0.0327
527 525 0.0008
537 526 0.0008
700 526 0.0004
707 526 0.0004
525 527 0.0008
528 527 0.0066
550 527 0.0012
527 528 0.0066
529 528 0.008
556 528 0.0226
518 529 0.0006
528 529 0.008
530 529 0.0053
639 529 0.001
529 530 0.0053
531 530 0.0007
638 530 0.0072
356 531 0.0101
518 531 0.0025
530 531 0.0007
709 532 0.0002
690 533 0.0011
513 534 0.0024
535 534 0.0003
539 534 0.0741
362 535 0.0021
534 535 0.0003
538 535 0.0003
711 536 0.0018
526 537 0.0008
535 538 0.0003
539 538 0.0002
541 538 0.0021
534 539 0.0741
538 539 0.0002
540 539 0.0124
539 540 0.0124
541 540 0.0003
544 540 0.0554
538 541 0.0021
540 541 0.0003
542 541 0.0004
541 542 0.0004
543 542 0.0029
544 542 0.0048
542 543 0.0029
545 543 0.0003
559 543 0.0002
720 543 0.0003
540 544 0.0554
542 544 0.0048
545 544 0.0084
543 545 0.0003
544 545 0.0084
546 545 0.0043
564 545 0.0001
545 546 0.0043
547 546 0.0491
585 546 0.002
520 547 0.0001
546 547 0.0491
551 547 0.0014
519 548 0.001
600 548 0.0012
617 548 0.0006
520 549 0.0016
550 549 0.0261
551 549 0.0115
527 550 0.0012
549 550 0.0261
551 550 0.0404
555 550 0.0047
547 551 0.0014
549 551 0.0115
550 551 0.0404
552 551 0.0004
551 552 0.0004
553 552 0.003
554 552 0.0013
552 553 0.003
554 553 0.0113
555 553 0.0067
552 554 0.0013
553 554 0.0113
582 554 0.0022
550 555 0.0047
553 555 0.0067
556 555 0.0093
528 556 0.0226
555 556 0.0093
557 556 0.0002
556 557 0.0002
578 557 0.0016
624 557 0.0005
626 557 0.0063
429 558 0.0023
717 558 0.0026
719 558 0.0027
363 559 0.0009
543 559 0.0002
560 559 0.0005
559 560 0.0005
562 561 0.0002
563 561 0.0034
722 561 0.0014
561 562 0.0002
561 563 0.0034
545 564 0.0001
566 565 0.0026
568 565 0.022
719 565 0.0049
565 566 0.0026
567 566 0.0004
699 566 0.0028
566 567 0.0004
295 568 0.0232
565 568 0.022
569 568 0.0018
269 569 0.0002
568 569 0.0018
719 569 0.0216
571 570 0.0011
585 570 0.0022
594 570 0.0023
570 571 0.0011
573 572 0.0011
572 573 0.0011
574 573 0.0005
629 573 0.0156
573 574 0.0005
724 575 0.0048
629 576 0.0005
724 577 0.0048
557 578 0.0016
726 579 0.0158
726 580 0.0005
724 581 0.001
554 582 0.0022
583 582 0.0391
622 582 0.0011
582 583 0.0391
586 583 0.0008
593 583 0.005
612 584 0.001
546 585 0.002
570 585 0.0022
586 585 0.0145
590 585 0.0374
583 586 0.0008
585 586 0.0145
587 586 0.0016
586 587 0.0016
588 587 0.0002
589 587 0.0006
587 588 0.0002
587 589 0.0006
585 590 0.0374
591 590 0.0596
595 590 0.0025
590 591 0.0596
593 591 0.0002
596 591 0.0138
605 591 0.0019
402 592 0.0012
583 593 0.005
591 593 0.0002
609 593 0.0402
570 594 0.0023
590 595 0.0025
596 595 0.0091
610 595 0.0043
50 596 0.0008
591 596 0.0138
595 596 0.0091
236 597 0.0011
722 598 0.0011
506 599 0.0007
548 600 0.0012
609 601 0.0051
50 602 0.0005
50 603 0.0005
606 604 0.0002
608 604 0.0003
662 604 0.0002
689 604 0.0008
591 605 0.0019
604 606 0.0002
486 607 0.0002
604 608 0.0003
593 609 0.0402
601 609 0.0051
619 609 0.0021
621 609 0.0058
595 610 0.0043
611 610 0.0007
613 610 0.0013
610 611 0.0007
584 612 0.001
614 612 0.0003
724 612 0.0012
610 613 0.0013
612 614 0.0003
618 615 0.0004
617 616 0.0012
548 617 0.0006
616 617 0.0012
716 617 0.0022
615 618 0.0004
609 619 0.0021
701 620 0.0003
609 621 0.0058
582 622 0.0011
478 623 0.0026
480 623 0.0234
644 623 0.0044
557 624 0.0005
86 625 0.0034
423 625 0.0004
476 625 0.0002
557 626 0.0063
627 626 0.002
635 626 0.0035
626 627 0.002
480 628 0.001
483 628 0.0005
491 628 0.0003
573 629 0.0156
576 629 0.0005
720 629 0.0063
352 630 0.0105
631 630 0.0023
638 630 0.0079
630 631 0.0023
633 631 0.0006
643 631 0.0022
502 632 0.0087
645 632 0.0135
657 632 0.002
631 633 0.0006
634 633 0.0015
637 633 0.0024
633 634 0.0015
635 634 0.0003
641 634 0.0038
626 635 0.0035
634 635 0.0003
636 635 0.0255
635 636 0.0255
637 636 0.0101
639 636 0.0367
633 637 0.0024
636 637 0.0101
638 637 0.0109
530 638 0.0072
630 638 0.0079
637 638 0.0109
529 639 0.001
636 639 0.0367
640 639 0.0002
639 640 0.0002
634 641 0.0038
480 642 0.0079
631 643 0.0022
623 644 0.0044
491 645 0.0012
632 645 0.0135
691 645 0.0141
353 646 0.0023
647 646 0.0037
648 646 0.012
687 646 0.0003
646 647 0.0037
646 648 0.012
649 648 0.0265
688 648 0.0277
648 649 0.0265
428 650 0.0004
354 651 0.0016
652 651 0.0696
655 651 0.0004
651 652 0.0696
653 652 0.0002
654 652 0.0137
656 652 0.0191
652 653 0.0002
652 654 0.0137
341 655 0.005
651 655 0.0004
664 655 0.0046
652 656 0.0191
483 657 0.0038
500 657 0.0002
632 657 0.002
461 658 0.0002
476 658 0.0024
659 658 0.021
424 659 0.0008
658 659 0.021
727 659 0.0004
501 660 0.0003
500 661 0.0057
502 661 0.0028
663 661 0.0019
666 661 0.0128
692 661 0.0105
604 662 0.0002
661 663 0.0019
665 663 0.0073
666 663 0.0032
655 664 0.0046
379 665 0.0021
506 665 0.0015
663 665 0.0073
683 665 0.0158
661 666 0.0128
663 666 0.0032
692 666 0.0131
700 666 0.0064
330 667 0.0407
668 667 0.0066
679 667 0.0002
667 668 0.0066
669 668 0.0045
671 668 0.0017
668 669 0.0045
670 669 0.0006
678 669 0.0002
669 670 0.0006
668 671 0.0017
672 671 0.0003
725 671 0.0009
671 672 0.0003
673 672 0.0013
674 672 0.0008
672 673 0.0013
672 674 0.0008
676 674 0.0004
677 674 0.0025
506 675 0.0013
674 676 0.0004
674 677 0.0025
669 678 0.0002
667 679 0.0002
379 680 0.0038
453 680 0.005
685 680 0.0034
51 681 0.0002
375 682 0.0008
376 682 0.0003
417 682 0.0048
424 682 0.0021
665 683 0.0158
49 684 0.0002
680 685 0.0034
517 686 0.0011
646 687 0.0003
648 688 0.0277
519 689 0.0069
604 689 0.0008
690 689 0.0009
78 690 0.0003
533 690 0.0011
689 690 0.0009
502 691 0.026
645 691 0.0141
692 691 0.0118
661 692 0.0105
666 692 0.0131
691 692 0.0118
121 693 0.0007
279 694 0.0007
210 695 0.0293
211 695 0.0275
280 695 0.0008
214 696 0.0031
273 697 0.0046
274 697 0.0006
275 697 0.0061
297 698 0.0215
300 698 0.0003
699 698 0.0258
566 699 0.0028
698 699 0.0258
701 699 0.0013
526 700 0.0004
666 700 0.0064
708 700 0.0062
709 700 0.0027
711 700 0.0017
620 701 0.0003
699 701 0.0013
702 701 0.0006
701 702 0.0006
177 703 0.0016
187 704 0.0003
441 705 0.0004
498 706 0.0007
526 707 0.0004
700 708 0.0062
709 708 0.0044
712 708 0.0006
717 708 0.0012
532 709 0.0002
700 709 0.0027
708 709 0.0044
170 710 0.0082
231 710 0.019
402 710 0.0005
536 711 0.0018
700 711 0.0017
713 711 0.0004
708 712 0.0006
711 713 0.0004
451 714 0.0019
452 714 0.0121
453 714 0.0128
284 715 0.0002
400 715 0.003
403 715 0.0003
617 716 0.0022
558 717 0.0026
708 717 0.0012
722 717 0.0054
495 718 0.0011
558 719 0.0027
565 719 0.0049
569 719 0.0216
510 720 0.0006
543 720 0.0003
629 720 0.0063
430 721 0.0015
432 721 0.0003
442 721 0.0002
561 722 0.0014
598 722 0.0011
717 722 0.0054
170 723 0.0053
184 723 0.0293
400 723 0.0014
575 724 0.0048
577 724 0.0048
581 724 0.001
612 724 0.0012
726 724 0.0268
671 725 0.0009
579 726 0.0158
580 726 0.0005
724 726 0.0268
659 727 0.0004
433 728 0.0003
