3 1 0.0088
9 1 0.0104
476 1 0.0015
554 2 0.0657
555 2 0.0184
560 2 0.0048
1 3 0.0088
4 3 0.0598
9 3 0.0101
3 4 0.0598
5 4 0.0107
30 4 0.0383
4 5 0.0107
6 5 0.008
11 5 0.0018
5 6 0.008
511 7 0.0006
558 7 0.0031
580 7 0.0005
582 7 0.0083
584 7 0.0003
585 7 0.0011
200 8 0.0338
449 8 0.0452
452 8 0.0087
1 9 0.0104
3 9 0.0101
10 9 0.025
9 10 0.025
5 11 0.0018
42 11 0.0015
565 11 0.0019
13 12 0.0237
14 12 0.0034
48 12 0.0016
565 12 0.0002
12 13 0.0237
12 14 0.0034
115 15 0.0129
552 15 0.0046
664 15 0.0002
17 16 0.0121
24 16 0.0428
475 16 0.027
16 17 0.0121
18 17 0.0088
81 17 0.0005
17 18 0.0088
19 18 0.0088
21 18 0.023
18 19 0.0088
21 19 0.0204
446 19 0.0013
473 19 0.0004
23 20 0.0005
40 20 0.0002
42 20 0.0076
18 21 0.023
19 21 0.0204
22 21 0.02
444 21 0.0006
21 22 0.02
111 22 0.0197
483 22 0.007
20 23 0.0005
38 23 0.0466
45 23 0.0381
16 24 0.0428
25 24 0.0903
446 24 0.0018
24 25 0.0903
217 25 0.0015
475 25 0.04
547 26 0.0011
446 27 0.0005
115 28 0.0049
574 28 0.0018
575 28 0.0003
126 29 0.0099
225 29 0.0016
229 29 0.0003
4 30 0.0383
31 30 0.0756
33 30 0.0232
30 31 0.0756
93 32 0.002
340 32 0.0013
536 32 0.0007
30 33 0.0232
37 33 0.0013
192 33 0.0022
564 34 0.0007
581 34 0.0006
643 34 0.0016
272 35 0.0011
37 36 0.0233
33 37 0.0013
36 37 0.0233
66 37 0.0032
23 38 0.0466
45 38 0.0237
55 38 0.001
132 38 0.0018
213 39 0.0009
20 40 0.0002
42 41 0.0006
11 42 0.0015
20 42 0.0076
41 42 0.0006
565 43 0.0019
213 44 0.0024
23 45 0.0381
38 45 0.0237
47 45 0.0007
524 46 0.0028
525 46 0.0017
531 46 0.0081
569 46 0.0011
45 47 0.0007
82 47 0.0001
597 47 0.0003
12 48 0.0016
112 48 0.0022
116 48 0.0006
51 49 0.0028
76 49 0.0008
78 49 0.0899
78 50 0.0178
219 50 0.0022
226 50 0.0004
49 51 0.0028
98 51 0.0001
128 51 0.0001
149 52 0.0059
74 53 0.0028
82 53 0.0009
87 53 0.0005
56 54 0.0179
149 54 0.0005
430 54 0.011
38 55 0.001
57 55 0.0005
108 55 0.0003
54 56 0.0179
55 57 0.0005
60 57 0.0002
82 57 0.0101
59 58 0.0021
367 58 0.0014
604 58 0.0012
58 59 0.0021
163 59 0.0009
348 59 0.0008
57 60 0.0002
61 60 0.0013
99 60 0.0014
60 61 0.0013
62 61 0.0021
108 61 0.0002
61 62 0.0021
63 62 0.0146
114 62 0.0367
62 63 0.0146
64 63 0.0026
101 63 0.0019
63 64 0.0026
65 64 0.0065
154 64 0.0005
64 65 0.0065
101 65 0.0001
135 65 0.0018
37 66 0.0032
67 66 0.0075
277 66 0.0151
66 67 0.0075
68 67 0.0039
276 67 0.0005
67 68 0.0039
71 68 0.0013
179 68 0.008
70 69 0.0187
486 69 0.0003
492 69 0.0003
494 69 0.0004
69 70 0.0187
141 70 0.0107
493 70 0.0133
68 71 0.0013
72 71 0.0068
597 71 0.0035
71 72 0.0068
73 72 0.011
437 72 0.0003
72 73 0.011
74 73 0.0052
317 73 0.0008
53 74 0.0028
73 74 0.0052
76 74 0.0005
203 74 0.0301
207 74 0.0002
81 75 0.0017
441 75 0.0052
475 75 0.0108
49 76 0.0008
74 76 0.0005
98 76 0.01
474 77 0.0028
487 77 0.0004
489 77 0.0003
49 78 0.0899
50 78 0.0178
226 78 0.0019
80 79 0.002
96 79 0.0005
226 79 0.0011
79 80 0.002
96 80 0.002
158 80 0.002
17 81 0.0005
75 81 0.0017
440 81 0.0009
47 82 0.0001
53 82 0.0009
57 82 0.0101
161 83 0.0007
246 83 0.0005
316 83 0.0022
88 84 0.0014
349 84 0.0004
350 84 0.0027
86 85 0.0003
88 85 0.0048
357 85 0.0005
358 85 0.003
359 85 0.0007
85 86 0.0003
53 87 0.0005
84 88 0.0014
85 88 0.0048
350 88 0.0042
90 89 0.0004
182 89 0.0008
357 89 0.0006
358 89 0.0029
89 90 0.0004
145 90 0.0027
354 90 0.0004
92 91 0.0082
248 91 0.0011
297 91 0.0141
91 92 0.0082
249 92 0.0096
250 92 0.0694
251 92 0.007
32 93 0.002
543 93 0.0066
649 93 0.015
204 94 0.0015
207 94 0.0027
230 94 0.0062
260 95 0.0011
261 95 0.0005
263 95 0.0005
601 95 0.0026
79 96 0.0005
80 96 0.002
209 96 0.0003
210 96 0.002
207 97 0.0009
232 97 0.0003
235 97 0.0002
51 98 0.0001
76 98 0.01
130 98 0.0004
60 99 0.0014
101 99 0.0073
130 99 0.0004
102 100 0.0006
253 100 0.0001
618 100 0.0002
63 101 0.0019
65 101 0.0001
99 101 0.0073
100 102 0.0006
103 102 0.006
308 102 0.0484
102 103 0.006
196 103 0.0033
421 103 0.005
105 104 0.0038
106 104 0.0052
620 104 0.0093
104 105 0.0038
104 106 0.0052
107 106 0.0069
520 106 0.0102
106 107 0.0069
598 107 0.0039
663 107 0.0004
55 108 0.0003
61 108 0.0002
112 108 0.0004
619 109 0.0003
287 110 0.0576
421 110 0.0369
591 110 0.0018
619 110 0.0005
22 111 0.0197
48 112 0.0022
108 112 0.0004
119 112 0.0062
117 113 0.0038
377 113 0.0099
387 113 0.001
62 114 0.0367
119 114 0.0103
124 114 0.0008
15 115 0.0129
28 115 0.0049
560 115 0.0009
48 116 0.0006
113 117 0.0038
127 117 0.0008
380 117 0.0006
119 118 0.0006
112 119 0.0062
114 119 0.0103
118 119 0.0006
122 120 0.0021
380 120 0.002
625 120 0.0008
123 121 0.0013
514 121 0.0025
515 121 0.0046
567 121 0.0007
120 122 0.0021
125 122 0.0048
383 122 0.0052
121 123 0.0013
114 124 0.0008
131 124 0.0009
149 124 0.0007
122 125 0.0048
29 126 0.0099
626 126 0.0049
629 126 0.0006
117 127 0.0008
360 127 0.0003
623 127 0.0052
51 128 0.0001
377 129 0.0067
98 130 0.0004
99 130 0.0004
278 130 0.0024
124 131 0.0009
38 132 0.0018
368 133 0.0228
597 134 0.0004
65 135 0.0018
136 135 0.0018
138 135 0.0057
135 136 0.0018
137 136 0.0007
293 136 0.0011
136 137 0.0007
143 137 0.0006
616 137 0.0003
135 138 0.0057
139 138 0.0003
143 138 0.0009
138 139 0.0003
140 139 0.0003
612 139 0.0001
139 140 0.0003
70 141 0.0107
142 141 0.0012
482 141 0.0011
493 141 0.0046
141 142 0.0012
464 142 0.0005
465 142 0.0038
482 142 0.0036
137 143 0.0006
138 143 0.0009
144 143 0.0007
143 144 0.0007
613 144 0.0002
614 144 0.0001
90 145 0.0027
146 145 0.0016
325 145 0.0003
342 145 0.0003
354 145 0.0004
145 146 0.0016
534 147 0.0004
503 148 0.0002
504 148 0.0009
531 148 0.0002
52 149 0.0059
54 149 0.0005
124 149 0.0007
154 149 0.0004
568 150 0.0012
159 151 0.0015
223 151 0.0011
454 151 0.0055
566 152 0.0002
157 153 0.0026
399 153 0.0362
457 153 0.0166
64 154 0.0005
149 154 0.0004
281 154 0.0028
572 155 0.0005
572 156 0.0003
153 157 0.0026
159 157 0.0008
240 157 0.0015
458 157 0.0006
80 158 0.002
162 158 0.0007
199 158 0.0011
151 159 0.0015
157 159 0.0008
399 159 0.0064
161 160 0.0098
600 160 0.0035
601 160 0.0154
83 161 0.0007
160 161 0.0098
245 161 0.0007
343 161 0.0005
158 162 0.0007
59 163 0.0009
348 163 0.0084
349 163 0.0011
639 163 0.0041
359 164 0.0005
166 165 0.0006
174 165 0.0014
199 165 0.0045
165 166 0.0006
170 166 0.0013
216 166 0.0002
168 167 0.0102
194 167 0.0042
353 167 0.0079
167 168 0.0102
353 168 0.0144
382 168 0.0228
318 169 0.0006
319 169 0.0016
352 169 0.0179
353 169 0.0239
166 170 0.0013
172 170 0.0003
174 170 0.0016
175 170 0.0032
422 171 0.0007
423 171 0.006
425 171 0.0003
170 172 0.0003
284 172 0.0013
617 172 0.0003
174 173 0.0008
178 173 0.0009
199 173 0.0015
165 174 0.0014
170 174 0.0016
173 174 0.0008
175 174 0.0005
170 175 0.0032
174 175 0.0005
176 175 0.0015
177 175 0.003
175 176 0.0015
177 176 0.0015
284 176 0.0045
287 176 0.0035
175 177 0.003
176 177 0.0015
282 177 0.003
173 178 0.0009
211 178 0.0002
283 178 0.003
603 178 0.0002
68 179 0.008
181 179 0.0015
320 179 0.0004
557 180 0.0063
179 181 0.0015
182 181 0.0151
354 181 0.0375
89 182 0.0008
181 182 0.0151
183 182 0.0125
358 182 0.0044
182 183 0.0125
184 183 0.0247
350 183 0.006
183 184 0.0247
185 184 0.0053
489 184 0.0021
184 185 0.0053
186 185 0.0119
492 185 0.001
185 186 0.0119
187 186 0.0035
321 186 0.0007
492 186 0.001
493 186 0.0001
186 187 0.0035
314 187 0.019
467 187 0.0027
312 188 0.0025
313 188 0.0243
471 188 0.0193
397 189 0.0438
401 189 0.0122
471 189 0.0493
327 190 0.0012
328 190 0.0061
402 190 0.0326
419 190 0.0028
402 191 0.0096
404 191 0.0005
606 191 0.0007
33 192 0.0022
193 192 0.0078
666 192 0.0009
192 193 0.0078
400 193 0.0056
480 193 0.0015
167 194 0.0042
208 194 0.0003
384 194 0.0014
400 195 0.0011
462 195 0.0033
670 195 0.0437
103 196 0.0033
264 196 0.0025
421 196 0.0031
198 197 0.0042
513 197 0.0004
670 197 0.0038
197 198 0.0042
200 198 0.0001
448 198 0.0002
158 199 0.0011
165 199 0.0045
173 199 0.0015
8 200 0.0338
198 200 0.0001
201 200 0.0009
200 201 0.0009
218 201 0.0016
456 201 0.0016
545 201 0.0005
212 202 0.0193
414 202 0.0042
545 202 0.0008
74 203 0.0301
204 203 0.0034
242 203 0.0048
94 204 0.0015
203 204 0.0034
207 204 0.0006
206 205 0.0015
430 205 0.0046
460 205 0.0018
205 206 0.0015
74 207 0.0002
94 207 0.0027
97 207 0.0009
204 207 0.0006
280 207 0.0002
498 207 0.0005
194 208 0.0003
96 209 0.0003
210 209 0.0004
280 209 0.0037
96 210 0.002
209 210 0.0004
211 210 0.0005
178 211 0.0002
210 211 0.0005
241 211 0.0009
202 212 0.0193
218 212 0.014
626 212 0.0011
39 213 0.0009
44 213 0.0024
214 213 0.0023
356 213 0.0017
360 213 0.0034
446 213 0.0018
213 214 0.0023
355 214 0.0162
454 214 0.0208
472 215 0.0006
166 216 0.0002
25 217 0.0015
361 217 0.0007
370 217 0.0006
377 217 0.0018
201 218 0.0016
212 218 0.014
416 218 0.0375
417 218 0.0061
50 219 0.0022
483 220 0.0055
483 221 0.0198
223 222 0.0153
224 222 0.0437
389 222 0.0486
483 222 0.0115
151 223 0.0011
222 223 0.0153
224 223 0.0392
392 223 0.0009
393 223 0.0041
222 224 0.0437
223 224 0.0392
390 224 0.0352
391 224 0.0009
610 224 0.0005
29 225 0.0016
227 225 0.002
488 225 0.0018
50 226 0.0004
78 226 0.0019
79 226 0.0011
280 226 0.0003
225 227 0.002
228 227 0.0007
403 227 0.0007
227 228 0.0007
29 229 0.0003
94 230 0.0062
262 230 0.007
498 230 0.0042
232 231 0.0332
263 231 0.0261
498 231 0.0039
97 232 0.0003
231 232 0.0332
233 232 0.0015
235 232 0.0019
263 232 0.0065
232 233 0.0015
235 233 0.0049
239 233 0.0002
268 233 0.0099
435 234 0.0013
440 234 0.0147
444 234 0.0013
97 235 0.0002
232 235 0.0019
233 235 0.0049
236 235 0.0006
235 236 0.0006
436 237 0.0025
436 238 0.0009
438 238 0.0004
497 238 0.0012
233 239 0.0002
266 239 0.0328
472 239 0.0038
157 240 0.0015
211 241 0.0009
203 242 0.0048
243 242 0.0052
259 242 0.0002
317 242 0.0005
242 243 0.0052
244 243 0.022
317 243 0.0006
243 244 0.022
325 244 0.0007
600 244 0.0508
161 245 0.0007
246 245 0.0521
273 245 0.0009
601 245 0.0026
83 246 0.0005
245 246 0.0521
247 246 0.0049
246 247 0.0049
248 247 0.0156
348 247 0.0016
91 248 0.0011
247 248 0.0156
249 248 0.0123
92 249 0.0096
248 249 0.0123
604 249 0.0015
92 250 0.0694
251 250 0.0011
367 250 0.0061
92 251 0.007
250 251 0.0011
252 251 0.0054
251 252 0.0054
253 252 0.0048
303 252 0.0011
100 253 0.0001
252 253 0.0048
254 253 0.0035
253 254 0.0035
255 254 0.0038
378 254 0.0024
254 255 0.0038
257 255 0.0007
378 255 0.0017
644 256 0.0002
255 257 0.0007
258 257 0.0032
302 257 0.0022
615 257 0.0046
257 258 0.0032
294 258 0.0014
618 258 0.0004
620 258 0.0009
242 259 0.0002
260 259 0.0057
600 259 0.0015
95 260 0.0011
259 260 0.0057
262 260 0.0132
95 261 0.0005
230 262 0.007
260 262 0.0132
263 262 0.0004
95 263 0.0005
231 263 0.0261
232 263 0.0065
262 263 0.0004
268 263 0.0026
498 263 0.0008
196 264 0.0025
308 264 0.0003
603 264 0.0004
536 265 0.0011
239 266 0.0328
344 267 0.0049
345 267 0.0018
536 267 0.0099
233 268 0.0099
263 268 0.0026
269 268 0.0017
270 268 0.0028
268 269 0.0017
268 270 0.0028
271 270 0.0076
279 270 0.0055
270 271 0.0076
35 272 0.0011
547 272 0.0003
649 272 0.0009
245 273 0.0009
279 273 0.0006
288 273 0.0003
295 273 0.0081
341 274 0.0015
662 274 0.0004
667 274 0.0004
461 275 0.0012
67 276 0.0005
66 277 0.0151
130 278 0.0024
270 279 0.0055
273 279 0.0006
288 279 0.0016
573 279 0.0004
207 280 0.0002
209 280 0.0037
226 280 0.0003
154 281 0.0028
177 282 0.003
178 283 0.003
172 284 0.0013
176 284 0.0045
285 284 0.0017
286 284 0.0328
284 285 0.0017
284 286 0.0328
110 287 0.0576
176 287 0.0035
289 287 0.0289
421 287 0.0735
273 288 0.0003
279 288 0.0016
290 288 0.0044
287 289 0.0289
288 290 0.0044
591 291 0.0017
591 292 0.0033
136 293 0.0011
258 294 0.0014
520 294 0.0407
596 294 0.0046
273 295 0.0081
297 295 0.0059
298 295 0.0008
571 296 0.0007
91 297 0.0141
295 297 0.0059
303 297 0.0102
295 298 0.0008
299 298 0.0009
595 298 0.0002
298 299 0.0009
305 299 0.0004
603 299 0.0002
605 300 0.0007
605 301 0.0057
257 302 0.0022
602 302 0.007
615 302 0.0027
252 303 0.0011
297 303 0.0102
308 303 0.0005
615 304 0.0029
299 305 0.0004
606 306 0.0005
439 307 0.0046
102 308 0.0484
264 308 0.0003
303 308 0.0005
469 309 0.0189
467 310 0.0034
467 311 0.0214
188 312 0.0025
313 312 0.0015
314 312 0.0037
315 312 0.0048
188 313 0.0243
312 313 0.0015
314 313 0.0117
187 314 0.019
312 314 0.0037
313 314 0.0117
312 315 0.0048
83 316 0.0022
343 316 0.0005
359 316 0.0039
73 317 0.0008
242 317 0.0005
243 317 0.0006
437 317 0.0003
169 318 0.0006
169 319 0.0016
352 319 0.0011
507 319 0.0045
179 320 0.0004
322 320 0.0001
335 320 0.0004
186 321 0.0007
324 321 0.0015
507 321 0.0022
320 322 0.0001
350 323 0.0101
351 323 0.0182
645 323 0.0088
321 324 0.0015
379 324 0.001
650 324 0.0024
145 325 0.0003
244 325 0.0007
342 325 0.0032
437 325 0.0003
385 326 0.0566
190 327 0.0012
190 328 0.0061
398 329 0.0059
332 330 0.0028
333 331 0.0028
386 331 0.0058
410 331 0.0012
415 331 0.0026
330 332 0.0028
333 332 0.0058
398 332 0.0079
331 333 0.0028
332 333 0.0058
334 333 0.0004
333 334 0.0004
386 334 0.0006
660 334 0.0031
320 335 0.0004
642 336 0.0042
437 337 0.0003
539 338 0.0051
648 339 0.0085
32 340 0.0013
274 341 0.0015
145 342 0.0003
325 342 0.0032
343 342 0.001
161 343 0.0005
316 343 0.0005
342 343 0.001
357 343 0.0005
267 344 0.0049
346 344 0.0438
347 344 0.0536
267 345 0.0018
344 346 0.0438
344 347 0.0536
59 348 0.0008
163 348 0.0084
247 348 0.0016
84 349 0.0004
163 349 0.0011
359 349 0.0036
84 350 0.0027
88 350 0.0042
183 350 0.006
323 350 0.0101
323 351 0.0182
352 351 0.0068
645 351 0.0045
169 352 0.0179
319 352 0.0011
351 352 0.0068
167 353 0.0079
168 353 0.0144
169 353 0.0239
90 354 0.0004
145 354 0.0004
181 354 0.0375
214 355 0.0162
395 355 0.0229
454 355 0.0301
623 355 0.0002
213 356 0.0017
85 357 0.0005
89 357 0.0006
343 357 0.0005
85 358 0.003
89 358 0.0029
182 358 0.0044
485 358 0.001
85 359 0.0007
164 359 0.0005
316 359 0.0039
349 359 0.0036
127 360 0.0003
213 360 0.0034
623 360 0.0081
217 361 0.0007
362 361 0.0253
368 361 0.0066
361 362 0.0253
363 362 0.0035
365 362 0.009
362 363 0.0035
364 363 0.0232
372 363 0.0264
375 363 0.0463
363 364 0.0232
362 365 0.009
366 365 0.013
434 365 0.0098
365 366 0.013
58 367 0.0014
250 367 0.0061
604 367 0.0004
607 367 0.0041
133 368 0.0228
361 368 0.0066
371 368 0.0065
378 369 0.0002
413 369 0.0004
607 369 0.0164
217 370 0.0006
368 371 0.0065
363 372 0.0264
373 372 0.0225
374 372 0.0136
375 372 0.0861
372 373 0.0225
372 374 0.0136
363 375 0.0463
372 375 0.0861
376 375 0.0146
375 376 0.0146
113 377 0.0099
129 377 0.0067
217 377 0.0018
254 378 0.0024
255 378 0.0017
369 378 0.0002
324 379 0.001
117 380 0.0006
120 380 0.002
395 380 0.0004
382 381 0.0006
168 382 0.0228
381 382 0.0006
384 382 0.0043
122 383 0.0052
194 384 0.0014
382 384 0.0043
385 384 0.0229
326 385 0.0566
384 385 0.0229
386 385 0.0057
331 386 0.0058
334 386 0.0006
385 386 0.0057
415 386 0.0066
607 386 0.0006
113 387 0.001
623 388 0.007
222 389 0.0486
390 389 0.048
453 389 0.0341
224 390 0.0352
389 390 0.048
453 390 0.0253
455 390 0.0005
224 391 0.0009
392 391 0.0005
456 391 0.0588
223 392 0.0009
391 392 0.0005
399 392 0.0189
457 392 0.0447
223 393 0.0041
395 394 0.0346
396 394 0.0005
624 394 0.0364
625 394 0.0065
355 395 0.0229
380 395 0.0004
394 395 0.0346
394 396 0.0005
454 396 0.0066
458 396 0.0038
189 397 0.0438
398 397 0.0106
401 397 0.0401
329 398 0.0059
332 398 0.0079
397 398 0.0106
404 398 0.0009
153 399 0.0362
159 399 0.0064
392 399 0.0189
193 400 0.0056
195 400 0.0011
479 400 0.0408
189 401 0.0122
397 401 0.0401
402 401 0.012
190 402 0.0326
191 402 0.0096
401 402 0.012
227 403 0.0007
405 403 0.0004
407 403 0.0046
458 403 0.003
191 404 0.0005
398 404 0.0009
606 404 0.0002
403 405 0.0004
625 406 0.0047
403 407 0.0046
408 407 0.0004
409 407 0.0018
624 407 0.0071
407 408 0.0004
407 409 0.0018
331 410 0.0012
412 410 0.0026
606 410 0.0002
457 411 0.0003
410 412 0.0026
413 412 0.0069
415 412 0.0272
369 413 0.0004
412 413 0.0069
606 413 0.0002
202 414 0.0042
331 415 0.0026
386 415 0.0066
412 415 0.0272
607 415 0.0046
218 416 0.0375
218 417 0.0061
418 417 0.0054
456 417 0.0154
417 418 0.0054
190 419 0.0028
420 419 0.0303
422 419 0.0035
419 420 0.0303
425 420 0.0005
606 420 0.0016
103 421 0.005
110 421 0.0369
196 421 0.0031
287 421 0.0735
171 422 0.0007
419 422 0.0035
423 422 0.0109
171 423 0.006
422 423 0.0109
424 423 0.0102
423 424 0.0102
425 424 0.0049
463 424 0.0069
171 425 0.0003
420 425 0.0005
424 425 0.0049
608 425 0.0045
428 426 0.0009
438 426 0.0016
606 426 0.0008
428 427 0.0009
426 428 0.0009
427 428 0.0009
429 428 0.044
428 429 0.044
431 429 0.0012
439 429 0.0034
54 430 0.011
205 430 0.0046
451 430 0.0018
429 431 0.0012
432 431 0.0172
442 431 0.0201
431 432 0.0172
435 432 0.0141
443 432 0.0028
436 433 0.0048
365 434 0.0098
234 435 0.0013
432 435 0.0141
436 435 0.0019
237 436 0.0025
238 436 0.0009
433 436 0.0048
435 436 0.0019
72 437 0.0003
317 437 0.0003
325 437 0.0003
337 437 0.0003
238 438 0.0004
426 438 0.0016
441 438 0.003
307 439 0.0046
429 439 0.0034
608 439 0.0051
81 440 0.0009
234 440 0.0147
445 440 0.0008
75 441 0.0052
438 441 0.003
621 441 0.0013
431 442 0.0201
443 442 0.0059
447 442 0.0097
432 443 0.0028
442 443 0.0059
444 443 0.0005
21 444 0.0006
234 444 0.0013
443 444 0.0005
440 445 0.0008
19 446 0.0013
24 446 0.0018
27 446 0.0005
213 446 0.0018
442 447 0.0097
448 447 0.0026
609 447 0.0009
198 448 0.0002
447 448 0.0026
449 448 0.0008
8 449 0.0452
448 449 0.0008
450 449 0.0241
449 450 0.0241
430 451 0.0018
8 452 0.0087
453 452 0.0014
455 452 0.0004
389 453 0.0341
390 453 0.0253
452 453 0.0014
151 454 0.0055
214 454 0.0208
355 454 0.0301
396 454 0.0066
390 455 0.0005
452 455 0.0004
610 455 0.0023
201 456 0.0016
391 456 0.0588
417 456 0.0154
457 456 0.0012
459 456 0.0015
610 456 0.02
153 457 0.0166
392 457 0.0447
411 457 0.0003
456 457 0.0012
157 458 0.0006
396 458 0.0038
403 458 0.003
624 458 0.0004
456 459 0.0015
205 460 0.0018
275 461 0.0012
462 461 0.001
463 461 0.0078
609 461 0.0003
195 462 0.0033
461 462 0.001
463 462 0.009
424 463 0.0069
461 463 0.0078
462 463 0.009
142 464 0.0005
142 465 0.0038
466 465 0.0011
468 465 0.0016
493 465 0.0004
465 466 0.0011
467 466 0.0002
468 466 0.003
187 467 0.0027
310 467 0.0034
311 467 0.0214
466 467 0.0002
465 468 0.0016
466 468 0.003
469 468 0.0017
309 469 0.0189
468 469 0.0017
471 469 0.0314
622 469 0.0008
472 470 0.0022
188 471 0.0193
189 471 0.0493
469 471 0.0314
215 472 0.0006
239 472 0.0038
470 472 0.0022
19 473 0.0004
77 474 0.0028
16 475 0.027
25 475 0.04
75 475 0.0108
1 476 0.0015
478 476 0.0015
499 476 0.0006
478 477 0.0015
476 478 0.0015
477 478 0.0015
479 478 0.015
400 479 0.0408
478 479 0.015
496 479 0.0005
193 480 0.0015
481 480 0.0104
486 480 0.0003
480 481 0.0104
482 481 0.0021
495 481 0.0049
141 482 0.0011
142 482 0.0036
481 482 0.0021
22 483 0.007
220 483 0.0055
221 483 0.0198
222 483 0.0115
487 484 0.0027
358 485 0.001
69 486 0.0003
480 486 0.0003
487 486 0.0062
77 487 0.0004
484 487 0.0027
486 487 0.0062
225 488 0.0018
77 489 0.0003
184 489 0.0021
490 489 0.0003
489 490 0.0003
492 491 0.01
69 492 0.0003
185 492 0.001
186 492 0.001
491 492 0.01
70 493 0.0133
141 493 0.0046
186 493 0.0001
465 493 0.0004
69 494 0.0004
481 495 0.0049
479 496 0.0005
506 496 0.0006
670 496 0.0015
238 497 0.0012
207 498 0.0005
230 498 0.0042
231 498 0.0039
263 498 0.0008
476 499 0.0006
501 499 0.0011
505 499 0.0001
508 499 0.0023
633 500 0.0011
499 501 0.0011
502 501 0.0079
514 501 0.0015
501 502 0.0079
518 502 0.0061
627 502 0.0108
148 503 0.0002
504 503 0.0005
668 503 0.0005
148 504 0.0009
503 504 0.0005
505 504 0.0011
509 504 0.0035
499 505 0.0001
504 505 0.0011
506 505 0.008
534 505 0.0012
496 506 0.0006
505 506 0.008
512 506 0.0005
319 507 0.0045
321 507 0.0022
645 507 0.0005
499 508 0.0023
504 509 0.0035
583 510 0.0062
7 511 0.0006
506 512 0.0005
197 513 0.0004
545 513 0.0007
546 513 0.0059
121 514 0.0025
501 514 0.0015
523 514 0.0012
121 515 0.0046
516 515 0.0017
517 515 0.0123
568 515 0.0003
515 516 0.0017
515 517 0.0123
502 518 0.0061
519 518 0.0012
627 518 0.0161
518 519 0.0012
106 520 0.0102
294 520 0.0407
620 520 0.001
663 520 0.0009
522 521 0.0006
523 521 0.0003
524 521 0.0056
530 521 0.0065
521 522 0.0006
514 523 0.0012
521 523 0.0003
566 523 0.0005
46 524 0.0028
521 524 0.0056
530 524 0.0191
46 525 0.0017
526 525 0.0211
551 525 0.0049
525 526 0.0211
527 526 0.0154
532 526 0.0021
526 527 0.0154
528 527 0.0054
553 527 0.0145
527 528 0.0054
529 528 0.0578
540 528 0.0481
554 528 0.0739
528 529 0.0578
539 529 0.0016
540 529 0.0903
550 529 0.0015
555 529 0.0521
521 530 0.0065
524 530 0.0191
531 530 0.0008
46 531 0.0081
148 531 0.0002
530 531 0.0008
532 531 0.0006
526 532 0.0021
531 532 0.0006
611 532 0.0032
638 533 0.0006
147 534 0.0004
505 534 0.0012
535 534 0.0008
534 535 0.0008
537 535 0.0002
538 535 0.0002
32 536 0.0007
265 536 0.0011
267 536 0.0099
535 537 0.0002
535 538 0.0002
539 538 0.0048
549 538 0.0043
338 539 0.0051
529 539 0.0016
538 539 0.0048
528 540 0.0481
529 540 0.0903
541 540 0.0041
555 540 0.0264
540 541 0.0041
542 541 0.0032
556 541 0.0026
541 542 0.0032
544 542 0.0023
550 542 0.0039
93 543 0.0066
542 544 0.0023
562 544 0.0047
635 544 0.0047
201 545 0.0005
202 545 0.0008
513 545 0.0007
513 546 0.0059
548 546 0.0007
549 546 0.0026
26 547 0.0011
272 547 0.0003
649 547 0.0031
546 548 0.0007
632 548 0.0024
635 548 0.0004
538 549 0.0043
546 549 0.0026
550 549 0.003
529 550 0.0015
542 550 0.0039
549 550 0.003
525 551 0.0049
552 551 0.0025
553 551 0.0006
559 551 0.0015
569 551 0.0001
15 552 0.0046
551 552 0.0025
559 552 0.0004
570 552 0.0028
527 553 0.0145
551 553 0.0006
554 553 0.0018
2 554 0.0657
528 554 0.0739
553 554 0.0018
555 554 0.0945
2 555 0.0184
529 555 0.0521
540 555 0.0264
554 555 0.0945
556 555 0.0034
541 556 0.0026
555 556 0.0034
557 556 0.0014
561 556 0.0012
563 556 0.0005
180 557 0.0063
556 557 0.0014
558 557 0.0007
560 557 0.0003
7 558 0.0031
557 558 0.0007
582 558 0.0008
551 559 0.0015
552 559 0.0004
560 559 0.0012
2 560 0.0048
115 560 0.0009
557 560 0.0003
559 560 0.0012
556 561 0.0012
544 562 0.0047
563 562 0.0013
642 562 0.0202
556 563 0.0005
562 563 0.0013
564 563 0.003
34 564 0.0007
563 564 0.003
642 564 0.026
11 565 0.0019
12 565 0.0002
43 565 0.0019
152 566 0.0002
523 566 0.0005
567 566 0.0031
121 567 0.0007
566 567 0.0031
568 567 0.0007
150 568 0.0012
515 568 0.0003
567 568 0.0007
569 568 0.0062
571 568 0.0038
46 569 0.0011
551 569 0.0001
568 569 0.0062
552 570 0.0028
296 571 0.0007
568 571 0.0038
671 571 0.0025
155 572 0.0005
156 572 0.0003
672 572 0.0012
279 573 0.0004
28 574 0.0018
28 575 0.0003
576 575 0.0006
579 575 0.0078
575 576 0.0006
577 576 0.0297
580 576 0.0128
576 577 0.0297
578 577 0.0033
654 577 0.0003
577 578 0.0033
575 579 0.0078
7 580 0.0005
576 580 0.0128
583 580 0.0014
34 581 0.0006
582 581 0.0059
643 581 0.0038
7 582 0.0083
558 582 0.0008
581 582 0.0059
510 583 0.0062
580 583 0.0014
584 583 0.0013
7 584 0.0003
583 584 0.0013
585 584 0.0018
7 585 0.0011
584 585 0.0018
643 585 0.0043
587 586 0.0011
586 587 0.0011
589 588 0.0003
590 588 0.0005
655 588 0.0003
588 589 0.0003
648 589 0.0034
654 589 0.0078
588 590 0.0005
110 591 0.0018
291 591 0.0017
292 591 0.0033
593 592 0.0005
592 593 0.0005
657 594 0.0005
298 595 0.0002
294 596 0.0046
47 597 0.0003
71 597 0.0035
134 597 0.0004
107 598 0.0039
663 599 0.0107
160 600 0.0035
244 600 0.0508
259 600 0.0015
601 600 0.0156
95 601 0.0026
160 601 0.0154
245 601 0.0026
600 601 0.0156
302 602 0.007
605 602 0.0189
663 602 0.0045
178 603 0.0002
264 603 0.0004
299 603 0.0002
58 604 0.0012
249 604 0.0015
367 604 0.0004
300 605 0.0007
301 605 0.0057
602 605 0.0189
191 606 0.0007
306 606 0.0005
404 606 0.0002
410 606 0.0002
413 606 0.0002
420 606 0.0016
426 606 0.0008
367 607 0.0041
369 607 0.0164
386 607 0.0006
415 607 0.0046
425 608 0.0045
439 608 0.0051
609 608 0.0007
447 609 0.0009
461 609 0.0003
608 609 0.0007
224 610 0.0005
455 610 0.0023
456 610 0.02
532 611 0.0032
139 612 0.0001
144 613 0.0002
144 614 0.0001
257 615 0.0046
302 615 0.0027
304 615 0.0029
137 616 0.0003
172 617 0.0003
100 618 0.0002
258 618 0.0004
619 618 0.0072
109 619 0.0003
110 619 0.0005
618 619 0.0072
620 619 0.0066
104 620 0.0093
258 620 0.0009
520 620 0.001
619 620 0.0066
441 621 0.0013
469 622 0.0008
127 623 0.0052
355 623 0.0002
360 623 0.0081
388 623 0.007
394 624 0.0364
407 624 0.0071
458 624 0.0004
625 624 0.0032
120 625 0.0008
394 625 0.0065
406 625 0.0047
624 625 0.0032
126 626 0.0049
212 626 0.0011
628 626 0.0011
502 627 0.0108
518 627 0.0161
668 627 0.0002
626 628 0.0011
629 628 0.0006
630 628 0.0092
126 629 0.0006
628 629 0.0006
631 629 0.0022
628 630 0.0092
631 630 0.0018
634 630 0.0013
629 631 0.0022
630 631 0.0018
633 631 0.0003
634 631 0.0008
548 632 0.0024
633 632 0.002
636 632 0.0002
500 633 0.0011
631 633 0.0003
632 633 0.002
634 633 0.0014
630 634 0.0013
631 634 0.0008
633 634 0.0014
544 635 0.0047
548 635 0.0004
636 635 0.0051
632 636 0.0002
635 636 0.0051
637 636 0.0374
636 637 0.0374
638 637 0.0259
640 637 0.0436
533 638 0.0006
637 638 0.0259
640 638 0.0214
163 639 0.0041
637 640 0.0436
638 640 0.0214
641 640 0.0037
644 640 0.0046
640 641 0.0037
336 642 0.0042
562 642 0.0202
564 642 0.026
34 643 0.0016
581 643 0.0038
585 643 0.0043
646 643 0.0045
256 644 0.0002
640 644 0.0046
647 644 0.0002
323 645 0.0088
351 645 0.0045
507 645 0.0005
643 646 0.0045
647 646 0.0022
651 646 0.0014
644 647 0.0002
646 647 0.0022
651 647 0.0012
339 648 0.0085
589 648 0.0034
655 648 0.0003
93 649 0.015
272 649 0.0009
547 649 0.0031
324 650 0.0024
646 651 0.0014
647 651 0.0012
652 651 0.0055
651 652 0.0055
654 653 0.0002
577 654 0.0003
589 654 0.0078
653 654 0.0002
588 655 0.0003
648 655 0.0003
656 655 0.0026
655 656 0.0026
594 657 0.0005
659 658 0.001
658 659 0.001
334 660 0.0031
662 661 0.0125
274 662 0.0004
661 662 0.0125
665 662 0.0003
107 663 0.0004
520 663 0.0009
599 663 0.0107
602 663 0.0045
15 664 0.0002
662 665 0.0003
192 666 0.0009
274 667 0.0004
503 668 0.0005
627 668 0.0002
669 668 0.0004
668 669 0.0004
195 670 0.0437
197 670 0.0038
496 670 0.0015
571 671 0.0025
572 672 0.0012
