5 1 0.0004
465 1 0.0073
709 1 0.001
3 2 0.0135
7 2 0.0025
40 2 0.0011
42 2 0.0004
48 2 0.0028
666 2 0.0017
674 2 0.0013
675 2 0.002
691 2 0.0038
2 3 0.0135
19 3 0.0016
511 3 0.0133
5 4 0.0041
6 4 0.0007
686 4 0.001
698 4 0.0006
1 5 0.0004
4 5 0.0041
6 5 0.0013
686 5 0.0003
709 5 0.0059
4 6 0.0007
5 6 0.0013
606 6 0.0194
2 7 0.0025
8 7 0.0183
514 7 0.0045
7 8 0.0183
11 8 0.0087
515 8 0.0059
10 9 0.0773
512 9 0.0018
515 9 0.039
9 10 0.0773
11 10 0.0242
12 10 0.003
33 10 0.0093
8 11 0.0087
10 11 0.0242
35 11 0.0598
10 12 0.003
18 12 0.0041
27 12 0.0392
15 13 0.0359
18 13 0.0238
520 13 0.0224
22 14 0.0005
44 14 0.0058
542 14 0.0153
705 14 0.0054
13 15 0.0359
16 15 0.0253
20 15 0.0056
15 16 0.0253
17 16 0.0011
18 16 0.0081
16 17 0.0011
12 18 0.0041
13 18 0.0238
16 18 0.0081
3 19 0.0016
20 19 0.0114
26 19 0.0038
512 19 0.0023
15 20 0.0056
19 20 0.0114
21 20 0.0021
20 21 0.0021
14 22 0.0005
139 22 0.0041
706 22 0.0011
24 23 0.0026
468 23 0.0026
547 23 0.0174
23 24 0.0026
25 24 0.0033
604 24 0.0049
24 25 0.0033
118 25 0.0016
226 25 0.0091
19 26 0.0038
12 27 0.0392
28 27 0.0107
516 27 0.073
27 28 0.0107
29 28 0.0257
93 28 0.0032
28 29 0.0257
30 29 0.0011
32 29 0.0108
92 29 0.0116
29 30 0.0011
31 30 0.0213
33 30 0.0024
30 31 0.0213
32 31 0.0026
86 31 0.0039
29 32 0.0108
31 32 0.0026
92 32 0.0071
10 33 0.0093
30 33 0.0024
34 33 0.002
587 33 0.0292
33 34 0.002
11 35 0.0598
38 35 0.022
43 35 0.0441
45 35 0.0093
587 35 0.0848
37 36 0.0007
69 36 0.0008
587 36 0.0018
36 37 0.0007
45 37 0.005
63 37 0.0008
66 37 0.0234
68 37 0.0186
35 38 0.022
39 38 0.0013
45 38 0.0035
38 39 0.0013
40 39 0.0601
47 39 0.0048
57 39 0.0018
2 40 0.0011
39 40 0.0601
41 40 0.0454
40 41 0.0454
42 41 0.0006
43 41 0.0022
2 42 0.0004
41 42 0.0006
43 42 0.0026
35 43 0.0441
41 43 0.0022
42 43 0.0026
14 44 0.0058
309 44 0.0341
468 44 0.0114
35 45 0.0093
37 45 0.005
38 45 0.0035
309 46 0.0041
325 46 0.0029
470 46 0.0005
39 47 0.0048
48 47 0.008
52 47 0.0051
2 48 0.0028
47 48 0.008
50 48 0.0036
678 48 0.0006
325 49 0.0103
337 49 0.0212
581 49 0.0003
48 50 0.0036
53 51 0.0031
337 51 0.0153
582 51 0.0013
47 52 0.0051
54 52 0.0009
632 52 0.0004
51 53 0.0031
170 53 0.029
543 53 0.0021
52 54 0.0009
60 54 0.0028
632 54 0.0008
170 55 0.0024
605 55 0.0007
607 55 0.0165
309 56 0.0003
703 56 0.0061
704 56 0.0188
39 57 0.0018
58 57 0.0012
60 57 0.0002
57 58 0.0012
299 59 0.0049
505 59 0.0002
608 59 0.0003
54 60 0.0028
57 60 0.0002
61 60 0.0009
60 61 0.0009
62 61 0.0035
64 61 0.0029
61 62 0.0035
37 63 0.0008
64 63 0.0012
66 63 0.0063
61 64 0.0029
63 64 0.0012
65 64 0.0095
73 64 0.0041
64 65 0.0095
74 65 0.0325
76 65 0.0027
37 66 0.0234
63 66 0.0063
67 66 0.0116
66 67 0.0116
77 67 0.0035
588 67 0.0009
37 68 0.0186
69 68 0.0011
81 68 0.0021
36 69 0.0008
68 69 0.0011
70 69 0.0026
69 70 0.0026
71 70 0.0017
110 70 0.0018
70 71 0.0017
112 71 0.0009
113 71 0.0016
130 72 0.0005
133 72 0.0021
134 72 0.0013
588 72 0.0204
635 72 0.0005
64 73 0.0041
74 73 0.0027
588 73 0.0045
65 74 0.0325
73 74 0.0027
672 74 0.0013
594 75 0.0007
65 76 0.0027
636 76 0.0044
680 76 0.0007
67 77 0.0035
78 77 0.0067
81 77 0.001
77 78 0.0067
79 78 0.0174
80 78 0.0034
78 79 0.0174
80 79 0.0049
129 79 0.0144
78 80 0.0034
79 80 0.0049
84 80 0.0041
127 80 0.0013
68 81 0.0021
77 81 0.001
82 81 0.0324
81 82 0.0324
83 82 0.0106
125 82 0.0021
82 83 0.0106
84 83 0.0009
85 83 0.0004
80 84 0.0041
83 84 0.0009
85 84 0.0025
83 85 0.0004
84 85 0.0025
126 85 0.0002
136 85 0.0018
31 86 0.0039
87 86 0.0239
94 86 0.0014
86 87 0.0239
88 87 0.0004
89 87 0.0005
87 88 0.0004
87 89 0.0005
90 89 0.0015
94 89 0.0334
98 89 0.0102
99 89 0.0066
103 89 0.0021
89 90 0.0015
91 90 0.017
100 90 0.0071
90 91 0.017
92 91 0.001
93 91 0.034
144 91 0.0025
29 92 0.0116
32 92 0.0071
91 92 0.001
28 93 0.0032
91 93 0.034
494 93 0.0047
86 94 0.0014
89 94 0.0334
95 94 0.0233
94 95 0.0233
97 95 0.0004
114 95 0.0004
544 96 0.0045
95 97 0.0004
89 98 0.0102
99 98 0.0098
101 98 0.0005
89 99 0.0066
98 99 0.0098
100 99 0.001
101 99 0.0004
90 100 0.0071
99 100 0.001
102 100 0.0037
98 101 0.0005
99 101 0.0004
102 101 0.0006
100 102 0.0037
101 102 0.0006
108 102 0.0113
89 103 0.0021
104 103 0.0044
107 103 0.0009
103 104 0.0044
105 104 0.0019
115 104 0.002
104 105 0.0019
106 105 0.0027
109 105 0.0017
105 106 0.0027
107 106 0.0064
109 106 0.0057
103 107 0.0009
106 107 0.0064
108 107 0.0038
102 108 0.0113
107 108 0.0038
119 108 0.0047
105 109 0.0017
106 109 0.0057
116 109 0.0079
70 110 0.0018
111 110 0.0008
112 110 0.0049
110 111 0.0008
112 111 0.0094
114 111 0.0009
71 112 0.0009
110 112 0.0049
111 112 0.0094
71 113 0.0016
114 113 0.0003
117 113 0.0008
95 114 0.0004
111 114 0.0009
113 114 0.0003
115 114 0.0019
117 114 0.0005
104 115 0.002
114 115 0.0019
116 115 0.0006
109 116 0.0079
115 116 0.0006
117 116 0.0017
113 117 0.0008
114 117 0.0005
116 117 0.0017
25 118 0.0016
584 118 0.0047
663 118 0.0023
108 119 0.0047
120 119 0.0252
123 119 0.0008
119 120 0.0252
121 120 0.0022
122 120 0.0014
124 120 0.0023
120 121 0.0022
122 121 0.0015
124 121 0.0115
120 122 0.0014
121 122 0.0015
123 122 0.0028
119 123 0.0008
122 123 0.0028
142 123 0.0152
120 124 0.0023
121 124 0.0115
125 124 0.0107
140 124 0.0486
214 124 0.0016
82 125 0.0021
124 125 0.0107
126 125 0.001
85 126 0.0002
125 126 0.001
127 126 0.0007
80 127 0.0013
126 127 0.0007
128 127 0.0005
131 127 0.003
127 128 0.0005
129 128 0.0504
132 128 0.0079
133 128 0.0014
146 128 0.0005
152 128 0.006
79 129 0.0144
128 129 0.0504
130 129 0.0139
72 130 0.0005
129 130 0.0139
133 130 0.0107
127 131 0.003
132 131 0.0012
137 131 0.0066
128 132 0.0079
131 132 0.0012
158 132 0.0155
72 133 0.0021
128 133 0.0014
130 133 0.0107
134 133 0.0388
72 134 0.0013
133 134 0.0388
148 134 0.0164
597 135 0.0049
85 136 0.0018
131 137 0.0066
138 137 0.0033
161 137 0.0011
163 137 0.0004
137 138 0.0033
163 138 0.0005
207 138 0.0005
22 139 0.0041
663 139 0.0009
707 139 0.0013
124 140 0.0486
142 140 0.0004
225 140 0.0003
227 140 0.0187
145 141 0.0019
601 141 0.0016
611 141 0.0021
123 142 0.0152
140 142 0.0004
143 142 0.001
231 142 0.01
142 143 0.001
144 143 0.0277
232 143 0.0046
91 144 0.0025
143 144 0.0277
385 144 0.0041
141 145 0.0019
602 145 0.0014
659 145 0.001
128 146 0.0005
147 146 0.0004
151 146 0.0012
146 147 0.0004
148 147 0.0008
638 147 0.006
134 148 0.0164
147 148 0.0008
150 148 0.0047
262 149 0.0011
148 150 0.0047
635 150 0.0075
637 150 0.0009
146 151 0.0012
128 152 0.006
154 152 0.0006
155 152 0.0052
602 153 0.0036
603 153 0.004
662 153 0.0005
152 154 0.0006
152 155 0.0052
156 155 0.007
166 155 0.005
168 155 0.0344
155 156 0.007
177 156 0.0011
180 156 0.0019
639 156 0.0051
325 157 0.0007
132 158 0.0155
159 158 0.0145
160 158 0.0009
158 159 0.0145
160 159 0.0016
164 159 0.0084
158 160 0.0009
159 160 0.0016
161 160 0.0011
137 161 0.0011
160 161 0.0011
162 161 0.0008
161 162 0.0008
163 162 0.0027
205 162 0.0002
208 162 0.0102
137 163 0.0004
138 163 0.0005
162 163 0.0027
159 164 0.0084
165 164 0.0051
166 164 0.0115
164 165 0.0051
155 166 0.005
164 166 0.0115
167 166 0.0013
205 166 0.0151
166 167 0.0013
155 168 0.0344
169 168 0.0036
178 168 0.0025
168 169 0.0036
171 169 0.0013
173 169 0.0032
196 169 0.0065
53 170 0.029
55 170 0.0024
537 170 0.0026
169 171 0.0013
172 171 0.0373
189 171 0.0143
194 171 0.0473
171 172 0.0373
173 172 0.0005
182 172 0.0263
185 172 0.0018
169 173 0.0032
172 173 0.0005
174 173 0.0053
173 174 0.0053
175 174 0.0268
178 174 0.0322
174 175 0.0268
176 175 0.02
177 175 0.0186
175 176 0.02
156 177 0.0011
175 177 0.0186
181 177 0.0122
168 178 0.0025
174 178 0.0322
179 178 0.0106
178 179 0.0106
156 180 0.0019
177 181 0.0122
184 181 0.1157
639 181 0.001
640 181 0.0018
172 182 0.0263
183 182 0.0423
191 182 0.0003
182 183 0.0423
184 183 0.0033
192 183 0.0003
181 184 0.1157
183 184 0.0033
641 184 0.0045
172 185 0.0018
186 185 0.0072
187 185 0.0165
185 186 0.0072
187 186 0.0386
191 186 0.0605
185 187 0.0165
186 187 0.0386
188 187 0.004
267 187 0.0016
187 188 0.004
189 188 0.0025
267 188 0.0007
271 188 0.0044
171 189 0.0143
188 189 0.0025
190 189 0.0005
189 190 0.0005
182 191 0.0003
186 191 0.0605
192 191 0.0637
183 192 0.0003
191 192 0.0637
193 192 0.0736
192 193 0.0736
289 193 0.0352
697 193 0.0016
171 194 0.0473
195 194 0.002
197 194 0.0028
194 195 0.002
196 195 0.0036
198 195 0.0068
169 196 0.0065
195 196 0.0036
201 196 0.0239
203 196 0.0002
194 197 0.0028
198 197 0.0027
199 197 0.0115
195 198 0.0068
197 198 0.0027
199 198 0.0014
197 199 0.0115
198 199 0.0014
200 199 0.0678
199 200 0.0678
201 200 0.0164
265 200 0.0121
272 200 0.0476
196 201 0.0239
200 201 0.0164
202 201 0.0005
201 202 0.0005
203 202 0.0209
219 202 0.003
196 203 0.0002
202 203 0.0209
211 203 0.0037
218 203 0.001
217 204 0.0257
612 204 0.012
620 204 0.0048
162 205 0.0002
166 205 0.0151
206 205 0.0229
205 206 0.0229
207 206 0.0016
210 206 0.0083
138 207 0.0005
206 207 0.0016
208 207 0.0148
162 208 0.0102
207 208 0.0148
209 208 0.012
208 209 0.012
206 210 0.0083
211 210 0.0502
216 210 0.0004
203 211 0.0037
210 211 0.0502
212 211 0.0051
211 212 0.0051
213 212 0.0033
214 212 0.0122
212 213 0.0033
214 213 0.0159
222 213 0.0023
124 214 0.0016
212 214 0.0122
213 214 0.0159
215 214 0.0097
214 215 0.0097
223 215 0.0004
225 215 0.001
210 216 0.0004
204 217 0.0257
616 217 0.0048
625 217 0.0012
626 217 0.001
203 218 0.001
202 219 0.003
220 219 0.0024
266 219 0.0035
219 220 0.0024
221 220 0.001
245 220 0.0081
220 221 0.001
222 221 0.0094
244 221 0.0055
213 222 0.0023
221 222 0.0094
223 222 0.0012
215 223 0.0004
222 223 0.0012
224 223 0.0012
223 224 0.0012
225 224 0.0021
228 224 0.0016
140 225 0.0003
215 225 0.001
224 225 0.0021
227 225 0.0004
25 226 0.0091
540 226 0.0036
629 226 0.0021
140 227 0.0187
225 227 0.0004
228 227 0.0351
224 228 0.0016
227 228 0.0351
231 228 0.0017
235 228 0.01
230 229 0.0519
620 229 0.0005
627 229 0.0289
229 230 0.0519
628 230 0.0089
630 230 0.0029
142 231 0.01
228 231 0.0017
232 231 0.0081
143 232 0.0046
231 232 0.0081
233 232 0.0078
232 233 0.0078
234 233 0.041
386 233 0.0066
233 234 0.041
235 234 0.002
239 234 0.0016
387 234 0.0028
228 235 0.01
234 235 0.002
236 235 0.0007
237 235 0.0714
235 236 0.0007
237 236 0.0025
244 236 0.0009
235 237 0.0714
236 237 0.0025
238 237 0.0195
237 238 0.0195
239 238 0.0083
240 238 0.0025
234 239 0.0016
238 239 0.0083
240 239 0.0024
391 239 0.0017
238 240 0.0025
239 240 0.0024
241 240 0.0075
240 241 0.0075
242 241 0.0088
246 241 0.0024
241 242 0.0088
243 242 0.0022
254 242 0.0035
242 243 0.0022
249 243 0.0163
391 243 0.0016
221 244 0.0055
236 244 0.0009
245 244 0.013
220 245 0.0081
244 245 0.013
246 245 0.0096
241 246 0.0024
245 246 0.0096
247 246 0.0102
246 247 0.0102
248 247 0.0058
256 247 0.0026
257 247 0.002
247 248 0.0058
266 248 0.0018
372 248 0.0019
243 249 0.0163
250 249 0.0533
251 249 0.0183
249 250 0.0533
251 250 0.0517
388 250 0.002
249 251 0.0183
250 251 0.0517
252 251 0.0128
251 252 0.0128
253 252 0.0045
377 252 0.0014
252 253 0.0045
254 253 0.0028
380 253 0.0119
242 254 0.0035
253 254 0.0028
255 254 0.0018
254 255 0.0018
247 256 0.0026
247 257 0.002
258 257 0.0042
365 257 0.0013
257 258 0.0042
259 258 0.0045
369 258 0.008
370 258 0.0052
258 259 0.0045
260 259 0.0018
366 259 0.0005
259 260 0.0018
263 260 0.0018
264 260 0.0015
262 261 0.0093
280 261 0.0002
664 261 0.0062
149 262 0.0011
261 262 0.0093
681 262 0.0018
260 263 0.0018
264 263 0.0605
362 263 0.0362
260 264 0.0015
263 264 0.0605
365 264 0.002
200 265 0.0121
266 265 0.0479
273 265 0.0023
219 266 0.0035
248 266 0.0018
265 266 0.0479
187 267 0.0016
188 267 0.0007
268 267 0.0035
267 268 0.0035
269 268 0.0061
271 268 0.0003
268 269 0.0061
270 269 0.0014
279 269 0.0138
269 270 0.0014
271 270 0.0156
272 270 0.0053
278 270 0.0414
188 271 0.0044
268 271 0.0003
270 271 0.0156
200 272 0.0476
270 272 0.0053
273 272 0.0015
278 272 0.013
265 273 0.0023
272 273 0.0015
274 273 0.0007
276 273 0.0166
273 274 0.0007
275 274 0.0013
286 274 0.0019
274 275 0.0013
276 275 0.0392
285 275 0.001
273 276 0.0166
275 276 0.0392
277 276 0.0137
281 276 0.0641
276 277 0.0137
278 277 0.0016
279 277 0.0085
270 278 0.0414
272 278 0.013
277 278 0.0016
269 279 0.0138
277 279 0.0085
281 279 0.0042
261 280 0.0002
276 281 0.0641
279 281 0.0042
282 281 0.0386
281 282 0.0386
283 282 0.0062
310 282 0.0033
282 283 0.0062
284 283 0.0514
365 283 0.0149
283 284 0.0514
285 284 0.0015
287 284 0.0043
275 285 0.001
284 285 0.0015
286 285 0.0011
274 286 0.0019
285 286 0.0011
287 286 0.0007
284 287 0.0043
286 287 0.0007
288 287 0.0003
373 287 0.0006
374 287 0.0024
287 288 0.0003
193 289 0.0352
290 289 0.0098
291 289 0.0018
289 290 0.0098
291 290 0.004
295 290 0.0144
289 291 0.0018
290 291 0.004
292 291 0.0019
300 291 0.0008
291 292 0.0019
293 292 0.0007
294 292 0.0004
292 293 0.0007
292 294 0.0004
290 295 0.0144
296 295 0.0012
297 295 0.0087
295 296 0.0012
298 296 0.001
303 296 0.0219
335 296 0.001
621 296 0.0525
295 297 0.0087
298 297 0.0012
310 297 0.0114
296 298 0.001
297 298 0.0012
308 298 0.002
59 299 0.0049
325 299 0.0234
414 299 0.0008
291 300 0.0008
301 300 0.0008
302 300 0.0019
300 301 0.0008
300 302 0.0019
296 303 0.0219
304 303 0.0052
314 303 0.0031
303 304 0.0052
305 304 0.0006
306 304 0.0026
308 304 0.0161
304 305 0.0006
306 305 0.0088
311 305 0.0022
304 306 0.0026
305 306 0.0088
307 306 0.0075
306 307 0.0075
308 307 0.0043
310 307 0.0039
298 308 0.002
304 308 0.0161
307 308 0.0043
44 309 0.0341
46 309 0.0041
56 309 0.0003
470 309 0.0053
282 310 0.0033
297 310 0.0114
307 310 0.0039
305 311 0.0022
312 311 0.0036
315 311 0.0023
316 311 0.0024
311 312 0.0036
313 312 0.0107
359 312 0.0081
312 313 0.0107
303 314 0.0031
315 314 0.0134
333 314 0.0003
311 315 0.0023
314 315 0.0134
318 315 0.0008
311 316 0.0024
317 316 0.0145
349 316 0.0532
316 317 0.0145
318 317 0.0014
351 317 0.001
315 318 0.0008
317 318 0.0014
319 318 0.0059
318 319 0.0059
320 319 0.0748
322 319 0.0059
345 319 0.0052
319 320 0.0748
321 320 0.0408
341 320 0.0021
320 321 0.0408
322 321 0.0123
338 321 0.0004
319 322 0.0059
321 322 0.0123
323 322 0.0025
322 323 0.0025
324 323 0.0026
326 323 0.0026
323 324 0.0026
338 324 0.0018
573 324 0.003
46 325 0.0029
49 325 0.0103
157 325 0.0007
299 325 0.0234
594 325 0.0011
601 325 0.0005
323 326 0.0026
327 326 0.0243
329 326 0.005
326 327 0.0243
328 327 0.0007
330 327 0.0125
333 327 0.0251
327 328 0.0007
326 329 0.005
330 329 0.0455
336 329 0.0285
327 330 0.0125
329 330 0.0455
331 330 0.0032
332 330 0.0233
330 331 0.0032
332 331 0.0016
335 331 0.0047
330 332 0.0233
331 332 0.0016
333 332 0.0199
314 333 0.0003
327 333 0.0251
332 333 0.0199
334 333 0.006
333 334 0.006
296 335 0.001
331 335 0.0047
336 335 0.001
622 335 0.0058
329 336 0.0285
335 336 0.001
572 336 0.0079
49 337 0.0212
51 337 0.0153
562 337 0.0011
321 338 0.0004
324 338 0.0018
339 338 0.0023
340 338 0.0014
338 339 0.0023
338 340 0.0014
341 340 0.0155
344 340 0.0004
320 341 0.0021
340 341 0.0155
342 341 0.0013
341 342 0.0013
343 342 0.0052
345 342 0.0006
342 343 0.0052
340 344 0.0004
319 345 0.0052
342 345 0.0006
346 345 0.0015
345 346 0.0015
347 346 0.0102
348 346 0.0007
346 347 0.0102
346 348 0.0007
316 349 0.0532
350 349 0.001
352 349 0.0057
349 350 0.001
317 351 0.001
349 352 0.0057
353 352 0.0039
356 352 0.0209
352 353 0.0039
354 353 0.001
355 353 0.0056
353 354 0.001
353 355 0.0056
352 356 0.0209
357 356 0.0012
358 356 0.0014
356 357 0.0012
356 358 0.0014
312 359 0.0081
360 359 0.0008
361 359 0.0004
359 360 0.0008
359 361 0.0004
263 362 0.0362
363 362 0.0006
364 362 0.0019
366 362 0.0055
362 363 0.0006
362 364 0.0019
257 365 0.0013
264 365 0.002
283 365 0.0149
259 366 0.0005
362 366 0.0055
367 366 0.0041
370 366 0.0054
366 367 0.0041
368 367 0.0069
382 367 0.004
367 368 0.0069
369 368 0.0038
380 368 0.0073
258 369 0.008
368 369 0.0038
370 369 0.004
258 370 0.0052
366 370 0.0054
369 370 0.004
371 370 0.1093
370 371 0.1093
248 372 0.0019
287 373 0.0006
287 374 0.0024
375 374 0.001
376 374 0.0022
374 375 0.001
374 376 0.0022
252 377 0.0014
378 377 0.0005
379 377 0.0016
377 378 0.0005
377 379 0.0016
253 380 0.0119
368 380 0.0073
381 380 0.0009
380 381 0.0009
367 382 0.004
383 382 0.0026
384 382 0.0035
382 383 0.0026
382 384 0.0035
144 385 0.0041
386 385 0.0025
389 385 0.0014
233 386 0.0066
385 386 0.0025
387 386 0.0045
234 387 0.0028
386 387 0.0045
388 387 0.0115
250 388 0.002
387 388 0.0115
393 388 0.0008
385 389 0.0014
390 389 0.0327
394 389 0.023
389 390 0.0327
398 390 0.0407
408 390 0.0037
239 391 0.0017
243 391 0.0016
392 391 0.0014
391 392 0.0014
388 393 0.0008
394 393 0.0086
396 393 0.0131
389 394 0.023
393 394 0.0086
395 394 0.0021
394 395 0.0021
396 395 0.0169
409 395 0.0072
393 396 0.0131
395 396 0.0169
397 396 0.0014
396 397 0.0014
390 398 0.0407
399 398 0.0014
406 398 0.0013
398 399 0.0014
400 399 0.0004
401 399 0.0019
399 400 0.0004
399 401 0.0019
402 401 0.0074
403 401 0.0005
401 402 0.0074
403 402 0.0006
405 402 0.0014
401 403 0.0005
402 403 0.0006
404 403 0.0016
403 404 0.0016
402 405 0.0014
398 406 0.0013
407 406 0.0005
431 406 0.0176
406 407 0.0005
408 407 0.0119
423 407 0.0014
390 408 0.0037
407 408 0.0119
409 408 0.0113
395 409 0.0072
408 409 0.0113
410 409 0.0337
422 409 0.0008
409 410 0.0337
411 410 0.0065
413 410 0.0243
410 411 0.0065
412 411 0.0006
419 411 0.0037
411 412 0.0006
410 413 0.0243
415 413 0.005
418 413 0.001
299 414 0.0008
413 415 0.005
416 415 0.003
417 415 0.0017
415 416 0.003
415 417 0.0017
413 418 0.001
411 419 0.0037
420 419 0.0014
421 419 0.0016
419 420 0.0014
419 421 0.0016
409 422 0.0008
407 423 0.0014
424 423 0.0003
425 423 0.0018
423 424 0.0003
423 425 0.0018
426 425 0.0005
431 425 0.0094
425 426 0.0005
427 426 0.0793
432 426 0.0101
426 427 0.0793
428 427 0.0006
430 427 0.1353
427 428 0.0006
429 428 0.0013
437 428 0.0066
446 428 0.0039
428 429 0.0013
427 430 0.1353
431 430 0.0034
435 430 0.0057
406 431 0.0176
425 431 0.0094
430 431 0.0034
426 432 0.0101
433 432 0.0004
434 432 0.0005
432 433 0.0004
432 434 0.0005
430 435 0.0057
437 435 0.0018
443 435 0.0011
581 436 0.0002
583 436 0.0014
585 436 0.0004
428 437 0.0066
435 437 0.0018
438 437 0.0038
439 437 0.0341
437 438 0.0038
439 438 0.001
444 438 0.0012
437 439 0.0341
438 439 0.001
440 439 0.0017
439 440 0.0017
441 440 0.0022
442 440 0.0106
440 441 0.0022
440 442 0.0106
443 442 0.0067
444 442 0.0018
435 443 0.0011
442 443 0.0067
490 443 0.0025
438 444 0.0012
442 444 0.0018
445 444 0.0013
449 444 0.0009
444 445 0.0013
428 446 0.0039
447 446 0.0055
450 446 0.0007
446 447 0.0055
448 447 0.0008
451 447 0.0032
447 448 0.0008
449 448 0.0095
453 448 0.0143
444 449 0.0009
448 449 0.0095
462 449 0.0015
446 450 0.0007
452 450 0.0013
455 450 0.0007
447 451 0.0032
450 452 0.0013
453 452 0.0272
456 452 0.0009
448 453 0.0143
452 453 0.0272
454 453 0.0082
453 454 0.0082
457 454 0.0026
462 454 0.0071
450 455 0.0007
452 456 0.0009
454 457 0.0026
458 457 0.0078
459 457 0.0028
457 458 0.0078
457 459 0.0028
460 459 0.0004
461 459 0.0012
459 460 0.0004
459 461 0.0012
449 462 0.0015
454 462 0.0071
463 462 0.0424
462 463 0.0424
464 463 0.0027
469 463 0.0028
463 464 0.0027
466 464 0.0005
467 464 0.0008
1 465 0.0073
694 465 0.0009
707 465 0.0017
464 466 0.0005
464 467 0.0008
23 468 0.0026
44 468 0.0114
470 468 0.0147
602 468 0.0004
463 469 0.0028
471 469 0.0033
474 469 0.004
46 470 0.0005
309 470 0.0053
468 470 0.0147
469 471 0.0033
472 471 0.0011
473 471 0.0008
471 472 0.0011
471 473 0.0008
469 474 0.004
475 474 0.0004
476 474 0.0214
482 474 0.0024
474 475 0.0004
474 476 0.0214
477 476 0.0016
482 476 0.0022
485 476 0.0032
476 477 0.0016
478 477 0.0018
481 477 0.0024
477 478 0.0018
479 478 0.0003
480 478 0.0005
478 479 0.0003
478 480 0.0005
477 481 0.0024
487 481 0.001
665 481 0.0011
474 482 0.0024
476 482 0.0022
483 482 0.0157
482 483 0.0157
484 483 0.0017
496 483 0.0015
483 484 0.0017
485 484 0.0026
489 484 0.045
476 485 0.0032
484 485 0.0026
486 485 0.0022
485 486 0.0022
487 486 0.02
489 486 0.0173
481 487 0.001
486 487 0.02
488 487 0.0003
487 488 0.0003
484 489 0.045
486 489 0.0173
500 489 0.0432
443 490 0.0025
491 490 0.0019
494 490 0.0052
490 491 0.0019
492 491 0.0006
493 491 0.0005
491 492 0.0006
491 493 0.0005
93 494 0.0047
490 494 0.0052
495 494 0.0242
494 495 0.0242
496 495 0.0056
498 495 0.0077
483 496 0.0015
495 496 0.0056
497 496 0.0015
496 497 0.0015
509 497 0.0027
510 497 0.0008
495 498 0.0077
499 498 0.0126
509 498 0.0198
498 499 0.0126
508 499 0.0225
519 499 0.0413
489 500 0.0432
501 500 0.0271
502 500 0.0009
500 501 0.0271
502 501 0.0009
506 501 0.0027
500 502 0.0009
501 502 0.0009
503 502 0.0047
502 503 0.0047
504 503 0.0014
589 503 0.001
503 504 0.0014
59 505 0.0002
501 506 0.0027
507 506 0.005
508 506 0.021
506 507 0.005
508 507 0.0046
533 507 0.0055
499 508 0.0225
506 508 0.021
507 508 0.0046
509 508 0.0006
497 509 0.0027
498 509 0.0198
508 509 0.0006
497 510 0.0008
3 511 0.0133
512 511 0.0133
513 511 0.0066
514 511 0.0012
9 512 0.0018
19 512 0.0023
511 512 0.0133
511 513 0.0066
514 513 0.0023
515 513 0.061
7 514 0.0045
511 514 0.0012
513 514 0.0023
8 515 0.0059
9 515 0.039
513 515 0.061
27 516 0.073
517 516 0.0006
518 516 0.0104
516 517 0.0006
516 518 0.0104
519 518 0.0775
525 518 0.0034
499 519 0.0413
518 519 0.0775
533 519 0.0014
13 520 0.0224
521 520 0.0314
532 520 0.035
520 521 0.0314
522 521 0.0026
524 521 0.0008
521 522 0.0026
523 522 0.0011
525 522 0.006
522 523 0.0011
521 524 0.0008
518 525 0.0034
522 525 0.006
526 525 0.0009
525 526 0.0009
527 526 0.0023
528 526 0.0007
533 526 0.0016
526 527 0.0023
528 527 0.013
534 527 0.0372
526 528 0.0007
527 528 0.013
529 528 0.0183
528 529 0.0183
530 529 0.006
539 529 0.002
529 530 0.006
531 530 0.0172
532 530 0.0183
530 531 0.0172
532 531 0.0004
541 531 0.0167
520 532 0.035
530 532 0.0183
531 532 0.0004
507 533 0.0055
519 533 0.0014
526 533 0.0016
527 534 0.0372
535 534 0.0007
536 534 0.0017
538 534 0.007
534 535 0.0007
534 536 0.0017
170 537 0.0026
543 537 0.0201
580 537 0.0005
534 538 0.007
529 539 0.002
226 540 0.0036
603 540 0.0004
604 540 0.0002
531 541 0.0167
14 542 0.0153
547 542 0.0049
663 542 0.0036
53 543 0.0021
537 543 0.0201
544 543 0.0205
96 544 0.0045
543 544 0.0205
545 544 0.0014
544 545 0.0014
576 546 0.0007
23 547 0.0174
542 547 0.0049
663 547 0.0015
549 548 0.0058
578 548 0.0106
586 548 0.002
548 549 0.0058
550 549 0.0006
552 549 0.0284
549 550 0.0006
551 550 0.0167
566 550 0.0042
550 551 0.0167
552 551 0.0039
554 551 0.0139
549 552 0.0284
551 552 0.0039
553 552 0.0023
552 553 0.0023
551 554 0.0139
555 554 0.019
564 554 0.0208
554 555 0.019
556 555 0.0455
563 555 0.0003
555 556 0.0455
557 556 0.0015
564 556 0.0173
556 557 0.0015
558 557 0.0071
559 557 0.0076
557 558 0.0071
557 559 0.0076
560 559 0.0116
561 559 0.0005
559 560 0.0116
559 561 0.0005
337 562 0.0011
593 562 0.0009
595 562 0.0007
555 563 0.0003
554 564 0.0208
556 564 0.0173
565 564 0.0011
564 565 0.0011
550 566 0.0042
567 566 0.0013
580 566 0.0094
566 567 0.0013
568 567 0.0003
569 567 0.0483
567 568 0.0003
567 569 0.0483
570 569 0.001
571 569 0.0009
569 570 0.001
569 571 0.0009
336 572 0.0079
573 572 0.0215
623 572 0.0124
324 573 0.003
572 573 0.0215
574 573 0.0087
573 574 0.0087
575 574 0.0016
703 574 0.0044
574 575 0.0016
576 575 0.0028
578 575 0.0043
546 576 0.0007
575 576 0.0028
577 576 0.0005
576 577 0.0005
548 578 0.0106
575 578 0.0043
579 578 0.0063
578 579 0.0063
580 579 0.004
702 579 0.0041
537 580 0.0005
566 580 0.0094
579 580 0.004
649 580 0.0032
49 581 0.0003
436 581 0.0002
605 581 0.0032
607 581 0.0008
51 582 0.0013
590 582 0.0011
591 582 0.0013
436 583 0.0014
605 583 0.0003
613 583 0.0004
702 583 0.0032
118 584 0.0047
629 584 0.0004
707 584 0.0007
436 585 0.0004
592 585 0.0006
594 585 0.0005
548 586 0.002
33 587 0.0292
35 587 0.0848
36 587 0.0018
67 588 0.0009
72 588 0.0204
73 588 0.0045
503 589 0.001
582 590 0.0011
582 591 0.0013
596 591 0.0028
649 591 0.0007
585 592 0.0006
562 593 0.0009
595 593 0.0094
597 593 0.0012
599 593 0.0025
75 594 0.0007
325 594 0.0011
585 594 0.0005
562 595 0.0007
593 595 0.0094
601 595 0.0024
591 596 0.0028
135 597 0.0049
593 597 0.0012
598 597 0.0036
599 597 0.0029
597 598 0.0036
593 599 0.0025
597 599 0.0029
600 599 0.0002
599 600 0.0002
141 601 0.0016
325 601 0.0005
595 601 0.0024
145 602 0.0014
153 602 0.0036
468 602 0.0004
153 603 0.004
540 603 0.0004
604 603 0.0007
24 604 0.0049
540 604 0.0002
603 604 0.0007
55 605 0.0007
581 605 0.0032
583 605 0.0003
6 606 0.0194
644 606 0.0019
709 606 0.0007
55 607 0.0165
581 607 0.0008
609 607 0.0004
59 608 0.0003
607 609 0.0004
664 610 0.0003
141 611 0.0021
612 611 0.0016
614 611 0.0042
204 612 0.012
611 612 0.0016
615 612 0.0122
583 613 0.0004
611 614 0.0042
615 614 0.003
654 614 0.0023
612 615 0.0122
614 615 0.003
616 615 0.0024
217 616 0.0048
615 616 0.0024
617 616 0.0058
616 617 0.0058
626 617 0.0103
631 617 0.0151
629 618 0.0035
692 618 0.005
693 618 0.0226
631 619 0.0017
204 620 0.0048
229 620 0.0005
653 620 0.0017
296 621 0.0525
622 621 0.0053
642 621 0.0104
335 622 0.0058
621 622 0.0053
623 622 0.0036
646 622 0.0018
648 622 0.0069
572 623 0.0124
622 623 0.0036
624 623 0.0042
623 624 0.0042
217 625 0.0012
217 626 0.001
617 626 0.0103
627 626 0.0984
229 627 0.0289
626 627 0.0984
684 627 0.0538
230 628 0.0089
656 628 0.0057
699 628 0.0006
226 629 0.0021
584 629 0.0004
618 629 0.0035
230 630 0.0029
617 631 0.0151
619 631 0.0017
654 631 0.0009
52 632 0.0004
54 632 0.0008
633 632 0.0074
634 632 0.0081
632 633 0.0074
632 634 0.0081
678 634 0.0012
680 634 0.0015
72 635 0.0005
150 635 0.0075
673 635 0.0041
76 636 0.0044
150 637 0.0009
147 638 0.006
639 638 0.0127
673 638 0.0007
156 639 0.0051
181 639 0.001
638 639 0.0127
640 639 0.0024
689 639 0.0032
181 640 0.0018
639 640 0.0024
641 640 0.0017
689 640 0.0008
184 641 0.0045
640 641 0.0017
697 641 0.0036
621 642 0.0104
643 642 0.0118
646 642 0.0299
642 643 0.0118
644 643 0.0081
645 643 0.0006
647 643 0.043
606 644 0.0019
643 644 0.0081
698 644 0.0033
643 645 0.0006
622 646 0.0018
642 646 0.0299
647 646 0.0096
648 646 0.0003
643 647 0.043
646 647 0.0096
708 647 0.0021
622 648 0.0069
646 648 0.0003
708 648 0.0005
580 649 0.0032
591 649 0.0007
650 649 0.002
649 650 0.002
651 650 0.004
658 650 0.0003
650 651 0.004
652 651 0.0005
660 651 0.0004
651 652 0.0005
620 653 0.0017
614 654 0.0023
631 654 0.0009
659 654 0.0012
656 655 0.0019
628 656 0.0057
655 656 0.0019
657 656 0.0014
656 657 0.0014
650 658 0.0003
145 659 0.001
654 659 0.0012
662 659 0.0981
651 660 0.0004
684 661 0.0015
695 661 0.003
701 661 0.0006
153 662 0.0005
659 662 0.0981
664 662 0.0004
118 663 0.0023
139 663 0.0009
542 663 0.0036
547 663 0.0015
261 664 0.0062
610 664 0.0003
662 664 0.0004
481 665 0.0011
2 666 0.0017
667 666 0.0133
675 666 0.0143
666 667 0.0133
668 667 0.0272
691 667 0.0057
667 668 0.0272
669 668 0.0226
674 668 0.0035
668 669 0.0226
670 669 0.0057
676 669 0.0053
669 670 0.0057
671 670 0.001
683 670 0.0184
685 670 0.0025
670 671 0.001
672 671 0.0035
679 671 0.0003
74 672 0.0013
671 672 0.0035
673 672 0.0107
690 672 0.0044
635 673 0.0041
638 673 0.0007
672 673 0.0107
2 674 0.0013
668 674 0.0035
675 674 0.0027
2 675 0.002
666 675 0.0143
674 675 0.0027
669 676 0.0053
677 676 0.0056
682 676 0.0051
676 677 0.0056
678 677 0.0014
679 677 0.0027
48 678 0.0006
634 678 0.0012
677 678 0.0014
671 679 0.0003
677 679 0.0027
680 679 0.0011
76 680 0.0007
634 680 0.0015
679 680 0.0011
262 681 0.0018
676 682 0.0051
670 683 0.0184
627 684 0.0538
661 684 0.0015
699 684 0.0007
670 685 0.0025
686 685 0.0022
687 685 0.0736
694 685 0.001
4 686 0.001
5 686 0.0003
685 686 0.0022
696 686 0.0142
685 687 0.0736
688 687 0.0219
690 687 0.0007
687 688 0.0219
689 688 0.0024
690 688 0.0014
639 689 0.0032
640 689 0.0008
688 689 0.0024
672 690 0.0044
687 690 0.0007
688 690 0.0014
2 691 0.0038
667 691 0.0057
692 691 0.0087
618 692 0.005
691 692 0.0087
693 692 0.0061
618 693 0.0226
692 693 0.0061
694 693 0.0043
465 694 0.0009
685 694 0.001
693 694 0.0043
661 695 0.003
686 696 0.0142
697 696 0.0083
698 696 0.0094
193 697 0.0016
641 697 0.0036
696 697 0.0083
4 698 0.0006
644 698 0.0033
696 698 0.0094
628 699 0.0006
684 699 0.0007
700 699 0.0009
699 700 0.0009
661 701 0.0006
579 702 0.0041
583 702 0.0032
703 702 0.0034
56 703 0.0061
574 703 0.0044
702 703 0.0034
56 704 0.0188
705 704 0.0099
706 704 0.0013
14 705 0.0054
704 705 0.0099
706 705 0.003
22 706 0.0011
704 706 0.0013
705 706 0.003
707 706 0.002
708 706 0.0195
139 707 0.0013
465 707 0.0017
584 707 0.0007
706 707 0.002
647 708 0.0021
648 708 0.0005
706 708 0.0195
709 708 0.0055
1 709 0.001
5 709 0.0059
606 709 0.0007
708 709 0.0055
