6 1 0.0055
94 1 0.0025
366 1 0.0007
1091 1 0.0095
3 2 0.0208
32 2 0.0005
64 2 0.0126
2 3 0.0208
4 3 0.0033
12 3 0.0008
3 4 0.0033
12 4 0.0013
35 4 0.0004
351 4 0.033
65 5 0.001
328 5 0.0206
351 5 0.0281
1 6 0.0055
1083 6 0.0042
1090 6 0.0018
1091 6 0.008
8 7 0.0183
98 7 0.0003
328 7 0.037
900 7 0.003
7 8 0.0183
9 8 0.0156
101 8 0.0005
207 8 0.0183
8 9 0.0156
10 9 0.0277
81 9 0.0013
9 10 0.0277
81 10 0.0019
143 10 0.0035
309 11 0.003
3 12 0.0008
4 12 0.0013
64 12 0.0072
63 13 0.0008
17 14 0.0203
94 14 0.0024
343 14 0.0073
23 15 0.0007
74 15 0.0018
679 15 0.0016
64 16 0.0003
14 17 0.0203
21 17 0.0007
345 17 0.016
352 18 0.0122
147 19 0.0215
351 19 0.0014
352 19 0.0195
716 20 0.0002
17 21 0.0007
94 21 0.0081
1090 21 0.0076
716 22 0.0003
15 23 0.0007
25 24 0.0063
28 24 0.0273
338 24 0.0182
24 25 0.0063
26 25 0.0011
358 25 0.0009
25 26 0.0011
27 26 0.0058
28 26 0.0005
26 27 0.0058
24 28 0.0273
26 28 0.0005
29 28 0.0484
28 29 0.0484
30 29 0.036
337 29 0.0305
29 30 0.036
337 30 0.0159
339 30 0.0007
34 31 0.0005
340 31 0.0012
341 31 0.0135
354 31 0.0024
2 32 0.0005
33 32 0.0007
905 32 0.0051
906 32 0.0029
32 33 0.0007
35 33 0.0079
38 33 0.0048
31 34 0.0005
217 34 0.0004
341 34 0.0012
4 35 0.0004
33 35 0.0079
37 35 0.0004
74 36 0.0051
676 36 0.0009
693 36 0.0012
35 37 0.0004
33 38 0.0048
334 39 0.0075
676 39 0.0005
720 39 0.0031
41 40 0.0093
549 40 0.0159
731 40 0.0151
40 41 0.0093
146 41 0.0016
956 41 0.0045
43 42 0.0302
51 42 0.0067
64 42 0.0023
42 43 0.0302
47 43 0.0393
357 43 0.0122
48 44 0.0553
52 44 0.0373
55 44 0.0164
323 44 0.0368
260 45 0.0004
305 45 0.0349
331 45 0.0337
852 45 0.0068
59 46 0.0242
319 46 0.003
411 46 0.0004
43 47 0.0393
48 47 0.0311
50 47 0.0122
44 48 0.0553
47 48 0.0311
290 48 0.0005
61 49 0.0034
319 49 0.015
370 49 0.0002
398 49 0.0154
414 49 0.0084
420 49 0.0005
47 50 0.0122
51 50 0.0008
302 50 0.0019
42 51 0.0067
50 51 0.0008
64 51 0.0089
44 52 0.0373
53 52 0.0021
318 52 0.0024
52 53 0.0021
64 54 0.0041
324 54 0.0366
356 54 0.0009
44 55 0.0164
56 55 0.0005
57 55 0.0131
742 55 0.0007
55 56 0.0005
55 57 0.0131
60 57 0.0015
269 57 0.0201
197 58 0.012
205 58 0.0007
221 58 0.0249
46 59 0.0242
60 59 0.0018
269 59 0.0376
57 60 0.0015
59 60 0.0018
410 60 0.0006
49 61 0.0034
62 61 0.0059
411 61 0.0044
61 62 0.0059
13 63 0.0008
2 64 0.0126
12 64 0.0072
16 64 0.0003
42 64 0.0023
51 64 0.0089
54 64 0.0041
5 65 0.001
66 65 0.001
213 65 0.0004
65 66 0.001
68 66 0.0003
71 66 0.0032
89 67 0.0007
378 67 0.008
429 67 0.0034
606 67 0.0063
66 68 0.0003
71 68 0.01
908 68 0.0087
909 69 0.0076
631 70 0.0006
725 70 0.0041
726 70 0.0029
739 70 0.0002
66 71 0.0032
68 71 0.01
72 71 0.0158
71 72 0.0158
901 72 0.0006
908 72 0.0241
914 72 0.0027
915 72 0.0024
911 73 0.0004
912 73 0.0016
913 73 0.0072
914 73 0.002
920 73 0.0002
15 74 0.0018
36 74 0.0051
97 74 0.0118
693 74 0.0136
912 75 0.0018
922 75 0.0017
926 75 0.0016
930 75 0.0009
106 76 0.0119
392 76 0.0009
457 76 0.0061
101 77 0.0047
207 77 0.0013
325 77 0.0031
392 78 0.0006
452 79 0.0024
460 79 0.0011
606 79 0.0006
622 79 0.0039
897 80 0.0067
901 80 0.0017
915 80 0.0054
9 81 0.0013
10 81 0.0019
82 81 0.0025
177 81 0.0015
903 81 0.0024
81 82 0.0025
83 82 0.0004
177 82 0.0197
897 82 0.0006
902 82 0.0006
82 83 0.0004
84 83 0.0015
96 83 0.0014
83 84 0.0015
913 84 0.0005
916 84 0.0019
917 84 0.0024
86 85 0.0007
918 85 0.0244
919 85 0.0122
85 86 0.0007
926 86 0.0003
932 86 0.0037
937 86 0.0174
939 86 0.002
88 87 0.0141
104 87 0.0005
937 87 0.0128
938 87 0.0034
946 87 0.0007
87 88 0.0141
887 88 0.0045
894 88 0.0081
933 88 0.0005
946 88 0.0028
67 89 0.0007
389 90 0.0013
490 91 0.0042
887 92 0.0174
968 92 0.0004
970 92 0.0007
490 93 0.0085
1 94 0.0025
14 94 0.0024
21 94 0.0081
366 94 0.0053
99 95 0.0008
456 95 0.0039
459 95 0.0015
476 95 0.0008
83 96 0.0014
897 96 0.0043
913 96 0.0007
74 97 0.0118
338 97 0.0224
676 97 0.0004
7 98 0.0003
95 99 0.0008
100 99 0.0074
457 99 0.0017
99 100 0.0074
102 100 0.0108
462 100 0.001
466 100 0.0008
472 100 0.0252
8 101 0.0005
77 101 0.0047
329 101 0.0024
100 102 0.0108
103 102 0.0063
472 102 0.005
102 103 0.0063
87 104 0.0005
894 104 0.0003
928 104 0.0057
462 105 0.0007
76 106 0.0119
457 106 0.0041
485 106 0.0062
108 107 0.0189
110 107 0.0029
124 107 0.0021
107 108 0.0189
109 108 0.0049
981 108 0.0016
108 109 0.0049
110 109 0.021
114 109 0.0041
982 109 0.0014
107 110 0.0029
109 110 0.021
935 110 0.0303
123 111 0.0171
113 112 0.0109
494 112 0.0013
504 112 0.0243
746 112 0.0017
112 113 0.0109
109 114 0.0041
982 114 0.0155
992 114 0.0057
993 114 0.0024
500 115 0.0556
503 115 0.0012
508 115 0.0019
538 115 0.0005
245 116 0.0027
987 116 0.0018
993 116 0.001
119 117 0.0003
247 117 0.0171
784 117 0.0003
987 117 0.0031
988 117 0.0157
503 118 0.0019
117 119 0.0003
819 119 0.0056
1064 119 0.0011
358 120 0.0004
482 120 0.0004
1087 120 0.0017
122 121 0.0026
1027 121 0.0229
1063 121 0.0007
1064 121 0.0004
121 122 0.0026
560 122 0.0037
1029 122 0.0004
1043 122 0.0062
111 123 0.0171
924 123 0.0027
935 123 0.0074
107 124 0.0021
137 124 0.002
928 124 0.001
983 124 0.0059
137 125 0.0003
233 125 0.0007
896 125 0.0059
984 125 0.0034
131 126 0.0049
234 126 0.0029
896 126 0.0034
934 126 0.0032
131 127 0.0098
235 127 0.0012
969 127 0.0005
979 127 0.0053
996 127 0.0003
997 127 0.0006
996 128 0.0003
132 129 0.0006
528 129 0.0003
843 129 0.0042
131 130 0.0073
136 130 0.0011
888 130 0.0123
979 130 0.0039
126 131 0.0049
127 131 0.0098
130 131 0.0073
129 132 0.0006
843 133 0.002
536 134 0.0016
545 134 0.0012
843 134 0.0361
136 135 0.0008
895 135 0.0002
933 135 0.0005
130 136 0.0011
135 136 0.0008
933 136 0.0005
124 137 0.002
125 137 0.0003
895 137 0.0008
539 138 0.0078
140 139 0.0052
533 139 0.0052
539 139 0.0009
139 140 0.0052
141 140 0.0027
154 140 0.0074
439 140 0.0133
140 141 0.0027
144 142 0.0051
649 142 0.0247
782 142 0.002
789 142 0.001
10 143 0.0035
253 143 0.0019
943 143 0.0079
142 144 0.0051
547 144 0.0009
782 144 0.0007
315 145 0.0756
333 145 0.0006
955 145 0.016
41 146 0.0016
304 146 0.0086
955 146 0.0364
19 147 0.0215
527 147 0.0033
540 147 0.0013
602 147 0.0009
150 148 0.0008
549 148 0.0241
957 148 0.0224
961 148 0.0007
962 148 0.0004
547 149 0.0247
552 149 0.0016
781 149 0.0027
148 150 0.0008
151 150 0.0008
369 150 0.0026
961 150 0.0003
150 151 0.0008
964 151 0.002
977 151 0.0018
973 152 0.0133
974 152 0.0229
1006 152 0.0007
632 153 0.008
641 153 0.0009
670 153 0.0129
1006 153 0.0039
1008 153 0.0042
1009 153 0.0003
140 154 0.0074
439 154 0.0076
443 154 0.0341
552 154 0.0317
156 155 0.0045
157 155 0.0045
162 155 0.0025
453 155 0.0036
155 156 0.0045
155 157 0.0045
158 157 0.0015
160 157 0.0055
774 157 0.0008
157 158 0.0015
178 159 0.0011
336 159 0.0007
540 159 0.0048
608 159 0.0015
157 160 0.0055
161 160 0.0002
590 160 0.0012
754 160 0.0039
760 160 0.0008
160 161 0.0002
162 161 0.0007
590 161 0.0007
155 162 0.0025
161 162 0.0007
440 162 0.003
959 163 0.0004
376 164 0.0392
377 164 0.0103
405 164 0.1431
383 165 0.0006
763 165 0.001
768 165 0.001
168 166 0.0062
763 166 0.0037
764 166 0.002
794 166 0.0047
168 167 0.0314
699 167 0.0482
771 167 0.0386
772 167 0.0013
166 168 0.0062
167 168 0.0314
771 168 0.026
743 169 0.0003
798 169 0.001
801 169 0.0019
803 169 0.0196
738 170 0.002
315 171 0.0025
953 171 0.0012
954 171 0.0079
173 172 0.0063
176 172 0.013
190 172 0.0099
953 172 0.003
172 173 0.0063
176 173 0.0081
952 173 0.0027
952 174 0.0013
435 175 0.0015
441 175 0.0012
450 175 0.0009
617 175 0.0123
172 176 0.013
173 176 0.0081
940 176 0.0135
81 177 0.0015
82 177 0.0197
944 177 0.0029
945 177 0.0016
159 178 0.0011
205 178 0.0013
330 178 0.0026
336 178 0.0013
527 178 0.0006
602 178 0.0069
631 179 0.0002
694 179 0.0077
695 179 0.0217
946 180 0.0011
947 180 0.0012
952 180 0.0073
718 181 0.0032
747 181 0.002
749 181 0.0045
879 181 0.0012
944 182 0.0004
747 183 0.0006
704 184 0.0003
705 184 0.0018
750 184 0.002
751 184 0.0021
186 185 0.0021
703 185 0.0247
704 185 0.0025
185 186 0.0021
188 186 0.0077
812 186 0.0025
814 186 0.0038
814 187 0.0039
186 188 0.0077
189 188 0.0159
807 188 0.0091
812 188 0.0097
188 189 0.0159
808 189 0.0007
815 189 0.0025
172 190 0.0099
941 190 0.0016
942 190 0.0024
192 191 0.0007
193 191 0.0011
194 191 0.0009
655 191 0.0123
191 192 0.0007
191 193 0.0011
191 194 0.0009
655 194 0.0002
667 194 0.0013
828 194 0.0009
972 195 0.004
221 196 0.0034
322 196 0.0217
323 196 0.032
58 197 0.012
205 197 0.0009
322 197 0.0338
349 197 0.012
317 198 0.0089
348 198 0.0328
349 198 0.0336
673 199 0.004
684 199 0.0011
825 199 0.0054
306 200 0.0072
348 200 0.0006
371 200 0.0187
202 201 0.012
204 201 0.0102
306 201 0.0073
201 202 0.012
203 202 0.003
388 202 0.0021
202 203 0.003
225 203 0.0007
241 203 0.005
310 203 0.0009
790 203 0.0012
201 204 0.0102
206 204 0.0131
224 204 0.0009
58 205 0.0007
178 205 0.0013
197 205 0.0009
216 205 0.0115
817 205 0.0137
204 206 0.0131
207 206 0.0036
325 206 0.001
8 207 0.0183
77 207 0.0013
206 207 0.0036
209 208 0.002
210 208 0.0052
696 208 0.0061
730 208 0.0034
208 209 0.002
208 210 0.0052
334 210 0.0007
696 210 0.0021
479 211 0.0027
715 211 0.0004
863 211 0.0007
214 212 0.0003
215 212 0.0006
707 212 0.001
65 213 0.0004
900 213 0.0008
901 213 0.0067
212 214 0.0003
215 214 0.019
303 214 0.0035
212 215 0.0006
214 215 0.019
732 215 0.0029
205 216 0.0115
34 217 0.0004
331 217 0.0031
337 217 0.0366
219 218 0.0005
719 218 0.0148
728 218 0.0005
218 219 0.0005
220 219 0.0017
222 219 0.0033
728 219 0.0005
219 220 0.0017
58 221 0.0249
196 221 0.0034
346 221 0.0022
219 222 0.0033
299 223 0.0083
719 223 0.0005
744 223 0.0004
204 224 0.0009
225 224 0.0019
255 224 0.0003
203 225 0.0007
224 225 0.0019
226 225 0.0019
225 226 0.0019
227 226 0.0023
255 226 0.0008
226 227 0.0023
255 227 0.0025
310 227 0.0006
744 228 0.0053
379 229 0.0057
231 230 0.0023
301 230 0.0145
379 230 0.0099
230 231 0.0023
753 231 0.0021
757 231 0.0055
686 232 0.0046
687 232 0.0007
713 232 0.0015
885 232 0.0018
125 233 0.0007
259 233 0.0006
934 233 0.0085
980 233 0.0024
126 234 0.0029
235 234 0.005
934 234 0.0017
127 235 0.0012
234 235 0.005
236 235 0.0122
256 235 0.0015
997 235 0.006
235 236 0.0122
860 236 0.0018
997 236 0.0068
769 237 0.0108
301 238 0.0015
757 238 0.0007
769 238 0.0034
240 239 0.0125
385 239 0.0034
386 239 0.0058
390 239 0.0021
239 240 0.0125
203 241 0.005
296 241 0.0342
312 241 0.0686
790 241 0.0013
243 242 0.0028
784 242 0.0177
990 242 0.0035
242 243 0.0028
1064 244 0.0005
116 245 0.0027
388 246 0.0012
117 247 0.0171
282 247 0.004
819 247 0.0068
333 248 0.007
333 249 0.0006
1018 250 0.0006
1025 250 0.0368
1054 250 0.0057
252 251 0.0006
310 251 0.0154
333 251 0.0013
251 252 0.0006
143 253 0.0019
254 253 0.0007
255 253 0.0011
253 254 0.0007
224 255 0.0003
226 255 0.0008
227 255 0.0025
253 255 0.0011
235 256 0.0015
257 256 0.0006
295 256 0.0004
256 257 0.0006
258 257 0.0029
276 257 0.0013
295 257 0.0009
257 258 0.0029
259 258 0.0085
276 258 0.0003
233 259 0.0006
258 259 0.0085
267 259 0.0003
1035 259 0.0009
45 260 0.0004
304 260 0.0015
731 260 0.0168
284 261 0.0082
985 261 0.0018
989 261 0.001
1035 261 0.0019
263 262 0.02
980 262 0.0019
985 262 0.0039
262 263 0.02
264 263 0.0018
983 263 0.0017
984 263 0.0094
986 263 0.0003
263 264 0.0018
981 265 0.0003
268 266 0.0016
375 266 0.0005
838 266 0.0005
259 267 0.0003
270 267 0.0004
1034 267 0.0214
266 268 0.0016
272 268 0.0009
279 268 0.0002
393 268 0.0003
869 268 0.0127
57 269 0.0201
59 269 0.0376
320 269 0.0039
267 270 0.0004
271 270 0.0112
1023 270 0.009
1031 270 0.0019
270 271 0.0112
273 271 0.0008
1021 271 0.0003
1023 271 0.0084
1030 271 0.0009
268 272 0.0009
271 273 0.0008
274 273 0.0038
275 273 0.0011
1022 273 0.0009
273 274 0.0038
275 274 0.0018
628 274 0.0029
1005 274 0.0017
1022 274 0.0014
273 275 0.0011
274 275 0.0018
1030 275 0.0005
257 276 0.0013
258 276 0.0003
1030 276 0.0013
871 277 0.0021
821 278 0.0005
1023 278 0.0075
1024 278 0.0004
1038 278 0.011
268 279 0.0002
280 279 0.0013
393 279 0.0004
643 279 0.0009
844 279 0.0006
279 280 0.0013
819 281 0.0003
247 282 0.004
1034 282 0.0142
1036 282 0.0128
1034 283 0.0018
1035 283 0.0009
1036 283 0.007
261 284 0.0082
986 284 0.0021
989 284 0.0005
286 285 0.0011
399 285 0.0018
423 285 0.0047
426 285 0.0086
285 286 0.0011
982 287 0.0003
289 288 0.0072
292 288 0.0272
709 288 0.0269
288 289 0.0072
291 289 0.0004
292 289 0.0035
48 290 0.0005
289 291 0.0004
288 292 0.0272
289 292 0.0035
293 292 0.0079
372 292 0.0131
292 293 0.0079
372 293 0.0021
395 293 0.003
824 293 0.001
395 294 0.0055
643 294 0.0006
709 294 0.0023
256 295 0.0004
257 295 0.0009
998 295 0.0008
1001 295 0.0007
1002 295 0.0079
1030 295 0.0006
1032 295 0.0032
241 296 0.0342
297 296 0.0106
390 296 0.0006
296 297 0.0106
299 297 0.0035
359 297 0.0003
762 297 0.0208
307 298 0.0033
308 298 0.0022
833 298 0.0041
1020 298 0.0004
223 299 0.0083
297 299 0.0035
300 299 0.0087
299 300 0.0087
303 300 0.0104
741 300 0.0034
230 301 0.0145
238 301 0.0015
303 301 0.0008
762 301 0.0079
50 302 0.0019
214 303 0.0035
300 303 0.0104
301 303 0.0008
146 304 0.0086
260 304 0.0015
305 304 0.0163
45 305 0.0349
304 305 0.0163
728 305 0.001
200 306 0.0072
201 306 0.0073
371 306 0.0407
298 307 0.0033
298 308 0.0022
11 309 0.003
399 309 0.0025
424 309 0.0021
647 309 0.0012
203 310 0.0009
227 310 0.0006
251 310 0.0154
312 310 0.0005
647 311 0.0094
241 312 0.0686
310 312 0.0005
333 312 0.0006
314 313 0.0014
420 313 0.0023
522 313 0.0033
313 314 0.0014
145 315 0.0756
171 315 0.0025
941 315 0.0302
317 316 0.0038
421 316 0.0004
522 316 0.0055
198 317 0.0089
316 317 0.0038
779 317 0.0017
52 318 0.0024
46 319 0.003
49 319 0.015
421 319 0.0288
269 320 0.0039
321 320 0.0005
421 320 0.001
320 321 0.0005
322 321 0.0011
323 321 0.005
196 322 0.0217
197 322 0.0338
321 322 0.0011
44 323 0.0368
196 323 0.032
321 323 0.005
54 324 0.0366
77 325 0.0031
206 325 0.001
326 325 0.0039
325 326 0.0039
359 327 0.0015
5 328 0.0206
7 328 0.037
329 328 0.0008
101 329 0.0024
328 329 0.0008
330 329 0.0095
527 329 0.0011
178 330 0.0026
329 330 0.0095
867 330 0.0031
45 331 0.0337
217 331 0.0031
332 331 0.0019
331 332 0.0019
334 332 0.0019
339 332 0.0161
145 333 0.0006
248 333 0.007
249 333 0.0006
251 333 0.0013
312 333 0.0006
359 333 0.0026
39 334 0.0075
210 334 0.0007
332 334 0.0019
741 334 0.0025
744 334 0.0007
743 335 0.0146
764 335 0.0005
772 335 0.0008
159 336 0.0007
178 336 0.0013
573 336 0.0003
608 336 0.0013
29 337 0.0305
30 337 0.0159
217 337 0.0366
24 338 0.0182
97 338 0.0224
339 338 0.0008
345 338 0.0002
482 338 0.0002
30 339 0.0007
332 339 0.0161
338 339 0.0008
719 339 0.0083
31 340 0.0012
361 340 0.0007
549 340 0.0481
31 341 0.0135
34 341 0.0012
342 341 0.0098
358 341 0.0007
361 341 0.0004
341 342 0.0098
350 342 0.0053
362 342 0.0013
14 343 0.0073
482 343 0.0212
1087 343 0.0037
817 344 0.0052
17 345 0.016
338 345 0.0002
679 345 0.015
221 346 0.0022
348 347 0.0013
349 347 0.0014
817 347 0.009
198 348 0.0328
200 348 0.0006
347 348 0.0013
197 349 0.012
198 349 0.0336
347 349 0.0014
342 350 0.0053
358 350 0.0021
363 350 0.0012
1087 350 0.0102
4 351 0.033
5 351 0.0281
19 351 0.0014
18 352 0.0122
19 352 0.0195
353 352 0.0004
352 353 0.0004
355 353 0.0118
792 353 0.0199
31 354 0.0024
627 354 0.0009
639 354 0.0011
761 354 0.0006
353 355 0.0118
54 356 0.0009
43 357 0.0122
25 358 0.0009
120 358 0.0004
341 358 0.0007
350 358 0.0021
297 359 0.0003
327 359 0.0015
333 359 0.0026
731 360 0.0013
340 361 0.0007
341 361 0.0004
362 361 0.0007
342 362 0.0013
361 362 0.0007
363 362 0.0006
350 363 0.0012
362 363 0.0006
364 363 0.0331
369 363 0.0041
976 363 0.0008
1087 363 0.0052
363 364 0.0331
365 364 0.0039
976 364 0.0007
1087 364 0.0011
364 365 0.0039
366 365 0.0014
368 365 0.0003
976 365 0.0004
1 366 0.0007
94 366 0.0053
365 366 0.0014
368 366 0.0002
1082 367 0.0062
1083 367 0.001
1086 367 0.0058
365 368 0.0003
366 368 0.0002
976 368 0.0099
1009 368 0.0021
1086 368 0.0363
150 369 0.0026
363 369 0.0041
977 369 0.0019
49 370 0.0002
413 370 0.0024
414 370 0.0051
200 371 0.0187
306 371 0.0407
372 371 0.0188
833 371 0.0011
1020 371 0.0006
292 372 0.0131
293 372 0.0021
371 372 0.0188
374 373 0.0233
387 373 0.1341
816 373 0.0121
871 373 0.0081
373 374 0.0233
375 374 0.0108
871 374 0.0075
266 375 0.0005
374 375 0.0108
377 375 0.0032
846 375 0.0022
164 376 0.0392
404 376 0.0552
405 376 0.0314
853 376 0.0016
859 376 0.0124
164 377 0.0103
375 377 0.0032
383 377 0.0089
67 378 0.008
458 378 0.0336
505 378 0.0003
229 379 0.0057
230 379 0.0099
380 379 0.0063
381 379 0.0002
733 379 0.001
379 380 0.0063
381 380 0.0007
724 380 0.001
734 380 0.0139
379 381 0.0002
380 381 0.0007
382 381 0.0058
614 381 0.0028
381 382 0.0058
383 382 0.0009
384 382 0.0048
614 382 0.0068
165 383 0.0006
377 383 0.0089
382 383 0.0009
697 383 0.0096
382 384 0.0048
385 384 0.0016
757 384 0.0012
239 385 0.0034
384 385 0.0016
390 385 0.0005
239 386 0.0058
387 386 0.0013
391 386 0.0026
373 387 0.1341
386 387 0.0013
811 387 0.0016
202 388 0.0021
246 388 0.0012
811 388 0.0081
816 388 0.0008
90 389 0.0013
392 389 0.006
606 389 0.0038
239 390 0.0021
296 390 0.0006
385 390 0.0005
391 390 0.0016
767 390 0.0039
386 391 0.0026
390 391 0.0016
797 391 0.0003
76 392 0.0009
78 392 0.0006
389 392 0.006
835 392 0.0021
268 393 0.0003
279 393 0.0004
394 393 0.0026
393 394 0.0026
293 395 0.003
294 395 0.0055
866 395 0.0013
835 396 0.0073
835 397 0.0153
49 398 0.0154
399 398 0.0081
422 398 0.0107
424 398 0.0014
458 398 0.067
285 399 0.0018
309 399 0.0025
398 399 0.0081
400 399 0.0028
426 399 0.0011
399 400 0.0028
401 400 0.0104
431 400 0.0003
400 401 0.0104
402 401 0.0145
432 401 0.001
625 401 0.0326
401 402 0.0145
403 402 0.0064
590 402 0.0034
402 403 0.0064
404 403 0.0239
760 403 0.0021
376 404 0.0552
403 404 0.0239
768 404 0.01
164 405 0.1431
376 405 0.0314
406 405 0.0008
768 405 0.0123
405 406 0.0008
837 407 0.0037
1041 408 0.009
410 409 0.0037
60 410 0.0006
409 410 0.0037
411 410 0.0057
46 411 0.0004
61 411 0.0044
410 411 0.0057
412 411 0.0148
411 412 0.0148
370 413 0.0024
49 414 0.0084
370 414 0.0051
415 414 0.0007
417 414 0.0029
414 415 0.0007
610 416 0.0027
616 416 0.0005
619 416 0.0012
621 416 0.001
414 417 0.0029
420 418 0.0006
421 418 0.001
522 418 0.0016
481 419 0.0021
49 420 0.0005
313 420 0.0023
418 420 0.0006
316 421 0.0004
319 421 0.0288
320 421 0.001
418 421 0.001
398 422 0.0107
285 423 0.0047
428 423 0.0009
643 423 0.0003
309 424 0.0021
398 424 0.0014
647 424 0.0029
426 425 0.0003
285 426 0.0086
399 426 0.0011
425 426 0.0003
427 426 0.0008
426 427 0.0008
423 428 0.0009
67 429 0.0034
430 429 0.0012
434 429 0.0034
429 430 0.0012
400 431 0.0003
432 431 0.0085
458 431 0.0014
460 431 0.001
401 432 0.001
431 432 0.0085
480 432 0.0161
481 432 0.0004
435 433 0.0035
476 433 0.0002
480 433 0.0191
429 434 0.0034
175 435 0.0015
433 435 0.0035
436 435 0.0095
484 435 0.0022
617 435 0.0065
435 436 0.0095
437 436 0.0013
484 436 0.0007
486 436 0.0007
436 437 0.0013
438 437 0.0112
448 437 0.0207
529 437 0.0004
437 438 0.0112
439 438 0.0141
448 438 0.0151
525 438 0.0006
140 439 0.0133
154 439 0.0076
438 439 0.0141
162 440 0.003
441 440 0.0016
625 440 0.0089
175 441 0.0012
440 441 0.0016
442 441 0.0019
447 441 0.0006
441 442 0.0019
554 442 0.003
780 442 0.0007
154 443 0.0341
539 443 0.0026
552 443 0.0413
781 443 0.0049
445 444 0.0004
480 444 0.0286
625 444 0.0002
444 445 0.0004
490 446 0.0064
441 447 0.0006
449 447 0.001
554 447 0.0045
437 448 0.0207
438 448 0.0151
449 448 0.0037
447 449 0.001
448 449 0.0037
617 449 0.0002
175 450 0.0009
476 451 0.0045
79 452 0.0024
155 453 0.0036
454 453 0.0131
774 453 0.0012
780 453 0.0084
453 454 0.0131
649 454 0.0194
777 454 0.001
1041 455 0.0035
95 456 0.0039
76 457 0.0061
99 457 0.0017
106 457 0.0041
460 457 0.0002
462 457 0.0065
476 457 0.0007
378 458 0.0336
398 458 0.067
431 458 0.0014
95 459 0.0015
79 460 0.0011
431 460 0.001
457 460 0.0002
481 460 0.0028
547 461 0.0019
550 461 0.0016
552 461 0.011
554 461 0.0019
100 462 0.001
105 462 0.0007
457 462 0.0065
464 463 0.0011
472 463 0.0011
478 463 0.0179
463 464 0.0011
465 464 0.0004
467 464 0.0015
464 465 0.0004
100 466 0.0008
467 466 0.0128
473 466 0.0008
478 466 0.0118
464 467 0.0015
466 467 0.0128
468 467 0.0087
467 468 0.0087
469 468 0.0021
877 468 0.0003
468 469 0.0021
470 469 0.0011
483 469 0.0001
469 470 0.0011
471 470 0.0029
490 470 0.0035
470 471 0.0029
493 471 0.0007
494 471 0.0005
100 472 0.0252
102 472 0.005
463 472 0.0011
478 472 0.0004
466 473 0.0008
474 473 0.0032
477 473 0.0004
473 474 0.0032
475 474 0.0006
477 474 0.0015
474 475 0.0006
95 476 0.0008
433 476 0.0002
451 476 0.0045
457 476 0.0007
477 476 0.0013
473 477 0.0004
474 477 0.0015
476 477 0.0013
483 477 0.0002
463 478 0.0179
466 478 0.0118
472 478 0.0004
211 479 0.0027
718 479 0.0023
745 479 0.0013
432 480 0.0161
433 480 0.0191
444 480 0.0286
419 481 0.0021
432 481 0.0004
460 481 0.0028
120 482 0.0004
338 482 0.0002
343 482 0.0212
469 483 0.0001
477 483 0.0002
484 483 0.0012
435 484 0.0022
436 484 0.0007
483 484 0.0012
106 485 0.0062
436 486 0.0007
487 486 0.0035
532 486 0.0003
486 487 0.0035
488 487 0.0009
507 487 0.0072
487 488 0.0009
494 488 0.0004
495 488 0.0024
492 489 0.0085
497 489 0.0016
501 489 0.0005
746 489 0.0006
91 490 0.0042
93 490 0.0085
446 490 0.0064
470 490 0.0035
491 490 0.004
490 491 0.004
489 492 0.0085
497 492 0.0017
498 492 0.0002
788 492 0.0076
471 493 0.0007
112 494 0.0013
471 494 0.0005
488 494 0.0004
488 495 0.0024
496 495 0.0148
524 495 0.0003
495 496 0.0148
497 496 0.002
746 496 0.0016
489 497 0.0016
492 497 0.0017
496 497 0.002
492 498 0.0002
520 498 0.0004
858 498 0.0002
746 499 0.0007
115 500 0.0556
502 500 0.0106
533 500 0.0008
489 501 0.0005
500 502 0.0106
508 502 0.0022
512 502 0.0046
115 503 0.0012
118 503 0.0019
506 503 0.0012
112 504 0.0243
378 505 0.0003
503 506 0.0012
487 507 0.0072
509 507 0.0023
514 507 0.0002
115 508 0.0019
502 508 0.0022
513 508 0.0073
507 509 0.0023
510 509 0.0023
515 509 0.0002
531 509 0.0003
509 510 0.0023
511 510 0.0292
531 510 0.0003
510 511 0.0292
519 511 0.001
526 511 0.0012
502 512 0.0046
508 513 0.0073
516 513 0.0013
517 513 0.0066
507 514 0.0002
509 515 0.0002
513 516 0.0013
513 517 0.0066
535 518 0.0004
511 519 0.001
498 520 0.0004
535 521 0.0002
313 522 0.0033
316 522 0.0055
418 522 0.0016
535 523 0.0012
544 523 0.0177
545 523 0.0018
495 524 0.0003
438 525 0.0006
526 525 0.0002
529 525 0.0022
511 526 0.0012
525 526 0.0002
530 526 0.0003
147 527 0.0033
178 527 0.0006
329 527 0.0011
129 528 0.0003
437 529 0.0004
525 529 0.0022
530 529 0.0001
526 530 0.0003
529 530 0.0001
531 530 0.0068
532 530 0.0038
509 531 0.0003
510 531 0.0003
530 531 0.0068
532 531 0.0035
486 532 0.0003
530 532 0.0038
531 532 0.0035
139 533 0.0052
500 533 0.0008
535 533 0.0009
756 534 0.0006
758 534 0.0053
794 534 0.0008
518 535 0.0004
521 535 0.0002
523 535 0.0012
533 535 0.0009
134 536 0.0016
839 536 0.0008
840 536 0.0016
546 537 0.0005
115 538 0.0005
138 539 0.0078
139 539 0.0009
443 539 0.0026
544 539 0.0025
782 539 0.0104
147 540 0.0013
159 540 0.0048
602 540 0.0037
608 540 0.001
756 541 0.0007
760 541 0.0008
763 541 0.0313
570 542 0.0023
631 542 0.0002
695 542 0.0004
700 542 0.0023
715 542 0.0008
726 542 0.0008
745 542 0.0011
748 542 0.0012
649 543 0.0041
657 543 0.004
777 543 0.0061
523 544 0.0177
539 544 0.0025
785 544 0.0003
134 545 0.0012
523 545 0.0018
786 545 0.0004
537 546 0.0005
548 546 0.0022
843 546 0.0162
144 547 0.0009
149 547 0.0247
461 547 0.0019
780 547 0.0006
546 548 0.0022
40 549 0.0159
148 549 0.0241
340 549 0.0481
461 550 0.0016
638 551 0.001
640 551 0.0004
650 551 0.0002
893 551 0.0001
149 552 0.0016
154 552 0.0317
443 552 0.0413
461 552 0.011
783 553 0.0003
442 554 0.003
447 554 0.0045
461 554 0.0019
559 554 0.006
556 555 0.0067
569 555 0.0026
834 555 0.0168
555 556 0.0067
557 556 0.0435
615 556 0.0018
556 557 0.0435
592 557 0.0089
610 557 0.0047
560 558 0.0003
554 559 0.006
122 560 0.0037
558 560 0.0003
1047 560 0.0014
563 561 0.0022
1055 561 0.0004
1062 561 0.0003
1042 562 0.0081
1061 562 0.0034
1062 562 0.0048
561 563 0.0022
1055 563 0.0006
1058 563 0.0085
1059 563 0.0018
633 564 0.0014
642 564 0.0028
995 564 0.0013
566 565 0.0006
569 565 0.0003
588 565 0.0004
589 565 0.0028
855 565 0.0017
565 566 0.0006
567 566 0.0021
571 566 0.0003
566 567 0.0021
855 567 0.001
1040 567 0.0014
574 568 0.0017
1040 568 0.0024
1042 568 0.0016
555 569 0.0026
565 569 0.0003
834 569 0.0006
542 570 0.0023
726 570 0.0043
740 570 0.0009
566 571 0.0003
572 571 0.0031
582 571 0.0045
571 572 0.0031
596 572 0.0012
876 572 0.0009
336 573 0.0003
568 574 0.0017
575 574 0.0005
1040 574 0.0047
574 575 0.0005
577 576 0.004
576 577 0.004
579 578 0.0256
578 579 0.0256
580 579 0.037
582 579 0.004
579 580 0.037
581 580 0.0028
865 580 0.0009
580 581 0.0028
571 582 0.0045
579 582 0.004
583 582 0.0006
582 583 0.0006
584 583 0.0028
865 583 0.0019
583 584 0.0028
864 584 0.0014
865 584 0.0012
586 585 0.0003
585 586 0.0003
588 587 0.0009
565 588 0.0004
587 588 0.0009
591 588 0.0008
592 588 0.0014
565 589 0.0028
160 590 0.0012
161 590 0.0007
402 590 0.0034
588 591 0.0008
557 592 0.0089
588 592 0.0014
593 592 0.0017
592 593 0.0017
594 593 0.0038
595 593 0.0275
593 594 0.0038
595 594 0.0329
876 594 0.0001
891 594 0.0002
593 595 0.0275
594 595 0.0329
605 595 0.0038
572 596 0.0012
864 596 0.0019
876 596 0.0199
864 597 0.0003
599 598 0.0216
677 598 0.0018
1077 598 0.0162
1082 598 0.0047
598 599 0.0216
600 599 0.0018
672 599 0.0001
678 599 0.0181
599 600 0.0018
601 600 0.0038
672 600 0.0003
600 601 0.0038
654 601 0.0007
678 601 0.0025
147 602 0.0009
178 602 0.0069
540 602 0.0037
604 603 0.0004
653 603 0.0002
654 603 0.0058
603 604 0.0004
595 605 0.0038
609 605 0.003
890 605 0.0012
67 606 0.0063
79 606 0.0006
389 606 0.0038
609 607 0.0027
159 608 0.0015
336 608 0.0013
540 608 0.001
605 609 0.003
607 609 0.0027
613 609 0.0005
416 610 0.0027
557 610 0.0047
611 610 0.012
615 610 0.0005
610 611 0.012
612 611 0.0027
1039 611 0.0002
611 612 0.0027
613 612 0.0003
616 612 0.0006
609 613 0.0005
612 613 0.0003
616 613 0.0099
618 613 0.0011
381 614 0.0028
382 614 0.0068
697 614 0.0068
737 614 0.0003
556 615 0.0018
610 615 0.0005
620 615 0.0086
1017 615 0.0008
416 616 0.0005
612 616 0.0006
613 616 0.0099
175 617 0.0123
435 617 0.0065
449 617 0.0002
613 618 0.0011
416 619 0.0012
615 620 0.0086
621 620 0.0079
1014 620 0.0005
1017 620 0.0204
416 621 0.001
620 621 0.0079
630 621 0.0001
79 622 0.0039
624 623 0.0143
626 623 0.0011
1016 623 0.0007
623 624 0.0143
401 625 0.0326
440 625 0.0089
444 625 0.0002
623 626 0.0011
1014 626 0.0004
1015 626 0.0002
354 627 0.0009
274 628 0.0029
629 628 0.0013
636 628 0.0002
1013 628 0.0008
628 629 0.0013
630 629 0.0011
1012 629 0.0005
1013 629 0.0008
621 630 0.0001
629 630 0.0011
637 630 0.0008
70 631 0.0006
179 631 0.0002
542 631 0.0002
153 632 0.008
633 632 0.0007
641 632 0.0062
564 633 0.0014
632 633 0.0007
634 633 0.0095
633 634 0.0095
635 634 0.0014
658 634 0.0017
634 635 0.0014
636 635 0.0029
644 635 0.0004
628 636 0.0002
635 636 0.0029
637 636 0.0019
630 637 0.0008
636 637 0.0019
638 637 0.0006
551 638 0.001
637 638 0.0006
646 638 0.0014
354 639 0.0011
551 640 0.0004
153 641 0.0009
632 641 0.0062
1007 641 0.0077
564 642 0.0028
889 642 0.0002
1032 642 0.0019
279 643 0.0009
294 643 0.0006
423 643 0.0003
844 643 0.0009
635 644 0.0004
892 645 0.0003
638 646 0.0014
648 646 0.0001
665 646 0.0008
309 647 0.0012
311 647 0.0094
424 647 0.0029
646 648 0.0001
142 649 0.0247
454 649 0.0194
543 649 0.0041
551 650 0.0002
651 650 0.0005
652 650 0.0002
650 651 0.0005
650 652 0.0002
603 653 0.0002
601 654 0.0007
603 654 0.0058
656 654 0.0023
191 655 0.0123
194 655 0.0002
808 655 0.001
654 656 0.0023
543 657 0.004
783 657 0.0003
793 657 0.0026
634 658 0.0017
659 658 0.0046
672 658 0.064
658 659 0.0046
660 659 0.0001
661 659 0.0007
659 660 0.0001
659 661 0.0007
662 661 0.0003
664 661 0.0003
661 662 0.0003
718 663 0.0004
661 664 0.0003
646 665 0.0008
668 666 0.0002
194 667 0.0013
669 667 0.0138
828 667 0.0039
666 668 0.0002
667 669 0.0138
674 669 0.0003
799 669 0.0002
826 669 0.0035
827 669 0.0005
153 670 0.0129
672 670 0.0004
1009 670 0.001
673 671 0.0004
674 671 0.0022
806 671 0.0024
807 671 0.0007
599 672 0.0001
600 672 0.0003
658 672 0.064
670 672 0.0004
199 673 0.004
671 673 0.0004
684 673 0.0026
826 673 0.0174
669 674 0.0003
671 674 0.0022
826 674 0.0005
1078 675 0.0013
1084 675 0.0005
1088 675 0.0023
36 676 0.0009
39 676 0.0005
97 676 0.0004
692 676 0.0008
598 677 0.0018
680 677 0.0006
1079 677 0.0032
599 678 0.0181
601 678 0.0025
681 678 0.0056
15 679 0.0016
345 679 0.015
1084 679 0.0015
1085 679 0.0068
1089 679 0.0007
677 680 0.0006
681 680 0.0009
1080 680 0.0021
678 681 0.0056
680 681 0.0009
682 681 0.0396
681 682 0.0396
683 682 0.0003
706 682 0.0007
682 683 0.0003
199 684 0.0011
673 684 0.0026
791 684 0.0002
799 685 0.0009
232 686 0.0046
687 686 0.0043
1085 686 0.0097
232 687 0.0007
686 687 0.0043
688 687 0.0038
687 688 0.0038
690 688 0.0048
717 688 0.0012
794 689 0.0017
688 690 0.0048
691 690 0.0028
706 690 0.0107
690 691 0.0028
711 691 0.0312
863 691 0.0017
676 692 0.0008
36 693 0.0012
74 693 0.0136
694 693 0.0095
720 693 0.0007
179 694 0.0077
693 694 0.0095
695 694 0.0023
179 695 0.0217
542 695 0.0004
694 695 0.0023
716 695 0.0014
885 695 0.0079
208 696 0.0061
210 696 0.0021
721 696 0.0004
868 696 0.0004
383 697 0.0096
614 697 0.0068
698 697 0.0085
737 697 0.0008
763 697 0.0006
697 698 0.0085
699 698 0.017
771 698 0.0063
167 699 0.0482
698 699 0.017
854 699 0.0009
856 699 0.0217
542 700 0.0023
701 700 0.0172
854 700 0.0036
700 701 0.0172
702 701 0.0005
804 701 0.0005
701 702 0.0005
703 702 0.0006
723 702 0.0011
805 702 0.0012
185 703 0.0247
702 703 0.0006
748 703 0.0007
184 704 0.0003
185 704 0.0025
705 704 0.0109
184 705 0.0018
704 705 0.0109
815 705 0.0036
682 706 0.0007
690 706 0.0107
1065 706 0.0008
212 707 0.001
725 707 0.0176
732 707 0.0215
1066 708 0.0005
288 709 0.0269
294 709 0.0023
844 709 0.0238
1071 710 0.004
691 711 0.0312
1065 711 0.0004
1069 711 0.0175
1075 712 0.0004
232 713 0.0015
714 713 0.0355
885 713 0.0011
713 714 0.0355
715 714 0.0007
717 714 0.0014
211 715 0.0004
542 715 0.0008
714 715 0.0007
20 716 0.0002
22 716 0.0003
695 716 0.0014
688 717 0.0012
714 717 0.0014
863 717 0.0045
181 718 0.0032
479 718 0.0023
663 718 0.0004
747 718 0.0017
218 719 0.0148
223 719 0.0005
339 719 0.0083
39 720 0.0031
693 720 0.0007
868 720 0.0052
696 721 0.0004
722 721 0.0019
868 721 0.0019
721 722 0.0019
702 723 0.0011
806 723 0.0016
814 723 0.031
380 724 0.001
725 724 0.0049
729 724 0.0041
732 724 0.0004
733 724 0.0012
70 725 0.0041
707 725 0.0176
724 725 0.0049
70 726 0.0029
542 726 0.0008
570 726 0.0043
837 727 0.0031
218 728 0.0005
219 728 0.0005
305 728 0.001
724 729 0.0041
734 729 0.0004
735 729 0.004
208 730 0.0034
40 731 0.0151
260 731 0.0168
360 731 0.0013
215 732 0.0029
707 732 0.0215
724 732 0.0004
379 733 0.001
724 733 0.0012
886 733 0.0013
380 734 0.0139
729 734 0.0004
735 734 0.0088
729 735 0.004
734 735 0.0088
736 735 0.0011
737 735 0.0013
738 735 0.0028
735 736 0.0011
614 737 0.0003
697 737 0.0008
735 737 0.0013
170 738 0.002
735 738 0.0028
739 738 0.0006
70 739 0.0002
738 739 0.0006
740 739 0.0013
570 740 0.0009
739 740 0.0013
854 740 0.0306
300 741 0.0034
334 741 0.0025
744 741 0.0021
55 742 0.0007
169 743 0.0003
335 743 0.0146
773 743 0.0011
223 744 0.0004
228 744 0.0053
334 744 0.0007
741 744 0.0021
479 745 0.0013
542 745 0.0011
752 745 0.0073
879 745 0.0007
112 746 0.0017
489 746 0.0006
496 746 0.0016
499 746 0.0007
181 747 0.002
183 747 0.0006
718 747 0.0017
862 747 0.0007
542 748 0.0012
703 748 0.0007
752 748 0.0062
181 749 0.0045
750 749 0.0031
879 749 0.0041
184 750 0.002
749 750 0.0031
751 750 0.0051
184 751 0.0021
750 751 0.0051
879 751 0.0051
745 752 0.0073
748 752 0.0062
879 752 0.0011
231 753 0.0021
160 754 0.0039
755 754 0.004
774 754 0.0007
754 755 0.004
756 755 0.1065
775 755 0.0002
534 756 0.0006
541 756 0.0007
755 756 0.1065
777 756 0.0005
857 756 0.0031
231 757 0.0055
238 757 0.0007
384 757 0.0012
534 758 0.0053
759 758 0.003
778 758 0.0002
758 759 0.003
813 759 0.0004
829 759 0.0009
884 759 0.0027
160 760 0.0008
403 760 0.0021
541 760 0.0008
768 760 0.0008
354 761 0.0006
297 762 0.0208
301 762 0.0079
767 762 0.0254
165 763 0.001
166 763 0.0037
541 763 0.0313
697 763 0.0006
770 763 0.0114
771 763 0.0036
857 763 0.0025
166 764 0.002
335 764 0.0005
765 764 0.0034
764 765 0.0034
766 765 0.0017
773 765 0.0005
794 765 0.0002
795 765 0.0013
765 766 0.0017
791 766 0.001
822 766 0.0003
390 767 0.0039
762 767 0.0254
769 767 0.0171
165 768 0.001
404 768 0.01
405 768 0.0123
760 768 0.0008
237 769 0.0108
238 769 0.0034
767 769 0.0171
763 770 0.0114
794 770 0.0038
857 770 0.0006
167 771 0.0386
168 771 0.026
698 771 0.0063
763 771 0.0036
167 772 0.0013
335 772 0.0008
856 772 0.0543
743 773 0.0011
765 773 0.0005
818 773 0.0023
157 774 0.0008
453 774 0.0012
754 774 0.0007
775 774 0.0005
755 775 0.0002
774 775 0.0005
776 775 0.0008
775 776 0.0008
454 777 0.001
543 777 0.0061
756 777 0.0005
778 777 0.0005
758 778 0.0002
777 778 0.0005
787 778 0.0039
829 778 0.0005
317 779 0.0017
442 780 0.0007
453 780 0.0084
547 780 0.0006
149 781 0.0027
443 781 0.0049
782 781 0.0022
142 782 0.002
144 782 0.0007
539 782 0.0104
781 782 0.0022
783 782 0.0005
553 783 0.0003
657 783 0.0003
782 783 0.0005
785 783 0.0015
117 784 0.0003
242 784 0.0177
991 784 0.0017
544 785 0.0003
783 785 0.0015
787 785 0.0004
545 786 0.0004
787 786 0.0029
839 786 0.0125
847 786 0.0011
778 787 0.0039
785 787 0.0004
786 787 0.0029
492 788 0.0076
142 789 0.001
203 790 0.0012
241 790 0.0013
797 790 0.004
802 790 0.0011
684 791 0.0002
766 791 0.001
827 791 0.0002
353 792 0.0199
657 793 0.0026
166 794 0.0047
534 794 0.0008
689 794 0.0017
765 794 0.0002
770 794 0.0038
795 794 0.0007
765 795 0.0013
794 795 0.0007
796 795 0.0012
795 796 0.0012
391 797 0.0003
790 797 0.004
802 797 0.0011
169 798 0.001
669 799 0.0002
685 799 0.0009
800 799 0.0009
799 800 0.0009
169 801 0.0019
803 801 0.0018
856 801 0.0379
790 802 0.0011
797 802 0.0011
811 802 0.004
169 803 0.0196
801 803 0.0018
804 803 0.0043
701 804 0.0005
803 804 0.0043
805 804 0.022
702 805 0.0012
804 805 0.022
806 805 0.0026
825 805 0.0081
671 806 0.0024
723 806 0.0016
805 806 0.0026
188 807 0.0091
671 807 0.0007
808 807 0.0023
812 807 0.0044
828 807 0.0002
189 808 0.0007
655 808 0.001
807 808 0.0023
809 808 0.0004
808 809 0.0004
810 809 0.0052
881 809 0.001
882 809 0.004
809 810 0.0052
387 811 0.0016
388 811 0.0081
802 811 0.004
186 812 0.0025
188 812 0.0097
807 812 0.0044
814 812 0.012
759 813 0.0004
186 814 0.0038
187 814 0.0039
723 814 0.031
812 814 0.012
189 815 0.0025
705 815 0.0036
883 815 0.0052
373 816 0.0121
388 816 0.0008
844 816 0.0096
205 817 0.0137
344 817 0.0052
347 817 0.009
773 818 0.0023
119 819 0.0056
247 819 0.0068
281 819 0.0003
821 819 0.0111
1027 819 0.0038
825 820 0.0011
278 821 0.0005
819 821 0.0111
1026 821 0.0016
1038 821 0.0024
766 822 0.0003
827 823 0.0003
293 824 0.001
833 824 0.0104
866 824 0.0299
199 825 0.0054
805 825 0.0081
820 825 0.0011
669 826 0.0035
673 826 0.0174
674 826 0.0005
669 827 0.0005
791 827 0.0002
823 827 0.0003
194 828 0.0009
667 828 0.0039
807 828 0.0002
759 829 0.0009
778 829 0.0005
830 829 0.0007
850 829 0.0007
829 830 0.0007
831 830 0.0016
836 830 0.0002
830 831 0.0016
832 831 0.0001
880 831 0.0001
831 832 0.0001
298 833 0.0041
371 833 0.0011
824 833 0.0104
555 834 0.0168
569 834 0.0006
1053 834 0.0044
392 835 0.0021
396 835 0.0073
397 835 0.0153
830 836 0.0002
407 837 0.0037
727 837 0.0031
842 837 0.0014
266 838 0.0005
846 838 0.001
851 838 0.009
536 839 0.0008
786 839 0.0125
840 839 0.009
845 839 0.0003
847 839 0.0028
536 840 0.0016
839 840 0.009
841 840 0.0001
840 841 0.0001
837 842 0.0014
129 843 0.0042
133 843 0.002
134 843 0.0361
546 843 0.0162
279 844 0.0006
643 844 0.0009
709 844 0.0238
816 844 0.0096
839 845 0.0003
375 846 0.0022
838 846 0.001
853 846 0.0026
786 847 0.0011
839 847 0.0028
848 847 0.0002
850 847 0.0007
847 848 0.0002
849 848 0.0005
850 848 0.0004
848 849 0.0005
829 850 0.0007
847 850 0.0007
848 850 0.0004
838 851 0.009
45 852 0.0068
376 853 0.0016
846 853 0.0026
859 853 0.0002
699 854 0.0009
700 854 0.0036
740 854 0.0306
565 855 0.0017
567 855 0.001
1040 855 0.0006
1042 855 0.0037
1062 855 0.0096
699 856 0.0217
772 856 0.0543
801 856 0.0379
756 857 0.0031
763 857 0.0025
770 857 0.0006
498 858 0.0002
376 859 0.0124
853 859 0.0002
861 859 0.0007
236 860 0.0018
1006 860 0.0012
1007 860 0.0357
859 861 0.0007
747 862 0.0007
211 863 0.0007
691 863 0.0017
717 863 0.0045
584 864 0.0014
596 864 0.0019
597 864 0.0003
580 865 0.0009
583 865 0.0019
584 865 0.0012
395 866 0.0013
824 866 0.0299
870 866 0.0071
330 867 0.0031
696 868 0.0004
720 868 0.0052
721 868 0.0019
268 869 0.0127
866 870 0.0071
277 871 0.0021
373 871 0.0081
374 871 0.0075
873 871 0.004
874 872 0.0002
871 873 0.004
875 873 0.0011
878 873 0.0032
872 874 0.0002
873 875 0.0011
572 876 0.0009
594 876 0.0001
596 876 0.0199
468 877 0.0003
873 878 0.0032
181 879 0.0012
745 879 0.0007
749 879 0.0041
751 879 0.0051
752 879 0.0011
831 880 0.0001
809 881 0.001
809 882 0.004
815 883 0.0052
759 884 0.0027
232 885 0.0018
695 885 0.0079
713 885 0.0011
733 886 0.0013
88 887 0.0045
92 887 0.0174
888 887 0.0088
947 887 0.0015
130 888 0.0123
887 888 0.0088
970 888 0.0031
642 889 0.0002
605 890 0.0012
594 891 0.0002
645 892 0.0003
551 893 0.0001
88 894 0.0081
104 894 0.0003
895 894 0.0082
135 895 0.0002
137 895 0.0008
894 895 0.0082
896 895 0.0017
125 896 0.0059
126 896 0.0034
895 896 0.0017
80 897 0.0067
82 897 0.0006
96 897 0.0043
898 897 0.0005
915 897 0.0043
897 898 0.0005
899 898 0.0014
902 898 0.0021
898 899 0.0014
900 899 0.0045
901 899 0.0005
902 899 0.0005
903 899 0.0003
7 900 0.003
213 900 0.0008
899 900 0.0045
72 901 0.0006
80 901 0.0017
213 901 0.0067
899 901 0.0005
82 902 0.0006
898 902 0.0021
899 902 0.0005
81 903 0.0024
899 903 0.0003
904 903 0.0003
903 904 0.0003
32 905 0.0051
32 906 0.0029
908 907 0.0011
68 908 0.0087
72 908 0.0241
907 908 0.0011
921 908 0.003
69 909 0.0076
910 909 0.0101
911 909 0.054
921 909 0.0718
909 910 0.0101
73 911 0.0004
909 911 0.054
912 911 0.0004
73 912 0.0016
75 912 0.0018
911 912 0.0004
73 913 0.0072
84 913 0.0005
96 913 0.0007
915 913 0.0035
72 914 0.0027
73 914 0.002
915 914 0.0008
921 914 0.0003
72 915 0.0024
80 915 0.0054
897 915 0.0043
913 915 0.0035
914 915 0.0008
84 916 0.0019
917 916 0.0011
918 916 0.0041
920 916 0.0032
84 917 0.0024
916 917 0.0011
940 917 0.0027
85 918 0.0244
916 918 0.0041
919 918 0.0133
939 918 0.0009
85 919 0.0122
918 919 0.0133
920 919 0.0019
73 920 0.0002
916 920 0.0032
919 920 0.0019
908 921 0.003
909 921 0.0718
914 921 0.0003
75 922 0.0017
923 922 0.0036
924 922 0.0003
922 923 0.0036
123 924 0.0027
922 924 0.0003
925 924 0.0016
924 925 0.0016
75 926 0.0016
86 926 0.0003
927 926 0.0012
930 926 0.0024
931 926 0.0028
932 926 0.0013
926 927 0.0012
928 927 0.0009
929 927 0.0011
104 928 0.0057
124 928 0.001
927 928 0.0009
927 929 0.0011
75 930 0.0009
926 930 0.0024
931 930 0.0016
926 931 0.0028
930 931 0.0016
932 931 0.0034
86 932 0.0037
926 932 0.0013
931 932 0.0034
88 933 0.0005
135 933 0.0005
136 933 0.0005
126 934 0.0032
233 934 0.0085
234 934 0.0017
110 935 0.0303
123 935 0.0074
936 935 0.0052
935 936 0.0052
86 937 0.0174
87 937 0.0128
938 937 0.0033
87 938 0.0034
937 938 0.0033
939 938 0.0063
86 939 0.002
918 939 0.0009
938 939 0.0063
940 939 0.0046
176 940 0.0135
917 940 0.0027
939 940 0.0046
942 940 0.0021
190 941 0.0016
315 941 0.0302
942 941 0.0012
943 941 0.0072
190 942 0.0024
940 942 0.0021
941 942 0.0012
944 942 0.0012
143 943 0.0079
941 943 0.0072
945 943 0.0018
177 944 0.0029
182 944 0.0004
942 944 0.0012
945 944 0.0032
177 945 0.0016
943 945 0.0018
944 945 0.0032
87 946 0.0007
88 946 0.0028
180 946 0.0011
947 946 0.004
180 947 0.0012
887 947 0.0015
946 947 0.004
948 947 0.0047
947 948 0.0047
949 948 0.0061
954 948 0.0013
956 948 0.0011
948 949 0.0061
950 949 0.0027
958 949 0.0004
949 950 0.0027
951 950 0.0022
959 950 0.0017
950 951 0.0022
173 952 0.0027
174 952 0.0013
180 952 0.0073
953 952 0.0006
171 953 0.0012
172 953 0.003
952 953 0.0006
171 954 0.0079
948 954 0.0013
955 954 0.0036
956 954 0.0032
145 955 0.016
146 955 0.0364
954 955 0.0036
41 956 0.0045
948 956 0.0011
954 956 0.0032
957 956 0.0157
148 957 0.0224
956 957 0.0157
958 957 0.0004
949 958 0.0004
957 958 0.0004
959 958 0.0044
163 959 0.0004
950 959 0.0017
958 959 0.0044
960 959 0.0021
959 960 0.0021
148 961 0.0007
150 961 0.0003
963 961 0.0011
148 962 0.0004
961 963 0.0011
151 964 0.002
965 964 0.0007
971 964 0.001
964 965 0.0007
966 965 0.0012
967 965 0.0026
965 966 0.0012
965 967 0.0026
92 968 0.0004
969 968 0.0014
971 968 0.001
972 968 0.014
127 969 0.0005
968 969 0.0014
970 969 0.0035
92 970 0.0007
888 970 0.0031
969 970 0.0035
979 970 0.0011
964 971 0.001
968 971 0.001
972 971 0.0024
974 971 0.0319
978 971 0.0117
195 972 0.004
968 972 0.014
971 972 0.0024
973 972 0.0053
152 973 0.0133
972 973 0.0053
974 973 0.0119
975 973 0.0017
152 974 0.0229
971 974 0.0319
973 974 0.0119
978 974 0.0281
973 975 0.0017
363 976 0.0008
364 976 0.0007
365 976 0.0004
368 976 0.0099
977 976 0.0051
978 976 0.0023
1010 976 0.0004
151 977 0.0018
369 977 0.0019
976 977 0.0051
971 978 0.0117
974 978 0.0281
976 978 0.0023
127 979 0.0053
130 979 0.0039
970 979 0.0011
233 980 0.0024
262 980 0.0019
985 980 0.0015
108 981 0.0016
265 981 0.0003
982 981 0.0036
109 982 0.0014
114 982 0.0155
287 982 0.0003
981 982 0.0036
124 983 0.0059
263 983 0.0017
984 983 0.0111
125 984 0.0034
263 984 0.0094
983 984 0.0111
261 985 0.0018
262 985 0.0039
980 985 0.0015
986 985 0.0023
263 986 0.0003
284 986 0.0021
985 986 0.0023
988 986 0.0033
116 987 0.0018
117 987 0.0031
988 987 0.0127
117 988 0.0157
986 988 0.0033
987 988 0.0127
261 989 0.001
284 989 0.0005
1036 989 0.0058
242 990 0.0035
784 991 0.0017
114 992 0.0057
114 993 0.0024
116 993 0.001
994 993 0.0028
993 994 0.0028
564 995 0.0013
127 996 0.0003
128 996 0.0003
997 996 0.0004
127 997 0.0006
235 997 0.006
236 997 0.0068
996 997 0.0004
295 998 0.0008
999 998 0.0008
1000 998 0.0005
998 999 0.0008
998 1000 0.0005
295 1001 0.0007
295 1002 0.0079
1003 1002 0.0007
1004 1002 0.0032
1002 1003 0.0007
1002 1004 0.0032
274 1005 0.0017
152 1006 0.0007
153 1006 0.0039
860 1006 0.0012
1007 1006 0.0016
1008 1006 0.027
641 1007 0.0077
860 1007 0.0357
1006 1007 0.0016
153 1008 0.0042
1006 1008 0.027
1010 1008 0.002
153 1009 0.0003
368 1009 0.0021
670 1009 0.001
1010 1009 0.0007
1011 1009 0.0016
976 1010 0.0004
1008 1010 0.002
1009 1010 0.0007
1009 1011 0.0016
629 1012 0.0005
628 1013 0.0008
629 1013 0.0008
1014 1013 0.0016
620 1014 0.0005
626 1014 0.0004
1013 1014 0.0016
626 1015 0.0002
1018 1015 0.0016
1021 1015 0.0005
623 1016 0.0007
1017 1016 0.0342
1018 1016 0.0175
615 1017 0.0008
620 1017 0.0204
1016 1017 0.0342
1019 1017 0.0159
250 1018 0.0006
1015 1018 0.0016
1016 1018 0.0175
1019 1018 0.016
1017 1019 0.0159
1018 1019 0.016
1054 1019 0.0006
298 1020 0.0004
371 1020 0.0006
1041 1020 0.0022
271 1021 0.0003
1015 1021 0.0005
1022 1021 0.0007
1024 1021 0.0004
273 1022 0.0009
274 1022 0.0014
1021 1022 0.0007
270 1023 0.009
271 1023 0.0084
278 1023 0.0075
1024 1023 0.003
278 1024 0.0004
1021 1024 0.0004
1023 1024 0.003
1025 1024 0.0043
250 1025 0.0368
1024 1025 0.0043
1026 1025 0.0055
1029 1025 0.0023
1037 1025 0.0006
821 1026 0.0016
1025 1026 0.0055
1028 1026 0.0019
1037 1026 0.0019
121 1027 0.0229
819 1027 0.0038
1028 1027 0.0031
1026 1028 0.0019
1027 1028 0.0031
1029 1028 0.0004
122 1029 0.0004
1025 1029 0.0023
1028 1029 0.0004
271 1030 0.0009
275 1030 0.0005
276 1030 0.0013
295 1030 0.0006
1032 1030 0.0034
270 1031 0.0019
295 1032 0.0032
642 1032 0.0019
1030 1032 0.0034
1033 1032 0.0041
1032 1033 0.0041
267 1034 0.0214
282 1034 0.0142
283 1034 0.0018
259 1035 0.0009
261 1035 0.0019
283 1035 0.0009
282 1036 0.0128
283 1036 0.007
989 1036 0.0058
1025 1037 0.0006
1026 1037 0.0019
1038 1037 0.0004
278 1038 0.011
821 1038 0.0024
1037 1038 0.0004
611 1039 0.0002
567 1040 0.0014
568 1040 0.0024
574 1040 0.0047
855 1040 0.0006
408 1041 0.009
455 1041 0.0035
1020 1041 0.0022
562 1042 0.0081
568 1042 0.0016
855 1042 0.0037
122 1043 0.0062
1044 1043 0.0019
1048 1043 0.0079
1054 1043 0.0007
1043 1044 0.0019
1045 1044 0.0007
1049 1044 0.0005
1044 1045 0.0007
1046 1045 0.0039
1049 1045 0.0017
1045 1046 0.0039
560 1047 0.0014
1043 1048 0.0079
1049 1048 0.0003
1053 1048 0.006
1044 1049 0.0005
1045 1049 0.0017
1048 1049 0.0003
1050 1049 0.002
1049 1050 0.002
1051 1050 0.0041
1053 1050 0.0003
1056 1050 0.0008
1057 1050 0.0008
1059 1050 0.0009
1050 1051 0.0041
1052 1051 0.0035
1055 1051 0.0063
1061 1051 0.0003
1051 1052 0.0035
834 1053 0.0044
1048 1053 0.006
1050 1053 0.0003
250 1054 0.0057
1019 1054 0.0006
1043 1054 0.0007
561 1055 0.0004
563 1055 0.0006
1051 1055 0.0063
1059 1055 0.0012
1050 1056 0.0008
1050 1057 0.0008
563 1058 0.0085
563 1059 0.0018
1050 1059 0.0009
1055 1059 0.0012
1060 1059 0.0025
1059 1060 0.0025
562 1061 0.0034
1051 1061 0.0003
1062 1061 0.0008
561 1062 0.0003
562 1062 0.0048
855 1062 0.0096
1061 1062 0.0008
121 1063 0.0007
119 1064 0.0011
121 1064 0.0004
244 1064 0.0005
706 1065 0.0008
711 1065 0.0004
1066 1065 0.017
708 1066 0.0005
1065 1066 0.017
1067 1066 0.0022
1068 1066 0.0044
1066 1067 0.0022
1066 1068 0.0044
711 1069 0.0175
1070 1069 0.0002
1071 1069 0.0012
1073 1069 0.0134
1069 1070 0.0002
710 1071 0.004
1069 1071 0.0012
1072 1071 0.0041
1071 1072 0.0041
1069 1073 0.0134
1074 1073 0.0024
1075 1073 0.0026
1073 1074 0.0024
712 1075 0.0004
1073 1075 0.0026
1076 1075 0.0022
1075 1076 0.0022
598 1077 0.0162
1078 1077 0.0015
1082 1077 0.0024
675 1078 0.0013
1077 1078 0.0015
1079 1078 0.0008
677 1079 0.0032
1078 1079 0.0008
1080 1079 0.0016
680 1080 0.0021
1079 1080 0.0016
1081 1080 0.0008
1084 1080 0.0004
1080 1081 0.0008
367 1082 0.0062
598 1082 0.0047
1077 1082 0.0024
1083 1082 0.0027
6 1083 0.0042
367 1083 0.001
1082 1083 0.0027
675 1084 0.0005
679 1084 0.0015
1080 1084 0.0004
1085 1084 0.0035
1088 1084 0.0026
679 1085 0.0068
686 1085 0.0097
1084 1085 0.0035
367 1086 0.0058
368 1086 0.0363
1091 1086 0.0174
120 1087 0.0017
343 1087 0.0037
350 1087 0.0102
363 1087 0.0052
364 1087 0.0011
675 1088 0.0023
1084 1088 0.0026
1089 1088 0.0013
1090 1088 0.0007
679 1089 0.0007
1088 1089 0.0013
1090 1089 0.0003
6 1090 0.0018
21 1090 0.0076
1088 1090 0.0007
1089 1090 0.0003
1 1091 0.0095
6 1091 0.008
1086 1091 0.0174
