461 1 0.0009
9 2 0.0017
225 2 0.0065
229 2 0.0068
231 2 0.0083
306 2 0.0007
308 2 0.0004
4 3 0.0001
7 3 0.0069
443 3 0.0014
3 4 0.0001
5 4 0.0019
6 4 0.0002
4 5 0.0019
4 6 0.0002
3 7 0.0069
8 7 0.0054
13 7 0.0046
7 8 0.0054
86 8 0.0013
312 8 0.0032
2 9 0.0017
10 9 0.0063
225 9 0.0929
9 10 0.0063
11 10 0.0147
103 10 0.0007
10 11 0.0147
12 11 0.027
92 11 0.0001
11 12 0.027
7 13 0.0046
14 13 0.0012
15 13 0.0105
13 14 0.0012
163 14 0.0007
164 14 0.0061
13 15 0.0105
16 15 0.0056
17 15 0.0183
15 16 0.0056
15 17 0.0183
18 17 0.0111
19 17 0.0269
17 18 0.0111
21 18 0.0138
161 18 0.0083
17 19 0.0269
20 19 0.006
162 19 0.0005
19 20 0.006
18 21 0.0138
215 22 0.0009
298 22 0.0001
367 22 0.0003
108 23 0.0053
198 23 0.0004
199 23 0.0002
388 24 0.001
26 25 0.0216
337 25 0.0011
362 25 0.0005
25 26 0.0216
337 27 0.0035
372 28 0.0006
427 29 0.0003
31 30 0.002
417 30 0.0017
422 30 0.0312
30 31 0.002
145 31 0.0069
147 31 0.0618
148 31 0.0121
149 31 0.0174
33 32 0.002
189 32 0.0008
377 32 0.0153
32 33 0.002
415 34 0.007
36 35 0.0029
335 35 0.0074
415 35 0.037
35 36 0.0029
37 36 0.0574
439 36 0.0409
36 37 0.0574
336 37 0.0162
439 37 0.0298
39 38 0.0236
40 38 0.0672
340 38 0.0697
38 39 0.0236
38 40 0.0672
41 40 0.0451
396 40 0.0643
40 41 0.0451
264 42 0.0049
265 42 0.015
393 42 0.0027
265 43 0.0716
316 43 0.0111
393 43 0.0056
45 44 0.0034
313 44 0.0013
315 44 0.0022
319 44 0.0006
44 45 0.0034
46 45 0.0255
47 45 0.0078
285 45 0.003
45 46 0.0255
45 47 0.0078
278 48 0.001
280 48 0.0027
392 48 0.0032
280 49 0.0037
281 49 0.0024
284 49 0.0015
176 50 0.0003
52 51 0.0035
151 51 0.0001
192 51 0.0009
51 52 0.0035
54 53 0.0478
61 53 0.0005
64 53 0.0018
151 53 0.0004
53 54 0.0478
56 54 0.0017
241 54 0.0004
128 55 0.0013
141 55 0.0013
182 55 0.0004
54 56 0.0017
58 57 0.0225
59 57 0.0058
176 57 0.0039
57 58 0.0225
57 59 0.0058
60 59 0.0022
61 59 0.0073
62 59 0.0051
59 60 0.0022
53 61 0.0005
59 61 0.0073
62 61 0.0111
59 62 0.0051
61 62 0.0111
63 62 0.0196
62 63 0.0196
64 63 0.0109
65 63 0.0045
53 64 0.0018
63 64 0.0109
451 64 0.0002
63 65 0.0045
67 66 0.001
219 66 0.0004
221 66 0.0013
66 67 0.001
68 67 0.0037
69 67 0.0232
67 68 0.0037
67 69 0.0232
71 70 0.002
72 70 0.0019
195 70 0.0001
70 71 0.002
70 72 0.0019
74 72 0.0133
77 72 0.0005
325 72 0.0023
290 73 0.0002
291 73 0.0028
301 73 0.0062
447 73 0.0004
72 74 0.0133
76 74 0.0066
330 74 0.0046
92 75 0.0027
127 75 0.0133
140 75 0.0004
74 76 0.0066
72 77 0.0005
386 78 0.0004
384 79 0.0043
210 80 0.01
211 80 0.0011
384 80 0.0007
457 81 0.0002
83 82 0.008
84 82 0.0006
453 82 0.0005
82 83 0.008
82 84 0.0006
85 84 0.0088
460 84 0.0019
84 85 0.0088
87 85 0.0008
347 85 0.0018
8 86 0.0013
155 86 0.0058
156 86 0.002
85 87 0.0008
89 88 0.0013
351 88 0.0006
458 88 0.0054
88 89 0.0013
90 89 0.0011
91 89 0.0015
89 90 0.0011
89 91 0.0015
11 92 0.0001
75 92 0.0027
95 92 0.0003
456 93 0.0014
456 94 0.0005
92 95 0.0003
100 95 0.0011
123 95 0.002
97 96 0.0148
181 96 0.0021
455 96 0.0028
96 97 0.0148
99 98 0.0004
203 98 0.0003
205 98 0.0012
98 99 0.0004
130 99 0.0011
209 99 0.0008
95 100 0.0011
101 100 0.0025
103 100 0.0022
100 101 0.0025
121 101 0.001
142 101 0.0022
103 102 0.0099
142 102 0.0017
236 102 0.0034
10 103 0.0007
100 103 0.0022
102 103 0.0099
105 104 0.0027
182 104 0.0025
184 104 0.0053
104 105 0.0027
106 105 0.0033
138 105 0.0028
105 106 0.0033
139 106 0.0007
182 106 0.0125
366 106 0.0035
109 107 0.0013
143 107 0.0122
201 107 0.0003
23 108 0.0053
112 108 0.0003
388 108 0.0005
107 109 0.0013
110 109 0.0006
184 109 0.003
109 110 0.0006
141 111 0.0023
143 111 0.0014
174 111 0.0007
108 112 0.0003
143 112 0.0109
200 112 0.0007
145 113 0.033
132 114 0.007
146 114 0.0186
150 114 0.0019
116 115 0.0036
121 115 0.0005
146 115 0.0013
115 116 0.0036
119 116 0.029
177 116 0.0005
118 117 0.0219
145 117 0.007
152 117 0.0132
117 118 0.0219
116 119 0.029
120 119 0.0093
242 119 0.006
269 119 0.0072
119 120 0.0093
121 120 0.0008
236 120 0.0005
101 121 0.001
115 121 0.0005
120 121 0.0008
152 122 0.0219
95 123 0.002
128 123 0.0009
131 123 0.0005
125 124 0.0047
127 124 0.0145
199 124 0.0027
124 125 0.0047
126 125 0.004
198 125 0.0002
125 126 0.004
127 126 0.0002
195 126 0.0004
75 127 0.0133
124 127 0.0145
126 127 0.0002
55 128 0.0013
123 128 0.0009
129 128 0.0006
128 129 0.0006
99 130 0.0011
131 130 0.0014
139 130 0.002
123 131 0.0005
130 131 0.0014
209 131 0.0003
114 132 0.007
150 132 0.0205
208 132 0.0007
134 133 0.0096
135 133 0.0009
198 133 0.003
133 134 0.0096
133 135 0.0009
222 136 0.0021
447 137 0.0007
105 138 0.0028
139 138 0.0357
202 138 0.0004
106 139 0.0007
130 139 0.002
138 139 0.0357
75 140 0.0004
194 140 0.0014
305 140 0.0025
55 141 0.0013
111 141 0.0023
174 141 0.0088
101 142 0.0022
102 142 0.0017
236 142 0.0122
107 143 0.0122
111 143 0.0014
112 143 0.0109
410 144 0.0057
31 145 0.0069
113 145 0.033
117 145 0.007
114 146 0.0186
115 146 0.0013
154 146 0.0011
31 147 0.0618
31 148 0.0121
31 149 0.0174
114 150 0.0019
132 150 0.0205
151 150 0.0077
51 151 0.0001
53 151 0.0004
150 151 0.0077
117 152 0.0132
122 152 0.0219
153 152 0.0257
152 153 0.0257
146 154 0.0011
86 155 0.0058
86 156 0.002
157 156 0.0085
158 156 0.0142
156 157 0.0085
156 158 0.0142
159 158 0.011
160 158 0.0052
158 159 0.011
158 160 0.0052
18 161 0.0083
19 162 0.0005
14 163 0.0007
14 164 0.0061
165 164 0.0005
167 164 0.0047
164 165 0.0005
177 166 0.0007
164 167 0.0047
168 167 0.0029
169 167 0.0036
167 168 0.0029
167 169 0.0036
170 169 0.0116
171 169 0.0048
169 170 0.0116
172 170 0.0039
173 170 0.0086
169 171 0.0048
170 172 0.0039
170 173 0.0086
111 174 0.0007
141 174 0.0088
199 174 0.0009
209 175 0.0021
50 176 0.0003
57 176 0.0039
392 176 0.0031
116 177 0.0005
166 177 0.0007
277 177 0.0012
179 178 0.0178
180 178 0.0431
460 178 0.0013
178 179 0.0178
178 180 0.0431
96 181 0.0021
55 182 0.0004
104 182 0.0025
106 182 0.0125
208 183 0.0054
104 184 0.0053
109 184 0.003
201 184 0.0002
186 185 0.0027
187 185 0.0005
188 185 0.0085
324 185 0.0006
185 186 0.0027
185 187 0.0005
188 187 0.0005
378 187 0.0003
185 188 0.0085
187 188 0.0005
329 188 0.0068
32 189 0.0008
191 190 0.027
317 190 0.0065
401 190 0.0185
190 191 0.027
314 191 0.0012
401 191 0.0098
51 192 0.0009
308 193 0.0002
140 194 0.0014
70 195 0.0001
126 195 0.0004
196 195 0.001
195 196 0.001
306 197 0.0014
23 198 0.0004
125 198 0.0002
133 198 0.003
23 199 0.0002
124 199 0.0027
174 199 0.0009
112 200 0.0007
201 200 0.0005
386 200 0.0192
387 200 0.0165
107 201 0.0003
184 201 0.0002
200 201 0.0005
202 201 0.0053
138 202 0.0004
201 202 0.0053
203 202 0.0013
98 203 0.0003
202 203 0.0013
204 203 0.0156
203 204 0.0156
210 204 0.0004
214 204 0.0029
98 205 0.0012
206 205 0.0014
207 205 0.0028
205 206 0.0014
207 206 0.0047
213 206 0.0083
205 207 0.0028
206 207 0.0047
208 207 0.0023
132 208 0.0007
183 208 0.0054
207 208 0.0023
209 208 0.0022
99 209 0.0008
131 209 0.0003
175 209 0.0021
208 209 0.0022
80 210 0.01
204 210 0.0004
214 210 0.0013
80 211 0.0011
212 211 0.0006
452 211 0.0003
211 212 0.0006
383 212 0.0007
384 212 0.0007
206 213 0.0083
389 213 0.0004
391 213 0.0038
204 214 0.0029
210 214 0.0013
391 214 0.0083
22 215 0.0009
216 215 0.005
224 215 0.0012
215 216 0.005
217 216 0.0011
346 216 0.0001
216 217 0.0011
218 217 0.0014
237 217 0.0013
217 218 0.0014
232 218 0.0004
237 218 0.0004
66 219 0.0004
280 219 0.0014
406 219 0.0159
222 220 0.0207
406 220 0.0005
448 220 0.0002
66 221 0.0013
222 221 0.0005
283 221 0.0007
136 222 0.0021
220 222 0.0207
221 222 0.0005
448 222 0.0002
224 223 0.0001
215 224 0.0012
223 224 0.0001
309 224 0.0002
2 225 0.0065
9 225 0.0929
226 225 0.0307
225 226 0.0307
228 226 0.0017
229 226 0.0108
228 227 0.0433
260 227 0.0008
348 227 0.0002
226 228 0.0017
227 228 0.0433
244 228 0.0039
2 229 0.0068
226 229 0.0108
231 229 0.0097
231 230 0.044
2 231 0.0083
229 231 0.0097
230 231 0.044
218 232 0.0004
233 232 0.0008
331 232 0.0008
232 233 0.0008
243 233 0.0021
358 233 0.0003
235 234 0.018
234 235 0.018
102 236 0.0034
120 236 0.0005
142 236 0.0122
217 237 0.0013
218 237 0.0004
238 237 0.0013
237 238 0.0013
240 239 0.0047
239 240 0.0047
242 240 0.0015
244 240 0.0005
54 241 0.0004
119 242 0.006
240 242 0.0015
275 242 0.0009
233 243 0.0021
228 244 0.0039
240 244 0.0005
264 244 0.0029
298 245 0.0076
247 246 0.0055
248 246 0.0003
298 246 0.0026
246 247 0.0055
246 248 0.0003
249 248 0.0099
257 248 0.0061
263 248 0.0007
266 248 0.0008
248 249 0.0099
250 249 0.0005
252 249 0.0045
255 249 0.0029
256 249 0.0022
249 250 0.0005
251 250 0.013
370 250 0.0001
250 251 0.013
293 251 0.0004
296 251 0.0018
249 252 0.0045
253 252 0.0217
254 252 0.023
252 253 0.0217
252 254 0.023
249 255 0.0029
249 256 0.0022
248 257 0.0061
259 258 0.0032
258 259 0.0032
227 260 0.0008
261 260 0.0018
350 260 0.0049
260 261 0.0018
346 262 0.0005
248 263 0.0007
42 264 0.0049
244 264 0.0029
340 264 0.0281
42 265 0.015
43 265 0.0716
317 265 0.0036
248 266 0.0008
352 266 0.03
353 266 0.004
268 267 0.0032
275 267 0.0021
318 267 0.0026
267 268 0.0032
274 268 0.0024
313 268 0.0003
315 268 0.0007
119 269 0.0072
272 269 0.0025
274 269 0.0013
271 270 0.0239
353 270 0.0113
355 270 0.0033
270 271 0.0239
269 272 0.0025
274 272 0.0043
276 272 0.0135
353 273 0.0021
268 274 0.0024
269 274 0.0013
272 274 0.0043
242 275 0.0009
267 275 0.0021
393 275 0.002
272 276 0.0135
277 276 0.0106
279 276 0.0018
177 277 0.0012
276 277 0.0106
278 277 0.0722
48 278 0.001
277 278 0.0722
279 278 0.0317
392 278 0.0032
276 279 0.0018
278 279 0.0317
315 279 0.0005
48 280 0.0027
49 280 0.0037
219 280 0.0014
281 280 0.0014
49 281 0.0024
280 281 0.0014
283 281 0.0001
407 281 0.0017
297 282 0.0005
300 282 0.001
370 282 0.0006
221 283 0.0007
281 283 0.0001
290 283 0.0013
49 284 0.0015
285 284 0.1404
290 284 0.0018
45 285 0.003
284 285 0.1404
375 285 0.0018
346 286 0.0009
346 287 0.0005
358 288 0.0016
361 288 0.0037
394 288 0.0086
334 289 0.0028
358 289 0.0009
368 289 0.001
73 290 0.0002
283 290 0.0013
284 290 0.0018
73 291 0.0028
292 291 0.0041
295 291 0.0101
291 292 0.0041
301 292 0.0008
311 292 0.0003
251 293 0.0004
294 293 0.0009
370 293 0.0005
293 294 0.0009
291 295 0.0101
446 295 0.0082
447 295 0.0016
251 296 0.0018
282 297 0.0005
361 297 0.0018
371 297 0.0025
22 298 0.0001
245 298 0.0076
246 298 0.0026
361 299 0.002
282 300 0.001
302 300 0.0273
373 300 0.0031
73 301 0.0062
292 301 0.0008
322 301 0.0002
375 301 0.0005
300 302 0.0273
304 303 0.0003
303 304 0.0003
140 305 0.0025
2 306 0.0007
197 306 0.0014
307 306 0.0011
306 307 0.0011
2 308 0.0004
193 308 0.0002
309 308 0.0122
224 309 0.0002
308 309 0.0122
382 309 0.0081
323 310 0.0004
292 311 0.0003
8 312 0.0032
44 313 0.0013
268 313 0.0003
314 313 0.0048
319 313 0.0004
191 314 0.0012
313 314 0.0048
318 314 0.0005
44 315 0.0022
268 315 0.0007
279 315 0.0005
43 316 0.0111
190 317 0.0065
265 317 0.0036
318 317 0.0175
267 318 0.0026
314 318 0.0005
317 318 0.0175
44 319 0.0006
313 319 0.0004
320 319 0.0079
408 319 0.0007
319 320 0.0079
401 320 0.0178
408 320 0.0079
322 321 0.0028
323 321 0.0038
411 321 0.0039
301 322 0.0002
321 322 0.0028
375 322 0.0014
310 323 0.0004
321 323 0.0038
374 323 0.0712
185 324 0.0006
326 324 0.0038
374 324 0.0003
72 325 0.0023
324 326 0.0038
333 326 0.0005
379 326 0.0009
328 327 0.0008
333 327 0.0005
379 327 0.0118
327 328 0.0008
379 328 0.0016
437 328 0.0006
188 329 0.0068
377 329 0.0135
437 329 0.0078
74 330 0.0046
232 331 0.0008
374 332 0.0042
378 332 0.0008
416 332 0.0444
326 333 0.0005
327 333 0.0005
381 333 0.0014
438 333 0.0008
289 334 0.0028
35 335 0.0074
377 335 0.0011
432 335 0.0147
439 335 0.0639
37 336 0.0162
339 336 0.0049
440 336 0.0014
25 337 0.0011
27 337 0.0035
427 337 0.0007
440 337 0.0045
339 338 0.001
336 339 0.0049
338 339 0.001
343 339 0.0215
38 340 0.0697
264 340 0.0281
356 340 0.0036
342 341 0.0135
395 341 0.0418
399 341 0.0128
341 342 0.0135
400 342 0.0301
402 342 0.0294
339 343 0.0215
344 343 0.0063
402 343 0.0132
343 344 0.0063
345 344 0.0069
441 344 0.0009
344 345 0.0069
357 345 0.0012
441 345 0.0002
216 346 0.0001
262 346 0.0005
286 346 0.0009
287 346 0.0005
85 347 0.0018
227 348 0.0002
350 349 0.0017
260 350 0.0049
349 350 0.0017
357 350 0.0383
88 351 0.0006
266 352 0.03
266 353 0.004
270 353 0.0113
273 353 0.0021
354 353 0.0003
353 354 0.0003
270 355 0.0033
340 356 0.0036
345 357 0.0012
350 357 0.0383
359 357 0.0051
233 358 0.0003
288 358 0.0016
289 358 0.0009
357 359 0.0051
360 359 0.0009
364 359 0.001
359 360 0.0009
288 361 0.0037
297 361 0.0018
299 361 0.002
25 362 0.0005
363 362 0.0105
441 362 0.0031
362 363 0.0105
359 364 0.001
365 364 0.0006
372 364 0.0005
364 365 0.0006
106 366 0.0035
22 367 0.0003
376 367 0.0253
444 367 0.0025
289 368 0.001
372 369 0.0004
443 369 0.0006
444 369 0.0009
250 370 0.0001
282 370 0.0006
293 370 0.0005
297 371 0.0025
28 372 0.0006
364 372 0.0005
369 372 0.0004
300 373 0.0031
323 374 0.0712
324 374 0.0003
332 374 0.0042
285 375 0.0018
301 375 0.0005
322 375 0.0014
367 376 0.0253
32 377 0.0153
329 377 0.0135
335 377 0.0011
378 377 0.0182
416 377 0.001
417 377 0.0118
418 377 0.0041
421 377 0.0004
423 377 0.0004
425 377 0.002
428 377 0.0037
432 377 0.0011
433 377 0.008
434 377 0.0134
187 378 0.0003
332 378 0.0008
377 378 0.0182
326 379 0.0009
327 379 0.0118
328 379 0.0016
437 380 0.0001
333 381 0.0014
309 382 0.0081
212 383 0.0007
79 384 0.0043
80 384 0.0007
212 384 0.0007
385 384 0.0012
386 384 0.0007
384 385 0.0012
78 386 0.0004
200 386 0.0192
384 386 0.0007
387 386 0.0193
200 387 0.0165
386 387 0.0193
388 387 0.0046
24 388 0.001
108 388 0.0005
387 388 0.0046
213 389 0.0004
390 389 0.0005
391 389 0.0014
389 390 0.0005
213 391 0.0038
214 391 0.0083
389 391 0.0014
48 392 0.0032
176 392 0.0031
278 392 0.0032
404 392 0.0006
42 393 0.0027
43 393 0.0056
275 393 0.002
288 394 0.0086
341 395 0.0418
40 396 0.0643
397 396 0.0622
399 396 0.0712
396 397 0.0622
399 398 0.0853
341 399 0.0128
396 399 0.0712
398 399 0.0853
342 400 0.0301
190 401 0.0185
191 401 0.0098
320 401 0.0178
342 402 0.0294
343 402 0.0132
403 402 0.026
402 403 0.026
392 404 0.0006
405 404 0.0014
406 404 0.0008
404 405 0.0014
219 406 0.0159
220 406 0.0005
404 406 0.0008
281 407 0.0017
319 408 0.0007
320 408 0.0079
409 408 0.0346
408 409 0.0346
410 409 0.0264
412 409 0.0003
144 410 0.0057
409 410 0.0264
411 410 0.0422
321 411 0.0039
410 411 0.0422
413 411 0.0009
409 412 0.0003
411 413 0.0009
414 413 0.0181
415 413 0.0978
413 414 0.0181
34 415 0.007
35 415 0.037
413 415 0.0978
332 416 0.0444
377 416 0.001
418 416 0.0063
30 417 0.0017
377 417 0.0118
420 417 0.0082
377 418 0.0041
416 418 0.0063
419 418 0.0105
418 419 0.0105
417 420 0.0082
377 421 0.0004
30 422 0.0312
377 423 0.0004
424 423 0.0446
426 423 0.0307
423 424 0.0446
377 425 0.002
426 425 0.0658
430 425 0.01
423 426 0.0307
425 426 0.0658
427 426 0.0071
29 427 0.0003
337 427 0.0007
426 427 0.0071
377 428 0.0037
429 428 0.0332
430 428 0.0268
428 429 0.0332
425 430 0.01
428 430 0.0268
431 430 0.0041
430 431 0.0041
335 432 0.0147
377 432 0.0011
434 432 0.0011
377 433 0.008
434 433 0.0006
435 433 0.0418
436 433 0.0428
377 434 0.0134
432 434 0.0011
433 434 0.0006
433 435 0.0418
433 436 0.0428
328 437 0.0006
329 437 0.0078
380 437 0.0001
333 438 0.0008
36 439 0.0409
37 439 0.0298
335 439 0.0639
440 439 0.0003
336 440 0.0014
337 440 0.0045
439 440 0.0003
344 441 0.0009
345 441 0.0002
362 441 0.0031
442 441 0.0028
441 442 0.0028
3 443 0.0014
369 443 0.0006
461 443 0.0031
367 444 0.0025
369 444 0.0009
445 444 0.0114
444 445 0.0114
295 446 0.0082
73 447 0.0004
137 447 0.0007
295 447 0.0016
220 448 0.0002
222 448 0.0002
449 448 0.0005
450 448 0.0004
448 449 0.0005
448 450 0.0004
64 451 0.0002
211 452 0.0003
453 452 0.0027
457 452 0.0015
82 453 0.0005
452 453 0.0027
454 453 0.0081
457 453 0.0005
453 454 0.0081
455 454 0.0016
460 454 0.0023
96 455 0.0028
454 455 0.0016
456 455 0.0144
93 456 0.0014
94 456 0.0005
455 456 0.0144
81 457 0.0002
452 457 0.0015
453 457 0.0005
458 457 0.0052
88 458 0.0054
457 458 0.0052
459 458 0.0008
458 459 0.0008
84 460 0.0019
178 460 0.0013
454 460 0.0023
1 461 0.0009
443 461 0.0031
462 461 0.0006
461 462 0.0006
