2 1 0.0041
12 1 0.0104
606 1 0.012
618 1 0.0004
621 1 0.0013
636 1 0.0014
1 2 0.0041
3 2 0.0258
12 2 0.0063
2 3 0.0258
4 3 0.012
34 3 0.0334
3 4 0.012
5 4 0.0067
42 4 0.0075
4 5 0.0067
6 5 0.0321
11 5 0.0014
5 6 0.0321
7 6 0.0151
10 6 0.0018
6 7 0.0151
8 7 0.0097
9 7 0.0094
7 8 0.0097
7 9 0.0094
6 10 0.0018
5 11 0.0014
1 12 0.0104
2 12 0.0063
13 12 0.033
12 13 0.033
15 14 0.0027
23 14 0.0151
42 14 0.0104
14 15 0.0027
16 15 0.0031
21 15 0.0019
22 15 0.0005
15 16 0.0031
17 16 0.0135
20 16 0.003
16 17 0.0135
18 17 0.0068
19 17 0.0018
1097 17 0.0029
17 18 0.0068
17 19 0.0018
16 20 0.003
15 21 0.0019
15 22 0.0005
14 23 0.0151
24 23 0.0033
31 23 0.0019
23 24 0.0033
25 24 0.0038
50 24 0.0004
24 25 0.0038
26 25 0.0054
1096 25 0.0018
25 26 0.0054
27 26 0.0047
58 26 0.0069
26 27 0.0047
28 27 0.0005
62 27 0.0013
85 27 0.0022
27 28 0.0005
29 28 0.0017
30 28 0.0033
28 29 0.0017
28 30 0.0033
23 31 0.0019
32 31 0.0027
33 31 0.0019
1094 31 0.0003
31 32 0.0027
31 33 0.0019
3 34 0.0334
35 34 0.001
38 34 0.0182
34 35 0.001
36 35 0.0024
37 35 0.0084
35 36 0.0024
35 37 0.0084
34 38 0.0182
39 38 0.0063
290 38 0.0091
38 39 0.0063
40 39 0.0028
611 39 0.0003
39 40 0.0028
41 40 0.0007
46 40 0.0065
40 41 0.0007
4 42 0.0075
14 42 0.0104
43 42 0.0034
42 43 0.0034
44 43 0.0007
45 43 0.0002
43 44 0.0007
43 45 0.0002
40 46 0.0065
47 46 0.0022
97 46 0.0107
46 47 0.0022
48 47 0.0008
617 47 0.0016
47 48 0.0008
49 48 0.001
100 48 0.0018
48 49 0.001
24 50 0.0004
51 50 0.0026
53 50 0.0158
50 51 0.0026
52 51 0.0005
55 51 0.0002
51 52 0.0005
50 53 0.0158
54 53 0.003
55 53 0.0037
53 54 0.003
51 55 0.0002
53 55 0.0037
56 55 0.0013
101 55 0.001
55 56 0.0013
57 56 0.0036
61 56 0.0004
56 57 0.0036
26 58 0.0069
59 58 0.0033
62 58 0.0005
58 59 0.0033
60 59 0.0059
76 59 0.0096
59 60 0.0059
61 60 0.0005
77 60 0.0046
56 61 0.0004
60 61 0.0005
1100 61 0.0011
1103 61 0.0004
27 62 0.0013
58 62 0.0005
63 62 0.003
62 63 0.003
64 63 0.0117
87 63 0.0008
63 64 0.0117
65 64 0.0119
111 64 0.0012
64 65 0.0119
66 65 0.001
76 65 0.0008
65 66 0.001
67 66 0.006
78 66 0.0039
115 66 0.007
66 67 0.006
68 67 0.0008
79 67 0.0004
114 67 0.0003
67 68 0.0008
70 69 0.0056
1095 69 0.0005
1097 69 0.0052
69 70 0.0056
71 70 0.0045
75 70 0.0007
70 71 0.0045
72 71 0.0149
158 71 0.0036
71 72 0.0149
73 72 0.0063
166 72 0.0033
72 73 0.0063
74 73 0.0179
169 73 0.0009
73 74 0.0179
70 75 0.0007
59 76 0.0096
65 76 0.0008
77 76 0.0077
60 77 0.0046
76 77 0.0077
78 77 0.0039
66 78 0.0039
77 78 0.0039
79 78 0.0096
67 79 0.0004
78 79 0.0096
80 79 0.0013
79 80 0.0013
1092 80 0.0004
1093 80 0.006
82 81 0.003
133 81 0.0157
1093 81 0.0014
81 82 0.003
83 82 0.0232
84 82 0.0042
106 82 0.0007
133 82 0.0055
82 83 0.0232
84 83 0.0435
114 83 0.0041
124 83 0.0006
82 84 0.0042
83 84 0.0435
116 84 0.0103
128 84 0.0037
27 85 0.0022
86 85 0.0024
146 85 0.0033
85 86 0.0024
87 86 0.0056
147 86 0.0009
153 86 0.0132
63 87 0.0008
86 87 0.0056
88 87 0.0186
87 88 0.0186
89 88 0.0024
111 88 0.0011
113 88 0.0085
88 89 0.0024
90 89 0.0051
122 89 0.003
149 89 0.0006
89 90 0.0051
91 90 0.0173
118 90 0.0004
149 90 0.0002
156 90 0.0143
90 91 0.0173
92 91 0.0123
143 91 0.0007
91 92 0.0123
93 92 0.0066
138 92 0.0099
156 92 0.0168
92 93 0.0066
94 93 0.0225
151 93 0.0039
93 94 0.0225
95 94 0.0325
163 94 0.0064
94 95 0.0325
96 95 0.0027
144 95 0.0036
95 96 0.0027
145 96 0.0031
214 96 0.0041
46 97 0.0107
98 97 0.0145
615 97 0.0002
97 98 0.0145
99 98 0.0059
616 98 0.0003
98 99 0.0059
660 99 0.0034
675 99 0.0038
48 100 0.0018
101 100 0.0031
273 100 0.004
675 100 0.035
55 101 0.001
100 101 0.0031
102 101 0.0028
101 102 0.0028
103 102 0.0064
1100 102 0.009
102 103 0.0064
104 103 0.0182
431 103 0.0042
1092 103 0.0149
103 104 0.0182
105 104 0.043
425 104 0.001
104 105 0.043
106 105 0.0068
132 105 0.0089
82 106 0.0007
105 106 0.0068
107 106 0.0047
132 106 0.0072
307 106 0.0185
324 106 0.0038
106 107 0.0047
108 107 0.0073
128 107 0.0029
107 108 0.0073
134 108 0.0083
333 108 0.0017
316 109 0.0011
335 109 0.0063
1090 109 0.0059
252 110 0.0048
318 110 0.0007
1090 110 0.0103
64 111 0.0012
88 111 0.0011
112 111 0.0076
115 111 0.0083
111 112 0.0076
113 112 0.0111
115 112 0.0035
88 113 0.0085
112 113 0.0111
114 113 0.0042
67 114 0.0003
83 114 0.0041
113 114 0.0042
66 115 0.007
111 115 0.0083
112 115 0.0035
84 116 0.0103
117 116 0.0064
123 116 0.0008
116 117 0.0064
118 117 0.0152
121 117 0.0058
90 118 0.0004
117 118 0.0152
119 118 0.0058
122 118 0.0009
118 119 0.0058
120 119 0.0056
121 119 0.0041
127 119 0.0016
119 120 0.0056
127 120 0.0187
140 120 0.0011
143 120 0.0034
117 121 0.0058
119 121 0.0041
129 121 0.0017
136 121 0.0014
89 122 0.003
118 122 0.0009
123 122 0.0064
116 123 0.0008
122 123 0.0064
124 123 0.0066
83 124 0.0006
123 124 0.0066
125 124 0.0004
126 124 0.0011
124 125 0.0004
124 126 0.0011
119 127 0.0016
120 127 0.0187
137 127 0.0255
141 127 0.0004
84 128 0.0037
107 128 0.0029
129 128 0.0084
130 128 0.0075
121 129 0.0017
128 129 0.0084
130 129 0.0093
128 130 0.0075
129 130 0.0093
131 130 0.0015
130 131 0.0015
105 132 0.0089
106 132 0.0072
133 132 0.029
81 133 0.0157
82 133 0.0055
132 133 0.029
108 134 0.0083
135 134 0.0059
201 134 0.0005
134 135 0.0059
136 135 0.0272
205 135 0.0016
121 136 0.0014
135 136 0.0272
137 136 0.0008
127 137 0.0255
136 137 0.0008
205 137 0.0046
211 137 0.0012
92 138 0.0099
139 138 0.0016
144 138 0.0069
138 139 0.0016
140 139 0.0005
143 139 0.0036
120 140 0.0011
139 140 0.0005
141 140 0.0015
145 140 0.0004
127 141 0.0004
140 141 0.0015
142 141 0.002
141 142 0.002
91 143 0.0007
120 143 0.0034
139 143 0.0036
95 144 0.0036
138 144 0.0069
145 144 0.0014
96 145 0.0031
140 145 0.0004
144 145 0.0014
85 146 0.0033
147 146 0.0096
159 146 0.0017
86 147 0.0009
146 147 0.0096
148 147 0.0048
147 148 0.0048
149 148 0.0028
152 148 0.0139
89 149 0.0006
90 149 0.0002
148 149 0.0028
150 149 0.0189
149 150 0.0189
151 150 0.0027
152 150 0.0317
156 150 0.0013
93 151 0.0039
150 151 0.0027
156 151 0.0037
148 152 0.0139
150 152 0.0317
161 152 0.0018
86 153 0.0132
154 153 0.0009
155 153 0.0005
153 154 0.0009
153 155 0.0005
90 156 0.0143
92 156 0.0168
150 156 0.0013
151 156 0.0037
157 156 0.0022
156 157 0.0022
71 158 0.0036
159 158 0.0056
164 158 0.0049
146 159 0.0017
158 159 0.0056
160 159 0.0022
159 160 0.0022
161 160 0.0055
164 160 0.0012
165 160 0.0051
168 160 0.0007
152 161 0.0018
160 161 0.0055
162 161 0.0375
161 162 0.0375
163 162 0.004
175 162 0.0017
94 163 0.0064
162 163 0.004
190 163 0.0012
158 164 0.0049
160 164 0.0012
167 164 0.0007
160 165 0.0051
72 166 0.0033
167 166 0.0022
169 166 0.0003
164 167 0.0007
166 167 0.0022
168 167 0.0003
170 167 0.0027
160 168 0.0007
167 168 0.0003
173 168 0.0004
73 169 0.0009
166 169 0.0003
170 169 0.0024
167 170 0.0027
169 170 0.0024
171 170 0.0002
172 170 0.0021
170 171 0.0002
170 172 0.0021
173 172 0.0041
176 172 0.0013
177 172 0.0007
178 172 0.0011
168 173 0.0004
172 173 0.0041
174 173 0.001
178 173 0.0013
173 174 0.001
175 174 0.0012
179 174 0.0028
162 175 0.0017
174 175 0.0012
181 175 0.0022
172 176 0.0013
172 177 0.0007
172 178 0.0011
173 178 0.0013
179 178 0.0004
174 179 0.0028
178 179 0.0004
180 179 0.0004
179 180 0.0004
175 181 0.0022
182 181 0.0039
183 181 0.0057
181 182 0.0039
181 183 0.0057
184 183 0.0004
185 183 0.0002
183 184 0.0004
183 185 0.0002
186 185 0.0122
190 185 0.0015
185 186 0.0122
187 186 0.0202
188 186 0.0006
186 187 0.0202
186 188 0.0006
189 188 0.0196
194 188 0.0045
198 188 0.0028
188 189 0.0196
163 190 0.0012
185 190 0.0015
191 190 0.009
190 191 0.009
192 191 0.0098
230 191 0.0161
191 192 0.0098
193 192 0.0113
195 192 0.0283
230 192 0.0339
241 192 0.0151
192 193 0.0113
206 193 0.0052
236 193 0.0016
188 194 0.0045
192 195 0.0283
196 195 0.0036
197 195 0.002
230 195 0.0079
195 196 0.0036
195 197 0.002
188 198 0.0028
199 198 0.0088
200 198 0.0109
198 199 0.0088
198 200 0.0109
134 201 0.0005
202 201 0.0022
1090 201 0.0002
201 202 0.0022
203 202 0.0014
204 202 0.0016
202 203 0.0014
202 204 0.0016
135 205 0.0016
137 205 0.0046
209 205 0.0005
213 205 0.0009
193 206 0.0052
207 206 0.0234
208 206 0.0048
206 207 0.0234
206 208 0.0048
205 209 0.0005
210 209 0.0014
252 209 0.0002
209 210 0.0014
137 211 0.0012
212 211 0.0036
214 211 0.0009
211 212 0.0036
205 213 0.0009
96 214 0.0041
211 214 0.0009
215 214 0.0108
214 215 0.0108
216 215 0.0036
226 215 0.0095
215 216 0.0036
217 216 0.0087
229 216 0.0005
216 217 0.0087
218 217 0.0012
224 217 0.0121
217 218 0.0012
219 218 0.0109
224 218 0.0026
218 219 0.0109
220 219 0.0043
222 219 0.0021
253 219 0.0008
219 220 0.0043
221 220 0.0006
260 220 0.0008
220 221 0.0006
219 222 0.0021
223 222 0.0015
234 222 0.001
222 223 0.0015
217 224 0.0121
218 224 0.0026
225 224 0.0034
224 225 0.0034
215 226 0.0095
227 226 0.0038
231 226 0.0051
234 226 0.0011
251 226 0.0012
226 227 0.0038
228 227 0.0058
245 227 0.0002
247 227 0.0387
227 228 0.0058
247 228 0.0156
249 228 0.0057
216 229 0.0005
191 230 0.0161
192 230 0.0339
195 230 0.0079
226 231 0.0051
232 231 0.0012
233 231 0.0029
231 232 0.0012
231 233 0.0029
222 234 0.001
226 234 0.0011
235 234 0.0013
234 235 0.0013
193 236 0.0016
237 236 0.0255
240 236 0.001
241 236 0.0016
236 237 0.0255
238 237 0.0085
239 237 0.0025
237 238 0.0085
237 239 0.0025
236 240 0.001
192 241 0.0151
236 241 0.0016
242 241 0.0017
241 242 0.0017
243 242 0.0057
251 242 0.0074
242 243 0.0057
244 243 0.0062
245 243 0.0012
243 244 0.0062
227 245 0.0002
243 245 0.0012
246 245 0.001
247 245 0.0037
248 245 0.0021
251 245 0.0026
245 246 0.001
227 247 0.0387
228 247 0.0156
245 247 0.0037
248 247 0.0294
245 248 0.0021
247 248 0.0294
249 248 0.0028
228 249 0.0057
248 249 0.0028
250 249 0.0004
249 250 0.0004
226 251 0.0012
242 251 0.0074
245 251 0.0026
110 252 0.0048
209 252 0.0002
253 252 0.0765
262 252 0.0043
219 253 0.0008
252 253 0.0765
254 253 0.0032
260 253 0.0009
253 254 0.0032
255 254 0.001
256 254 0.0183
259 254 0.0027
254 255 0.001
254 256 0.0183
257 256 0.0066
258 256 0.0104
256 257 0.0066
256 258 0.0104
254 259 0.0027
220 260 0.0008
253 260 0.0009
261 260 0.0015
260 261 0.0015
252 262 0.0043
263 262 0.0094
266 262 0.0023
262 263 0.0094
264 263 0.0016
265 263 0.0004
268 263 0.0042
263 264 0.0016
263 265 0.0004
262 266 0.0023
267 266 0.0051
272 266 0.0034
266 267 0.0051
268 267 0.0024
272 267 0.0034
263 268 0.0042
267 268 0.0024
269 268 0.0011
268 269 0.0011
270 269 0.0011
271 269 0.0014
269 270 0.0011
269 271 0.0014
266 272 0.0034
267 272 0.0034
323 272 0.0171
100 273 0.004
274 273 0.0068
426 273 0.0069
273 274 0.0068
275 274 0.0023
684 274 0.0005
274 275 0.0023
276 275 0.015
427 275 0.0008
683 275 0.0003
275 276 0.015
277 276 0.0062
428 276 0.0002
440 276 0.0002
694 276 0.0006
276 277 0.0062
278 277 0.0314
440 277 0.0003
453 277 0.001
277 278 0.0314
279 278 0.0141
452 278 0.0136
454 278 0.0017
278 279 0.0141
280 279 0.0074
448 279 0.0066
279 280 0.0074
281 280 0.0016
692 280 0.0019
699 280 0.0003
280 281 0.0016
282 281 0.0031
439 281 0.0007
700 281 0.0029
281 282 0.0031
283 282 0.0041
439 282 0.0026
706 282 0.0072
282 283 0.0041
450 283 0.0004
475 283 0.0004
706 283 0.0017
707 283 0.0124
476 284 0.001
486 284 0.001
579 284 0.0109
605 284 0.0021
707 284 0.0049
286 285 0.0043
488 285 0.0064
602 285 0.0007
605 285 0.036
285 286 0.0043
287 286 0.0151
503 286 0.0113
286 287 0.0151
288 287 0.0088
505 287 0.0009
287 288 0.0088
289 288 0.0037
495 288 0.0026
288 289 0.0037
498 289 0.0035
500 289 0.0003
38 290 0.0091
291 290 0.0023
625 290 0.0021
290 291 0.0023
292 291 0.0087
613 291 0.0117
291 292 0.0087
293 292 0.0052
626 292 0.0008
292 293 0.0052
294 293 0.0108
613 293 0.0019
631 293 0.0061
293 294 0.0108
295 294 0.013
638 294 0.0003
294 295 0.013
296 295 0.0032
641 295 0.0034
295 296 0.0032
640 296 0.0136
1105 296 0.0033
649 297 0.001
1091 297 0.0051
1105 297 0.0168
299 298 0.0092
570 298 0.0098
571 298 0.0025
1091 298 0.0126
298 299 0.0092
790 299 0.0008
863 299 0.0065
301 300 0.0037
856 300 0.0015
863 300 0.0349
300 301 0.0037
302 301 0.0056
552 301 0.0018
301 302 0.0056
303 302 0.0013
934 302 0.0007
302 303 0.0013
304 303 0.0021
559 303 0.0063
938 303 0.0004
303 304 0.0021
305 304 0.0034
564 304 0.0026
304 305 0.0034
306 305 0.0017
567 305 0.0023
305 306 0.0017
106 307 0.0185
308 307 0.0033
352 307 0.0025
307 308 0.0033
309 308 0.0011
341 308 0.0015
308 309 0.0011
310 309 0.0074
326 309 0.0038
309 310 0.0074
311 310 0.0043
346 310 0.0015
310 311 0.0043
312 311 0.0023
327 311 0.0006
311 312 0.0023
313 312 0.0076
339 312 0.0072
312 313 0.0076
314 313 0.0098
339 313 0.0049
349 313 0.0004
313 314 0.0098
315 314 0.0026
316 314 0.0045
348 314 0.0014
314 315 0.0026
316 315 0.0682
317 315 0.0049
348 315 0.0005
109 316 0.0011
314 316 0.0045
315 316 0.0682
315 317 0.0049
318 317 0.006
351 317 0.0005
110 318 0.0007
317 318 0.006
319 318 0.0093
351 318 0.0023
318 319 0.0093
320 319 0.0019
323 319 0.0036
319 320 0.0019
321 320 0.008
350 320 0.0209
320 321 0.008
322 321 0.0084
376 321 0.0071
321 322 0.0084
272 323 0.0171
319 323 0.0036
371 323 0.0003
106 324 0.0038
325 324 0.0023
329 324 0.0003
324 325 0.0023
326 325 0.0007
330 325 0.0036
334 325 0.0005
309 326 0.0038
325 326 0.0007
327 326 0.0026
311 327 0.0006
326 327 0.0026
328 327 0.0017
327 328 0.0017
334 328 0.0002
337 328 0.0003
324 329 0.0003
330 329 0.001
331 329 0.0004
325 330 0.0036
329 330 0.001
332 330 0.0047
333 330 0.0007
329 331 0.0004
330 332 0.0047
108 333 0.0017
330 333 0.0007
335 333 0.0115
325 334 0.0005
328 334 0.0002
335 334 0.0124
336 334 0.0034
109 335 0.0063
333 335 0.0115
334 335 0.0124
334 336 0.0034
328 337 0.0003
338 337 0.0003
339 337 0.0008
337 338 0.0003
312 339 0.0072
313 339 0.0049
337 339 0.0008
340 339 0.0002
339 340 0.0002
308 341 0.0015
342 341 0.0452
346 341 0.0005
341 342 0.0452
343 342 0.0034
369 342 0.0065
342 343 0.0034
344 343 0.0466
370 343 0.0195
343 344 0.0466
345 344 0.0029
347 344 0.0007
377 344 0.0004
344 345 0.0029
348 345 0.0004
350 345 0.0097
310 346 0.0015
341 346 0.0005
349 346 0.0001
344 347 0.0007
348 347 0.0003
349 347 0.0004
314 348 0.0014
315 348 0.0005
345 348 0.0004
347 348 0.0003
313 349 0.0004
346 349 0.0001
347 349 0.0004
320 350 0.0209
345 350 0.0097
351 350 0.0218
374 350 0.0011
317 351 0.0005
318 351 0.0023
350 351 0.0218
307 352 0.0025
353 352 0.0022
365 352 0.0018
425 352 0.0018
352 353 0.0022
354 353 0.0291
425 353 0.0014
353 354 0.0291
430 354 0.0011
1106 354 0.0388
356 355 0.003
382 355 0.0031
444 355 0.0328
1107 355 0.0055
355 356 0.003
357 356 0.0143
446 356 0.0052
465 356 0.0002
356 357 0.0143
358 357 0.0023
405 357 0.0058
357 358 0.0023
359 358 0.0056
466 358 0.0039
358 359 0.0056
360 359 0.0068
468 359 0.0072
359 360 0.0068
361 360 0.0039
470 360 0.0049
360 361 0.0039
362 361 0.0055
413 361 0.0012
421 361 0.0056
361 362 0.0055
363 362 0.0019
420 362 0.0026
362 363 0.0019
364 363 0.0007
422 363 0.0003
473 363 0.0011
363 364 0.0007
352 365 0.0018
366 365 0.0072
1106 365 0.0008
365 366 0.0072
367 366 0.0005
369 366 0.0041
366 367 0.0005
368 367 0.0014
370 367 0.0006
395 367 0.001
367 368 0.0014
342 369 0.0065
366 369 0.0041
370 369 0.001
343 370 0.0195
367 370 0.0006
369 370 0.001
378 370 0.0019
323 371 0.0003
372 371 0.0085
373 371 0.0088
416 371 0.0044
371 372 0.0085
416 372 0.0041
419 372 0.0002
371 373 0.0088
350 374 0.0011
375 374 0.0047
394 374 0.0018
374 375 0.0047
321 376 0.0071
344 377 0.0004
370 378 0.0019
379 378 0.0032
383 378 0.0063
378 379 0.0032
380 379 0.0034
381 379 0.0017
385 379 0.0019
379 380 0.0034
379 381 0.0017
355 382 0.0031
397 382 0.0036
404 382 0.0182
378 383 0.0063
384 383 0.0656
389 383 0.0445
383 384 0.0656
385 384 0.001
389 384 0.0898
390 384 0.0015
379 385 0.0019
384 385 0.001
386 385 0.0143
391 385 0.0014
385 386 0.0143
387 386 0.0018
388 386 0.0006
386 387 0.0018
386 388 0.0006
383 389 0.0445
384 389 0.0898
395 389 0.0165
397 389 0.002
384 390 0.0015
391 390 0.0033
392 390 0.0005
385 391 0.0014
390 391 0.0033
392 391 0.0066
390 392 0.0005
391 392 0.0066
393 392 0.0018
392 393 0.0018
374 394 0.0018
367 395 0.001
389 395 0.0165
396 395 0.0103
395 396 0.0103
382 397 0.0036
389 397 0.002
398 397 0.0011
399 397 0.0446
397 398 0.0011
397 399 0.0446
400 399 0.005
404 399 0.0022
399 400 0.005
401 400 0.0003
402 400 0.0047
411 400 0.0015
400 401 0.0003
400 402 0.0047
403 402 0.001
408 402 0.0018
411 402 0.0009
402 403 0.001
382 404 0.0182
399 404 0.0022
405 404 0.0064
406 404 0.0078
357 405 0.0058
404 405 0.0064
413 405 0.005
404 406 0.0078
407 406 0.0065
411 406 0.0037
406 407 0.0065
408 407 0.0057
414 407 0.0035
415 407 0.0047
402 408 0.0018
407 408 0.0057
409 408 0.0019
408 409 0.0019
410 409 0.0012
412 409 0.0012
409 410 0.0012
400 411 0.0015
402 411 0.0009
406 411 0.0037
409 412 0.0012
361 413 0.0012
405 413 0.005
414 413 0.0038
407 414 0.0035
413 414 0.0038
415 414 0.0012
417 414 0.0056
407 415 0.0047
414 415 0.0012
416 415 0.001
371 416 0.0044
372 416 0.0041
415 416 0.001
414 417 0.0056
418 417 0.0004
419 417 0.0027
421 417 0.0082
417 418 0.0004
372 419 0.0002
417 419 0.0027
424 419 0.001
362 420 0.0026
421 420 0.0023
422 420 0.0016
361 421 0.0056
417 421 0.0082
420 421 0.0023
363 422 0.0003
420 422 0.0016
423 422 0.0018
422 423 0.0018
419 424 0.001
104 425 0.001
352 425 0.0018
353 425 0.0014
273 426 0.0069
427 426 0.0019
437 426 0.0019
275 427 0.0008
426 427 0.0019
428 427 0.0007
434 427 0.0018
276 428 0.0002
427 428 0.0007
429 428 0.0021
428 429 0.0021
430 429 0.0105
432 429 0.0037
440 429 0.0015
354 430 0.0011
429 430 0.0105
441 430 0.0069
453 430 0.0012
103 431 0.0042
432 431 0.0006
437 431 0.0006
438 431 0.0004
429 432 0.0037
431 432 0.0006
433 432 0.0075
432 433 0.0075
434 433 0.0032
435 433 0.0066
438 433 0.0039
427 434 0.0018
433 434 0.0032
435 434 0.0008
433 435 0.0066
434 435 0.0008
436 435 0.0036
435 436 0.0036
426 437 0.0019
431 437 0.0006
438 437 0.0007
431 438 0.0004
433 438 0.0039
437 438 0.0007
281 439 0.0007
282 439 0.0026
449 439 0.0004
276 440 0.0002
277 440 0.0003
429 440 0.0015
430 441 0.0069
442 441 0.0034
453 441 0.0026
441 442 0.0034
443 442 0.004
452 442 0.0007
442 443 0.004
444 443 0.0029
1107 443 0.0005
355 444 0.0328
443 444 0.0029
445 444 0.0045
444 445 0.0045
446 445 0.0009
454 445 0.0013
356 446 0.0052
445 446 0.0009
447 446 0.0018
446 447 0.0018
448 447 0.0016
454 447 0.0075
455 447 0.0022
458 447 0.0004
279 448 0.0066
447 448 0.0016
449 448 0.0042
439 449 0.0004
448 449 0.0042
450 449 0.0104
283 450 0.0004
449 450 0.0104
451 450 0.0052
450 451 0.0052
459 451 0.0038
476 451 0.0007
278 452 0.0136
442 452 0.0007
453 452 0.0012
277 453 0.001
430 453 0.0012
441 453 0.0026
452 453 0.0012
278 454 0.0017
445 454 0.0013
447 454 0.0075
447 455 0.0022
456 455 0.0008
457 455 0.0004
455 456 0.0008
455 457 0.0004
447 458 0.0004
451 459 0.0038
460 459 0.0064
476 459 0.0003
482 459 0.0003
459 460 0.0064
461 460 0.003
465 460 0.0073
460 461 0.003
462 461 0.0005
468 461 0.0069
461 462 0.0005
463 462 0.0025
469 462 0.0022
482 462 0.0015
462 463 0.0025
464 463 0.0004
499 463 0.0002
463 464 0.0004
356 465 0.0002
460 465 0.0073
466 465 0.0128
358 466 0.0039
465 466 0.0128
467 466 0.0003
466 467 0.0003
359 468 0.0072
461 468 0.0069
470 468 0.001
462 469 0.0022
360 470 0.0049
468 470 0.001
471 470 0.0104
470 471 0.0104
472 471 0.0021
473 471 0.0007
471 472 0.0021
363 473 0.0011
471 473 0.0007
474 473 0.0004
473 474 0.0004
283 475 0.0004
284 476 0.001
451 476 0.0007
459 476 0.0003
477 476 0.0096
476 477 0.0096
478 477 0.001
483 477 0.0011
486 477 0.0005
477 478 0.001
479 478 0.003
482 478 0.0132
478 479 0.003
480 479 0.0009
481 479 0.0007
479 480 0.0009
479 481 0.0007
459 482 0.0003
462 482 0.0015
478 482 0.0132
477 483 0.0011
484 483 0.0017
485 483 0.0007
483 484 0.0017
483 485 0.0007
284 486 0.001
477 486 0.0005
487 486 0.0003
486 487 0.0003
285 488 0.0064
489 488 0.0044
492 488 0.0006
488 489 0.0044
490 489 0.0087
495 489 0.0004
489 490 0.0087
491 490 0.0061
493 490 0.0074
490 491 0.0061
488 492 0.0006
490 493 0.0074
494 493 0.0102
497 493 0.0008
493 494 0.0102
288 495 0.0026
489 495 0.0004
496 495 0.0006
495 496 0.0006
493 497 0.0008
289 498 0.0035
463 499 0.0002
289 500 0.0003
501 500 0.0003
502 500 0.003
500 501 0.0003
500 502 0.003
286 503 0.0113
504 503 0.0037
508 503 0.0023
503 504 0.0037
505 504 0.0042
507 504 0.0013
287 505 0.0009
504 505 0.0042
506 505 0.0007
505 506 0.0007
504 507 0.0013
503 508 0.0023
509 508 0.0033
516 508 0.0108
508 509 0.0033
510 509 0.002
515 509 0.0012
509 510 0.002
511 510 0.0164
514 510 0.0003
510 511 0.0164
512 511 0.002
513 511 0.001
511 512 0.002
511 513 0.001
510 514 0.0003
509 515 0.0012
508 516 0.0108
517 516 0.009
597 516 0.0003
516 517 0.009
518 517 0.0062
588 517 0.0008
517 518 0.0062
519 518 0.0042
588 518 0.0013
518 519 0.0042
520 519 0.0043
589 519 0.0005
519 520 0.0043
521 520 0.0031
568 520 0.0044
520 521 0.0031
522 521 0.0016
532 521 0.002
521 522 0.0016
523 522 0.0048
525 522 0.0008
529 522 0.0017
522 523 0.0048
524 523 0.0028
525 523 0.002
523 524 0.0028
522 525 0.0008
523 525 0.002
526 525 0.002
525 526 0.002
527 526 0.0005
529 526 0.0015
530 526 0.0174
526 527 0.0005
528 527 0.0007
531 527 0.0021
527 528 0.0007
522 529 0.0017
526 529 0.0015
530 529 0.0003
526 530 0.0174
529 530 0.0003
531 530 0.0061
527 531 0.0021
530 531 0.0061
532 531 0.0526
521 532 0.002
531 532 0.0526
533 532 0.0018
532 533 0.0018
534 533 0.0025
537 533 0.005
533 534 0.0025
535 534 0.0549
544 534 0.0206
534 535 0.0549
536 535 0.0005
541 535 0.0044
535 536 0.0005
533 537 0.005
538 537 0.0263
539 537 0.007
540 537 0.0005
537 538 0.0263
537 539 0.007
537 540 0.0005
535 541 0.0044
542 541 0.0005
543 541 0.0007
541 542 0.0005
541 543 0.0007
534 544 0.0206
545 544 0.009
551 544 0.0299
544 545 0.009
546 545 0.0012
547 545 0.0014
553 545 0.0002
545 546 0.0012
545 547 0.0014
548 547 0.001
549 547 0.0028
547 548 0.001
547 549 0.0028
550 549 0.0005
557 549 0.0003
549 550 0.0005
544 551 0.0299
552 551 0.0054
568 551 0.0006
301 552 0.0018
551 552 0.0054
553 552 0.0031
545 553 0.0002
552 553 0.0031
554 553 0.0031
556 553 0.001
553 554 0.0031
555 554 0.0021
557 554 0.0031
554 555 0.0021
553 556 0.001
549 557 0.0003
554 557 0.0031
558 557 0.0024
557 558 0.0024
303 559 0.0063
560 559 0.0031
563 559 0.0025
559 560 0.0031
561 560 0.0004
562 560 0.0007
560 561 0.0004
560 562 0.0007
559 563 0.0025
304 564 0.0026
565 564 0.0012
566 564 0.0016
564 565 0.0012
564 566 0.0016
305 567 0.0023
520 568 0.0044
551 568 0.0006
569 568 0.0206
568 569 0.0206
570 569 0.0177
582 569 0.0032
298 570 0.0098
569 570 0.0177
573 570 0.0003
298 571 0.0025
572 571 0.001
580 571 0.005
571 572 0.001
573 572 0.0054
648 572 0.0037
570 573 0.0003
572 573 0.0054
574 573 0.0013
573 574 0.0013
575 574 0.0486
584 574 0.0234
574 575 0.0486
576 575 0.0286
581 575 0.0044
575 576 0.0286
577 576 0.0035
584 576 0.056
576 577 0.0035
578 577 0.0142
594 577 0.0048
577 578 0.0142
579 578 0.0027
593 578 0.0007
284 579 0.0109
578 579 0.0027
591 579 0.001
571 580 0.005
575 581 0.0044
646 581 0.0035
647 581 0.0037
569 582 0.0032
583 582 0.0001
584 582 0.0003
582 583 0.0001
574 584 0.0234
576 584 0.056
582 584 0.0003
585 584 0.0016
584 585 0.0016
586 585 0.0149
589 585 0.0003
585 586 0.0149
587 586 0.0118
595 586 0.0283
596 586 0.0057
586 587 0.0118
588 587 0.0035
600 587 0.0036
517 588 0.0008
518 588 0.0013
587 588 0.0035
519 589 0.0005
585 589 0.0003
590 589 0.0011
589 590 0.0011
579 591 0.001
592 591 0.0009
593 591 0.0008
591 592 0.0009
578 593 0.0007
591 593 0.0008
594 593 0.001
577 594 0.0048
593 594 0.001
595 594 0.0035
586 595 0.0283
594 595 0.0035
599 595 0.0025
586 596 0.0057
597 596 0.0012
600 596 0.002
516 597 0.0003
596 597 0.0012
598 597 0.0008
597 598 0.0008
599 598 0.0036
605 598 0.0067
595 599 0.0025
598 599 0.0036
605 599 0.0072
587 600 0.0036
596 600 0.002
601 600 0.0007
600 601 0.0007
285 602 0.0007
603 602 0.0033
604 602 0.0005
602 603 0.0033
602 604 0.0005
284 605 0.0021
285 605 0.036
598 605 0.0067
599 605 0.0072
1 606 0.012
607 606 0.0008
622 606 0.001
606 607 0.0008
608 607 0.0029
609 607 0.0013
610 607 0.0016
607 608 0.0029
607 609 0.0013
607 610 0.0016
39 611 0.0003
612 611 0.0022
613 611 0.0026
611 612 0.0022
291 613 0.0117
293 613 0.0019
611 613 0.0026
614 613 0.0017
613 614 0.0017
615 614 0.0005
616 614 0.0005
97 615 0.0002
614 615 0.0005
616 615 0.0004
98 616 0.0003
614 616 0.0005
615 616 0.0004
47 617 0.0016
1 618 0.0004
619 618 0.0005
620 618 0.0002
621 618 0.0004
618 619 0.0005
618 620 0.0002
1 621 0.0013
618 621 0.0004
622 621 0.0065
606 622 0.001
621 622 0.0065
623 622 0.0025
622 623 0.0025
624 623 0.004
625 623 0.0074
627 623 0.0002
623 624 0.004
290 625 0.0021
623 625 0.0074
626 625 0.0159
292 626 0.0008
625 626 0.0159
627 626 0.0028
631 626 0.0009
623 627 0.0002
626 627 0.0028
628 627 0.0006
627 628 0.0006
629 628 0.0008
631 628 0.0006
628 629 0.0008
630 629 0.0006
634 629 0.0004
629 630 0.0006
632 630 0.0445
639 630 0.0117
293 631 0.0061
626 631 0.0009
628 631 0.0006
630 632 0.0445
633 632 0.0084
729 632 0.0029
632 633 0.0084
634 633 0.002
716 633 0.0023
629 634 0.0004
633 634 0.002
635 634 0.002
634 635 0.002
636 635 0.0051
637 635 0.0006
1 636 0.0014
635 636 0.0051
713 636 0.0028
635 637 0.0006
294 638 0.0003
630 639 0.0117
640 639 0.006
737 639 0.0031
296 640 0.0136
639 640 0.006
766 640 0.0059
295 641 0.0034
651 641 0.0219
709 641 0.0096
643 642 0.0085
688 642 0.0009
689 642 0.0025
709 642 0.0035
642 643 0.0085
644 643 0.0042
650 643 0.0007
705 643 0.0029
643 644 0.0042
645 644 0.0219
649 644 0.0009
644 645 0.0219
646 645 0.0034
647 645 0.0028
581 646 0.0035
645 646 0.0034
701 646 0.001
703 646 0.0026
705 646 0.0004
581 647 0.0037
645 647 0.0028
648 647 0.0089
572 648 0.0037
647 648 0.0089
649 648 0.0013
297 649 0.001
644 649 0.0009
648 649 0.0013
650 649 0.0001
643 650 0.0007
649 650 0.0001
1105 650 0.0007
641 651 0.0219
652 651 0.0007
653 651 0.0069
651 652 0.0007
651 653 0.0069
654 653 0.0102
657 653 0.0016
653 654 0.0102
655 654 0.0002
656 654 0.0012
654 655 0.0002
654 656 0.0012
653 657 0.0016
658 657 0.0056
659 657 0.0003
657 658 0.0056
657 659 0.0003
99 660 0.0034
661 660 0.0054
667 660 0.0014
660 661 0.0054
662 661 0.0011
670 661 0.0003
661 662 0.0011
663 662 0.0072
680 662 0.022
682 662 0.002
662 663 0.0072
664 663 0.0019
682 663 0.0056
663 664 0.0019
665 664 0.0014
681 664 0.0002
686 664 0.0002
696 664 0.002
664 665 0.0014
666 665 0.0009
686 665 0.0004
691 665 0.0126
693 665 0.0104
665 666 0.0009
660 667 0.0014
668 667 0.0036
669 667 0.0006
667 668 0.0036
667 669 0.0006
676 669 0.0003
1099 669 0.0013
661 670 0.0003
671 670 0.0015
677 670 0.0004
670 671 0.0015
672 671 0.0015
678 671 0.0005
671 672 0.0015
673 672 0.0044
674 672 0.0058
684 672 0.007
672 673 0.0044
674 673 0.0025
680 673 0.0006
672 674 0.0058
673 674 0.0025
681 674 0.0063
685 674 0.0122
99 675 0.0038
100 675 0.035
676 675 0.0065
669 676 0.0003
675 676 0.0065
677 676 0.0081
670 677 0.0004
676 677 0.0081
678 677 0.0048
671 678 0.0005
677 678 0.0048
679 678 0.001
678 679 0.001
662 680 0.022
673 680 0.0006
681 680 0.0013
664 681 0.0002
674 681 0.0063
680 681 0.0013
683 681 0.0007
662 682 0.002
663 682 0.0056
688 682 0.0004
689 682 0.0003
696 682 0.0004
275 683 0.0003
681 683 0.0007
685 683 0.002
274 684 0.0005
672 684 0.007
685 684 0.0099
674 685 0.0122
683 685 0.002
684 685 0.0099
664 686 0.0002
665 686 0.0004
687 686 0.0008
686 687 0.0008
642 688 0.0009
682 688 0.0004
689 688 0.0008
642 689 0.0025
682 689 0.0003
688 689 0.0008
690 689 0.0084
704 689 0.0006
689 690 0.0084
691 690 0.0091
696 690 0.0019
697 690 0.0003
665 691 0.0126
690 691 0.0091
692 691 0.0007
280 692 0.0019
691 692 0.0007
695 692 0.0009
665 693 0.0104
694 693 0.0008
695 693 0.0005
276 694 0.0006
693 694 0.0008
695 694 0.0004
692 695 0.0009
693 695 0.0005
694 695 0.0004
664 696 0.002
682 696 0.0004
690 696 0.0019
690 697 0.0003
698 697 0.003
699 697 0.0011
704 697 0.0022
697 698 0.003
280 699 0.0003
697 699 0.0011
700 699 0.0012
703 699 0.0009
281 700 0.0029
699 700 0.0012
701 700 0.003
702 700 0.0029
646 701 0.001
700 701 0.003
702 701 0.0009
708 701 0.0333
700 702 0.0029
701 702 0.0009
703 702 0.0036
646 703 0.0026
699 703 0.0009
702 703 0.0036
704 703 0.0032
689 704 0.0006
697 704 0.0022
703 704 0.0032
705 704 0.003
643 705 0.0029
646 705 0.0004
704 705 0.003
282 706 0.0072
283 706 0.0017
708 706 0.0401
283 707 0.0124
284 707 0.0049
708 707 0.0012
701 708 0.0333
706 708 0.0401
707 708 0.0012
641 709 0.0096
642 709 0.0035
710 709 0.0012
709 710 0.0012
711 710 0.0011
712 710 0.0008
710 711 0.0011
710 712 0.0008
636 713 0.0028
714 713 0.0093
715 713 0.0137
713 714 0.0093
713 715 0.0137
633 716 0.0023
717 716 0.0009
720 716 0.0073
716 717 0.0009
718 717 0.0059
719 717 0.0007
717 718 0.0059
717 719 0.0007
716 720 0.0073
721 720 0.0014
722 720 0.0012
720 721 0.0014
720 722 0.0012
724 723 0.0006
723 724 0.0006
726 725 0.0084
725 726 0.0084
727 726 0.0006
728 726 0.0035
726 727 0.0006
726 728 0.0035
632 729 0.0029
730 729 0.001
737 729 0.0018
729 730 0.001
731 730 0.0021
732 730 0.0018
730 731 0.0021
730 732 0.0018
733 732 0.0008
735 732 0.0003
732 733 0.0008
734 733 0.0054
735 733 0.0012
733 734 0.0054
732 735 0.0003
733 735 0.0012
736 735 0.0006
735 736 0.0006
639 737 0.0031
729 737 0.0018
738 737 0.0144
768 737 0.0006
775 737 0.0005
737 738 0.0144
739 738 0.0147
746 738 0.0003
738 739 0.0147
740 739 0.0068
747 739 0.0042
776 739 0.0009
739 740 0.0068
741 740 0.0149
777 740 0.0013
740 741 0.0149
742 741 0.0366
747 741 0.0003
741 742 0.0366
743 742 0.0109
752 742 0.0005
777 742 0.0028
786 742 0.0006
742 743 0.0109
744 743 0.0072
754 743 0.0005
759 743 0.0026
743 744 0.0072
745 744 0.0073
755 744 0.0031
744 745 0.0073
738 746 0.0003
739 747 0.0042
741 747 0.0003
748 747 0.0006
747 748 0.0006
749 748 0.0024
751 748 0.0109
748 749 0.0024
750 749 0.0101
812 749 0.001
749 750 0.0101
751 750 0.0765
761 750 0.0115
748 751 0.0109
750 751 0.0765
752 751 0.0604
742 752 0.0005
751 752 0.0604
753 752 0.0024
752 753 0.0024
754 753 0.0021
761 753 0.0028
743 754 0.0005
753 754 0.0021
755 754 0.0061
744 755 0.0031
754 755 0.0061
756 755 0.0117
755 756 0.0117
757 756 0.0188
760 756 0.0005
756 757 0.0188
758 757 0.0176
759 757 0.0165
760 757 0.0007
757 758 0.0176
743 759 0.0026
757 759 0.0165
765 759 0.0012
786 759 0.003
756 760 0.0005
757 760 0.0007
764 760 0.0053
750 761 0.0115
753 761 0.0028
762 761 0.003
761 762 0.003
764 762 0.0075
806 762 0.0007
808 762 0.0027
764 763 0.0202
798 763 0.0008
804 763 0.0052
760 764 0.0053
762 764 0.0075
763 764 0.0202
759 765 0.0012
640 766 0.0059
767 766 0.0004
768 766 0.0069
766 767 0.0004
737 768 0.0006
766 768 0.0069
769 768 0.0046
774 768 0.0112
768 769 0.0046
770 769 0.0725
772 769 0.0062
769 770 0.0725
771 770 0.0077
772 770 0.0035
770 771 0.0077
773 771 0.0013
779 771 0.0009
783 771 0.0011
791 771 0.0026
792 771 0.0093
769 772 0.0062
770 772 0.0035
773 772 0.0029
771 773 0.0013
772 773 0.0029
790 773 0.0052
1091 773 0.0018
768 774 0.0112
775 774 0.0035
785 774 0.0007
737 775 0.0005
774 775 0.0035
776 775 0.0052
739 776 0.0009
775 776 0.0052
777 776 0.0015
784 776 0.0003
740 777 0.0013
742 777 0.0028
776 777 0.0015
778 777 0.0027
784 777 0.0246
777 778 0.0027
779 778 0.0102
785 778 0.0012
771 779 0.0009
778 779 0.0102
780 779 0.0099
779 780 0.0099
781 780 0.0173
783 780 0.013
787 780 0.0015
780 781 0.0173
782 781 0.0022
783 781 0.0082
788 781 0.0014
781 782 0.0022
771 783 0.0011
780 783 0.013
781 783 0.0082
776 784 0.0003
777 784 0.0246
785 784 0.0003
774 785 0.0007
778 785 0.0012
784 785 0.0003
742 786 0.0006
759 786 0.003
787 786 0.0038
780 787 0.0015
786 787 0.0038
788 787 0.0104
781 788 0.0014
787 788 0.0104
789 788 0.0038
788 789 0.0038
299 790 0.0008
773 790 0.0052
791 790 0.026
771 791 0.0026
790 791 0.026
795 791 0.0175
796 791 0.0004
771 792 0.0093
793 792 0.0053
797 792 0.0074
792 793 0.0053
794 793 0.0062
851 793 0.0091
793 794 0.0062
796 794 0.0019
859 794 0.0043
791 795 0.0175
796 795 0.0009
863 795 0.0042
791 796 0.0004
794 796 0.0019
795 796 0.0009
792 797 0.0074
798 797 0.0283
800 797 0.0044
763 798 0.0008
797 798 0.0283
799 798 0.0185
798 799 0.0185
800 799 0.0049
803 799 0.0016
797 800 0.0044
799 800 0.0049
801 800 0.0078
800 801 0.0078
802 801 0.0009
803 801 0.0006
823 801 0.0044
834 801 0.0004
839 801 0.0005
801 802 0.0009
799 803 0.0016
801 803 0.0006
804 803 0.0095
834 803 0.0019
763 804 0.0052
803 804 0.0095
805 804 0.0024
804 805 0.0024
806 805 0.0088
835 805 0.0012
837 805 0.0006
762 806 0.0007
805 806 0.0088
807 806 0.0165
806 807 0.0165
808 807 0.0058
838 807 0.0064
762 808 0.0027
807 808 0.0058
809 808 0.0378
808 809 0.0378
810 809 0.0056
844 809 0.0005
809 810 0.0056
811 810 0.0083
813 810 0.0052
827 810 0.0035
845 810 0.0003
810 811 0.0083
749 812 0.001
810 813 0.0052
814 813 0.0273
826 813 0.0031
813 814 0.0273
815 814 0.0145
829 814 0.0099
814 815 0.0145
816 815 0.0194
825 815 0.0046
815 816 0.0194
817 816 0.0637
824 816 0.0022
816 817 0.0637
818 817 0.0166
867 817 0.0152
817 818 0.0166
819 818 0.0028
828 818 0.0216
874 818 0.0052
875 818 0.0074
818 819 0.0028
820 819 0.0032
882 819 0.0003
819 820 0.0032
821 820 0.0031
883 820 0.0063
820 821 0.0031
822 821 0.0018
831 821 0.0037
905 821 0.0112
821 822 0.0018
823 822 0.0019
833 822 0.0027
840 822 0.0084
917 822 0.0033
801 823 0.0044
822 823 0.0019
833 823 0.0104
816 824 0.0022
815 825 0.0046
813 826 0.0031
810 827 0.0035
818 828 0.0216
814 829 0.0099
830 829 0.002
845 829 0.0031
829 830 0.002
831 830 0.0021
849 830 0.0016
821 831 0.0037
830 831 0.0021
832 831 0.0022
831 832 0.0022
822 833 0.0027
823 833 0.0104
851 833 0.0001
855 833 0.0105
801 834 0.0004
803 834 0.0019
835 834 0.0007
839 834 0.0014
805 835 0.0012
834 835 0.0007
836 835 0.0009
835 836 0.0009
837 836 0.0013
841 836 0.0413
805 837 0.0006
836 837 0.0013
838 837 0.0018
807 838 0.0064
837 838 0.0018
841 838 0.0018
801 839 0.0005
834 839 0.0014
840 839 0.0293
822 840 0.0084
839 840 0.0293
842 840 0.0046
836 841 0.0413
838 841 0.0018
842 841 0.0084
840 842 0.0046
841 842 0.0084
843 842 0.0028
842 843 0.0028
809 844 0.0005
810 845 0.0003
829 845 0.0031
846 845 0.0034
845 846 0.0034
847 846 0.0008
848 846 0.0003
849 846 0.0004
846 847 0.0008
846 848 0.0003
830 849 0.0016
846 849 0.0004
850 849 0.0064
849 850 0.0064
793 851 0.0091
833 851 0.0001
852 851 0.0063
851 852 0.0063
853 852 0.0024
855 852 0.0002
852 853 0.0024
854 853 0.0006
864 853 0.0004
853 854 0.0006
860 854 0.0108
865 854 0.0016
833 855 0.0105
852 855 0.0002
860 855 0.0154
300 856 0.0015
857 856 0.0115
859 856 0.0026
934 856 0.0021
856 857 0.0115
858 857 0.0041
935 857 0.0003
857 858 0.0041
939 858 0.0107
952 858 0.0092
794 859 0.0043
856 859 0.0026
861 859 0.02
854 860 0.0108
855 860 0.0154
866 860 0.0044
859 861 0.02
862 861 0.0275
864 861 0.0031
861 862 0.0275
299 863 0.0065
300 863 0.0349
795 863 0.0042
853 864 0.0004
861 864 0.0031
865 864 0.0011
854 865 0.0016
864 865 0.0011
866 865 0.0034
860 866 0.0044
865 866 0.0034
920 866 0.003
817 867 0.0152
868 867 0.0193
874 867 0.0022
867 868 0.0193
869 868 0.0063
877 868 0.0003
868 869 0.0063
870 869 0.0023
885 869 0.0037
869 870 0.0023
871 870 0.0123
872 870 0.0372
873 870 0.0091
1008 870 0.0221
870 871 0.0123
870 872 0.0372
870 873 0.0091
818 874 0.0052
867 874 0.0022
875 874 0.0073
818 875 0.0074
874 875 0.0073
876 875 0.0088
875 876 0.0088
868 877 0.0003
878 877 0.0029
885 877 0.0194
992 877 0.0116
877 878 0.0029
879 878 0.0098
886 878 0.0035
892 878 0.0141
878 879 0.0098
880 879 0.0007
881 879 0.0066
879 880 0.0007
879 881 0.0066
819 882 0.0003
883 882 0.0004
884 882 0.0011
820 883 0.0063
882 883 0.0004
892 883 0.0015
893 883 0.0075
882 884 0.0011
869 885 0.0037
877 885 0.0194
992 885 0.0046
878 886 0.0035
887 886 0.0027
892 886 0.0343
886 887 0.0027
888 887 0.0189
967 887 0.0072
887 888 0.0189
889 888 0.0041
904 888 0.0116
888 889 0.0041
890 889 0.0343
940 889 0.0021
889 890 0.0343
891 890 0.0156
903 890 0.0008
890 891 0.0156
960 891 0.0043
963 891 0.0012
878 892 0.0141
883 892 0.0015
886 892 0.0343
896 892 0.0044
883 893 0.0075
894 893 0.0041
895 893 0.0013
893 894 0.0041
893 895 0.0013
892 896 0.0044
897 896 0.0061
906 896 0.0004
896 897 0.0061
898 897 0.004
907 897 0.0002
897 898 0.004
899 898 0.0039
912 898 0.0026
898 899 0.0039
900 899 0.0384
904 899 0.0085
899 900 0.0384
901 900 0.0017
904 900 0.0088
931 900 0.0058
900 901 0.0017
902 901 0.0045
932 901 0.0004
901 902 0.0045
890 903 0.0008
888 904 0.0116
899 904 0.0085
900 904 0.0088
821 905 0.0112
906 905 0.0025
909 905 0.0005
916 905 0.0007
896 906 0.0004
905 906 0.0025
907 906 0.0048
897 907 0.0002
906 907 0.0048
908 907 0.0012
907 908 0.0012
905 909 0.0005
910 909 0.0007
916 909 0.0006
909 910 0.0007
911 910 0.0035
915 910 0.0281
919 910 0.0011
910 911 0.0035
912 911 0.0346
915 911 0.0196
898 912 0.0026
911 912 0.0346
913 912 0.008
914 912 0.0004
912 913 0.008
912 914 0.0004
910 915 0.0281
911 915 0.0196
916 915 0.0089
905 916 0.0007
909 916 0.0006
915 916 0.0089
822 917 0.0033
918 917 0.0007
919 917 0.0208
922 917 0.0061
917 918 0.0007
910 919 0.0011
917 919 0.0208
926 919 0.0028
866 920 0.003
921 920 0.0039
923 920 0.0013
920 921 0.0039
917 922 0.0061
923 922 0.0029
925 922 0.0019
920 923 0.0013
922 923 0.0029
924 923 0.0034
923 924 0.0034
922 925 0.0019
919 926 0.0028
927 926 0.0109
929 926 0.0016
926 927 0.0109
928 927 0.0022
930 927 0.0074
931 927 0.0175
927 928 0.0022
926 929 0.0016
927 930 0.0074
900 931 0.0058
927 931 0.0175
932 931 0.0079
901 932 0.0004
931 932 0.0079
933 932 0.0039
932 933 0.0039
302 934 0.0007
856 934 0.0021
935 934 0.0013
857 935 0.0003
934 935 0.0013
936 935 0.0022
935 936 0.0022
937 936 0.0067
939 936 0.0048
936 937 0.0067
303 938 0.0004
858 939 0.0107
936 939 0.0048
947 939 0.0054
889 940 0.0021
941 940 0.0213
945 940 0.0026
940 941 0.0213
942 941 0.0055
945 941 0.0048
941 942 0.0055
943 942 0.0226
944 942 0.0094
942 943 0.0226
942 944 0.0094
940 945 0.0026
941 945 0.0048
946 945 0.0038
945 946 0.0038
939 947 0.0054
948 947 0.0014
949 947 0.0091
947 948 0.0014
947 949 0.0091
950 949 0.001
951 949 0.0019
949 950 0.001
949 951 0.0019
858 952 0.0092
953 952 0.0003
954 952 0.0075
952 953 0.0003
952 954 0.0075
955 954 0.0041
959 954 0.0008
965 954 0.0005
954 955 0.0041
956 955 0.0032
965 955 0.0009
955 956 0.0032
957 956 0.0014
958 956 0.0028
956 957 0.0014
956 958 0.0028
954 959 0.0008
891 960 0.0043
961 960 0.0068
962 960 0.0023
966 960 0.0026
960 961 0.0068
960 962 0.0023
891 963 0.0012
964 963 0.0051
966 963 0.0073
963 964 0.0051
954 965 0.0005
955 965 0.0009
966 965 0.0015
960 966 0.0026
963 966 0.0073
965 966 0.0015
887 967 0.0072
968 967 0.0015
971 967 0.0034
980 967 0.0005
981 967 0.0064
967 968 0.0015
969 968 0.0101
970 968 0.0075
968 969 0.0101
1026 969 0.0068
1027 969 0.0044
968 970 0.0075
967 971 0.0034
972 971 0.0004
973 971 0.038
971 972 0.0004
971 973 0.038
974 973 0.0139
983 973 0.0338
973 974 0.0139
975 974 0.0378
983 974 0.0088
974 975 0.0378
976 975 0.0343
990 975 0.0011
975 976 0.0343
977 976 0.0015
990 976 0.0022
976 977 0.0015
978 977 0.0054
985 977 0.0034
977 978 0.0054
979 978 0.0037
988 978 0.0092
978 979 0.0037
967 980 0.0005
967 981 0.0064
982 981 0.0005
984 981 0.0016
981 982 0.0005
973 983 0.0338
974 983 0.0088
984 983 0.0007
981 984 0.0016
983 984 0.0007
985 984 0.0543
987 984 0.0012
977 985 0.0034
984 985 0.0543
986 985 0.002
985 986 0.002
988 986 0.0026
989 986 0.0008
984 987 0.0012
978 988 0.0092
986 988 0.0026
989 988 0.0241
986 989 0.0008
988 989 0.0241
1042 989 0.0046
975 990 0.0011
976 990 0.0022
991 990 0.0046
990 991 0.0046
877 992 0.0116
885 992 0.0046
993 992 0.0008
999 992 0.0033
992 993 0.0008
994 993 0.0024
995 993 0.0046
996 993 0.0004
997 993 0.0016
998 993 0.0004
1001 993 0.0013
993 994 0.0024
993 995 0.0046
993 996 0.0004
993 997 0.0016
993 998 0.0004
992 999 0.0033
1000 999 0.0033
1001 999 0.0008
999 1000 0.0033
1001 1000 0.003
1007 1000 0.0008
993 1001 0.0013
999 1001 0.0008
1000 1001 0.003
1002 1001 0.0051
1007 1001 0.0007
1001 1002 0.0051
1003 1002 0.004
1005 1002 0.0033
1013 1002 0.0024
1014 1002 0.0017
1002 1003 0.004
1004 1003 0.0126
1006 1003 0.0211
1003 1004 0.0126
1002 1005 0.0033
1003 1006 0.0211
1000 1007 0.0008
1001 1007 0.0007
1012 1007 0.002
1013 1007 0.0058
870 1008 0.0221
1009 1008 0.0013
1012 1008 0.0047
1008 1009 0.0013
1017 1009 0.0007
1022 1009 0.0052
1011 1010 0.0013
1014 1010 0.0032
1022 1010 0.0043
1010 1011 0.0013
1007 1012 0.002
1008 1012 0.0047
1013 1012 0.0045
1002 1013 0.0024
1007 1013 0.0058
1012 1013 0.0045
1002 1014 0.0017
1010 1014 0.0032
1015 1014 0.0009
1016 1014 0.0008
1014 1015 0.0009
1014 1016 0.0008
1009 1017 0.0007
1018 1017 0.0088
1025 1017 0.0087
1017 1018 0.0088
1019 1018 0.001
1023 1018 0.0013
1018 1019 0.001
1020 1019 0.0006
1021 1019 0.0006
1019 1020 0.0006
1019 1021 0.0006
1009 1022 0.0052
1010 1022 0.0043
1023 1022 0.0006
1018 1023 0.0013
1022 1023 0.0006
1024 1023 0.0009
1023 1024 0.0009
1017 1025 0.0087
969 1026 0.0068
969 1027 0.0044
1028 1027 0.0151
1034 1027 0.0056
1027 1028 0.0151
1029 1028 0.074
1036 1028 0.0129
1028 1029 0.074
1030 1029 0.0143
1032 1029 0.0006
1048 1029 0.001
1029 1030 0.0143
1031 1030 0.0141
1032 1030 0.0007
1030 1031 0.0141
1029 1032 0.0006
1030 1032 0.0007
1033 1032 0.0016
1032 1033 0.0016
1027 1034 0.0056
1035 1034 0.0017
1042 1034 0.0104
1034 1035 0.0017
1028 1036 0.0129
1037 1036 0.0058
1043 1036 0.0017
1036 1037 0.0058
1038 1037 0.003
1041 1037 0.0015
1042 1037 0.0009
1037 1038 0.003
1039 1038 0.0057
1040 1038 0.0024
1038 1039 0.0057
1038 1040 0.0024
1037 1041 0.0015
989 1042 0.0046
1034 1042 0.0104
1037 1042 0.0009
1036 1043 0.0017
1044 1043 0.0024
1045 1043 0.0027
1043 1044 0.0024
1043 1045 0.0027
1047 1046 0.0035
1046 1047 0.0035
1048 1047 0.0232
1053 1047 0.0062
1029 1048 0.001
1047 1048 0.0232
1049 1048 0.0022
1055 1048 0.0085
1048 1049 0.0022
1050 1049 0.0026
1052 1049 0.0048
1049 1050 0.0026
1051 1050 0.0096
1056 1050 0.0072
1050 1051 0.0096
1049 1052 0.0048
1047 1053 0.0062
1054 1053 0.0133
1055 1053 0.0021
1053 1054 0.0133
1048 1055 0.0085
1053 1055 0.0021
1056 1055 0.0045
1050 1056 0.0072
1055 1056 0.0045
1057 1056 0.0015
1056 1057 0.0015
1059 1058 0.0074
1066 1058 0.0032
1071 1058 0.001
1058 1059 0.0074
1060 1059 0.0016
1062 1059 0.001
1059 1060 0.0016
1061 1060 0.0027
1063 1060 0.002
1060 1061 0.0027
1059 1062 0.001
1060 1063 0.002
1065 1064 0.0003
1064 1065 0.0003
1058 1066 0.0032
1067 1066 0.0062
1068 1066 0.0124
1066 1067 0.0062
1066 1068 0.0124
1069 1068 0.0015
1070 1068 0.0016
1068 1069 0.0015
1068 1070 0.0016
1058 1071 0.001
1073 1072 0.0137
1074 1072 0.0051
1075 1072 0.0018
1072 1073 0.0137
1072 1074 0.0051
1072 1075 0.0018
1077 1076 0.0081
1076 1077 0.0081
1078 1077 0.0048
1079 1077 0.0206
1077 1078 0.0048
1077 1079 0.0206
1080 1079 0.013
1081 1079 0.0036
1079 1080 0.013
1079 1081 0.0036
1083 1082 0.002
1082 1083 0.002
1085 1084 0.003
1084 1085 0.003
1087 1086 0.0042
1086 1087 0.0042
1089 1088 0.0008
1088 1089 0.0008
109 1090 0.0059
110 1090 0.0103
201 1090 0.0002
297 1091 0.0051
298 1091 0.0126
773 1091 0.0018
80 1092 0.0004
103 1092 0.0149
1093 1092 0.0003
80 1093 0.006
81 1093 0.0014
1092 1093 0.0003
31 1094 0.0003
69 1095 0.0005
1096 1095 0.0004
1098 1095 0.0011
25 1096 0.0018
1095 1096 0.0004
1098 1096 0.0002
17 1097 0.0029
69 1097 0.0052
1098 1097 0.0025
1095 1098 0.0011
1096 1098 0.0002
1097 1098 0.0025
669 1099 0.0013
61 1100 0.0011
102 1100 0.009
1101 1100 0.0027
1100 1101 0.0027
1102 1101 0.0016
1103 1101 0.0063
1101 1102 0.0016
61 1103 0.0004
1101 1103 0.0063
1104 1103 0.0006
1103 1104 0.0006
296 1105 0.0033
297 1105 0.0168
650 1105 0.0007
354 1106 0.0388
365 1106 0.0008
1107 1106 0.0105
355 1107 0.0055
443 1107 0.0005
1106 1107 0.0105
