2 1 0.0176
3 1 0.0177
4 1 0.0005
5 1 0.0026
14 1 0.0074
457 1 0.001
458 1 0.0165
461 1 0.0075
1 2 0.0176
1 3 0.0177
1 4 0.0005
5 4 0.0386
10 4 0.0051
1 5 0.0026
4 5 0.0386
17 5 0.0028
15 6 0.0003
126 6 0.0162
473 6 0.0011
9 7 0.043
42 7 0.0281
126 7 0.003
474 8 0.0023
7 9 0.043
42 9 0.0392
127 9 0.03
4 10 0.0051
156 10 0.0037
213 10 0.0047
12 11 0.0029
124 11 0.0003
127 11 0.0028
11 12 0.0029
13 12 0.0096
464 12 0.0396
12 13 0.0096
462 13 0.0527
463 13 0.245
1 14 0.0074
6 15 0.0003
24 15 0.0004
32 15 0.0002
17 16 0.0039
5 17 0.0028
16 17 0.0039
20 17 0.0036
22 18 0.0021
20 19 0.0012
17 20 0.0036
19 20 0.0012
21 20 0.0124
20 21 0.0124
22 21 0.0134
28 21 0.016
18 22 0.0021
21 22 0.0134
27 22 0.0007
320 22 0.0026
94 23 0.0004
102 23 0.0008
118 23 0.0004
15 24 0.0004
25 24 0.0011
26 24 0.0005
45 24 0.002
49 24 0.0021
24 25 0.0011
24 26 0.0005
22 27 0.0007
33 27 0.0013
38 27 0.0007
21 28 0.016
29 28 0.0061
38 28 0.0067
28 29 0.0061
31 30 0.0006
30 31 0.0006
32 31 0.0003
34 31 0.0001
15 32 0.0002
31 32 0.0003
49 32 0.0113
27 33 0.0013
66 33 0.018
332 33 0.0033
31 34 0.0001
37 34 0.0016
57 34 0.0026
36 35 0.1157
71 35 0.0005
72 35 0.0012
35 36 0.1157
195 36 0.1293
199 36 0.0074
34 37 0.0016
39 37 0.0019
80 37 0.0003
27 38 0.0007
28 38 0.0067
188 38 0.0272
37 39 0.0019
211 39 0.0001
212 39 0.0047
210 40 0.0107
326 40 0.0527
327 40 0.0282
107 41 0.0021
7 42 0.0281
9 42 0.0392
43 42 0.0082
42 43 0.0082
44 43 0.0032
126 43 0.0003
43 44 0.0032
125 44 0.002
212 44 0.0123
24 45 0.002
47 46 0.0011
58 46 0.0047
210 46 0.0456
46 47 0.0011
51 48 0.0012
24 49 0.0021
32 49 0.0113
50 49 0.0146
49 50 0.0146
48 51 0.0012
421 52 0.0488
107 53 0.0025
113 53 0.0027
238 53 0.0066
56 54 0.0026
414 54 0.001
424 54 0.0234
100 55 0.0012
344 55 0.0033
410 55 0.0003
468 55 0.0001
54 56 0.0026
34 57 0.0026
59 57 0.0013
61 57 0.0006
46 58 0.0047
89 58 0.0164
91 58 0.0012
57 59 0.0013
65 59 0.0038
119 59 0.0012
210 60 0.0256
57 61 0.0006
62 61 0.0003
415 61 0.0003
61 62 0.0003
119 62 0.0008
411 62 0.0018
119 63 0.0005
65 64 0.0003
74 64 0.0074
207 64 0.0011
59 65 0.0038
64 65 0.0003
207 65 0.0036
33 66 0.018
72 66 0.0125
333 66 0.0006
68 67 0.0198
90 67 0.0817
99 67 0.0108
207 67 0.0939
67 68 0.0198
69 68 0.0192
73 68 0.0027
68 69 0.0192
70 69 0.0047
106 69 0.0269
69 70 0.0047
104 70 0.0087
416 70 0.035
35 71 0.0005
75 71 0.001
204 71 0.0064
35 72 0.0012
66 72 0.0125
76 72 0.0004
68 73 0.0027
115 73 0.0013
416 73 0.0004
429 73 0.0238
64 74 0.0074
94 74 0.0031
408 74 0.0005
71 75 0.001
72 76 0.0004
185 76 0.0016
206 76 0.0006
78 77 0.002
81 77 0.0006
84 77 0.0006
185 77 0.0133
77 78 0.002
79 78 0.0005
185 78 0.0002
78 79 0.0005
89 79 0.0001
343 79 0.003
37 80 0.0003
211 80 0.0462
415 80 0.0006
77 81 0.0006
82 81 0.0074
208 81 0.0018
248 81 0.0126
81 82 0.0074
167 82 0.0608
183 82 0.0083
84 83 0.0018
133 83 0.0049
177 83 0.0011
183 83 0.0335
77 84 0.0006
83 84 0.0018
85 84 0.0007
84 85 0.0007
86 85 0.0018
182 85 0.0053
85 86 0.0018
88 87 0.0005
123 87 0.0004
211 87 0.0001
87 88 0.0005
94 88 0.0004
408 88 0.0005
58 89 0.0164
79 89 0.0001
93 89 0.0055
67 90 0.0817
58 91 0.0012
93 92 0.0047
254 92 0.0003
255 92 0.0067
89 93 0.0055
92 93 0.0047
130 93 0.004
23 94 0.0004
74 94 0.0031
88 94 0.0004
96 95 0.0499
97 95 0.0052
98 95 0.0009
95 96 0.0499
95 97 0.0052
95 98 0.0009
67 99 0.0108
55 100 0.0012
101 100 0.0005
111 100 0.0034
100 101 0.0005
116 101 0.0005
341 101 0.01
23 102 0.0008
416 103 0.0002
70 104 0.0087
105 104 0.025
107 104 0.0083
104 105 0.025
69 106 0.0269
41 107 0.0021
53 107 0.0025
104 107 0.0083
110 107 0.0025
251 108 0.0005
253 108 0.0184
330 108 0.0279
111 109 0.0009
253 109 0.0192
255 109 0.0011
107 110 0.0025
100 111 0.0034
109 111 0.0009
255 111 0.0027
114 112 0.0021
129 112 0.0002
250 112 0.0467
53 113 0.0027
112 114 0.0021
249 114 0.0012
334 114 0.0013
73 115 0.0013
101 116 0.0005
117 116 0.0011
128 116 0.0006
116 117 0.0011
23 118 0.0004
59 119 0.0012
62 119 0.0008
63 119 0.0005
120 119 0.0014
121 119 0.0003
122 119 0.0005
119 120 0.0014
119 121 0.0003
119 122 0.0005
87 123 0.0004
408 123 0.0014
411 123 0.022
11 124 0.0003
125 124 0.0002
127 124 0.0013
44 125 0.002
124 125 0.0002
212 125 0.0005
6 126 0.0162
7 126 0.003
43 126 0.0003
9 127 0.03
11 127 0.0028
124 127 0.0013
116 128 0.0006
112 129 0.0002
93 130 0.004
249 130 0.0055
346 130 0.0031
132 131 0.0066
181 131 0.0011
346 131 0.0788
131 132 0.0066
133 132 0.0058
342 132 0.0204
83 133 0.0049
132 133 0.0058
180 133 0.0004
169 134 0.0019
175 134 0.0143
290 134 0.001
342 134 0.0284
201 135 0.0344
203 135 0.0203
205 135 0.0187
187 136 0.0111
204 136 0.0007
205 136 0.0127
206 136 0.0019
139 137 0.0016
140 137 0.0003
236 137 0.0016
139 138 0.0121
137 139 0.0016
138 139 0.0121
140 139 0.0006
137 140 0.0003
139 140 0.0006
141 140 0.0009
140 141 0.0009
256 141 0.0075
260 141 0.001
412 142 0.0017
144 143 0.0079
143 144 0.0079
145 144 0.0036
214 144 0.0936
215 144 0.0003
144 145 0.0036
146 145 0.0006
216 145 0.0028
145 146 0.0006
147 146 0.0014
226 146 0.0064
146 147 0.0014
224 147 0.0052
226 147 0.0069
149 148 0.0014
225 148 0.0002
234 148 0.0007
148 149 0.0014
190 149 0.0013
222 149 0.0005
151 150 0.0001
150 151 0.0001
152 151 0.0006
156 151 0.0001
151 152 0.0006
154 153 0.0007
156 153 0.0035
190 153 0.0008
153 154 0.0007
190 155 0.0043
235 155 0.0009
407 155 0.0008
10 156 0.0037
151 156 0.0001
153 156 0.0035
158 157 0.0008
160 157 0.0004
340 157 0.0025
157 158 0.0008
160 159 0.0004
338 159 0.0004
341 159 0.0004
157 160 0.0004
159 160 0.0004
472 160 0.0008
340 161 0.0005
419 161 0.0016
472 161 0.0006
163 162 0.0012
166 162 0.0002
175 162 0.007
162 163 0.0012
164 163 0.0013
165 163 0.0046
163 164 0.0013
166 164 0.0001
294 164 0.0005
163 165 0.0046
162 166 0.0002
164 166 0.0001
168 166 0.0002
171 166 0.0002
172 166 0.0001
174 166 0.0002
292 166 0.0012
293 166 0.0008
295 166 0.001
302 166 0.0001
353 166 0.0001
354 166 0.0002
366 166 0.0001
82 167 0.0608
166 168 0.0002
171 168 0.0022
285 168 0.0045
134 169 0.0019
171 170 0.0045
290 170 0.0006
402 170 0.0014
166 171 0.0002
168 171 0.0022
170 171 0.0045
172 171 0.001
166 172 0.0001
171 172 0.001
173 172 0.0004
289 172 0.001
172 173 0.0004
166 174 0.0002
282 174 0.0047
284 174 0.0004
134 175 0.0143
162 175 0.007
176 175 0.0066
342 175 0.0505
175 176 0.0066
83 177 0.0011
178 177 0.0016
179 177 0.0183
177 178 0.0016
177 179 0.0183
133 180 0.0004
131 181 0.0011
85 182 0.0053
82 183 0.0083
83 183 0.0335
184 183 0.0031
183 184 0.0031
76 185 0.0016
77 185 0.0133
78 185 0.0002
248 185 0.0044
187 186 0.003
237 186 0.0226
241 186 0.0024
136 187 0.0111
186 187 0.003
206 187 0.0004
38 188 0.0272
325 188 0.0009
326 188 0.0093
213 189 0.0013
149 190 0.0013
153 190 0.0008
155 190 0.0043
191 190 0.0011
190 191 0.0011
194 192 0.0025
194 193 0.0209
195 193 0.0075
213 193 0.0025
192 194 0.0025
193 194 0.0209
197 194 0.0024
36 195 0.1293
193 195 0.0075
196 195 0.0008
195 196 0.0008
194 197 0.0024
199 198 0.0017
36 199 0.0074
198 199 0.0017
200 199 0.0007
201 199 0.0337
199 200 0.0007
135 201 0.0344
199 201 0.0337
202 201 0.0015
201 202 0.0015
135 203 0.0203
205 203 0.0103
236 203 0.001
71 204 0.0064
136 204 0.0007
205 204 0.0018
135 205 0.0187
136 205 0.0127
203 205 0.0103
204 205 0.0018
76 206 0.0006
136 206 0.0019
187 206 0.0004
64 207 0.0011
65 207 0.0036
67 207 0.0939
81 208 0.0018
248 209 0.0055
40 210 0.0107
46 210 0.0456
60 210 0.0256
39 211 0.0001
80 211 0.0462
87 211 0.0001
39 212 0.0047
44 212 0.0123
125 212 0.0005
10 213 0.0047
189 213 0.0013
193 213 0.0025
144 214 0.0936
219 214 0.0005
220 214 0.0083
144 215 0.0003
145 216 0.0028
217 216 0.0032
218 216 0.002
216 217 0.0032
216 218 0.002
214 219 0.0005
214 220 0.0083
221 220 0.0038
223 220 0.0012
220 221 0.0038
149 222 0.0005
223 222 0.0029
225 222 0.0012
220 223 0.0012
222 223 0.0029
224 223 0.0045
147 224 0.0052
223 224 0.0045
225 224 0.0004
148 225 0.0002
222 225 0.0012
224 225 0.0004
146 226 0.0064
147 226 0.0069
227 226 0.0012
226 227 0.0012
228 227 0.005
233 227 0.0034
227 228 0.005
229 228 0.0022
230 228 0.0104
228 229 0.0022
228 230 0.0104
231 230 0.0064
232 230 0.0007
230 231 0.0064
230 232 0.0007
227 233 0.0034
148 234 0.0007
155 235 0.0009
137 236 0.0016
203 236 0.001
237 236 0.0008
186 237 0.0226
236 237 0.0008
239 237 0.0059
240 237 0.0006
53 238 0.0066
237 239 0.0059
237 240 0.0006
186 241 0.0024
242 241 0.0087
243 241 0.0023
241 242 0.0087
241 243 0.0023
244 243 0.0057
245 243 0.0032
243 244 0.0057
243 245 0.0032
246 245 0.0062
247 245 0.03
245 246 0.0062
245 247 0.03
348 247 0.0031
351 247 0.0065
81 248 0.0126
185 248 0.0044
209 248 0.0055
114 249 0.0012
130 249 0.0055
250 249 0.0005
112 250 0.0467
249 250 0.0005
251 250 0.0031
108 251 0.0005
250 251 0.0031
252 251 0.0275
251 252 0.0275
108 253 0.0184
109 253 0.0192
328 253 0.0003
92 254 0.0003
92 255 0.0067
109 255 0.0011
111 255 0.0027
141 256 0.0075
257 256 0.0033
258 256 0.0191
256 257 0.0033
256 258 0.0191
259 258 0.0124
382 258 0.0011
258 259 0.0124
382 259 0.0038
383 259 0.0189
141 260 0.001
378 260 0.0112
379 260 0.0068
262 261 0.0016
265 261 0.0661
382 261 0.0004
261 262 0.0016
271 262 0.0005
376 262 0.0021
264 263 0.0145
274 263 0.0019
377 263 0.0329
263 264 0.0145
261 265 0.0661
266 265 0.0031
271 265 0.0083
265 266 0.0031
267 266 0.0109
268 266 0.0175
266 267 0.0109
266 268 0.0175
269 268 0.0087
270 268 0.0033
268 269 0.0087
395 269 0.0654
400 269 0.0022
268 270 0.0033
262 271 0.0005
265 271 0.0083
272 271 0.0015
273 271 0.0104
271 272 0.0015
279 272 0.0251
280 272 0.0125
291 272 0.0116
271 273 0.0104
274 273 0.0355
276 273 0.0635
263 274 0.0019
273 274 0.0355
275 274 0.0021
274 275 0.0021
273 276 0.0635
277 276 0.0057
279 276 0.0067
276 277 0.0057
279 278 0.0052
272 279 0.0251
276 279 0.0067
278 279 0.0052
272 280 0.0125
281 280 0.0135
356 280 0.0015
358 280 0.011
280 281 0.0135
282 281 0.076
283 281 0.0186
357 281 0.0059
174 282 0.0047
281 282 0.076
286 282 0.0004
281 283 0.0186
174 284 0.0004
168 285 0.0045
282 286 0.0004
287 286 0.0056
288 286 0.0037
286 287 0.0056
286 288 0.0037
172 289 0.001
134 290 0.001
170 290 0.0006
352 290 0.0078
272 291 0.0116
359 291 0.0199
360 291 0.0528
166 292 0.0012
355 292 0.0016
362 292 0.043
166 293 0.0008
304 293 0.0261
307 293 0.0149
164 294 0.0005
166 295 0.001
296 295 0.002
401 295 0.0015
295 296 0.002
297 296 0.0018
298 296 0.008
296 297 0.0018
296 298 0.008
299 298 0.008
300 298 0.0011
298 299 0.008
298 300 0.0011
302 301 0.0549
307 301 0.0177
309 301 0.0228
312 301 0.003
166 302 0.0001
301 302 0.0549
303 302 0.0004
302 303 0.0004
293 304 0.0261
305 304 0.0639
306 304 0.0806
304 305 0.0639
304 306 0.0806
293 307 0.0149
301 307 0.0177
308 307 0.0035
307 308 0.0035
301 309 0.0228
310 309 0.0012
311 309 0.003
309 310 0.0012
309 311 0.003
301 312 0.003
313 312 0.007
315 312 0.005
312 313 0.007
315 314 0.0752
312 315 0.005
314 315 0.0752
316 315 0.0008
317 315 0.0025
315 316 0.0008
315 317 0.0025
318 317 0.048
319 317 0.0282
317 318 0.048
317 319 0.0282
403 319 0.0657
406 319 0.0145
22 320 0.0026
321 320 0.0109
322 320 0.007
320 321 0.0109
320 322 0.007
324 323 0.008
323 324 0.008
188 325 0.0009
40 326 0.0527
188 326 0.0093
327 326 0.0148
40 327 0.0282
326 327 0.0148
460 327 0.0016
253 328 0.0003
330 329 0.0038
336 329 0.0013
337 329 0.0016
108 330 0.0279
329 330 0.0038
331 330 0.0054
330 331 0.0054
33 332 0.0033
66 333 0.0006
114 334 0.0013
335 334 0.102
345 334 0.004
334 335 0.102
329 336 0.0013
329 337 0.0016
159 338 0.0004
340 339 0.0002
157 340 0.0025
161 340 0.0005
339 340 0.0002
419 340 0.0043
101 341 0.01
159 341 0.0004
410 341 0.0006
132 342 0.0204
134 342 0.0284
175 342 0.0505
79 343 0.003
55 344 0.0033
334 345 0.004
346 345 0.0035
347 345 0.0154
130 346 0.0031
131 346 0.0788
345 346 0.0035
345 347 0.0154
247 348 0.0031
349 348 0.0039
350 348 0.0068
348 349 0.0039
348 350 0.0068
247 351 0.0065
290 352 0.0078
166 353 0.0001
354 353 0.0009
357 353 0.0365
166 354 0.0002
353 354 0.0009
355 354 0.0005
292 355 0.0016
354 355 0.0005
356 355 0.0131
280 356 0.0015
355 356 0.0131
357 356 0.0335
281 357 0.0059
353 357 0.0365
356 357 0.0335
280 358 0.011
291 359 0.0199
361 359 0.0019
362 359 0.0282
291 360 0.0528
359 361 0.0019
292 362 0.043
359 362 0.0282
363 362 0.0156
362 363 0.0156
364 363 0.0126
365 363 0.0225
363 364 0.0126
363 365 0.0225
166 366 0.0001
367 366 0.0052
368 366 0.0174
366 367 0.0052
366 368 0.0174
369 368 0.0027
370 368 0.0017
371 368 0.1176
368 369 0.0027
368 370 0.0017
368 371 0.1176
372 371 0.0093
373 371 0.0117
371 372 0.0093
371 373 0.0117
374 373 0.0237
375 373 0.0111
373 374 0.0237
373 375 0.0111
262 376 0.0021
263 377 0.0329
260 378 0.0112
260 379 0.0068
380 379 0.007
381 379 0.0035
379 380 0.007
379 381 0.0035
258 382 0.0011
259 382 0.0038
261 382 0.0004
259 383 0.0189
384 383 0.0455
387 383 0.0051
383 384 0.0455
385 384 0.0528
386 384 0.0033
384 385 0.0528
384 386 0.0033
383 387 0.0051
388 387 0.006
393 387 0.0048
387 388 0.006
389 388 0.0148
393 388 0.0187
388 389 0.0148
390 389 0.0179
391 389 0.0103
392 389 0.0087
389 390 0.0179
389 391 0.0103
389 392 0.0087
387 393 0.0048
388 393 0.0187
394 393 0.0069
393 394 0.0069
269 395 0.0654
396 395 0.0141
397 395 0.0031
395 396 0.0141
395 397 0.0031
398 397 0.0082
399 397 0.0024
397 398 0.0082
397 399 0.0024
269 400 0.0022
295 401 0.0015
170 402 0.0014
319 403 0.0657
404 403 0.0591
405 403 0.03
403 404 0.0591
403 405 0.03
319 406 0.0145
155 407 0.0008
74 408 0.0005
88 408 0.0005
123 408 0.0014
468 409 0.0031
55 410 0.0003
341 410 0.0006
412 410 0.0011
413 410 0.019
62 411 0.0018
123 411 0.022
415 411 0.0005
142 412 0.0017
410 412 0.0011
467 412 0.0007
410 413 0.019
54 414 0.001
417 414 0.0075
419 414 0.0004
61 415 0.0003
80 415 0.0006
411 415 0.0005
70 416 0.035
73 416 0.0004
103 416 0.0002
430 416 0.0012
433 416 0.0019
414 417 0.0075
420 417 0.0017
423 417 0.0015
428 418 0.0077
430 418 0.0053
431 418 0.0129
161 419 0.0016
340 419 0.0043
414 419 0.0004
417 420 0.0017
421 420 0.0236
422 420 0.0012
434 420 0.0006
52 421 0.0488
420 421 0.0236
435 421 0.0044
420 422 0.0012
417 423 0.0015
54 424 0.0234
425 424 0.0015
436 424 0.0042
424 425 0.0015
426 425 0.0125
429 425 0.0009
425 426 0.0125
427 426 0.0054
428 426 0.0051
429 426 0.0006
426 427 0.0054
418 428 0.0077
426 428 0.0051
437 428 0.0028
73 429 0.0238
425 429 0.0009
426 429 0.0006
416 430 0.0012
418 430 0.0053
431 430 0.0253
418 431 0.0129
430 431 0.0253
432 431 0.0069
431 432 0.0069
437 432 0.0011
444 432 0.0021
445 432 0.0006
447 432 0.0031
416 433 0.0019
453 433 0.0033
456 433 0.0004
420 434 0.0006
421 435 0.0044
424 436 0.0042
428 437 0.0028
432 437 0.0011
438 437 0.0133
437 438 0.0133
439 438 0.0254
442 438 0.0118
438 439 0.0254
440 439 0.0058
446 439 0.0022
439 440 0.0058
441 440 0.0934
443 440 0.0207
440 441 0.0934
438 442 0.0118
440 443 0.0207
432 444 0.0021
432 445 0.0006
439 446 0.0022
432 447 0.0031
448 447 0.0108
449 447 0.0133
450 447 0.0142
447 448 0.0108
447 449 0.0133
447 450 0.0142
451 450 0.0142
452 450 0.0123
450 451 0.0142
450 452 0.0123
433 453 0.0033
454 453 0.0051
455 453 0.0017
453 454 0.0051
453 455 0.0017
433 456 0.0004
1 457 0.001
459 457 0.0003
461 457 0.0117
1 458 0.0165
457 459 0.0003
460 459 0.0034
466 459 0.0124
327 460 0.0016
459 460 0.0034
467 460 0.0001
1 461 0.0075
457 461 0.0117
462 461 0.0146
13 462 0.0527
461 462 0.0146
463 462 0.0498
13 463 0.245
462 463 0.0498
464 463 0.0332
12 464 0.0396
463 464 0.0332
465 464 0.0136
464 465 0.0136
466 465 0.0504
474 465 0.0001
459 466 0.0124
465 466 0.0504
469 466 0.0004
412 467 0.0007
460 467 0.0001
468 467 0.0021
55 468 0.0001
409 468 0.0031
467 468 0.0021
466 469 0.0004
471 470 0.0004
470 471 0.0004
160 472 0.0008
161 472 0.0006
473 472 0.0012
6 473 0.0011
472 473 0.0012
474 473 0.0006
8 474 0.0023
465 474 0.0001
473 474 0.0006
