2 1 0.0134
3 1 0.0028
16 1 0.0014
48 1 0.001
53 1 0.0011
108 1 0.0036
109 1 0.0049
1252 1 0.0041
1 2 0.0134
53 2 0.0006
110 2 0.0011
1 3 0.0028
4 3 0.001
10 3 0.0061
16 3 0.0005
3 4 0.001
5 4 0.0052
1249 4 0.0695
4 5 0.0052
6 5 0.0012
9 5 0.0208
15 5 0.0107
5 6 0.0012
7 6 0.0567
15 6 0.0016
6 7 0.0567
8 7 0.0458
837 7 0.0021
7 8 0.0458
5 9 0.0208
10 9 0.0136
13 9 0.0046
3 10 0.0061
9 10 0.0136
11 10 0.0187
10 11 0.0187
12 11 0.0012
17 11 0.0058
11 12 0.0012
13 12 0.0024
19 12 0.0003
9 13 0.0046
12 13 0.0024
14 13 0.0011
13 14 0.0011
42 14 0.0003
43 14 0.0106
5 15 0.0107
6 15 0.0016
20 15 0.0076
1 16 0.0014
3 16 0.0005
17 16 0.0024
11 17 0.0058
16 17 0.0024
18 17 0.0006
17 18 0.0006
12 19 0.0003
15 20 0.0076
21 20 0.0746
30 20 0.003
20 21 0.0746
22 21 0.0014
23 21 0.0197
21 22 0.0014
21 23 0.0197
24 23 0.0005
25 23 0.0183
23 24 0.0005
23 25 0.0183
26 25 0.1184
841 25 0.0004
25 26 0.1184
27 26 0.0034
36 26 0.0002
26 27 0.0034
28 27 0.0193
813 27 0.0935
27 28 0.0193
29 28 0.0027
543 28 0.0143
771 28 0.0039
28 29 0.0027
20 30 0.003
31 30 0.0029
32 30 0.0007
30 31 0.0029
32 31 0.0018
38 31 0.005
30 32 0.0007
31 32 0.0018
33 32 0.0015
32 33 0.0015
34 33 0.015
65 33 0.0004
33 34 0.015
35 34 0.0022
547 34 0.0011
34 35 0.0022
36 35 0.0004
37 35 0.0037
26 36 0.0002
35 36 0.0004
37 36 0.0018
35 37 0.0037
36 37 0.0018
543 37 0.0012
31 38 0.005
39 38 0.0171
40 38 0.0168
41 38 0.0003
38 39 0.0171
40 39 0.0364
64 39 0.0094
38 40 0.0168
39 40 0.0364
41 40 0.0004
69 40 0.0005
38 41 0.0003
40 41 0.0004
60 41 0.0005
14 42 0.0003
14 43 0.0106
44 43 0.0017
45 43 0.0026
43 44 0.0017
43 45 0.0026
46 45 0.0009
47 45 0.0006
45 46 0.0009
45 47 0.0006
1 48 0.001
49 48 0.0006
50 48 0.005
48 49 0.0006
50 49 0.0004
52 49 0.0031
48 50 0.005
49 50 0.0004
51 50 0.0018
50 51 0.0018
49 52 0.0031
1 53 0.0011
2 53 0.0006
54 53 0.0016
53 54 0.0016
55 54 0.0184
83 54 0.0451
54 55 0.0184
56 55 0.0036
58 55 0.0115
55 56 0.0036
57 56 0.001
1065 56 0.0013
56 57 0.001
55 58 0.0115
59 58 0.0051
148 58 0.0017
58 59 0.0051
60 59 0.0004
71 59 0.0078
41 60 0.0005
59 60 0.0004
61 60 0.0006
60 61 0.0006
62 61 0.0002
63 61 0.0011
61 62 0.0002
61 63 0.0011
39 64 0.0094
65 64 0.0236
67 64 0.0013
33 65 0.0004
64 65 0.0236
66 65 0.0066
65 66 0.0066
64 67 0.0013
69 68 0.0003
40 69 0.0005
68 69 0.0003
70 69 0.0003
69 70 0.0003
59 71 0.0078
72 71 0.0083
76 71 0.0386
71 72 0.0083
73 72 0.0233
75 72 0.0048
72 73 0.0233
74 73 0.0004
75 73 0.0038
73 74 0.0004
75 74 0.0006
78 74 0.0037
79 74 0.0012
72 75 0.0048
73 75 0.0038
74 75 0.0006
71 76 0.0386
77 76 0.0383
145 76 0.007
76 77 0.0383
78 77 0.0082
223 77 0.0004
74 78 0.0037
77 78 0.0082
79 78 0.0028
81 78 0.0038
74 79 0.0012
78 79 0.0028
80 79 0.0004
551 79 0.0055
79 80 0.0004
81 80 0.009
82 80 0.0074
227 80 0.0009
78 81 0.0038
80 81 0.009
82 81 0.0074
80 82 0.0074
81 82 0.0074
224 82 0.0121
54 83 0.0451
84 83 0.0014
85 83 0.0147
83 84 0.0014
85 84 0.0041
97 84 0.0018
83 85 0.0147
84 85 0.0041
86 85 0.0088
85 86 0.0088
87 86 0.0069
118 86 0.0164
86 87 0.0069
88 87 0.1038
98 87 0.0315
87 88 0.1038
89 88 0.0009
90 88 0.0069
88 89 0.0009
90 89 0.0051
96 89 0.1622
88 90 0.0069
89 90 0.0051
91 90 0.0007
90 91 0.0007
92 91 0.0003
97 91 0.0092
91 92 0.0003
93 92 0.0005
94 92 0.0008
92 93 0.0005
92 94 0.0008
95 94 0.0189
154 94 0.0068
94 95 0.0189
96 95 0.0054
186 95 0.0006
188 95 0.0007
89 96 0.1622
95 96 0.0054
104 96 0.0058
84 97 0.0018
91 97 0.0092
147 97 0.0051
87 98 0.0315
99 98 0.004
120 98 0.0029
98 99 0.004
100 99 0.001
123 99 0.0004
99 100 0.001
101 100 0.0096
103 100 0.0014
100 101 0.0096
102 101 0.0011
104 101 0.0005
101 102 0.0011
100 103 0.0014
96 104 0.0058
101 104 0.0005
105 104 0.0188
104 105 0.0188
106 105 0.0355
123 105 0.0015
105 106 0.0355
107 106 0.0133
125 106 0.003
106 107 0.0133
128 107 0.0087
133 107 0.0036
1 108 0.0036
109 108 0.0023
117 108 0.0014
1 109 0.0049
108 109 0.0023
110 109 0.0169
2 110 0.0011
109 110 0.0169
111 110 0.0121
110 111 0.0121
112 111 0.0173
117 111 0.0536
111 112 0.0173
113 112 0.0005
114 112 0.0051
112 113 0.0005
112 114 0.0051
115 114 0.0005
116 114 0.0043
114 115 0.0005
114 116 0.0043
117 116 0.0181
118 116 0.0579
108 117 0.0014
111 117 0.0536
116 117 0.0181
86 118 0.0164
116 118 0.0579
119 118 0.0053
118 119 0.0053
98 120 0.0029
121 120 0.0094
122 120 0.0076
120 121 0.0094
120 122 0.0076
99 123 0.0004
105 123 0.0015
124 123 0.0015
123 124 0.0015
125 124 0.0215
126 124 0.0019
106 125 0.003
124 125 0.0215
126 125 0.097
124 126 0.0019
125 126 0.097
127 126 0.0017
126 127 0.0017
107 128 0.0087
129 128 0.0002
130 128 0.0005
128 129 0.0002
128 130 0.0005
131 130 0.0013
132 130 0.0167
130 131 0.0013
130 132 0.0167
107 133 0.0036
134 133 0.0146
198 133 0.0008
133 134 0.0146
135 134 0.0005
136 134 0.0118
134 135 0.0005
134 136 0.0118
137 136 0.0045
140 136 0.0049
136 137 0.0045
138 137 0.0041
139 137 0.0181
137 138 0.0041
137 139 0.0181
1066 139 0.0021
1067 139 0.0037
136 140 0.0049
141 140 0.0005
207 140 0.0191
140 141 0.0005
142 141 0.0026
144 141 0.0011
209 141 0.0005
141 142 0.0026
143 142 0.0079
277 142 0.0014
142 143 0.0079
141 144 0.0011
76 145 0.007
146 145 0.006
156 145 0.0548
223 145 0.0006
145 146 0.006
147 146 0.0004
150 146 0.0009
97 147 0.0051
146 147 0.0004
148 147 0.0009
150 147 0.0006
58 148 0.0017
147 148 0.0009
149 148 0.0003
148 149 0.0003
146 150 0.0009
147 150 0.0006
151 150 0.0039
150 151 0.0039
152 151 0.0125
156 151 0.0013
151 152 0.0125
153 152 0.0029
158 152 0.0004
159 152 0.0008
152 153 0.0029
94 154 0.0068
155 154 0.0006
158 154 0.0033
154 155 0.0006
145 156 0.0548
151 156 0.0013
157 156 0.006
156 157 0.006
160 157 0.0087
176 157 0.0017
239 157 0.0073
152 158 0.0004
154 158 0.0033
164 158 0.003
152 159 0.0008
160 159 0.0031
161 159 0.0002
157 160 0.0087
159 160 0.0031
165 160 0.0001
159 161 0.0002
162 161 0.0019
164 161 0.0004
161 162 0.0019
163 162 0.0005
166 162 0.0004
162 163 0.0005
164 163 0.0045
166 163 0.0048
158 164 0.003
161 164 0.0004
163 164 0.0045
160 165 0.0001
166 165 0.0025
168 165 0.0039
162 166 0.0004
163 166 0.0048
165 166 0.0025
167 166 0.0033
166 167 0.0033
168 167 0.0512
179 167 0.0558
165 168 0.0039
167 168 0.0512
169 168 0.0016
177 168 0.0006
168 169 0.0016
170 169 0.0098
200 169 0.0107
169 170 0.0098
171 170 0.0042
175 170 0.0009
170 171 0.0042
172 171 0.0004
173 171 0.0005
171 172 0.0004
173 172 0.0005
217 172 0.0008
171 173 0.0005
172 173 0.0005
174 173 0.0004
173 174 0.0004
170 175 0.0009
157 176 0.0017
177 176 0.0015
213 176 0.0049
168 177 0.0006
176 177 0.0015
178 177 0.0013
177 178 0.0013
167 179 0.0558
180 179 0.0043
195 179 0.0003
198 179 0.0054
200 179 0.0011
179 180 0.0043
181 180 0.0013
197 180 0.0007
180 181 0.0013
182 181 0.002
192 181 0.0005
181 182 0.002
183 182 0.0007
184 182 0.0009
182 183 0.0007
184 183 0.0027
185 183 0.0026
191 183 0.0014
193 183 0.0017
182 184 0.0009
183 184 0.0027
185 184 0.0052
183 185 0.0026
184 185 0.0052
186 185 0.0007
194 185 0.0005
95 186 0.0006
185 186 0.0007
187 186 0.0004
194 186 0.0041
186 187 0.0004
188 187 0.009
193 187 0.0003
95 188 0.0007
187 188 0.009
189 188 0.0014
188 189 0.0014
190 189 0.0004
195 189 0.0005
189 190 0.0004
191 190 0.0015
196 190 0.0005
183 191 0.0014
190 191 0.0015
192 191 0.0012
181 192 0.0005
191 192 0.0012
197 192 0.0005
183 193 0.0017
187 193 0.0003
194 193 0.0003
185 194 0.0005
186 194 0.0041
193 194 0.0003
179 195 0.0003
189 195 0.0005
196 195 0.0078
190 196 0.0005
195 196 0.0078
197 196 0.0009
180 197 0.0007
192 197 0.0005
196 197 0.0009
133 198 0.0008
179 198 0.0054
199 198 0.0011
207 198 0.0035
198 199 0.0011
200 199 0.0034
201 199 0.0003
169 200 0.0107
179 200 0.0011
199 200 0.0034
199 201 0.0003
202 201 0.0028
207 201 0.0025
221 201 0.0015
201 202 0.0028
203 202 0.0006
204 202 0.0004
202 203 0.0006
202 204 0.0004
205 204 0.0002
206 204 0.0003
204 205 0.0002
206 205 0.0026
259 205 0.0066
204 206 0.0003
205 206 0.0026
208 206 0.0009
140 207 0.0191
198 207 0.0035
201 207 0.0025
208 207 0.0026
206 208 0.0009
207 208 0.0026
209 208 0.0033
263 208 0.0035
141 209 0.0005
208 209 0.0033
210 209 0.0006
209 210 0.0006
211 210 0.0002
212 210 0.0002
210 211 0.0002
210 212 0.0002
176 213 0.0049
214 213 0.0005
217 213 0.0012
213 214 0.0005
215 214 0.001
216 214 0.0003
214 215 0.001
245 215 0.0043
254 215 0.0025
214 216 0.0003
172 217 0.0008
213 217 0.0012
218 217 0.0002
221 217 0.0011
217 218 0.0002
219 218 0.0004
220 218 0.0003
218 219 0.0004
255 219 0.0055
260 219 0.0075
218 220 0.0003
201 221 0.0015
217 221 0.0011
222 221 0.0004
221 222 0.0004
77 223 0.0004
145 223 0.0006
236 223 0.0011
240 223 0.0154
82 224 0.0121
225 224 0.0141
241 224 0.0084
224 225 0.0141
226 225 0.0071
246 225 0.0063
225 226 0.0071
227 226 0.0006
231 226 0.0025
80 227 0.0009
226 227 0.0006
228 227 0.0003
230 227 0.0016
227 228 0.0003
229 228 0.0026
580 228 0.0275
228 229 0.0026
230 229 0.0059
232 229 0.0055
234 229 0.001
227 230 0.0016
229 230 0.0059
231 230 0.0009
226 231 0.0025
230 231 0.0009
232 231 0.0003
229 232 0.0055
231 232 0.0003
233 232 0.0003
232 233 0.0003
234 233 0.0006
250 233 0.0017
229 234 0.001
233 234 0.0006
235 234 0.0004
577 234 0.0018
581 234 0.002
234 235 0.0004
223 236 0.0011
237 236 0.0007
239 236 0.0004
236 237 0.0007
238 237 0.0216
242 237 0.0014
237 238 0.0216
239 238 0.0073
245 238 0.0078
157 239 0.0073
236 239 0.0004
238 239 0.0073
223 240 0.0154
241 240 0.0189
242 240 0.0067
224 241 0.0084
240 241 0.0189
242 241 0.0068
246 241 0.0092
237 242 0.0014
240 242 0.0067
241 242 0.0068
243 242 0.0006
242 243 0.0006
244 243 0.0019
246 243 0.0023
243 244 0.0019
245 244 0.0113
252 244 0.0068
215 245 0.0043
238 245 0.0078
244 245 0.0113
225 246 0.0063
241 246 0.0092
243 246 0.0023
247 246 0.0089
246 247 0.0089
248 247 0.0004
251 247 0.007
247 248 0.0004
249 248 0.0028
591 248 0.0012
248 249 0.0028
583 249 0.0243
587 249 0.0004
233 250 0.0017
247 251 0.007
252 251 0.0047
592 251 0.0013
244 252 0.0068
251 252 0.0047
253 252 0.0065
345 252 0.0017
252 253 0.0065
350 253 0.0295
592 253 0.0479
215 254 0.0025
255 254 0.0157
343 254 0.0069
219 255 0.0055
254 255 0.0157
256 255 0.0036
255 256 0.0036
257 256 0.0112
328 256 0.0009
256 257 0.0112
258 257 0.0006
260 257 0.0074
257 258 0.0006
259 258 0.0046
261 258 0.0054
205 259 0.0066
258 259 0.0046
260 259 0.008
219 260 0.0075
257 260 0.0074
259 260 0.008
258 261 0.0054
262 261 0.0011
265 261 0.0017
261 262 0.0011
263 262 0.0023
264 262 0.0012
208 263 0.0035
262 263 0.0023
264 263 0.0156
262 264 0.0012
263 264 0.0156
273 264 0.0206
261 265 0.0017
266 265 0.0011
268 265 0.0003
269 265 0.0016
265 266 0.0011
267 266 0.0003
313 266 0.0025
339 266 0.0005
266 267 0.0003
268 267 0.0033
340 267 0.001
265 268 0.0003
267 268 0.0033
341 268 0.0054
265 269 0.0016
270 269 0.0024
274 269 0.015
311 269 0.0342
269 270 0.0024
271 270 0.0037
1243 270 0.0121
270 271 0.0037
272 271 0.0008
298 271 0.0136
271 272 0.0008
264 273 0.0206
274 273 0.0422
278 273 0.0008
269 274 0.015
273 274 0.0422
275 274 0.0047
274 275 0.0047
276 275 0.0004
284 275 0.0385
275 276 0.0004
277 276 0.0023
280 276 0.0011
142 277 0.0014
276 277 0.0023
292 277 0.0004
295 277 0.0003
273 278 0.0008
279 278 0.0105
282 278 0.0001
278 279 0.0105
280 279 0.0171
282 279 0.0002
276 280 0.0011
279 280 0.0171
281 280 0.0008
280 281 0.0008
278 282 0.0001
279 282 0.0002
283 282 0.0003
282 283 0.0003
275 284 0.0385
285 284 0.0019
292 284 0.0159
284 285 0.0019
286 285 0.0007
287 285 0.0006
285 286 0.0007
285 287 0.0006
288 287 0.0005
291 287 0.0001
287 288 0.0005
289 288 0.0007
290 288 0.0005
288 289 0.0007
288 290 0.0005
287 291 0.0001
277 292 0.0004
284 292 0.0159
293 292 0.0023
292 293 0.0023
294 293 0.0007
297 293 0.0003
293 294 0.0007
295 294 0.0014
1228 294 0.0006
277 295 0.0003
294 295 0.0014
296 295 0.0004
1233 295 0.013
295 296 0.0004
293 297 0.0003
271 298 0.0136
299 298 0.0352
325 298 0.0009
298 299 0.0352
300 299 0.0101
327 299 0.0017
299 300 0.0101
301 300 0.0101
327 300 0.0015
300 301 0.0101
302 301 0.0206
306 301 0.0023
301 302 0.0206
303 302 0.0023
323 302 0.0005
302 303 0.0023
304 303 0.0044
305 303 0.0045
303 304 0.0044
1211 304 0.0002
1212 304 0.0007
1213 304 0.0024
303 305 0.0045
1217 305 0.0023
1223 305 0.0163
301 306 0.0023
307 306 0.0006
308 306 0.0039
306 307 0.0006
306 308 0.0039
309 308 0.0042
310 308 0.0037
308 309 0.0042
1235 309 0.0069
1236 309 0.0011
308 310 0.0037
1235 310 0.0028
1237 310 0.0008
269 311 0.0342
312 311 0.0026
1243 311 0.0254
311 312 0.0026
313 312 0.0003
314 312 0.0004
266 313 0.0025
312 313 0.0003
314 313 0.0011
315 313 0.0005
312 314 0.0004
313 314 0.0011
315 314 0.003
313 315 0.0005
314 315 0.003
316 315 0.0056
315 316 0.0056
317 316 0.0007
318 316 0.0022
316 317 0.0007
319 317 0.0005
336 317 0.003
316 318 0.0022
325 318 0.0074
1243 318 0.0029
317 319 0.0005
320 319 0.0008
323 319 0.0165
319 320 0.0008
321 320 0.0055
322 320 0.0033
320 321 0.0055
374 321 0.0055
1209 321 0.0007
320 322 0.0033
1209 322 0.0008
1242 322 0.0014
302 323 0.0005
319 323 0.0165
324 323 0.0305
323 324 0.0305
325 324 0.0278
326 324 0.0191
298 325 0.0009
318 325 0.0074
324 325 0.0278
326 325 0.0799
324 326 0.0191
325 326 0.0799
327 326 0.0062
299 327 0.0017
300 327 0.0015
326 327 0.0062
256 328 0.0009
329 328 0.0005
341 328 0.0013
328 329 0.0005
330 329 0.0062
343 329 0.0107
329 330 0.0062
331 330 0.0007
332 330 0.0128
330 331 0.0007
332 331 0.0006
344 331 0.0006
330 332 0.0128
331 332 0.0006
333 332 0.0041
332 333 0.0041
334 333 0.0058
337 333 0.0114
333 334 0.0058
335 334 0.002
352 334 0.0012
334 335 0.002
336 335 0.0299
368 335 0.0034
317 336 0.003
335 336 0.0299
337 336 0.0427
333 337 0.0114
336 337 0.0427
338 337 0.0009
337 338 0.0009
339 338 0.0009
340 338 0.0012
266 339 0.0005
338 339 0.0009
340 339 0.0007
267 340 0.001
338 340 0.0012
339 340 0.0007
268 341 0.0054
328 341 0.0013
342 341 0.0002
341 342 0.0002
254 343 0.0069
329 343 0.0107
344 343 0.0005
331 344 0.0006
343 344 0.0005
345 344 0.0037
352 344 0.0081
252 345 0.0017
344 345 0.0037
346 345 0.0006
345 346 0.0006
347 346 0.0006
350 346 0.0005
346 347 0.0006
348 347 0.0017
349 347 0.0033
351 347 0.0001
347 348 0.0017
349 348 0.0354
350 348 0.0449
347 349 0.0033
348 349 0.0354
388 349 0.0192
253 350 0.0295
346 350 0.0005
348 350 0.0449
347 351 0.0001
334 352 0.0012
344 352 0.0081
353 352 0.0552
352 353 0.0552
354 353 0.0006
357 353 0.0055
353 354 0.0006
355 354 0.0004
356 354 0.0003
354 355 0.0004
354 356 0.0003
353 357 0.0055
358 357 0.0007
359 357 0.0082
357 358 0.0007
357 359 0.0082
360 359 0.0003
363 359 0.0041
359 360 0.0003
361 360 0.001
362 360 0.0006
360 361 0.001
360 362 0.0006
359 363 0.0041
364 363 0.0001
367 363 0.0001
363 364 0.0001
365 364 0.0006
366 364 0.0006
364 365 0.0006
364 366 0.0006
363 367 0.0001
335 368 0.0034
369 368 0.0003
370 368 0.0455
368 369 0.0003
368 370 0.0455
371 370 0.0003
372 370 0.0056
373 370 0.0006
370 371 0.0003
372 371 0.0006
387 371 0.0026
370 372 0.0056
371 372 0.0006
379 372 0.0004
382 372 0.0124
370 373 0.0006
374 373 0.0025
379 373 0.0058
321 374 0.0055
373 374 0.0025
375 374 0.0006
374 375 0.0006
377 376 0.0009
378 376 0.001
383 376 0.0002
376 377 0.0009
376 378 0.001
372 379 0.0004
373 379 0.0058
380 379 0.0014
381 379 0.0027
379 380 0.0014
1207 380 0.002
1208 380 0.0005
379 381 0.0027
372 382 0.0124
383 382 0.004
387 382 0.001
376 383 0.0002
382 383 0.004
384 383 0.0033
383 384 0.0033
385 384 0.0123
417 384 0.0007
384 385 0.0123
386 385 0.0014
1200 385 0.0014
385 386 0.0014
1187 386 0.0075
1192 386 0.0071
371 387 0.0026
382 387 0.001
405 387 0.0032
349 388 0.0192
389 388 0.0023
398 388 0.0063
388 389 0.0023
390 389 0.0004
391 389 0.016
592 389 0.0001
389 390 0.0004
389 391 0.016
392 391 0.0008
393 391 0.0081
391 392 0.0008
391 393 0.0081
394 393 0.0196
395 393 0.0039
393 394 0.0196
395 394 0.0076
590 394 0.0072
593 394 0.0004
393 395 0.0039
394 395 0.0076
396 395 0.0102
395 396 0.0102
397 396 0.0049
496 396 0.0048
594 396 0.0075
396 397 0.0049
398 397 0.004
463 397 0.0138
388 398 0.0063
397 398 0.004
399 398 0.0078
398 399 0.0078
400 399 0.0037
413 399 0.002
399 400 0.0037
401 400 0.0312
405 400 0.0026
400 401 0.0312
402 401 0.0014
403 401 0.0001
401 402 0.0014
404 402 0.0018
1244 402 0.0543
401 403 0.0001
404 403 0.0004
406 403 0.0314
402 404 0.0018
403 404 0.0004
408 404 0.0057
387 405 0.0032
400 405 0.0026
406 405 0.057
403 406 0.0314
405 406 0.057
407 406 0.0016
406 407 0.0016
408 407 0.0013
410 407 0.0033
404 408 0.0057
407 408 0.0013
409 408 0.0006
408 409 0.0006
407 410 0.0033
411 410 0.0025
412 410 0.0027
410 411 0.0025
410 412 0.0027
399 413 0.002
414 413 0.0048
1244 413 0.0079
413 414 0.0048
415 414 0.0007
439 414 0.0201
414 415 0.0007
416 415 0.0574
419 415 0.0067
415 416 0.0574
417 416 0.0013
1244 416 0.0241
384 417 0.0007
416 417 0.0013
418 417 0.0002
417 418 0.0002
420 418 0.0748
423 418 0.0024
415 419 0.0067
420 419 0.002
424 419 0.0098
418 420 0.0748
419 420 0.002
421 420 0.0208
420 421 0.0208
422 421 0.003
1185 421 0.0025
421 422 0.003
418 423 0.0024
419 424 0.0098
426 424 0.0004
430 424 0.0528
430 425 0.0019
1179 425 0.0017
1184 425 0.0007
424 426 0.0004
427 426 0.006
444 426 0.0027
426 427 0.006
428 427 0.0005
429 427 0.0013
427 428 0.0005
427 429 0.0013
424 430 0.0528
425 430 0.0019
431 430 0.0018
430 431 0.0018
432 431 0.0453
436 431 0.0056
431 432 0.0453
433 432 0.0018
435 432 0.0029
432 433 0.0018
434 433 0.0018
445 433 0.0042
433 434 0.0018
1138 434 0.0032
1143 434 0.0006
432 435 0.0029
1143 435 0.0026
1144 435 0.0016
431 436 0.0056
437 436 0.0119
438 436 0.0066
436 437 0.0119
1151 437 0.0043
1153 437 0.0014
436 438 0.0066
1166 438 0.0047
1172 438 0.0017
414 439 0.0201
440 439 0.0005
443 439 0.0041
439 440 0.0005
441 440 0.0005
442 440 0.0004
440 441 0.0005
440 442 0.0004
439 443 0.0041
444 443 0.0024
447 443 0.0499
426 444 0.0027
443 444 0.0024
445 444 0.0036
433 445 0.0042
444 445 0.0036
446 445 0.0002
447 445 0.0013
445 446 0.0002
443 447 0.0499
445 447 0.0013
448 447 0.0275
447 448 0.0275
449 448 0.0011
450 448 0.0027
471 448 0.0016
448 449 0.0011
454 449 0.0006
462 449 0.0002
448 450 0.0027
451 450 0.0058
1112 450 0.0011
450 451 0.0058
452 451 0.0031
453 451 0.0037
451 452 0.0031
1117 452 0.0024
1122 452 0.0007
451 453 0.0037
1120 453 0.066
1141 453 0.0252
449 454 0.0006
455 454 0.0046
474 454 0.0076
454 455 0.0046
456 455 0.0006
457 455 0.0035
455 456 0.0006
457 456 0.0019
474 456 0.0013
1103 456 0.0005
455 457 0.0035
456 457 0.0019
458 457 0.007
457 458 0.007
459 458 0.0036
462 458 0.0014
458 459 0.0036
460 459 0.0018
461 459 0.0013
459 460 0.0018
459 461 0.0013
1104 461 0.004
1106 461 0.001
449 462 0.0002
458 462 0.0014
1111 462 0.0017
397 463 0.0138
469 463 0.0021
503 463 0.0128
465 464 0.0003
466 464 0.017
470 464 0.0018
464 465 0.0003
464 466 0.017
467 466 0.0053
468 466 0.0042
466 467 0.0053
466 468 0.0042
463 469 0.0021
470 469 0.0879
476 469 0.0002
464 470 0.0018
469 470 0.0879
483 470 0.0782
486 470 0.0096
448 471 0.0016
472 471 0.0111
486 471 0.0222
471 472 0.0111
473 472 0.0015
474 472 0.0259
472 473 0.0015
475 473 0.0008
491 473 0.0022
454 474 0.0076
456 474 0.0013
472 474 0.0259
473 475 0.0008
1095 475 0.0026
1102 475 0.0015
469 476 0.0002
477 476 0.0389
505 476 0.019
476 477 0.0389
478 477 0.0011
507 477 0.002
477 478 0.0011
479 478 0.0038
483 478 0.001
478 479 0.0038
480 479 0.0052
508 479 0.0007
479 480 0.0052
481 480 0.0012
495 480 0.0005
480 481 0.0012
482 481 0.0044
513 481 0.0166
481 482 0.0044
513 482 0.0074
520 482 0.0007
470 483 0.0782
478 483 0.001
484 483 0.0042
483 484 0.0042
485 484 0.0173
487 484 0.0101
484 485 0.0173
486 485 0.014
487 485 0.0074
470 486 0.0096
471 486 0.0222
485 486 0.014
484 487 0.0101
485 487 0.0074
488 487 0.0198
487 488 0.0198
489 488 0.0021
490 488 0.0078
488 489 0.0021
488 490 0.0078
491 490 0.0243
494 490 0.0009
473 491 0.0022
490 491 0.0243
492 491 0.0003
491 492 0.0003
493 492 0.0033
494 492 0.0011
1093 492 0.0015
492 493 0.0033
494 493 0.0014
1091 493 0.0287
490 494 0.0009
492 494 0.0011
493 494 0.0014
480 495 0.0005
396 496 0.0048
497 496 0.0093
503 496 0.0009
612 496 0.0011
613 496 0.0018
496 497 0.0093
498 497 0.0045
503 497 0.0003
615 497 0.0001
497 498 0.0045
499 498 0.0023
500 498 0.0083
498 499 0.0023
500 499 0.0006
502 499 0.0133
498 500 0.0083
499 500 0.0006
501 500 0.0168
500 501 0.0168
502 501 0.002
504 501 0.0105
499 502 0.0133
501 502 0.002
615 502 0.0009
631 502 0.0051
463 503 0.0128
496 503 0.0009
497 503 0.0003
501 504 0.0105
505 504 0.0117
652 504 0.0057
476 505 0.019
504 505 0.0117
506 505 0.0208
505 506 0.0208
514 506 0.0008
515 506 0.0002
477 507 0.002
508 507 0.0026
510 507 0.0045
479 508 0.0007
507 508 0.0026
509 508 0.0004
508 509 0.0004
507 510 0.0045
511 510 0.0009
512 510 0.0068
510 511 0.0009
510 512 0.0068
513 512 0.0026
514 512 0.0164
518 512 0.001
481 513 0.0166
482 513 0.0074
512 513 0.0026
506 514 0.0008
512 514 0.0164
517 514 0.0022
506 515 0.0002
516 515 0.0006
670 515 0.0003
515 516 0.0006
517 516 0.0013
527 516 0.001
531 516 0.0006
514 517 0.0022
516 517 0.0013
518 517 0.0148
525 517 0.0017
512 518 0.001
517 518 0.0148
519 518 0.0024
518 519 0.0024
520 519 0.0033
523 519 0.0004
482 520 0.0007
519 520 0.0033
1084 520 0.0018
522 521 0.0076
1084 521 0.0019
1089 521 0.0003
521 522 0.0076
530 522 0.0012
1086 522 0.0021
519 523 0.0004
524 523 0.0004
1084 523 0.0155
523 524 0.0004
517 525 0.0017
526 525 0.0043
530 525 0.0013
525 526 0.0043
527 526 0.0041
529 526 0.0016
516 527 0.001
526 527 0.0041
528 527 0.0039
527 528 0.0039
526 529 0.0016
522 530 0.0012
525 530 0.0013
1085 530 0.0002
516 531 0.0006
532 531 0.0018
538 531 0.003
531 532 0.0018
533 532 0.0245
534 532 0.0272
536 532 0.0006
532 533 0.0245
534 533 0.008
537 533 0.0014
532 534 0.0272
533 534 0.008
535 534 0.0006
540 534 0.0041
534 535 0.0006
532 536 0.0006
533 537 0.0014
538 537 0.0013
539 537 0.0003
531 538 0.003
537 538 0.0013
670 538 0.0005
537 539 0.0003
534 540 0.0041
541 540 0.0141
677 540 0.0015
540 541 0.0141
542 541 0.0032
736 541 0.0017
541 542 0.0032
28 543 0.0143
37 543 0.0012
544 543 0.0201
543 544 0.0201
545 544 0.0018
560 544 0.0026
544 545 0.0018
546 545 0.0003
553 545 0.0005
545 546 0.0003
555 546 0.0019
560 546 0.0002
34 547 0.0011
548 547 0.0111
549 547 0.001
547 548 0.0111
547 549 0.001
550 549 0.0019
554 549 0.0123
549 550 0.0019
551 550 0.0049
554 550 0.002
79 551 0.0055
550 551 0.0049
552 551 0.0013
559 551 0.0005
551 552 0.0013
553 552 0.0002
556 552 0.0018
545 553 0.0005
552 553 0.0002
554 553 0.0061
549 554 0.0123
550 554 0.002
553 554 0.0061
546 555 0.0019
556 555 0.0032
557 555 0.0011
552 556 0.0018
555 556 0.0032
557 556 0.0006
555 557 0.0011
556 557 0.0006
558 557 0.0016
557 558 0.0016
551 559 0.0005
544 560 0.0026
546 560 0.0002
561 560 0.0362
560 561 0.0362
562 561 0.0022
565 561 0.0095
561 562 0.0022
563 562 0.0016
573 562 0.0002
562 563 0.0016
564 563 0.0005
579 563 0.0027
563 564 0.0005
561 565 0.0095
566 565 0.0003
571 565 0.0035
565 566 0.0003
567 566 0.0007
568 566 0.0026
566 567 0.0007
780 567 0.0158
781 567 0.0105
566 568 0.0026
569 568 0.001
570 568 0.001
568 569 0.001
568 570 0.001
571 570 0.0049
572 570 0.0025
565 571 0.0035
570 571 0.0049
574 571 0.0077
570 572 0.0025
562 573 0.0002
574 573 0.0006
577 573 0.0122
571 574 0.0077
573 574 0.0006
575 574 0.0141
574 575 0.0141
576 575 0.0003
582 575 0.0122
575 576 0.0003
577 576 0.004
581 576 0.0003
234 577 0.0018
573 577 0.0122
576 577 0.004
578 577 0.0031
577 578 0.0031
579 578 0.0004
580 578 0.0007
563 579 0.0027
578 579 0.0004
580 579 0.0191
228 580 0.0275
578 580 0.0007
579 580 0.0191
234 581 0.002
576 581 0.0003
583 581 0.0006
575 582 0.0122
583 582 0.0027
584 582 0.0058
249 583 0.0243
581 583 0.0006
582 583 0.0027
586 583 0.0007
582 584 0.0058
585 584 0.0199
1245 584 0.004
584 585 0.0199
586 585 0.0508
588 585 0.007
583 586 0.0007
585 586 0.0508
587 586 0.0063
249 587 0.0004
586 587 0.0063
588 587 0.0032
585 588 0.007
587 588 0.0032
589 588 0.002
591 588 0.0029
588 589 0.002
590 589 0.0009
593 589 0.0032
611 589 0.001
394 590 0.0072
589 590 0.0009
591 590 0.0086
248 591 0.0012
588 591 0.0029
590 591 0.0086
251 592 0.0013
253 592 0.0479
389 592 0.0001
394 593 0.0004
589 593 0.0032
594 593 0.0757
396 594 0.0075
593 594 0.0757
609 594 0.0006
611 594 0.0041
596 595 0.003
601 595 0.0056
1245 595 0.0028
595 596 0.003
597 596 0.0003
598 596 0.0029
596 597 0.0003
596 598 0.0029
599 598 0.0003
600 598 0.0004
598 599 0.0003
598 600 0.0004
595 601 0.0056
602 601 0.0339
787 601 0.0006
601 602 0.0339
603 602 0.0047
797 602 0.0008
798 602 0.0095
602 603 0.0047
604 603 0.0207
605 603 0.0024
603 604 0.0207
605 604 0.0055
611 604 0.0072
603 605 0.0024
604 605 0.0055
606 605 0.0023
605 606 0.0023
607 606 0.001
610 606 0.0047
606 607 0.001
608 607 0.0031
625 607 0.0069
607 608 0.0031
609 608 0.0052
610 608 0.0057
626 608 0.0006
594 609 0.0006
608 609 0.0052
610 609 0.0106
606 610 0.0047
608 610 0.0057
609 610 0.0106
589 611 0.001
594 611 0.0041
604 611 0.0072
496 612 0.0011
613 612 0.0016
616 612 0.0019
496 613 0.0018
612 613 0.0016
622 613 0.0004
615 614 0.0003
497 615 0.0001
502 615 0.0009
614 615 0.0003
630 615 0.0005
631 615 0.0012
612 616 0.0019
617 616 0.0004
618 616 0.0024
616 617 0.0004
618 617 0.0018
627 617 0.0011
616 618 0.0024
617 618 0.0018
619 618 0.0022
618 619 0.0022
620 619 0.0027
621 619 0.0062
619 620 0.0027
621 620 0.0079
627 620 0.0099
619 621 0.0062
620 621 0.0079
622 621 0.0079
613 622 0.0004
621 622 0.0079
623 622 0.0028
630 622 0.0229
634 622 0.0021
622 623 0.0028
624 623 0.089
628 623 0.0322
623 624 0.089
625 624 0.0324
628 624 0.0217
607 625 0.0069
624 625 0.0324
626 625 0.0456
608 626 0.0006
625 626 0.0456
627 626 0.0409
617 627 0.0011
620 627 0.0099
626 627 0.0409
623 628 0.0322
624 628 0.0217
629 628 0.0028
809 628 0.0101
628 629 0.0028
805 629 0.0138
808 629 0.0014
615 630 0.0005
622 630 0.0229
633 630 0.0021
502 631 0.0051
615 631 0.0012
632 631 0.0003
633 631 0.0007
631 632 0.0003
630 633 0.0021
631 633 0.0007
635 633 0.0028
641 633 0.0016
622 634 0.0021
635 634 0.0067
642 634 0.0185
633 635 0.0028
634 635 0.0067
636 635 0.001
635 636 0.001
637 636 0.0022
654 636 0.0032
636 637 0.0022
638 637 0.0035
639 637 0.0082
637 638 0.0035
639 638 0.0048
641 638 0.0005
637 639 0.0082
638 639 0.0048
640 639 0.0061
653 639 0.008
639 640 0.0061
641 640 0.0012
650 640 0.0092
633 641 0.0016
638 641 0.0005
640 641 0.0012
634 642 0.0185
643 642 0.0228
812 642 0.0032
642 643 0.0228
644 643 0.0003
645 643 0.0013
643 644 0.0003
645 644 0.0016
646 644 0.0045
643 645 0.0013
644 645 0.0016
682 645 0.0013
644 646 0.0045
647 646 0.0104
658 646 0.0185
646 647 0.0104
648 647 0.0038
649 647 0.0035
647 648 0.0038
649 648 0.0111
654 648 0.0006
647 649 0.0035
648 649 0.0111
656 649 0.0044
640 650 0.0092
651 650 0.001
652 650 0.0004
650 651 0.001
652 651 0.0211
653 651 0.0057
504 652 0.0057
650 652 0.0004
651 652 0.0211
639 653 0.008
651 653 0.0057
655 653 0.001
668 653 0.0291
636 654 0.0032
648 654 0.0006
655 654 0.0043
653 655 0.001
654 655 0.0043
662 655 0.0068
663 655 0.0008
670 655 0.0135
671 655 0.0007
649 656 0.0044
657 656 0.021
662 656 0.0254
656 657 0.021
658 657 0.0049
664 657 0.0009
646 658 0.0185
657 658 0.0049
659 658 0.0007
658 659 0.0007
660 659 0.0004
661 659 0.0004
659 660 0.0004
659 661 0.0004
655 662 0.0068
656 662 0.0254
667 662 0.0054
655 663 0.0008
664 663 0.0053
667 663 0.0005
672 663 0.0033
657 664 0.0009
663 664 0.0053
665 664 0.0005
678 664 0.0004
664 665 0.0005
666 665 0.0005
667 665 0.0039
665 666 0.0005
662 667 0.0054
663 667 0.0005
665 667 0.0039
653 668 0.0291
669 668 0.0006
670 668 0.0022
668 669 0.0006
515 670 0.0003
538 670 0.0005
655 670 0.0135
668 670 0.0022
655 671 0.0007
663 672 0.0033
673 672 0.002
676 672 0.0002
672 673 0.002
674 673 0.0002
675 673 0.0002
673 674 0.0002
675 674 0.0016
678 674 0.0104
679 674 0.0018
673 675 0.0002
674 675 0.0016
676 675 0.0095
672 676 0.0002
675 676 0.0095
677 676 0.0004
540 677 0.0015
676 677 0.0004
680 677 0.0038
664 678 0.0004
674 678 0.0104
679 678 0.0011
709 678 0.0113
674 679 0.0018
678 679 0.0011
680 679 0.0003
681 679 0.0005
677 680 0.0038
679 680 0.0003
681 680 0.0016
679 681 0.0005
680 681 0.0016
734 681 0.0016
645 682 0.0013
683 682 0.0344
812 682 0.1018
682 683 0.0344
684 683 0.004
823 683 0.0028
683 684 0.004
685 684 0.0036
770 684 0.0035
883 684 0.0051
684 685 0.0036
688 685 0.0021
692 685 0.0011
687 686 0.0031
688 686 0.0396
694 686 0.0002
697 686 0.0004
686 687 0.0031
689 687 0.0172
712 687 0.0119
685 688 0.0021
686 688 0.0396
689 688 0.0234
687 689 0.0172
688 689 0.0234
690 689 0.0064
689 690 0.0064
691 690 0.0006
704 690 0.0028
730 690 0.0139
690 691 0.0006
685 692 0.0011
693 692 0.0007
702 692 0.0194
692 693 0.0007
694 693 0.0166
696 693 0.0101
686 694 0.0002
693 694 0.0166
695 694 0.0002
694 695 0.0002
693 696 0.0101
697 696 0.0006
699 696 0.002
686 697 0.0004
696 697 0.0006
698 697 0.0013
697 698 0.0013
699 698 0.0018
700 698 0.0038
696 699 0.002
698 699 0.0018
700 699 0.0075
701 699 0.0003
756 699 0.0004
698 700 0.0038
699 700 0.0075
713 700 0.0008
699 701 0.0003
692 702 0.0194
764 702 0.0002
766 702 0.0001
768 703 0.0015
770 703 0.0104
876 703 0.0008
690 704 0.0028
705 704 0.0004
706 704 0.0093
704 705 0.0004
704 706 0.0093
707 706 0.0004
708 706 0.0045
706 707 0.0004
706 708 0.0045
709 708 0.0028
710 708 0.0046
678 709 0.0113
708 709 0.0028
710 709 0.0015
708 710 0.0046
709 710 0.0015
711 710 0.0014
710 711 0.0014
734 711 0.0148
735 711 0.0301
687 712 0.0119
713 712 0.005
717 712 0.0957
700 713 0.0008
712 713 0.005
714 713 0.0038
713 714 0.0038
715 714 0.0158
1076 714 0.0002
714 715 0.0158
716 715 0.0052
1076 715 0.001
715 716 0.0052
754 716 0.0115
757 716 0.0044
712 717 0.0957
718 717 0.002
720 717 0.0449
717 718 0.002
719 718 0.0057
750 718 0.0008
718 719 0.0057
744 719 0.0004
745 719 0.0025
717 720 0.0449
721 720 0.0023
727 720 0.0013
720 721 0.0023
722 721 0.0013
723 721 0.005
721 722 0.0013
740 722 0.0003
741 722 0.0023
721 723 0.005
724 723 0.0027
725 723 0.003
723 724 0.0027
725 724 0.0074
732 724 0.0097
723 725 0.003
724 725 0.0074
726 725 0.0014
725 726 0.0014
737 726 0.0004
739 726 0.0007
720 727 0.0013
728 727 0.0058
730 727 0.001
731 727 0.0058
727 728 0.0058
729 728 0.0246
731 728 0.0126
728 729 0.0246
730 729 0.0131
735 729 0.0143
690 730 0.0139
727 730 0.001
729 730 0.0131
727 731 0.0058
728 731 0.0126
732 731 0.0176
724 732 0.0097
731 732 0.0176
733 732 0.0035
732 733 0.0035
734 733 0.001
736 733 0.0022
681 734 0.0016
711 734 0.0148
733 734 0.001
735 734 0.0023
711 735 0.0301
729 735 0.0143
734 735 0.0023
541 736 0.0017
733 736 0.0022
737 736 0.0015
726 737 0.0004
736 737 0.0015
738 737 0.0016
737 738 0.0016
726 739 0.0007
722 740 0.0003
722 741 0.0023
742 741 0.0014
743 741 0.0008
741 742 0.0014
741 743 0.0008
719 744 0.0004
719 745 0.0025
746 745 0.0067
749 745 0.0002
745 746 0.0067
747 746 0.0003
748 746 0.001
752 746 0.0004
746 747 0.0003
746 748 0.001
745 749 0.0002
718 750 0.0008
751 750 0.001
753 750 0.0012
750 751 0.001
746 752 0.0004
750 753 0.0012
716 754 0.0115
755 754 0.0076
757 754 0.0008
754 755 0.0076
699 756 0.0004
759 756 0.0002
764 756 0.0003
1076 756 0.0002
716 757 0.0044
754 757 0.0008
1076 757 0.0028
759 758 0.0049
1076 758 0.0012
1083 758 0.0679
756 759 0.0002
758 759 0.0049
760 759 0.0368
767 759 0.0263
759 760 0.0368
763 760 0.0048
1083 760 0.0207
762 761 0.0007
761 762 0.0007
914 762 0.0017
1083 762 0.0005
760 763 0.0048
702 764 0.0002
756 764 0.0003
765 764 0.0004
764 765 0.0004
702 766 0.0001
767 766 0.0176
769 766 0.0031
928 766 0.0066
759 767 0.0263
766 767 0.0176
925 767 0.0023
703 768 0.0015
769 768 0.0127
892 768 0.0115
766 769 0.0031
768 769 0.0127
911 769 0.0055
684 770 0.0035
703 770 0.0104
884 770 0.0003
28 771 0.0039
772 771 0.0263
774 771 0.0123
771 772 0.0263
773 772 0.0006
818 772 0.0017
772 773 0.0006
771 774 0.0123
775 774 0.0008
779 774 0.0124
774 775 0.0008
776 775 0.0104
801 775 0.0071
775 776 0.0104
777 776 0.0008
778 776 0.0004
776 777 0.0008
778 777 0.0027
780 777 0.0122
785 777 0.0203
786 777 0.0254
776 778 0.0004
777 778 0.0027
779 778 0.0003
774 779 0.0124
778 779 0.0003
780 779 0.0059
567 780 0.0158
777 780 0.0122
779 780 0.0059
567 781 0.0105
782 781 0.0028
788 781 0.0056
781 782 0.0028
783 782 0.0014
785 782 0.0009
782 783 0.0014
784 783 0.0152
787 783 0.0005
793 783 0.0085
783 784 0.0152
785 784 0.0014
786 784 0.0032
777 785 0.0203
782 785 0.0009
784 785 0.0014
777 786 0.0254
784 786 0.0032
800 786 0.0033
601 787 0.0006
783 787 0.0005
790 787 0.009
795 787 0.011
781 788 0.0056
789 788 0.0013
790 788 0.0012
788 789 0.0013
787 790 0.009
788 790 0.0012
791 790 0.001
790 791 0.001
792 791 0.0019
1245 791 0.0006
791 792 0.0019
783 793 0.0085
794 793 0.008
799 793 0.0002
793 794 0.008
795 794 0.0066
796 794 0.0105
787 795 0.011
794 795 0.0066
796 795 0.0056
794 796 0.0105
795 796 0.0056
797 796 0.0004
602 797 0.0008
796 797 0.0004
798 797 0.0036
602 798 0.0095
797 798 0.0036
799 798 0.0167
793 799 0.0002
798 799 0.0167
800 799 0.0059
786 800 0.0033
799 800 0.0059
803 800 0.0029
804 800 0.0023
775 801 0.0071
802 801 0.0004
803 801 0.0173
801 802 0.0004
811 802 0.007
820 802 0.0021
800 803 0.0029
801 803 0.0173
804 803 0.0009
800 804 0.0023
803 804 0.0009
805 804 0.0308
629 805 0.0138
804 805 0.0308
806 805 0.0005
807 805 0.0017
805 806 0.0005
805 807 0.0017
808 807 0.0097
811 807 0.0016
629 808 0.0014
807 808 0.0097
809 808 0.0166
628 809 0.0101
808 809 0.0166
810 809 0.0012
809 810 0.0012
802 811 0.007
807 811 0.0016
812 811 0.055
642 812 0.0032
682 812 0.1018
811 812 0.055
27 813 0.0935
814 813 0.0016
819 813 0.0083
813 814 0.0016
815 814 0.0002
840 814 0.0004
814 815 0.0002
816 815 0.0089
819 815 0.0053
815 816 0.0089
817 816 0.0018
830 816 0.0049
816 817 0.0018
818 817 0.0789
821 817 0.0041
772 818 0.0017
817 818 0.0789
819 818 0.0451
820 818 0.0041
813 819 0.0083
815 819 0.0053
818 819 0.0451
802 820 0.0021
818 820 0.0041
822 820 0.0004
817 821 0.0041
822 821 0.0038
824 821 0.0151
820 822 0.0004
821 822 0.0038
823 822 0.0031
831 822 0.0132
683 823 0.0028
822 823 0.0031
876 823 0.0282
821 824 0.0151
825 824 0.0276
830 824 0.0005
824 825 0.0276
826 825 0.0013
828 825 0.0023
831 825 0.0008
825 826 0.0013
827 826 0.0023
849 826 0.0039
826 827 0.0023
828 827 0.0011
851 827 0.0056
859 827 0.001
825 828 0.0023
827 828 0.0011
829 828 0.0008
828 829 0.0008
835 829 0.001
860 829 0.0007
816 830 0.0049
824 830 0.0005
848 830 0.0071
822 831 0.0132
825 831 0.0008
832 831 0.0009
835 831 0.0019
831 832 0.0009
833 832 0.0141
834 832 0.0002
832 833 0.0141
832 834 0.0002
836 834 0.0003
869 834 0.0011
829 835 0.001
831 835 0.0019
836 835 0.0055
834 836 0.0003
835 836 0.0055
866 836 0.0033
7 837 0.0021
838 837 0.003
839 837 0.0039
837 838 0.003
837 839 0.0039
840 839 0.0012
1264 839 0.0007
814 840 0.0004
839 840 0.0012
842 840 0.002
25 841 0.0004
840 842 0.002
843 842 0.0005
845 842 0.0054
842 843 0.0005
844 843 0.0019
1255 843 0.002
843 844 0.0019
845 844 0.0022
847 844 0.0018
842 845 0.0054
844 845 0.0022
846 845 0.0003
845 846 0.0003
844 847 0.0018
848 847 0.0039
849 847 0.0046
830 848 0.0071
847 848 0.0039
849 848 0.014
826 849 0.0039
847 849 0.0046
848 849 0.014
850 849 0.0113
849 850 0.0113
851 850 0.0211
854 850 0.0071
827 851 0.0056
850 851 0.0211
852 851 0.0017
859 851 0.0004
851 852 0.0017
853 852 0.0005
857 852 0.0034
861 852 0.0018
852 853 0.0005
862 853 0.0006
863 853 0.0003
979 853 0.0003
1274 853 0.0012
850 854 0.0071
855 854 0.0032
856 854 0.0114
854 855 0.0032
856 855 0.0027
857 855 0.0057
854 856 0.0114
855 856 0.0027
1270 856 0.0018
852 857 0.0034
855 857 0.0057
858 857 0.0028
857 858 0.0028
827 859 0.001
851 859 0.0004
860 859 0.004
829 860 0.0007
859 860 0.004
861 860 0.0005
852 861 0.0018
860 861 0.0005
862 861 0.0068
864 861 0.0064
853 862 0.0006
861 862 0.0068
863 862 0.0031
864 862 0.0095
853 863 0.0003
862 863 0.0031
979 863 0.0015
986 863 0.0005
861 864 0.0064
862 864 0.0095
865 864 0.0006
864 865 0.0006
866 865 0.0043
867 865 0.0091
836 866 0.0033
865 866 0.0043
867 866 0.0261
869 866 0.0006
865 867 0.0091
866 867 0.0261
868 867 0.0225
867 868 0.0225
975 868 0.003
985 868 0.0032
834 869 0.0011
866 869 0.0006
870 869 0.0022
872 869 0.0057
869 870 0.0022
871 870 0.0027
976 870 0.0003
870 871 0.0027
872 871 0.0142
875 871 0.0026
869 872 0.0057
871 872 0.0142
873 872 0.0004
872 873 0.0004
874 873 0.0003
875 873 0.0021
873 874 0.0003
871 875 0.0026
873 875 0.0021
878 875 0.0013
703 876 0.0008
823 876 0.0282
877 876 0.0556
881 876 0.0239
876 877 0.0556
878 877 0.003
886 877 0.0075
875 878 0.0013
877 878 0.003
879 878 0.0013
878 879 0.0013
880 879 0.001
904 879 0.0005
879 880 0.001
876 881 0.0239
882 881 0.0003
883 881 0.0009
881 882 0.0003
883 882 0.0195
884 882 0.0012
684 883 0.0051
881 883 0.0009
882 883 0.0195
770 884 0.0003
882 884 0.0012
885 884 0.0005
884 885 0.0005
877 886 0.0075
893 886 0.0087
894 886 0.0058
888 887 0.001
889 887 0.0026
893 887 0.0108
887 888 0.001
889 888 0.0026
895 888 0.0001
887 889 0.0026
888 889 0.0026
890 889 0.0087
891 889 0.0034
889 890 0.0087
891 890 0.0021
893 890 0.0001
889 891 0.0034
890 891 0.0021
892 891 0.0026
768 892 0.0115
891 892 0.0026
906 892 0.0003
886 893 0.0087
887 893 0.0108
890 893 0.0001
886 894 0.0058
895 894 0.0035
905 894 0.0034
888 895 0.0001
894 895 0.0035
896 895 0.0019
895 896 0.0019
897 896 0.0004
961 896 0.0023
896 897 0.0004
898 897 0.0031
971 897 0.0184
897 898 0.0031
899 898 0.0016
905 898 0.0016
898 899 0.0016
900 899 0.0016
902 899 0.0022
899 900 0.0016
901 900 0.0025
972 900 0.0009
900 901 0.0025
902 901 0.0101
993 901 0.0004
899 902 0.0022
901 902 0.0101
903 902 0.0101
991 902 0.001
902 903 0.0101
904 903 0.0053
905 903 0.0003
879 904 0.0005
903 904 0.0053
905 904 0.0003
977 904 0.0003
894 905 0.0034
898 905 0.0016
903 905 0.0003
904 905 0.0003
892 906 0.0003
907 906 0.0018
908 906 0.0013
906 907 0.0018
906 908 0.0013
909 908 0.0039
910 908 0.0004
908 909 0.0039
908 910 0.0004
912 910 0.0003
1068 910 0.0019
769 911 0.0055
912 911 0.0002
948 911 0.0261
910 912 0.0003
911 912 0.0002
913 912 0.0019
912 913 0.0019
762 914 0.0017
915 914 0.0097
920 914 0.0016
914 915 0.0097
916 915 0.0019
917 915 0.001
918 915 0.0022
921 915 0.0029
915 916 0.0019
1077 916 0.0018
1078 916 0.0024
915 917 0.001
1078 917 0.0012
1079 917 0.0015
915 918 0.0022
919 918 0.0003
1080 918 0.001
918 919 0.0003
914 920 0.0016
921 920 0.0018
926 920 0.0026
915 921 0.0029
920 921 0.0018
922 921 0.0004
921 922 0.0004
923 922 0.0023
924 922 0.0022
922 923 0.0023
922 924 0.0022
767 925 0.0023
926 925 0.0139
928 925 0.0057
920 926 0.0026
925 926 0.0139
927 926 0.0002
926 927 0.0002
766 928 0.0066
925 928 0.0057
929 928 0.001
928 929 0.001
930 929 0.0006
933 929 0.0724
929 930 0.0006
931 930 0.0005
932 930 0.0006
930 931 0.0005
930 932 0.0006
929 933 0.0724
934 933 0.0024
1074 933 0.0002
933 934 0.0024
935 934 0.0001
940 934 0.0009
934 935 0.0001
936 935 0.049
948 935 0.0038
935 936 0.049
937 936 0.0003
938 936 0.0054
936 937 0.0003
936 938 0.0054
939 938 0.0002
940 938 0.0075
938 939 0.0002
934 940 0.0009
938 940 0.0075
941 940 0.0004
942 940 0.0066
940 941 0.0004
940 942 0.0066
946 942 0.0017
1075 942 0.0021
944 943 0.002
1073 943 0.0002
1075 943 0.0011
943 944 0.002
945 944 0.0009
960 944 0.0008
944 945 0.0009
946 945 0.0004
1075 945 0.0018
942 946 0.0017
945 946 0.0004
947 946 0.0025
946 947 0.0025
911 948 0.0261
935 948 0.0038
949 948 0.0148
948 949 0.0148
950 949 0.0004
951 949 0.0004
952 949 0.0131
949 950 0.0004
949 951 0.0004
949 952 0.0131
953 952 0.0003
954 952 0.0005
952 953 0.0003
952 954 0.0005
955 954 0.0036
956 954 0.0019
954 955 0.0036
954 956 0.0019
957 956 0.0006
958 956 0.0006
1008 956 0.0016
956 957 0.0006
956 958 0.0006
959 958 0.0006
1009 958 0.0012
958 959 0.0006
944 960 0.0008
1018 960 0.0002
1069 960 0.0003
896 961 0.0023
962 961 0.0001
998 961 0.0021
961 962 0.0001
963 962 0.0087
965 962 0.0018
962 963 0.0087
964 963 0.0006
971 963 0.0009
963 964 0.0006
965 964 0.0006
996 964 0.0005
962 965 0.0018
964 965 0.0006
966 965 0.0015
965 966 0.0015
967 966 0.0025
1002 966 0.0109
966 967 0.0025
968 967 0.0042
997 967 0.0012
1308 967 0.0003
967 968 0.0042
969 968 0.0007
970 968 0.0004
968 969 0.0007
968 970 0.0004
1296 970 0.0008
1307 970 0.0041
1308 970 0.0003
897 971 0.0184
963 971 0.0009
972 971 0.0078
900 972 0.0009
971 972 0.0078
973 972 0.0009
972 973 0.0009
974 973 0.0007
994 973 0.0006
996 973 0.0007
973 974 0.0007
868 975 0.003
976 975 0.0087
987 975 0.0003
870 976 0.0003
975 976 0.0087
977 976 0.0006
990 976 0.0047
904 977 0.0003
976 977 0.0006
978 977 0.0024
977 978 0.0024
853 979 0.0003
863 979 0.0015
980 979 0.0003
981 979 0.0023
979 980 0.0003
982 980 0.01
1274 980 0.0006
979 981 0.0023
982 981 0.0003
985 981 0.0014
986 981 0.0013
980 982 0.01
981 982 0.0003
983 982 0.0067
982 983 0.0067
984 983 0.0034
985 983 0.0033
983 984 0.0034
987 984 0.0012
1287 984 0.0068
868 985 0.0032
981 985 0.0014
983 985 0.0033
986 985 0.0007
863 986 0.0005
981 986 0.0013
985 986 0.0007
975 987 0.0003
984 987 0.0012
988 987 0.0143
987 988 0.0143
989 988 0.0046
1278 988 0.0006
988 989 0.0046
990 989 0.0079
1283 989 0.0005
976 990 0.0047
989 990 0.0079
991 990 0.0006
902 991 0.001
990 991 0.0006
992 991 0.0006
991 992 0.0006
1283 992 0.0037
1285 992 0.0064
901 993 0.0004
994 993 0.0004
1284 993 0.0002
973 994 0.0006
993 994 0.0004
995 994 0.0007
994 995 0.0007
964 996 0.0005
973 996 0.0007
997 996 0.0006
967 997 0.0012
996 997 0.0006
1278 997 0.0008
961 998 0.0021
999 998 0.003
1003 998 0.0093
998 999 0.003
1000 999 0.0128
1002 999 0.0035
999 1000 0.0128
1001 1000 0.0005
1003 1000 0.0059
1000 1001 0.0005
1002 1001 0.003
1061 1001 0.0005
1064 1001 0.0072
966 1002 0.0109
999 1002 0.0035
1001 1002 0.003
998 1003 0.0093
1000 1003 0.0059
1004 1003 0.0042
1060 1003 0.001
1003 1004 0.0042
1005 1004 0.0179
1023 1004 0.0672
1004 1005 0.0179
1006 1005 0.0012
1011 1005 0.0253
1005 1006 0.0012
1007 1006 0.0004
1008 1006 0.0031
1006 1007 0.0004
956 1008 0.0016
1006 1008 0.0031
1009 1008 0.0096
958 1009 0.0012
1008 1009 0.0096
1010 1009 0.0005
1009 1010 0.0005
1005 1011 0.0253
1012 1011 0.0009
1014 1011 0.0024
1011 1012 0.0009
1013 1012 0.0003
1022 1012 0.0001
1012 1013 0.0003
1011 1014 0.0024
1015 1014 0.0006
1016 1014 0.0279
1014 1015 0.0006
1020 1015 0.0055
1021 1015 0.0003
1014 1016 0.0279
1017 1016 0.0002
1018 1016 0.0067
1016 1017 0.0002
960 1018 0.0002
1016 1018 0.0067
1019 1018 0.0002
1018 1019 0.0002
1015 1020 0.0055
1071 1020 0.0003
1072 1020 0.0005
1015 1021 0.0003
1012 1022 0.0001
1004 1023 0.0672
1024 1023 0.0687
1060 1023 0.0014
1023 1024 0.0687
1025 1024 0.0351
1059 1024 0.0011
1024 1025 0.0351
1026 1025 0.0044
1029 1025 0.0005
1025 1026 0.0044
1027 1026 0.0005
1051 1026 0.0007
1059 1026 0.0006
1026 1027 0.0005
1028 1027 0.0014
1047 1027 0.0061
1027 1028 0.0014
1025 1029 0.0005
1030 1029 0.0032
1070 1029 0.0001
1029 1030 0.0032
1031 1030 0.0021
1044 1030 0.0004
1030 1031 0.0021
1032 1031 0.0028
1033 1031 0.0021
1031 1032 0.0028
1033 1032 0.0046
1034 1032 0.0014
1031 1033 0.0021
1032 1033 0.0046
1040 1033 0.0007
1032 1034 0.0014
1035 1034 0.0011
1039 1034 0.0004
1034 1035 0.0011
1036 1035 0.0004
1039 1035 0.0001
1035 1036 0.0004
1037 1036 0.001
1038 1036 0.0005
1036 1037 0.001
1036 1038 0.0005
1034 1039 0.0004
1035 1039 0.0001
1411 1039 0.0048
1033 1040 0.0007
1041 1040 0.0005
1410 1040 0.0012
1040 1041 0.0005
1043 1042 0.0014
1042 1043 0.0014
1044 1043 0.0051
1338 1043 0.0032
1030 1044 0.0004
1043 1044 0.0051
1045 1044 0.0016
1044 1045 0.0016
1046 1045 0.0002
1053 1045 0.0006
1045 1046 0.0002
1047 1046 0.0021
1050 1046 0.0005
1027 1047 0.0061
1046 1047 0.0021
1048 1047 0.0119
1047 1048 0.0119
1049 1048 0.0004
1051 1048 0.0046
1048 1049 0.0004
1046 1050 0.0005
1026 1051 0.0007
1048 1051 0.0046
1052 1051 0.0252
1051 1052 0.0252
1053 1052 0.0005
1055 1052 0.0258
1045 1053 0.0006
1052 1053 0.0005
1054 1053 0.0013
1053 1054 0.0013
1052 1055 0.0258
1056 1055 0.0188
1307 1055 0.001
1055 1056 0.0188
1057 1056 0.0003
1058 1056 0.0006
1056 1057 0.0003
1056 1058 0.0006
1024 1059 0.0011
1026 1059 0.0006
1060 1059 0.0259
1062 1059 0.0014
1064 1059 0.0038
1003 1060 0.001
1023 1060 0.0014
1059 1060 0.0259
1064 1060 0.0021
1001 1061 0.0005
1062 1061 0.0025
1307 1061 0.001
1059 1062 0.0014
1061 1062 0.0025
1063 1062 0.0025
1062 1063 0.0025
1001 1064 0.0072
1059 1064 0.0038
1060 1064 0.0021
56 1065 0.0013
139 1066 0.0021
139 1067 0.0037
910 1068 0.0019
960 1069 0.0003
1029 1070 0.0001
1020 1071 0.0003
1020 1072 0.0005
943 1073 0.0002
933 1074 0.0002
942 1075 0.0021
943 1075 0.0011
945 1075 0.0018
714 1076 0.0002
715 1076 0.001
756 1076 0.0002
757 1076 0.0028
758 1076 0.0012
1077 1076 0.0003
916 1077 0.0018
1076 1077 0.0003
1078 1077 0.0049
916 1078 0.0024
917 1078 0.0012
1077 1078 0.0049
917 1079 0.0015
918 1080 0.001
1081 1080 0.0045
1082 1080 0.0179
1080 1081 0.0045
1080 1082 0.0179
758 1083 0.0679
760 1083 0.0207
762 1083 0.0005
520 1084 0.0018
521 1084 0.0019
523 1084 0.0155
530 1085 0.0002
522 1086 0.0021
1087 1086 0.0026
1088 1086 0.0001
1086 1087 0.0026
1086 1088 0.0001
521 1089 0.0003
1090 1089 0.0003
1091 1089 0.0013
1094 1089 0.0004
1089 1090 0.0003
493 1091 0.0287
1089 1091 0.0013
1092 1091 0.0011
1091 1092 0.0011
1095 1092 0.005
1097 1092 0.0007
492 1093 0.0015
1089 1094 0.0004
475 1095 0.0026
1092 1095 0.005
1096 1095 0.0006
1095 1096 0.0006
1092 1097 0.0007
1098 1097 0.0012
1099 1097 0.0022
1097 1098 0.0012
1097 1099 0.0022
1100 1099 0.0064
1101 1099 0.0028
1099 1100 0.0064
1099 1101 0.0028
475 1102 0.0015
1108 1102 0.0026
1116 1102 0.0005
456 1103 0.0005
1104 1103 0.0085
1105 1103 0.0022
461 1104 0.004
1103 1104 0.0085
1105 1104 0.01
1103 1105 0.0022
1104 1105 0.01
1109 1105 0.0074
461 1106 0.001
1107 1106 0.0166
1109 1106 0.0054
1106 1107 0.0166
1110 1107 0.0015
1112 1107 0.0005
1102 1108 0.0026
1110 1108 0.0085
1115 1108 0.0006
1105 1109 0.0074
1106 1109 0.0054
1110 1109 0.0007
1107 1110 0.0015
1108 1110 0.0085
1109 1110 0.0007
462 1111 0.0017
450 1112 0.0011
1107 1112 0.0005
1113 1112 0.0154
1112 1113 0.0154
1114 1113 0.005
1119 1113 0.0006
1113 1114 0.005
1123 1114 0.0004
1127 1114 0.0003
1108 1115 0.0006
1102 1116 0.0005
452 1117 0.0024
1118 1117 0.0046
1120 1117 0.0211
1117 1118 0.0046
1119 1118 0.0015
1126 1118 0.0006
1113 1119 0.0006
1118 1119 0.0015
1126 1119 0.0216
453 1120 0.066
1117 1120 0.0211
1148 1120 0.0008
1135 1121 0.0004
1136 1121 0.0149
1148 1121 0.0168
452 1122 0.0007
1114 1123 0.0004
1124 1123 0.0022
1128 1123 0.0027
1123 1124 0.0022
1125 1124 0.0006
1126 1124 0.0163
1124 1125 0.0006
1118 1126 0.0006
1119 1126 0.0216
1124 1126 0.0163
1114 1127 0.0003
1123 1128 0.0027
1129 1128 0.0038
1132 1128 0.0011
1128 1129 0.0038
1130 1129 0.015
1134 1129 0.0002
1129 1130 0.015
1131 1130 0.0045
1133 1130 0.0006
1130 1131 0.0045
1128 1132 0.0011
1130 1133 0.0006
1129 1134 0.0002
1121 1135 0.0004
1121 1136 0.0149
1137 1136 0.0008
1147 1136 0.0005
1136 1137 0.0008
434 1138 0.0032
1139 1138 0.0009
1142 1138 0.0006
1138 1139 0.0009
1140 1139 0.0006
1141 1139 0.0006
1139 1140 0.0006
1141 1140 0.0043
1142 1140 0.0035
453 1141 0.0252
1139 1141 0.0006
1140 1141 0.0043
1138 1142 0.0006
1140 1142 0.0035
1143 1142 0.0016
434 1143 0.0006
435 1143 0.0026
1142 1143 0.0016
1146 1143 0.0028
435 1144 0.0016
1145 1144 0.0086
1149 1144 0.002
1144 1145 0.0086
1151 1145 0.0078
1155 1145 0.023
1143 1146 0.0028
1147 1146 0.0006
1149 1146 0.0011
1136 1147 0.0005
1146 1147 0.0006
1148 1147 0.0003
1120 1148 0.0008
1121 1148 0.0168
1147 1148 0.0003
1144 1149 0.002
1146 1149 0.0011
1150 1149 0.0004
1149 1150 0.0004
437 1151 0.0043
1145 1151 0.0078
1152 1151 0.0005
1151 1152 0.0005
437 1153 0.0014
1154 1153 0.0006
1167 1153 0.0004
1153 1154 0.0006
1145 1155 0.023
1156 1155 0.0004
1157 1155 0.0052
1155 1156 0.0004
1155 1157 0.0052
1158 1157 0.0003
1159 1157 0.0171
1157 1158 0.0003
1157 1159 0.0171
1160 1159 0.0005
1163 1159 0.0004
1159 1160 0.0005
1161 1160 0.0008
1162 1160 0.0005
1160 1161 0.0008
1160 1162 0.0005
1159 1163 0.0004
1164 1163 0.0006
1165 1163 0.0002
1163 1164 0.0006
1163 1165 0.0002
438 1166 0.0047
1167 1166 0.0006
1169 1166 0.0123
1153 1167 0.0004
1166 1167 0.0006
1168 1167 0.0006
1167 1168 0.0006
1166 1169 0.0123
1170 1169 0.0006
1171 1169 0.0008
1169 1170 0.0006
1169 1171 0.0008
438 1172 0.0017
1173 1172 0.003
1174 1172 0.0016
1172 1173 0.003
1172 1174 0.0016
1175 1174 0.0024
1190 1174 0.0004
1174 1175 0.0024
1176 1175 0.0235
1179 1175 0.0142
1175 1176 0.0235
1177 1176 0.0017
1180 1176 0.0005
1176 1177 0.0017
1178 1177 0.0078
1180 1177 0.007
1177 1178 0.0078
425 1179 0.0017
1175 1179 0.0142
1181 1179 0.0032
1176 1180 0.0005
1177 1180 0.007
1189 1180 0.0021
1179 1181 0.0032
1182 1181 0.0036
1183 1181 0.0027
1181 1182 0.0036
1181 1183 0.0027
1184 1183 0.0077
1189 1183 0.0026
425 1184 0.0007
1183 1184 0.0077
1188 1184 0.0034
421 1185 0.0025
1186 1185 0.0079
1187 1185 0.0018
1185 1186 0.0079
386 1187 0.0075
1185 1187 0.0018
1188 1187 0.0021
1191 1187 0.0003
1184 1188 0.0034
1187 1188 0.0021
1189 1188 0.0013
1180 1189 0.0021
1183 1189 0.0026
1188 1189 0.0013
1174 1190 0.0004
1187 1191 0.0003
386 1192 0.0071
1193 1192 0.0003
1194 1192 0.0124
1192 1193 0.0003
1192 1194 0.0124
1195 1194 0.0021
1198 1194 0.0021
1194 1195 0.0021
1196 1195 0.0011
1197 1195 0.0005
1195 1196 0.0011
1195 1197 0.0005
1194 1198 0.0021
1199 1198 0.0009
1200 1198 0.001
1198 1199 0.0009
385 1200 0.0014
1198 1200 0.001
1201 1200 0.0058
1207 1200 0.0009
1200 1201 0.0058
1202 1201 0.0002
1203 1201 0.0067
1201 1202 0.0002
1201 1203 0.0067
1204 1203 0.0014
1205 1203 0.0005
1203 1204 0.0014
1203 1205 0.0005
1206 1205 0.001
1207 1205 0.0056
1205 1206 0.001
380 1207 0.002
1200 1207 0.0009
1205 1207 0.0056
380 1208 0.0005
321 1209 0.0007
322 1209 0.0008
1210 1209 0.0016
1209 1210 0.0016
304 1211 0.0002
304 1212 0.0007
304 1213 0.0024
1214 1213 0.0002
1215 1213 0.0014
1213 1214 0.0002
1213 1215 0.0014
1216 1215 0.0009
1217 1215 0.0013
1220 1215 0.0017
1215 1216 0.0009
305 1217 0.0023
1215 1217 0.0013
1218 1217 0.0013
1217 1218 0.0013
1219 1218 0.0024
1226 1218 0.0007
1218 1219 0.0024
1220 1219 0.0015
1229 1219 0.0007
1230 1219 0.0008
1215 1220 0.0017
1219 1220 0.0015
1221 1220 0.0006
1220 1221 0.0006
1222 1221 0.0012
1230 1221 0.0013
1221 1222 0.0012
305 1223 0.0163
1224 1223 0.0006
1225 1223 0.0056
1223 1224 0.0006
1223 1225 0.0056
1226 1225 0.0004
1227 1225 0.0017
1218 1226 0.0007
1225 1226 0.0004
1229 1226 0.0062
1225 1227 0.0017
294 1228 0.0006
1229 1228 0.0024
1230 1228 0.0001
1231 1228 0.0031
1219 1229 0.0007
1226 1229 0.0062
1228 1229 0.0024
1219 1230 0.0008
1221 1230 0.0013
1228 1230 0.0001
1228 1231 0.0031
1232 1231 0.0003
1233 1231 0.0033
1231 1232 0.0003
295 1233 0.013
1231 1233 0.0033
1234 1233 0.0023
1233 1234 0.0023
309 1235 0.0069
310 1235 0.0028
1238 1235 0.0037
1241 1235 0.001
309 1236 0.0011
310 1237 0.0008
1235 1238 0.0037
1239 1238 0.0055
1240 1238 0.0044
1238 1239 0.0055
1238 1240 0.0044
1235 1241 0.001
322 1242 0.0014
270 1243 0.0121
311 1243 0.0254
318 1243 0.0029
402 1244 0.0543
413 1244 0.0079
416 1244 0.0241
584 1245 0.004
595 1245 0.0028
791 1245 0.0006
1247 1246 0.001
1246 1247 0.001
1248 1247 0.001
1386 1247 0.0001
1247 1248 0.001
4 1249 0.0695
1250 1249 0.0172
1251 1249 0.0136
1249 1250 0.0172
1249 1251 0.0136
1252 1251 0.0158
1259 1251 0.0081
1 1252 0.0041
1251 1252 0.0158
1253 1252 0.0009
1260 1252 0.0044
1262 1252 0.0146
1252 1253 0.0009
1254 1253 0.0016
1260 1253 0.0056
1263 1253 0.0029
1253 1254 0.0016
1255 1254 0.0054
1265 1254 0.0036
843 1255 0.002
1254 1255 0.0054
1256 1255 0.066
1255 1256 0.066
1257 1256 0.0047
1270 1256 0.0046
1256 1257 0.0047
1272 1257 0.0089
1273 1257 0.002
1272 1258 0.0036
1251 1259 0.0081
1252 1260 0.0044
1253 1260 0.0056
1261 1260 0.0005
1260 1261 0.0005
1252 1262 0.0146
1253 1263 0.0029
839 1264 0.0007
1254 1265 0.0036
1266 1265 0.0056
1272 1265 0.0005
1265 1266 0.0056
1267 1266 0.0021
1282 1266 0.003
1266 1267 0.0021
1268 1267 0.0037
1280 1267 0.0076
1267 1268 0.0037
1269 1268 0.0067
1281 1268 0.0034
1268 1269 0.0067
1291 1269 0.0031
1303 1269 0.0006
856 1270 0.0018
1256 1270 0.0046
1271 1270 0.0004
1270 1271 0.0004
1257 1272 0.0089
1258 1272 0.0036
1265 1272 0.0005
1257 1273 0.002
1274 1273 0.0007
1275 1273 0.0027
853 1274 0.0012
980 1274 0.0006
1273 1274 0.0007
1273 1275 0.0027
1277 1276 0.0024
1279 1276 0.0023
1291 1276 0.0026
1276 1277 0.0024
1278 1277 0.0006
1287 1277 0.0011
988 1278 0.0006
997 1278 0.0008
1277 1278 0.0006
1283 1278 0.0015
1284 1278 0.0009
1276 1279 0.0023
1267 1280 0.0076
1268 1281 0.0034
1266 1282 0.003
989 1283 0.0005
992 1283 0.0037
1278 1283 0.0015
993 1284 0.0002
1278 1284 0.0009
1285 1284 0.0005
992 1285 0.0064
1284 1285 0.0005
1286 1285 0.0055
1285 1286 0.0055
984 1287 0.0068
1277 1287 0.0011
1288 1287 0.0004
1287 1288 0.0004
1290 1289 0.0006
1289 1290 0.0006
1269 1291 0.0031
1276 1291 0.0026
1292 1291 0.0016
1291 1292 0.0016
1293 1292 0.0024
1297 1292 0.006
1292 1293 0.0024
1294 1293 0.0499
1315 1293 0.0021
1293 1294 0.0499
1295 1294 0.0012
1309 1294 0.0017
1294 1295 0.0012
1296 1295 0.0033
1299 1295 0.0023
970 1296 0.0008
1295 1296 0.0033
1308 1296 0.0007
1292 1297 0.006
1298 1297 0.0009
1301 1297 0.0002
1297 1298 0.0009
1299 1298 0.0021
1300 1298 0.0007
1295 1299 0.0023
1298 1299 0.0021
1302 1299 0.0014
1298 1300 0.0007
1297 1301 0.0002
1299 1302 0.0014
1269 1303 0.0006
1304 1303 0.0017
1335 1303 0.0016
1303 1304 0.0017
1321 1304 0.0006
1349 1304 0.0006
1306 1305 0.0005
1305 1306 0.0005
970 1307 0.0041
1055 1307 0.001
1061 1307 0.001
967 1308 0.0003
970 1308 0.0003
1296 1308 0.0007
1294 1309 0.0017
1310 1309 0.0006
1311 1309 0.0012
1309 1310 0.0006
1311 1310 0.002
1312 1310 0.0003
1309 1311 0.0012
1310 1311 0.002
1312 1311 0.0038
1310 1312 0.0003
1311 1312 0.0038
1313 1312 0.003
1312 1313 0.003
1314 1313 0.0063
1338 1313 0.0008
1340 1313 0.0002
1313 1314 0.0063
1385 1314 0.0089
1404 1314 0.0004
1293 1315 0.0021
1316 1315 0.0044
1336 1315 0.0006
1315 1316 0.0044
1317 1316 0.002
1335 1316 0.0012
1316 1317 0.002
1318 1317 0.0034
1404 1317 0.0046
1317 1318 0.0034
1341 1318 0.0141
1389 1318 0.0015
1320 1319 0.0008
1319 1320 0.0008
1304 1321 0.0006
1322 1321 0.0017
1330 1321 0.0008
1321 1322 0.0017
1323 1322 0.0055
1377 1322 0.0003
1322 1323 0.0055
1324 1323 0.0014
1381 1323 0.0031
1323 1324 0.0014
1325 1324 0.0079
1378 1324 0.0004
1324 1325 0.0079
1326 1325 0.0013
1382 1325 0.0006
1384 1325 0.0005
1325 1326 0.0013
1327 1326 0.0037
1329 1326 0.001
1326 1327 0.0037
1328 1327 0.0013
1330 1327 0.0006
1327 1328 0.0013
1326 1329 0.001
1321 1330 0.0008
1327 1330 0.0006
1351 1330 0.0006
1332 1331 0.0006
1331 1332 0.0006
1333 1332 0.0017
1334 1332 0.0057
1332 1333 0.0017
1332 1334 0.0057
1303 1335 0.0016
1316 1335 0.0012
1336 1335 0.0019
1315 1336 0.0006
1335 1336 0.0019
1337 1336 0.0004
1336 1337 0.0004
1043 1338 0.0032
1313 1338 0.0008
1339 1338 0.0004
1338 1339 0.0004
1313 1340 0.0002
1318 1341 0.0141
1342 1341 0.0029
1349 1341 0.0009
1341 1342 0.0029
1343 1342 0.0021
1350 1342 0.0009
1342 1343 0.0021
1344 1343 0.0009
1358 1343 0.0011
1343 1344 0.0009
1345 1344 0.0025
1398 1344 0.0016
1344 1345 0.0025
1346 1345 0.0018
1366 1345 0.0004
1345 1346 0.0018
1347 1346 0.0008
1357 1346 0.0002
1346 1347 0.0008
1348 1347 0.0003
1387 1347 0.0002
1347 1348 0.0003
1304 1349 0.0006
1341 1349 0.0009
1350 1349 0.0101
1342 1350 0.0009
1349 1350 0.0101
1351 1350 0.0023
1330 1351 0.0006
1350 1351 0.0023
1352 1351 0.0031
1351 1352 0.0031
1353 1352 0.0008
1368 1352 0.0019
1352 1353 0.0008
1354 1353 0.0008
1373 1353 0.0084
1353 1354 0.0008
1355 1354 0.0006
1369 1354 0.0001
1354 1355 0.0006
1356 1355 0.0003
1372 1355 0.0003
1355 1356 0.0003
1346 1357 0.0002
1343 1358 0.0011
1359 1358 0.0046
1366 1358 0.0003
1358 1359 0.0046
1360 1359 0.0009
1367 1359 0.0002
1359 1360 0.0009
1361 1360 0.0006
1363 1360 0.0005
1360 1361 0.0006
1362 1361 0.0003
1366 1361 0.0004
1361 1362 0.0003
1360 1363 0.0005
1364 1363 0.0011
1365 1363 0.0007
1363 1364 0.0011
1415 1364 0.0009
1416 1364 0.0004
1363 1365 0.0007
1345 1366 0.0004
1358 1366 0.0003
1361 1366 0.0004
1359 1367 0.0002
1422 1367 0.0002
1425 1367 0.0003
1352 1368 0.0019
1354 1369 0.0001
1370 1369 0.0015
1371 1369 0.0004
1369 1370 0.0015
1369 1371 0.0004
1355 1372 0.0003
1353 1373 0.0084
1374 1373 0.0008
1414 1373 0.0006
1373 1374 0.0008
1375 1374 0.0002
1382 1374 0.0001
1374 1375 0.0002
1376 1375 0.0005
1417 1375 0.0003
1375 1376 0.0005
1322 1377 0.0003
1378 1377 0.0006
1380 1377 0.0003
1413 1377 0.0005
1324 1378 0.0004
1377 1378 0.0006
1379 1378 0.0002
1378 1379 0.0002
1377 1380 0.0003
1323 1381 0.0031
1325 1382 0.0006
1374 1382 0.0001
1383 1382 0.0002
1382 1383 0.0002
1325 1384 0.0005
1314 1385 0.0089
1386 1385 0.0189
1410 1385 0.0018
1247 1386 0.0001
1385 1386 0.0189
1387 1386 0.0001
1347 1387 0.0002
1386 1387 0.0001
1388 1387 0.0004
1387 1388 0.0004
1318 1389 0.0015
1390 1389 0.0117
1400 1389 0.0013
1389 1390 0.0117
1391 1390 0.0029
1393 1390 0.0009
1390 1391 0.0029
1392 1391 0.0004
1394 1391 0.0019
1391 1392 0.0004
1390 1393 0.0009
1391 1394 0.0019
1395 1394 0.0003
1397 1394 0.0008
1394 1395 0.0003
1396 1395 0.0011
1398 1395 0.0008
1395 1396 0.0011
1394 1397 0.0008
1344 1398 0.0016
1395 1398 0.0008
1399 1398 0.0002
1398 1399 0.0002
1389 1400 0.0013
1401 1400 0.0004
1402 1400 0.0003
1403 1400 0.0003
1400 1401 0.0004
1400 1402 0.0003
1400 1403 0.0003
1314 1404 0.0004
1317 1404 0.0046
1405 1404 0.0004
1404 1405 0.0004
1406 1405 0.0007
1407 1405 0.0003
1405 1406 0.0007
1405 1407 0.0003
1408 1407 0.0008
1409 1407 0.0012
1407 1408 0.0008
1407 1409 0.0012
1040 1410 0.0012
1385 1410 0.0018
1411 1410 0.0014
1039 1411 0.0048
1410 1411 0.0014
1412 1411 0.0001
1411 1412 0.0001
1377 1413 0.0005
1373 1414 0.0006
1364 1415 0.0009
1364 1416 0.0004
1375 1417 0.0003
1418 1417 0.0002
1419 1417 0.0001
1417 1418 0.0002
1417 1419 0.0001
1421 1420 0.0003
1420 1421 0.0003
1367 1422 0.0002
1423 1422 0.0008
1424 1422 0.0006
1422 1423 0.0008
1422 1424 0.0006
1367 1425 0.0003
