735 1 0.0025
3 2 0.0005
18 2 0.0062
727 2 0.0017
2 3 0.0005
4 3 0.001
5 3 0.0007
3 4 0.001
3 5 0.0007
7 6 0.0147
9 6 0.0129
17 6 0.0067
22 6 0.005
25 6 0.0014
36 6 0.0014
37 6 0.0017
45 6 0.0007
260 6 0.0042
6 7 0.0147
10 8 0.0011
19 8 0.0053
20 8 0.0011
6 9 0.0129
8 10 0.0011
12 11 0.0008
13 11 0.0027
14 11 0.0042
19 11 0.0048
11 12 0.0008
11 13 0.0027
11 14 0.0042
80 15 0.0011
77 16 0.0007
6 17 0.0067
2 18 0.0062
19 18 0.007
726 18 0.0004
8 19 0.0053
11 19 0.0048
18 19 0.007
8 20 0.0011
454 21 0.0156
6 22 0.005
23 22 0.0015
30 22 0.0069
22 23 0.0015
24 23 0.001
28 23 0.0087
23 24 0.001
25 24 0.0011
27 24 0.001
6 25 0.0014
24 25 0.0011
26 25 0.0025
25 26 0.0025
27 26 0.0227
34 26 0.0442
35 26 0.015
24 27 0.001
26 27 0.0227
28 27 0.0009
23 28 0.0087
27 28 0.0009
31 28 0.0456
30 29 0.0312
32 29 0.0928
59 29 0.0006
22 30 0.0069
29 30 0.0312
31 30 0.0122
28 31 0.0456
30 31 0.0122
32 31 0.0953
33 31 0.0178
29 32 0.0928
31 32 0.0953
53 32 0.0216
31 33 0.0178
34 33 0.0094
40 33 0.0005
26 34 0.0442
33 34 0.0094
40 34 0.0009
26 35 0.015
36 35 0.0011
473 35 0.0011
6 36 0.0014
35 36 0.0011
37 36 0.0005
39 36 0.0004
6 37 0.0017
36 37 0.0005
38 37 0.0022
37 38 0.0022
39 38 0.0694
45 38 0.0526
36 39 0.0004
38 39 0.0694
473 39 0.0003
33 40 0.0005
34 40 0.0009
49 40 0.0005
473 40 0.0013
42 41 0.0089
474 41 0.0135
475 41 0.0323
41 42 0.0089
43 42 0.0132
260 42 0.0032
42 43 0.0132
44 43 0.0124
260 43 0.0023
43 44 0.0124
508 44 0.1396
511 44 0.015
6 45 0.0007
38 45 0.0526
46 45 0.0067
45 46 0.0067
51 46 0.0299
508 46 0.0131
51 47 0.0383
55 47 0.0062
724 47 0.0193
54 48 0.0094
56 48 0.0194
660 48 0.0004
40 49 0.0005
50 49 0.0358
52 49 0.0126
49 50 0.0358
54 50 0.0368
724 50 0.0008
46 51 0.0299
47 51 0.0383
52 51 0.0446
473 51 0.001
49 52 0.0126
51 52 0.0446
473 52 0.0017
32 53 0.0216
54 53 0.0126
59 53 0.0207
48 54 0.0094
50 54 0.0368
53 54 0.0126
47 55 0.0062
56 55 0.1162
476 55 0.0143
48 56 0.0194
55 56 0.1162
57 56 0.0622
66 56 0.0066
56 57 0.0622
58 57 0.0034
661 57 0.0033
57 58 0.0034
67 58 0.0012
656 58 0.0062
29 59 0.0006
53 59 0.0207
60 59 0.157
59 60 0.157
61 60 0.0228
660 60 0.0356
721 60 0.0012
60 61 0.0228
62 61 0.0128
63 61 0.0453
61 62 0.0128
61 63 0.0453
454 63 0.0258
721 63 0.0004
65 64 0.0092
649 64 0.0008
658 64 0.0353
64 65 0.0092
637 65 0.0035
649 65 0.013
651 65 0.0415
56 66 0.0066
68 66 0.0022
71 66 0.0136
512 66 0.0003
58 67 0.0012
68 67 0.002
72 67 0.0005
66 68 0.0022
67 68 0.002
69 68 0.0039
68 69 0.0039
70 69 0.0206
73 69 0.0034
69 70 0.0206
71 70 0.0282
75 70 0.0007
66 71 0.0136
70 71 0.0282
517 71 0.0025
67 72 0.0005
73 72 0.0013
74 72 0.0016
645 72 0.0074
647 72 0.0003
69 73 0.0034
72 73 0.0013
74 73 0.001
76 73 0.0004
212 73 0.0008
666 73 0.0114
668 73 0.0036
718 73 0.0028
72 74 0.0016
73 74 0.001
647 74 0.0005
669 74 0.0064
70 75 0.0007
73 76 0.0004
214 76 0.0018
217 76 0.0003
16 77 0.0007
82 77 0.0142
609 77 0.0148
532 78 0.0026
80 79 0.0006
15 80 0.0011
79 80 0.0006
550 80 0.001
82 81 0.0151
77 82 0.0142
81 82 0.0151
83 82 0.0006
87 82 0.001
93 82 0.0013
82 83 0.0006
84 83 0.0062
85 83 0.0052
83 84 0.0062
85 84 0.0035
87 84 0.0007
104 84 0.0003
83 85 0.0052
84 85 0.0035
86 85 0.0007
552 85 0.0004
85 86 0.0007
82 87 0.001
84 87 0.0007
89 87 0.0043
89 88 0.0137
87 89 0.0043
88 89 0.0137
98 89 0.0049
91 90 0.0004
90 91 0.0004
92 91 0.0061
212 91 0.002
91 92 0.0061
95 92 0.0003
96 92 0.0015
82 93 0.0013
94 93 0.0353
100 93 0.0013
93 94 0.0353
95 94 0.0025
101 94 0.0029
92 95 0.0003
94 95 0.0025
96 95 0.0017
92 96 0.0015
95 96 0.0017
97 96 0.0026
96 97 0.0026
219 97 0.0002
459 97 0.0004
89 98 0.0049
99 98 0.0006
107 98 0.0002
98 99 0.0006
108 99 0.0111
109 99 0.0001
146 99 0.0
93 100 0.0013
103 100 0.0014
109 100 0.0009
94 101 0.0029
102 101 0.0008
110 101 0.017
101 102 0.0008
100 103 0.0014
115 103 0.0003
116 103 0.0001
84 104 0.0003
106 105 0.0022
105 106 0.0022
98 107 0.0002
137 107 0.0001
140 107 0.0001
99 108 0.0111
99 109 0.0001
100 109 0.0009
120 109 0.0022
101 110 0.017
111 110 0.0004
114 110 0.0025
110 111 0.0004
112 111 0.0058
113 111 0.0057
111 112 0.0058
113 112 0.0031
300 112 0.0004
111 113 0.0057
112 113 0.0031
114 113 0.0016
117 113 0.0009
110 114 0.0025
113 114 0.0016
117 114 0.0183
103 115 0.0003
103 116 0.0001
113 117 0.0009
114 117 0.0183
306 117 0.0031
302 118 0.0035
120 119 0.0002
121 119 0.0002
130 119 0.0013
109 120 0.0022
119 120 0.0002
123 120 0.0008
119 121 0.0002
175 122 0.0042
254 122 0.0047
429 122 0.0069
120 123 0.0008
124 123 0.0122
126 123 0.0018
123 124 0.0122
125 124 0.0168
127 124 0.0609
124 125 0.0168
126 125 0.0013
127 125 0.031
123 126 0.0018
125 126 0.0013
150 126 0.003
152 126 0.0046
124 127 0.0609
125 127 0.031
128 127 0.0442
127 128 0.0442
131 128 0.0003
132 128 0.0008
152 128 0.0013
130 129 0.0004
314 129 0.0008
317 129 0.0003
119 130 0.0013
129 130 0.0004
307 130 0.0001
128 131 0.0003
128 132 0.0008
133 132 0.0005
134 132 0.0009
132 133 0.0005
132 134 0.0009
312 135 0.0526
327 135 0.0003
408 135 0.0262
414 135 0.0012
140 136 0.0003
107 137 0.0001
138 137 0.0307
141 137 0.0004
137 138 0.0307
139 138 0.0446
180 138 0.0215
138 139 0.0446
140 139 0.0028
142 139 0.0206
107 140 0.0001
136 140 0.0003
139 140 0.0028
137 141 0.0004
139 142 0.0206
143 142 0.0054
167 142 0.0143
142 143 0.0054
144 143 0.0001
145 143 0.0021
143 144 0.0001
143 145 0.0021
146 145 0.0033
149 145 0.0014
99 146 0.0
145 146 0.0033
147 146 0.0001
146 147 0.0001
149 148 0.0025
145 149 0.0014
148 149 0.0025
150 149 0.0015
126 150 0.003
149 150 0.0015
151 150 0.0017
150 151 0.0017
152 151 0.003
153 151 0.002
126 152 0.0046
128 152 0.0013
151 152 0.003
153 152 0.0108
151 153 0.002
152 153 0.0108
154 153 0.0054
153 154 0.0054
155 154 0.0255
156 154 0.0136
154 155 0.0255
156 155 0.0064
157 155 0.0039
154 156 0.0136
155 156 0.0064
157 156 0.0018
160 156 0.0034
155 157 0.0039
156 157 0.0018
158 157 0.0051
164 157 0.0028
157 158 0.0051
159 158 0.0063
164 158 0.0047
158 159 0.0063
160 159 0.0132
165 159 0.0052
156 160 0.0034
159 160 0.0132
162 160 0.0017
285 161 0.0027
376 161 0.0022
416 161 0.0012
160 162 0.0017
166 162 0.0216
168 162 0.0009
465 162 0.003
200 163 0.0008
157 164 0.0028
158 164 0.0047
165 164 0.0037
159 165 0.0052
164 165 0.0037
166 165 0.0033
162 166 0.0216
165 166 0.0033
460 166 0.0004
142 167 0.0143
168 167 0.0018
170 167 0.0002
162 168 0.0009
167 168 0.0018
169 168 0.0012
168 169 0.0012
170 169 0.0006
195 169 0.0034
167 170 0.0002
169 170 0.0006
171 170 0.0112
295 170 0.0003
170 171 0.0112
173 171 0.0009
195 171 0.0003
289 172 0.0005
171 173 0.0009
174 173 0.006
193 173 0.0006
173 174 0.006
294 174 0.0012
295 174 0.0027
122 175 0.0042
176 175 0.0183
511 175 0.0629
175 176 0.0183
491 176 0.0023
492 176 0.0144
492 177 0.0419
493 177 0.0025
494 177 0.0178
497 177 0.001
494 178 0.013
495 178 0.0035
562 178 0.046
180 179 0.0637
182 179 0.0006
601 179 0.0349
138 180 0.0215
179 180 0.0637
182 180 0.0019
259 180 0.0002
392 181 0.0006
179 182 0.0006
180 182 0.0019
190 182 0.0011
184 183 0.0012
561 183 0.0257
570 183 0.0018
605 183 0.0051
183 184 0.0012
185 184 0.0011
186 184 0.0264
559 184 0.0032
184 185 0.0011
184 186 0.0264
187 186 0.0044
572 186 0.0112
186 187 0.0044
552 187 0.0075
575 187 0.0032
548 188 0.002
364 189 0.0019
464 189 0.0006
682 189 0.0027
182 190 0.0011
572 191 0.0004
291 192 0.0002
173 193 0.0006
194 193 0.0005
196 193 0.0004
193 194 0.0005
199 194 0.0035
205 194 0.0004
169 195 0.0034
171 195 0.0003
199 195 0.0005
193 196 0.0004
292 197 0.0002
461 198 0.001
194 199 0.0035
195 199 0.0005
200 199 0.0012
163 200 0.0008
199 200 0.0012
201 200 0.0025
202 200 0.0151
200 201 0.0025
200 202 0.0151
203 202 0.0006
204 202 0.0007
202 203 0.0006
202 204 0.0007
205 204 0.0004
206 204 0.0014
194 205 0.0004
204 205 0.0004
207 205 0.002
204 206 0.0014
205 207 0.002
369 208 0.0005
210 209 0.0025
209 210 0.0025
211 210 0.0004
370 210 0.0041
210 211 0.0004
73 212 0.0008
91 212 0.002
213 212 0.0005
212 213 0.0005
76 214 0.0018
216 215 0.0012
215 216 0.0012
217 216 0.0149
224 216 0.0015
76 217 0.0003
216 217 0.0149
218 217 0.0013
217 218 0.0013
219 218 0.0088
221 218 0.001
97 219 0.0002
218 219 0.0088
220 219 0.0014
219 220 0.0014
298 220 0.0002
299 220 0.0019
218 221 0.001
233 222 0.0027
252 222 0.0003
261 222 0.0004
224 223 0.0063
226 223 0.0057
231 223 0.0054
216 224 0.0015
223 224 0.0063
225 224 0.0027
224 225 0.0027
233 225 0.0018
613 225 0.0085
223 226 0.0057
641 226 0.0015
652 226 0.0016
653 226 0.0165
641 227 0.0006
708 227 0.0019
712 227 0.0032
452 228 0.0021
693 228 0.0035
694 228 0.013
231 229 0.0024
694 229 0.0023
695 229 0.0335
289 230 0.015
291 230 0.0011
294 230 0.0108
447 230 0.0003
223 231 0.0054
229 231 0.0024
232 231 0.0009
239 231 0.0127
231 232 0.0009
613 232 0.0162
614 232 0.0031
222 233 0.0027
225 233 0.0018
248 233 0.0034
240 234 0.0012
243 234 0.0011
613 234 0.0149
236 235 0.0001
235 236 0.0001
241 236 0.0082
619 236 0.0396
625 236 0.0022
629 236 0.0183
238 237 0.0024
625 237 0.0088
629 237 0.008
633 237 0.0005
237 238 0.0024
239 238 0.0021
633 238 0.0022
231 239 0.0127
238 239 0.0021
453 239 0.0012
234 240 0.0012
241 240 0.0079
338 240 0.0003
236 241 0.0082
240 241 0.0079
352 241 0.0069
286 242 0.0039
312 242 0.0012
376 242 0.0007
234 243 0.0011
244 243 0.0008
336 243 0.0021
243 244 0.0008
245 244 0.0006
353 244 0.0008
244 245 0.0006
247 245 0.0004
365 245 0.0004
391 246 0.0007
245 247 0.0004
248 247 0.015
249 247 0.0021
233 248 0.0034
247 248 0.015
251 248 0.0005
247 249 0.0021
250 249 0.0038
468 249 0.017
249 250 0.0038
262 250 0.0015
266 250 0.0003
248 251 0.0005
252 251 0.0002
253 251 0.0006
222 252 0.0003
251 252 0.0002
265 252 0.0048
251 253 0.0006
122 254 0.0047
436 254 0.0004
437 254 0.0296
256 255 0.0118
271 255 0.0031
423 255 0.0035
437 255 0.0689
438 255 0.0066
255 256 0.0118
257 256 0.0049
271 256 0.0019
272 256 0.0081
256 257 0.0049
258 257 0.0228
422 257 0.0046
257 258 0.0228
259 258 0.0221
282 258 0.0003
285 258 0.07
417 258 0.0043
420 258 0.0003
421 258 0.0013
605 258 0.0009
180 259 0.0002
258 259 0.0221
289 259 0.0043
318 259 0.0015
6 260 0.0042
42 260 0.0032
43 260 0.0023
270 260 0.0003
222 261 0.0004
277 261 0.0023
303 261 0.0002
250 262 0.0015
263 262 0.0013
373 262 0.0002
262 263 0.0013
268 263 0.003
325 263 0.0012
265 264 0.0004
252 265 0.0048
264 265 0.0004
290 265 0.0001
250 266 0.0003
267 266 0.0004
268 266 0.0005
266 267 0.0004
263 268 0.003
266 268 0.0005
463 268 0.0001
427 269 0.0005
260 270 0.0003
255 271 0.0031
256 271 0.0019
274 271 0.0012
425 271 0.0003
256 272 0.0081
273 272 0.0002
280 272 0.0003
272 273 0.0002
274 273 0.0003
278 273 0.0007
271 274 0.0012
273 274 0.0003
275 274 0.0002
274 275 0.0002
277 276 0.0006
261 277 0.0023
276 277 0.0006
279 277 0.0104
273 278 0.0007
277 279 0.0104
281 279 0.0002
309 279 0.0003
272 280 0.0003
279 281 0.0002
287 281 0.0003
315 281 0.0004
258 282 0.0003
283 282 0.001
288 282 0.0061
282 283 0.001
284 283 0.0019
288 283 0.0021
283 284 0.0019
161 285 0.0027
258 285 0.07
286 285 0.0075
288 285 0.0006
242 286 0.0039
285 286 0.0075
318 286 0.0018
281 287 0.0003
282 288 0.0061
283 288 0.0021
285 288 0.0006
296 288 0.0006
172 289 0.0005
230 289 0.015
259 289 0.0043
293 289 0.0002
411 289 0.0015
265 290 0.0001
192 291 0.0002
230 291 0.0011
292 291 0.0021
197 292 0.0002
291 292 0.0021
364 292 0.001
289 293 0.0002
174 294 0.0012
230 294 0.0108
295 294 0.0213
170 295 0.0003
174 295 0.0027
294 295 0.0213
288 296 0.0006
297 296 0.019
362 296 0.0004
296 297 0.019
324 297 0.0004
414 297 0.0003
220 298 0.0002
220 299 0.0019
300 299 0.0003
303 299 0.0043
112 300 0.0004
299 300 0.0003
301 300 0.0007
300 301 0.0007
303 301 0.0008
305 301 0.0003
118 302 0.0035
304 302 0.0004
328 302 0.0012
330 302 0.0004
261 303 0.0002
299 303 0.0043
301 303 0.0008
302 304 0.0004
356 304 0.0011
403 304 0.0038
301 305 0.0003
306 305 0.0002
308 305 0.0002
117 306 0.0031
305 306 0.0002
307 306 0.0008
130 307 0.0001
306 307 0.0008
308 307 0.0016
305 308 0.0002
307 308 0.0016
309 308 0.0195
279 309 0.0003
308 309 0.0195
310 309 0.0006
309 310 0.0006
311 310 0.0056
313 310 0.0008
310 311 0.0056
135 312 0.0526
242 312 0.0012
409 312 0.0009
310 313 0.0008
314 313 0.0013
315 313 0.0048
129 314 0.0008
313 314 0.0013
315 314 0.0008
281 315 0.0004
313 315 0.0048
314 315 0.0008
324 316 0.0005
129 317 0.0003
259 318 0.0015
286 318 0.0018
409 318 0.0049
408 319 0.0062
409 319 0.0113
411 319 0.0128
321 320 0.0437
410 320 0.0039
412 320 0.0119
320 321 0.0437
322 321 0.0003
446 321 0.0166
321 322 0.0003
323 322 0.0004
328 322 0.0005
322 323 0.0004
332 323 0.0018
447 323 0.0121
297 324 0.0004
316 324 0.0005
327 324 0.0002
263 325 0.0012
326 325 0.0007
329 325 0.0009
334 325 0.0009
325 326 0.0007
135 327 0.0003
324 327 0.0002
328 327 0.0007
302 328 0.0012
322 328 0.0005
327 328 0.0007
389 328 0.0008
325 329 0.0009
302 330 0.0004
333 331 0.0044
323 332 0.0018
333 332 0.0047
447 332 0.0128
331 333 0.0044
332 333 0.0047
404 333 0.0006
325 334 0.0009
404 335 0.0733
243 336 0.0021
337 336 0.0086
357 336 0.0011
336 337 0.0086
338 337 0.0079
339 337 0.0043
344 337 0.0007
240 338 0.0003
337 338 0.0079
339 338 0.0035
337 339 0.0043
338 339 0.0035
345 339 0.0002
342 340 0.0004
343 340 0.0027
458 340 0.0004
346 341 0.0014
350 341 0.0004
352 341 0.0015
340 342 0.0004
340 343 0.0027
356 343 0.0007
400 343 0.0005
337 344 0.0007
345 344 0.0007
359 344 0.0001
361 344 0.0013
339 345 0.0002
344 345 0.0007
346 345 0.0384
341 346 0.0014
345 346 0.0384
470 346 0.0227
348 347 0.0038
361 347 0.0005
470 347 0.0008
347 348 0.0038
350 348 0.0056
363 348 0.0039
464 349 0.0016
341 350 0.0004
348 350 0.0056
351 350 0.0018
350 351 0.0018
352 351 0.0011
444 351 0.0025
241 352 0.0069
341 352 0.0015
351 352 0.0011
618 352 0.0169
619 352 0.0037
620 352 0.0026
244 353 0.0008
354 353 0.0013
355 353 0.0002
469 353 0.0011
353 354 0.0013
353 355 0.0002
304 356 0.0011
343 356 0.0007
404 356 0.003
336 357 0.0011
358 357 0.002
373 357 0.0001
357 358 0.002
359 358 0.0365
384 358 0.0012
344 359 0.0001
358 359 0.0365
361 359 0.0006
400 360 0.0035
344 361 0.0013
347 361 0.0005
359 361 0.0006
363 361 0.004
296 362 0.0004
348 363 0.0039
361 363 0.004
381 363 0.0008
189 364 0.0019
292 364 0.001
369 364 0.0024
245 365 0.0004
367 366 0.0007
368 366 0.0008
682 366 0.0004
366 367 0.0007
366 368 0.0008
208 369 0.0005
364 369 0.0024
370 369 0.0015
210 370 0.0041
369 370 0.0015
371 370 0.0015
370 371 0.0015
372 371 0.0004
461 371 0.0016
371 372 0.0004
262 373 0.0002
357 373 0.0001
375 373 0.0003
384 374 0.0011
373 375 0.0003
161 376 0.0022
242 376 0.0007
414 376 0.0028
378 377 0.001
380 377 0.0027
383 377 0.0004
683 377 0.002
377 378 0.001
439 379 0.0009
377 380 0.0027
363 381 0.0008
382 381 0.031
415 381 0.0009
381 382 0.031
385 382 0.0003
397 382 0.004
377 383 0.0004
358 384 0.0012
374 384 0.0011
385 384 0.0092
387 384 0.0195
382 385 0.0003
384 385 0.0092
386 385 0.0004
385 386 0.0004
384 387 0.0195
388 387 0.0736
390 387 0.0015
387 388 0.0736
391 388 0.0209
395 388 0.0022
396 388 0.001
328 389 0.0008
387 390 0.0015
391 390 0.003
398 390 0.0005
246 391 0.0007
388 391 0.0209
390 391 0.003
181 392 0.0006
682 393 0.0005
458 394 0.0004
388 395 0.0022
388 396 0.001
382 397 0.004
401 397 0.0012
407 397 0.0036
390 398 0.0005
400 399 0.0006
343 400 0.0005
360 400 0.0035
399 400 0.0006
397 401 0.0012
458 402 0.0004
304 403 0.0038
333 404 0.0006
335 404 0.0733
356 404 0.003
405 404 0.0279
404 405 0.0279
406 405 0.0214
464 405 0.0006
405 406 0.0214
397 407 0.0036
135 408 0.0262
319 408 0.0062
410 408 0.0123
312 409 0.0009
318 409 0.0049
319 409 0.0113
320 410 0.0039
408 410 0.0123
411 410 0.0227
413 410 0.0013
289 411 0.0015
319 411 0.0128
410 411 0.0227
320 412 0.0119
410 413 0.0013
135 414 0.0012
297 414 0.0003
376 414 0.0028
381 415 0.0009
161 416 0.0012
258 417 0.0043
418 417 0.0019
419 417 0.0009
417 418 0.0019
417 419 0.0009
258 420 0.0003
258 421 0.0013
257 422 0.0046
255 423 0.0035
494 423 0.0008
606 423 0.0032
438 424 0.0022
271 425 0.0003
426 425 0.0032
428 425 0.0085
425 426 0.0032
269 427 0.0005
425 428 0.0085
122 429 0.0069
430 429 0.0186
433 429 0.0099
429 430 0.0186
431 430 0.006
432 430 0.0076
430 431 0.006
430 432 0.0076
429 433 0.0099
435 434 0.0058
434 435 0.0058
254 436 0.0004
254 437 0.0296
255 437 0.0689
438 437 0.0038
255 438 0.0066
424 438 0.0022
437 438 0.0038
379 439 0.0009
440 439 0.0018
443 439 0.0017
439 440 0.0018
444 441 0.0045
621 441 0.0217
625 441 0.0136
443 442 0.0021
445 442 0.001
621 442 0.0003
439 443 0.0017
442 443 0.0021
444 443 0.0054
351 444 0.0025
441 444 0.0045
443 444 0.0054
442 445 0.001
321 446 0.0166
230 447 0.0003
323 447 0.0121
332 447 0.0128
449 448 0.0032
450 448 0.0094
633 448 0.0044
448 449 0.0032
448 450 0.0094
451 450 0.0157
457 450 0.0147
450 451 0.0157
228 452 0.0021
239 453 0.0012
21 454 0.0156
63 454 0.0258
722 454 0.0772
456 455 0.0022
455 456 0.0022
450 457 0.0147
340 458 0.0004
394 458 0.0004
402 458 0.0004
97 459 0.0004
166 460 0.0004
726 460 0.0013
727 460 0.0005
728 460 0.001
729 460 0.0002
730 460 0.0002
731 460 0.0007
198 461 0.001
371 461 0.0016
462 461 0.0007
461 462 0.0007
268 463 0.0001
189 464 0.0006
349 464 0.0016
405 464 0.0006
162 465 0.003
466 465 0.0143
467 465 0.0022
465 466 0.0143
465 467 0.0022
249 468 0.017
353 469 0.0011
346 470 0.0227
347 470 0.0008
471 470 0.0085
472 470 0.0095
470 471 0.0085
470 472 0.0095
35 473 0.0011
39 473 0.0003
40 473 0.0013
51 473 0.001
52 473 0.0017
41 474 0.0135
41 475 0.0323
55 476 0.0143
477 476 0.002
482 476 0.0159
476 477 0.002
478 477 0.0006
479 477 0.0005
477 478 0.0006
479 478 0.002
481 478 0.0048
477 479 0.0005
478 479 0.002
480 479 0.0022
479 480 0.0022
502 480 0.0017
503 480 0.0013
504 480 0.0154
478 481 0.0048
484 481 0.0045
498 481 0.0066
476 482 0.0159
483 482 0.0036
512 482 0.0143
482 483 0.0036
484 483 0.0102
487 483 0.0306
481 484 0.0045
483 484 0.0102
485 484 0.0005
484 485 0.0005
486 485 0.0013
489 485 0.0004
485 486 0.0013
489 486 0.0007
510 486 0.0031
483 487 0.0306
488 487 0.0283
536 487 0.0503
487 488 0.0283
489 488 0.0343
490 488 0.0546
485 489 0.0004
486 489 0.0007
488 489 0.0343
488 490 0.0546
491 490 0.0222
495 490 0.0242
176 491 0.0023
490 491 0.0222
493 491 0.0056
176 492 0.0144
177 492 0.0419
493 492 0.0071
496 492 0.0004
177 493 0.0025
491 493 0.0056
492 493 0.0071
177 494 0.0178
178 494 0.013
423 494 0.0008
495 494 0.0015
178 495 0.0035
490 495 0.0242
494 495 0.0015
492 496 0.0004
177 497 0.001
481 498 0.0066
499 498 0.0002
501 498 0.0008
498 499 0.0002
500 499 0.016
501 499 0.0031
509 499 0.0026
499 500 0.016
501 500 0.0026
504 500 0.0207
498 501 0.0008
499 501 0.0031
500 501 0.0026
480 502 0.0017
480 503 0.0013
480 504 0.0154
500 504 0.0207
505 504 0.072
504 505 0.072
506 505 0.0071
507 505 0.0049
505 506 0.0071
505 507 0.0049
508 507 0.0003
509 507 0.002
44 508 0.1396
46 508 0.0131
507 508 0.0003
499 509 0.0026
507 509 0.002
510 509 0.005
486 510 0.0031
509 510 0.005
511 510 0.0402
44 511 0.015
175 511 0.0629
510 511 0.0402
66 512 0.0003
482 512 0.0143
513 512 0.0244
521 512 0.019
512 513 0.0244
514 513 0.0004
516 513 0.0014
513 514 0.0004
515 514 0.0013
534 514 0.0078
536 514 0.0003
514 515 0.0013
516 515 0.01
534 515 0.0049
537 515 0.0007
513 516 0.0014
515 516 0.01
523 516 0.0021
71 517 0.0025
518 517 0.005
519 517 0.0196
517 518 0.005
517 519 0.0196
520 519 0.017
521 519 0.0017
526 519 0.0253
666 519 0.0003
519 520 0.017
526 520 0.0297
717 520 0.0003
719 520 0.0161
512 521 0.019
519 521 0.0017
522 521 0.0034
521 522 0.0034
523 522 0.0027
525 522 0.0076
516 523 0.0021
522 523 0.0027
524 523 0.0042
523 524 0.0042
525 524 0.0006
544 524 0.0046
545 524 0.0416
522 525 0.0076
524 525 0.0006
526 525 0.0039
519 526 0.0253
520 526 0.0297
525 526 0.0039
527 526 0.0059
526 527 0.0059
528 527 0.0018
529 527 0.0017
527 528 0.0018
607 528 0.0222
719 528 0.0046
527 529 0.0017
530 529 0.0041
531 529 0.002
529 530 0.0041
531 530 0.0033
545 530 0.0012
529 531 0.002
530 531 0.0033
532 531 0.0057
78 532 0.0026
531 532 0.0057
533 532 0.0013
532 533 0.0013
514 534 0.0078
515 534 0.0049
535 534 0.0005
534 535 0.0005
536 535 0.0189
538 535 0.0074
564 535 0.0004
487 536 0.0503
514 536 0.0003
535 536 0.0189
515 537 0.0007
541 537 0.0005
549 537 0.0009
535 538 0.0074
539 538 0.0139
540 538 0.0082
538 539 0.0139
555 539 0.0057
557 539 0.002
538 540 0.0082
548 540 0.0023
550 540 0.0005
537 541 0.0005
542 541 0.0005
546 541 0.0063
541 542 0.0005
543 542 0.0017
545 542 0.001
542 543 0.0017
524 544 0.0046
524 545 0.0416
530 545 0.0012
542 545 0.001
541 546 0.0063
547 546 0.0006
548 546 0.0012
546 547 0.0006
188 548 0.002
540 548 0.0023
546 548 0.0012
537 549 0.0009
80 550 0.001
540 550 0.0005
551 550 0.0068
550 551 0.0068
85 552 0.0004
187 552 0.0075
553 552 0.0009
575 552 0.0062
552 553 0.0009
554 553 0.0187
555 553 0.0014
553 554 0.0187
539 555 0.0057
553 555 0.0014
556 555 0.0021
555 556 0.0021
539 557 0.002
558 557 0.0012
565 557 0.0014
557 558 0.0012
559 558 0.0003
560 558 0.0004
566 558 0.0029
184 559 0.0032
558 559 0.0003
560 559 0.0009
558 560 0.0004
559 560 0.0009
561 560 0.0023
183 561 0.0257
560 561 0.0023
562 561 0.0363
606 561 0.0005
178 562 0.046
561 562 0.0363
563 562 0.0007
562 563 0.0007
535 564 0.0004
565 564 0.0009
566 564 0.0005
557 565 0.0014
564 565 0.0009
566 565 0.0006
558 566 0.0029
564 566 0.0005
565 566 0.0006
568 567 0.0138
569 567 0.0161
572 567 0.0017
573 567 0.0111
567 568 0.0138
569 568 0.0433
570 568 0.0787
567 569 0.0161
568 569 0.0433
576 569 0.0052
183 570 0.0018
568 570 0.0787
571 570 0.0019
570 571 0.0019
186 572 0.0112
191 572 0.0004
567 572 0.0017
567 573 0.0111
574 573 0.0006
575 573 0.0008
587 573 0.0006
573 574 0.0006
575 574 0.0005
593 574 0.0096
187 575 0.0032
552 575 0.0062
573 575 0.0008
574 575 0.0005
569 576 0.0052
577 576 0.0756
587 576 0.0002
576 577 0.0756
578 577 0.0014
601 577 0.0201
577 578 0.0014
579 578 0.0017
580 578 0.0036
578 579 0.0017
578 580 0.0036
581 580 0.0065
582 580 0.0368
580 581 0.0065
580 582 0.0368
583 582 0.0275
588 582 0.0129
582 583 0.0275
584 583 0.0006
585 583 0.0107
583 584 0.0006
583 585 0.0107
586 585 0.0049
587 585 0.0031
585 586 0.0049
573 587 0.0006
576 587 0.0002
585 587 0.0031
582 588 0.0129
589 588 0.0098
590 588 0.0018
588 589 0.0098
591 589 0.0042
592 589 0.0087
588 590 0.0018
589 591 0.0042
589 592 0.0087
574 593 0.0096
594 593 0.0015
597 593 0.0038
600 593 0.0006
593 594 0.0015
595 594 0.004
596 594 0.0047
594 595 0.004
594 596 0.0047
593 597 0.0038
598 597 0.0011
599 597 0.0013
597 598 0.0011
597 599 0.0013
593 600 0.0006
179 601 0.0349
577 601 0.0201
602 601 0.003
601 602 0.003
603 602 0.0033
604 602 0.0033
602 603 0.0033
602 604 0.0033
183 605 0.0051
258 605 0.0009
606 605 0.0114
423 606 0.0032
561 606 0.0005
605 606 0.0114
528 607 0.0222
608 607 0.0006
609 607 0.0325
607 608 0.0006
77 609 0.0148
607 609 0.0325
610 609 0.0354
609 610 0.0354
611 610 0.0011
612 610 0.002
610 611 0.0011
610 612 0.002
225 613 0.0085
232 613 0.0162
234 613 0.0149
232 614 0.0031
616 615 0.0006
618 615 0.0004
619 615 0.0002
615 616 0.0006
617 616 0.0005
618 616 0.0049
616 617 0.0005
352 618 0.0169
615 618 0.0004
616 618 0.0049
236 619 0.0396
352 619 0.0037
615 619 0.0002
352 620 0.0026
441 621 0.0217
442 621 0.0003
622 621 0.0134
621 622 0.0134
623 622 0.0028
624 622 0.0022
622 623 0.0028
622 624 0.0022
236 625 0.0022
237 625 0.0088
441 625 0.0136
626 625 0.0149
625 626 0.0149
627 626 0.0018
628 626 0.0013
626 627 0.0018
626 628 0.0013
236 629 0.0183
237 629 0.008
630 629 0.0046
629 630 0.0046
631 630 0.0021
632 630 0.0007
630 631 0.0021
630 632 0.0007
237 633 0.0005
238 633 0.0022
448 633 0.0044
634 633 0.0131
635 633 0.014
633 634 0.0131
633 635 0.014
638 636 0.0051
65 637 0.0035
638 637 0.0017
680 637 0.0139
636 638 0.0051
637 638 0.0017
639 638 0.0022
642 638 0.0013
638 639 0.0022
640 639 0.0011
642 639 0.0007
643 639 0.0022
639 640 0.0011
641 640 0.0012
643 640 0.0006
653 640 0.0013
705 640 0.0032
226 641 0.0015
227 641 0.0006
640 641 0.0012
638 642 0.0013
639 642 0.0007
643 642 0.0014
639 643 0.0022
640 643 0.0006
642 643 0.0014
645 644 0.0007
72 645 0.0074
644 645 0.0007
646 645 0.0085
645 646 0.0085
648 646 0.0036
656 646 0.019
72 647 0.0003
74 647 0.0005
650 647 0.0008
646 648 0.0036
649 648 0.055
650 648 0.0224
64 649 0.0008
65 649 0.013
648 649 0.055
647 650 0.0008
648 650 0.0224
651 650 0.0003
652 650 0.0007
65 651 0.0415
650 651 0.0003
680 651 0.0019
226 652 0.0016
650 652 0.0007
653 652 0.001
226 653 0.0165
640 653 0.0013
652 653 0.001
655 654 0.0005
654 655 0.0005
58 656 0.0062
646 656 0.019
657 656 0.0222
656 657 0.0222
64 658 0.0353
659 658 0.0076
665 658 0.0079
658 659 0.0076
48 660 0.0004
60 660 0.0356
665 660 0.013
57 661 0.0033
662 661 0.0026
663 661 0.0013
661 662 0.0026
661 663 0.0013
664 663 0.007
665 663 0.0025
663 664 0.007
658 665 0.0079
660 665 0.013
663 665 0.0025
73 666 0.0114
519 666 0.0003
667 666 0.0025
666 667 0.0025
73 668 0.0036
74 669 0.0064
670 669 0.0033
673 669 0.0046
669 670 0.0033
671 670 0.0011
672 670 0.0011
670 671 0.0011
670 672 0.0011
669 673 0.0046
674 673 0.001
675 673 0.0163
673 674 0.001
673 675 0.0163
676 675 0.0052
677 675 0.0084
675 676 0.0052
675 677 0.0084
678 677 0.0088
679 677 0.0087
677 678 0.0088
677 679 0.0087
637 680 0.0139
651 680 0.0019
681 680 0.0004
680 681 0.0004
189 682 0.0027
366 682 0.0004
393 682 0.0005
377 683 0.002
685 684 0.0025
686 684 0.0013
687 684 0.0007
684 685 0.0025
684 686 0.0013
684 687 0.0007
688 687 0.0056
691 687 0.0031
687 688 0.0056
689 688 0.0035
696 688 0.0049
688 689 0.0035
690 689 0.0269
691 689 0.0028
689 690 0.0269
693 690 0.0007
695 690 0.0009
687 691 0.0031
689 691 0.0028
692 691 0.0018
693 691 0.0004
691 692 0.0018
228 693 0.0035
690 693 0.0007
691 693 0.0004
694 693 0.0009
228 694 0.013
229 694 0.0023
693 694 0.0009
695 694 0.0042
229 695 0.0335
690 695 0.0009
694 695 0.0042
688 696 0.0049
697 696 0.0022
698 696 0.001
696 697 0.0022
698 697 0.0004
711 697 0.0092
696 698 0.001
697 698 0.0004
699 698 0.0006
698 699 0.0006
700 699 0.0032
702 699 0.0207
699 700 0.0032
702 701 0.0058
699 702 0.0207
701 702 0.0058
703 702 0.0006
704 702 0.0005
702 703 0.0006
702 704 0.0005
705 704 0.0031
707 704 0.0146
715 704 0.0014
640 705 0.0032
704 705 0.0031
706 705 0.0005
705 706 0.0005
704 707 0.0146
708 707 0.0046
710 707 0.0166
227 708 0.0019
707 708 0.0046
709 708 0.0152
708 709 0.0152
710 709 0.0102
711 709 0.0008
707 710 0.0166
709 710 0.0102
711 710 0.0012
697 711 0.0092
709 711 0.0008
710 711 0.0012
712 711 0.0028
227 712 0.0032
711 712 0.0028
713 712 0.0006
712 713 0.0006
715 714 0.0424
704 715 0.0014
714 715 0.0424
716 715 0.0006
715 716 0.0006
520 717 0.0003
73 718 0.0028
520 719 0.0161
528 719 0.0046
720 719 0.0002
719 720 0.0002
60 721 0.0012
63 721 0.0004
723 721 0.0542
454 722 0.0772
721 723 0.0542
47 724 0.0193
50 724 0.0008
725 724 0.0005
724 725 0.0005
18 726 0.0004
460 726 0.0013
734 726 0.0008
2 727 0.0017
460 727 0.0005
735 727 0.0003
460 728 0.001
460 729 0.0002
460 730 0.0002
460 731 0.0007
732 731 0.0102
733 731 0.0051
731 732 0.0102
731 733 0.0051
726 734 0.0008
1 735 0.0025
727 735 0.0003
736 735 0.0004
735 736 0.0004
