8 1 0.0001
201 1 0.0001
207 1 0.0029
24 2 0.0009
208 3 0.0152
235 3 0.0006
254 3 0.0011
5 4 0.0047
6 4 0.0007
180 4 0.0058
4 5 0.0047
4 6 0.0007
58 6 0.0005
62 6 0.0012
26 7 0.001
1 8 0.0001
10 9 0.0016
11 9 0.0014
12 9 0.0054
111 9 0.0042
9 10 0.0016
9 11 0.0014
9 12 0.0054
13 12 0.0003
14 12 0.002
12 13 0.0003
12 14 0.002
19 15 0.0003
42 15 0.0006
107 15 0.0006
64 16 0.0745
75 17 0.0017
84 18 0.0001
233 18 0.0002
251 18 0.0003
15 19 0.0003
187 20 0.0003
171 21 0.0003
187 21 0.0008
191 21 0.0002
181 22 0.0014
101 23 0.0001
151 23 0.0001
186 23 0.0001
238 23 0.002
2 24 0.0009
26 24 0.0053
176 24 0.0222
30 25 0.0177
137 25 0.0002
207 25 0.0556
7 26 0.001
24 26 0.0053
27 26 0.0527
26 27 0.0527
32 27 0.0094
37 27 0.0058
107 28 0.0008
108 28 0.0002
217 28 0.0009
194 29 0.0004
25 30 0.0177
211 30 0.0019
214 30 0.0012
47 31 0.0011
27 32 0.0094
33 32 0.0013
37 32 0.0076
32 33 0.0013
80 34 0.0077
81 34 0.0403
180 34 0.0203
39 35 0.0002
149 35 0.0006
152 35 0.0038
131 36 0.0015
27 37 0.0058
32 37 0.0076
38 37 0.0362
37 38 0.0362
41 38 0.0013
85 38 0.0013
35 39 0.0002
153 39 0.0005
178 39 0.0003
72 40 0.0072
155 40 0.0464
212 40 0.0004
38 41 0.0013
42 41 0.002
99 41 0.0006
15 42 0.0006
41 42 0.002
45 42 0.0038
128 43 0.0012
129 43 0.0002
180 43 0.0054
151 44 0.0014
42 45 0.0038
47 45 0.0012
248 45 0.0008
101 46 0.0016
31 47 0.0011
45 47 0.0012
110 47 0.001
59 48 0.0022
222 48 0.0034
231 48 0.0029
120 49 0.0531
61 50 0.0069
117 50 0.0009
170 50 0.0178
126 51 0.0005
200 51 0.0008
219 51 0.0408
202 52 0.0003
67 53 0.0111
76 53 0.0006
193 53 0.0006
64 54 0.0024
79 54 0.0007
113 54 0.0003
117 54 0.0049
63 55 0.0001
57 56 0.0609
112 56 0.0041
113 56 0.0114
56 57 0.0609
59 57 0.0689
64 57 0.0094
6 58 0.0005
48 59 0.0022
57 59 0.0689
60 59 0.0723
59 60 0.0723
64 60 0.02
230 60 0.0358
50 61 0.0069
170 61 0.0005
177 61 0.0012
6 62 0.0012
55 63 0.0001
130 63 0.0002
186 63 0.0003
16 64 0.0745
54 64 0.0024
57 64 0.0094
60 64 0.02
120 64 0.0481
119 65 0.0023
163 66 0.0029
53 67 0.0111
119 68 0.0012
125 68 0.0114
186 68 0.0376
140 69 0.0008
143 69 0.0003
181 69 0.0021
80 70 0.0016
121 70 0.0027
169 70 0.0028
167 71 0.0003
40 72 0.0072
224 72 0.0083
228 72 0.0011
159 73 0.0016
148 74 0.0085
240 74 0.0004
243 74 0.0019
17 75 0.0017
111 75 0.0238
150 75 0.0023
53 76 0.0006
257 77 0.0115
85 78 0.0014
54 79 0.0007
34 80 0.0077
70 80 0.0016
180 80 0.0294
34 81 0.0403
92 81 0.0243
96 81 0.0006
173 82 0.0002
114 83 0.023
115 83 0.0991
174 83 0.0651
18 84 0.0001
234 84 0.0004
245 84 0.0001
251 84 0.0003
38 85 0.0013
78 85 0.0014
100 85 0.0065
90 86 0.0147
175 86 0.0555
223 86 0.0004
88 87 0.0006
87 88 0.0006
89 88 0.0005
173 88 0.0003
88 89 0.0005
86 90 0.0147
228 90 0.1136
250 90 0.006
93 91 0.0022
246 91 0.018
256 91 0.0045
81 92 0.0243
179 92 0.0063
180 92 0.0365
91 93 0.0022
241 93 0.0013
255 93 0.0043
219 94 0.0005
256 95 0.0143
81 96 0.0006
131 97 0.0007
141 97 0.0003
241 97 0.0041
202 98 0.0002
41 99 0.0006
134 99 0.0098
157 99 0.0015
85 100 0.0065
103 100 0.0069
114 100 0.015
23 101 0.0001
46 101 0.0016
202 101 0.0008
109 102 0.0006
115 102 0.0479
174 102 0.0462
100 103 0.0069
114 103 0.0157
116 103 0.0017
174 103 0.003
178 104 0.0011
239 105 0.0025
127 106 0.0001
158 106 0.0095
207 106 0.0018
15 107 0.0006
28 107 0.0008
108 107 0.0046
28 108 0.0002
107 108 0.0046
193 108 0.0001
102 109 0.0006
110 109 0.0046
112 109 0.002
47 110 0.001
109 110 0.0046
159 110 0.001
9 111 0.0042
75 111 0.0238
143 111 0.0007
56 112 0.0041
109 112 0.002
113 112 0.0027
54 113 0.0003
56 113 0.0114
112 113 0.0027
159 113 0.0038
83 114 0.023
100 114 0.015
103 114 0.0157
83 115 0.0991
102 115 0.0479
225 115 0.0055
103 116 0.0017
50 117 0.0009
54 117 0.0049
125 117 0.0011
122 118 0.0245
132 118 0.0012
135 118 0.0002
65 119 0.0023
68 119 0.0012
125 119 0.0005
49 120 0.0531
64 120 0.0481
125 120 0.0148
70 121 0.0027
122 121 0.089
146 121 0.0018
118 122 0.0245
121 122 0.089
142 122 0.0142
210 123 0.0002
219 124 0.0003
68 125 0.0114
117 125 0.0011
119 125 0.0005
120 125 0.0148
51 126 0.0005
106 127 0.0001
137 127 0.0007
138 127 0.01
201 127 0.0024
43 128 0.0012
43 129 0.0002
63 130 0.0002
36 131 0.0015
97 131 0.0007
136 131 0.001
118 132 0.0012
133 132 0.0011
162 132 0.0007
132 133 0.0011
99 134 0.0098
118 135 0.0002
131 136 0.001
147 136 0.0006
188 136 0.0001
25 137 0.0002
127 137 0.0007
139 137 0.0001
127 138 0.01
157 138 0.0073
201 138 0.0084
137 139 0.0001
69 140 0.0008
143 140 0.0008
162 140 0.0007
97 141 0.0003
122 142 0.0142
69 143 0.0003
111 143 0.0007
140 143 0.0008
211 144 0.0002
242 145 0.0206
249 145 0.0411
254 145 0.0023
121 146 0.0018
162 146 0.001
169 146 0.0001
136 147 0.0006
74 148 0.0085
149 148 0.0007
178 148 0.0082
35 149 0.0006
148 149 0.0007
152 149 0.0003
75 150 0.0023
23 151 0.0001
44 151 0.0014
155 151 0.071
35 152 0.0038
149 152 0.0003
153 152 0.0001
39 153 0.0005
152 153 0.0001
154 153 0.0033
153 154 0.0033
156 154 0.0001
167 154 0.0009
40 155 0.0464
151 155 0.071
250 155 0.001
154 156 0.0001
99 157 0.0015
138 157 0.0073
203 157 0.0001
106 158 0.0095
73 159 0.0016
110 159 0.001
113 159 0.0038
257 159 0.0025
161 160 0.0001
160 161 0.0001
181 161 0.0086
192 161 0.1147
132 162 0.0007
140 162 0.0007
146 162 0.001
182 162 0.0012
66 163 0.0029
164 163 0.0003
167 163 0.0013
163 164 0.0003
165 164 0.0048
166 164 0.0002
164 165 0.0048
164 166 0.0002
71 167 0.0003
154 167 0.0009
163 167 0.0013
252 168 0.0004
70 169 0.0028
146 169 0.0001
175 169 0.012
50 170 0.0178
61 170 0.0005
173 170 0.0008
21 171 0.0003
240 172 0.0091
82 173 0.0002
88 173 0.0003
170 173 0.0008
83 174 0.0651
102 174 0.0462
103 174 0.003
86 175 0.0555
169 175 0.012
209 175 0.0003
24 176 0.0222
61 177 0.0012
39 178 0.0003
104 178 0.0011
148 178 0.0082
92 179 0.0063
4 180 0.0058
34 180 0.0203
43 180 0.0054
80 180 0.0294
92 180 0.0365
22 181 0.0014
69 181 0.0021
161 181 0.0086
250 181 0.0047
162 182 0.0012
194 183 0.0018
192 184 0.0052
252 185 0.0015
23 186 0.0001
63 186 0.0003
68 186 0.0376
20 187 0.0003
21 187 0.0008
237 187 0.0008
136 188 0.0001
189 188 0.0001
190 188 0.0015
188 189 0.0001
188 190 0.0015
21 191 0.0002
234 191 0.0011
237 191 0.0003
161 192 0.1147
184 192 0.0052
194 192 0.0002
53 193 0.0006
108 193 0.0001
221 193 0.0009
29 194 0.0004
183 194 0.0018
192 194 0.0002
224 195 0.0095
197 196 0.0008
220 196 0.0045
227 196 0.002
196 197 0.0008
205 198 0.0004
200 199 0.0153
205 199 0.0254
225 199 0.0005
51 200 0.0008
199 200 0.0153
205 200 0.0047
213 200 0.0005
1 201 0.0001
127 201 0.0024
138 201 0.0084
204 201 0.0005
52 202 0.0003
98 202 0.0002
101 202 0.0008
157 203 0.0001
201 204 0.0005
198 205 0.0004
199 205 0.0254
200 205 0.0047
227 205 0.0035
238 206 0.0019
1 207 0.0029
25 207 0.0556
106 207 0.0018
3 208 0.0152
210 208 0.0012
238 208 0.0048
175 209 0.0003
123 210 0.0002
208 210 0.0012
232 210 0.0012
30 211 0.0019
144 211 0.0002
214 211 0.0004
40 212 0.0004
200 213 0.0005
30 214 0.0012
211 214 0.0004
215 214 0.0321
214 215 0.0321
216 215 0.0033
217 215 0.0099
215 216 0.0033
28 217 0.0009
215 217 0.0099
218 217 0.0018
217 218 0.0018
51 219 0.0408
94 219 0.0005
124 219 0.0003
196 220 0.0045
193 221 0.0009
48 222 0.0034
226 222 0.0057
227 222 0.0359
86 223 0.0004
224 223 0.0011
229 223 0.0015
72 224 0.0083
195 224 0.0095
223 224 0.0011
228 224 0.0141
115 225 0.0055
199 225 0.0005
226 225 0.014
222 226 0.0057
225 226 0.014
227 226 0.0111
196 227 0.002
205 227 0.0035
222 227 0.0359
226 227 0.0111
72 228 0.0011
90 228 0.1136
224 228 0.0141
223 229 0.0015
60 230 0.0358
48 231 0.0029
210 232 0.0012
233 232 0.0022
235 232 0.0018
18 233 0.0002
232 233 0.0022
234 233 0.004
84 234 0.0004
191 234 0.0011
233 234 0.004
3 235 0.0006
232 235 0.0018
236 235 0.0005
235 236 0.0005
237 236 0.0033
240 236 0.0001
187 237 0.0008
191 237 0.0003
236 237 0.0033
23 238 0.002
206 238 0.0019
208 238 0.0048
105 239 0.0025
241 239 0.0008
253 239 0.0012
74 240 0.0004
172 240 0.0091
236 240 0.0001
242 240 0.0007
93 241 0.0013
97 241 0.0041
239 241 0.0008
145 242 0.0206
240 242 0.0007
243 242 0.1833
74 243 0.0019
242 243 0.1833
249 243 0.0096
251 244 0.0003
84 245 0.0001
91 246 0.018
247 246 0.0083
255 246 0.0144
246 247 0.0083
248 247 0.0602
255 247 0.0134
45 248 0.0008
247 248 0.0602
252 248 0.0012
145 249 0.0411
243 249 0.0096
254 249 0.002
90 250 0.006
155 250 0.001
181 250 0.0047
18 251 0.0003
84 251 0.0003
244 251 0.0003
168 252 0.0004
185 252 0.0015
248 252 0.0012
239 253 0.0012
3 254 0.0011
145 254 0.0023
249 254 0.002
93 255 0.0043
246 255 0.0144
247 255 0.0134
91 256 0.0045
95 256 0.0143
257 256 0.0038
77 257 0.0115
159 257 0.0025
256 257 0.0038
