10 1 0.0004
51 1 0.0014
336 1 0.0005
3 2 0.0023
19 2 0.0001
24 2 0.0001
34 2 0.0029
74 2 0.0002
239 2 0.004
248 2 0.0025
257 2 0.0025
271 2 0.0002
2 3 0.0023
311 3 0.0005
312 3 0.0002
275 4 0.0002
11 5 0.0002
238 5 0.0003
312 5 0.0003
63 6 0.0004
331 7 0.0001
157 8 0.0002
162 8 0.0011
280 8 0.0006
263 9 0.0015
1 10 0.0004
23 10 0.0006
162 10 0.0003
289 10 0.0004
5 11 0.0002
13 11 0.0003
14 11 0.0003
207 11 0.0001
253 12 0.0004
11 13 0.0003
11 14 0.0003
195 14 0.0002
214 14 0.0002
16 15 0.0008
42 15 0.0012
53 15 0.0006
15 16 0.0008
17 16 0.0006
42 16 0.0021
16 17 0.0006
22 17 0.0009
289 17 0.0009
83 18 0.0001
214 18 0.0006
218 18 0.0002
2 19 0.0001
21 19 0.0002
181 19 0.0001
42 20 0.0014
19 21 0.0002
27 21 0.0001
137 21 0.0002
17 22 0.0009
23 22 0.001
53 22 0.0004
10 23 0.0006
22 23 0.001
107 23 0.0009
2 24 0.0001
28 24 0.0002
29 24 0.0014
192 24 0.0001
49 25 0.0009
216 25 0.0002
331 25 0.0002
48 26 0.0003
77 26 0.0003
147 26 0.0002
21 27 0.0001
24 28 0.0002
182 28 0.0001
184 28 0.0001
24 29 0.0014
32 29 0.0003
130 29 0.0006
35 30 0.0002
77 30 0.0005
147 30 0.0002
67 31 0.0003
29 32 0.0003
167 32 0.0002
205 32 0.003
35 33 0.0005
39 33 0.0001
79 33 0.0011
2 34 0.0029
233 34 0.0012
234 34 0.0007
30 35 0.0002
33 35 0.0005
147 35 0.0003
38 36 0.0002
44 36 0.0005
234 36 0.0012
78 37 0.0004
36 38 0.0002
131 38 0.0001
227 38 0.0004
33 39 0.0001
284 40 0.0001
100 41 0.0003
149 41 0.0002
227 41 0.0005
15 42 0.0012
16 42 0.0021
20 42 0.0014
73 43 0.0004
325 43 0.0004
327 43 0.0004
36 44 0.0005
45 44 0.0009
52 44 0.0003
166 44 0.0003
44 45 0.0009
46 45 0.0004
215 45 0.0004
45 46 0.0004
47 46 0.0011
104 46 0.0017
105 46 0.0006
46 47 0.0011
50 47 0.0002
105 47 0.001
26 48 0.0003
25 49 0.0009
47 50 0.0002
114 50 0.0004
126 50 0.0002
1 51 0.0014
289 51 0.0004
336 51 0.0004
44 52 0.0003
54 52 0.0012
266 52 0.0003
15 53 0.0006
22 53 0.0004
319 53 0.0006
320 53 0.0009
52 54 0.0012
56 54 0.0006
160 54 0.0019
75 55 0.0006
85 55 0.0003
148 55 0.0046
199 55 0.0003
327 55 0.0004
54 56 0.0006
58 57 0.001
233 57 0.0007
259 57 0.0003
57 58 0.001
60 58 0.0004
246 58 0.0003
251 58 0.0002
199 59 0.001
58 60 0.0004
61 60 0.0009
254 60 0.0003
60 61 0.0009
62 61 0.0016
254 61 0.0008
61 62 0.0016
64 62 0.0003
66 62 0.0018
6 63 0.0004
327 63 0.0005
339 63 0.0003
62 64 0.0003
65 64 0.0006
197 64 0.0004
64 65 0.0006
62 66 0.0018
68 66 0.0004
72 66 0.001
196 66 0.0001
31 67 0.0003
178 67 0.0006
327 67 0.0005
66 68 0.0004
69 68 0.0009
70 68 0.0006
68 69 0.0009
68 70 0.0006
180 70 0.0006
185 70 0.0003
327 71 0.0005
66 72 0.001
43 73 0.0004
2 74 0.0002
76 74 0.0004
99 74 0.0001
55 75 0.0006
142 75 0.0002
313 75 0.0007
74 76 0.0004
77 76 0.0015
84 76 0.0003
26 77 0.0003
30 77 0.0005
76 77 0.0015
79 77 0.0004
37 78 0.0004
81 78 0.0007
82 78 0.0004
313 78 0.0006
33 79 0.0011
77 79 0.0004
85 79 0.0004
313 80 0.0003
78 81 0.0007
78 82 0.0004
18 83 0.0001
76 84 0.0003
55 85 0.0003
79 85 0.0004
87 85 0.0004
93 85 0.0004
95 85 0.0002
148 86 0.0001
85 87 0.0004
89 87 0.0001
92 87 0.0001
179 88 0.0004
87 89 0.0001
239 90 0.0004
137 91 0.0002
87 92 0.0001
85 93 0.0004
94 93 0.0002
148 93 0.0009
93 94 0.0002
85 95 0.0002
96 95 0.0003
97 95 0.0001
95 96 0.0003
95 97 0.0001
195 98 0.0003
74 99 0.0001
103 99 0.0003
179 99 0.0007
41 100 0.0003
102 101 0.0003
122 101 0.0003
179 101 0.0006
101 102 0.0003
99 103 0.0003
46 104 0.0017
109 104 0.0003
166 104 0.0003
215 104 0.0005
46 105 0.0006
47 105 0.001
108 105 0.0002
109 105 0.0005
227 106 0.0005
23 107 0.0009
105 108 0.0002
104 109 0.0003
105 109 0.0005
111 109 0.0001
162 110 0.0001
235 110 0.0024
326 110 0.0003
109 111 0.0001
257 112 0.0001
231 113 0.0002
50 114 0.0004
115 114 0.0002
119 114 0.0006
114 115 0.0002
116 115 0.0002
117 115 0.0001
115 116 0.0002
115 117 0.0001
147 118 0.0003
114 119 0.0006
121 119 0.0001
123 119 0.0001
337 120 0.0003
119 121 0.0001
101 122 0.0003
119 123 0.0001
219 124 0.0005
188 125 0.0001
50 126 0.0002
127 126 0.0002
129 126 0.0001
126 127 0.0002
133 128 0.0005
286 128 0.0003
298 128 0.0024
126 129 0.0001
29 130 0.0006
167 130 0.0002
172 130 0.0007
38 131 0.0001
132 131 0.0001
134 131 0.0001
136 131 0.0003
131 132 0.0001
128 133 0.0005
131 134 0.0001
237 135 0.0004
243 135 0.002
258 135 0.0006
131 136 0.0003
138 136 0.0001
140 136 0.0003
21 137 0.0002
91 137 0.0002
222 137 0.0001
136 138 0.0001
219 139 0.0008
257 139 0.0001
260 139 0.0006
136 140 0.0003
143 141 0.0003
150 141 0.0001
152 141 0.0002
205 141 0.0004
75 142 0.0002
141 143 0.0003
144 143 0.001
206 143 0.0002
143 144 0.001
145 144 0.0011
146 144 0.0012
144 145 0.0011
144 146 0.0012
26 147 0.0002
30 147 0.0002
35 147 0.0003
118 147 0.0003
55 148 0.0046
86 148 0.0001
93 148 0.0009
41 149 0.0002
141 150 0.0001
184 151 0.0004
187 151 0.0002
189 151 0.0003
141 152 0.0002
153 152 0.0002
154 152 0.0007
152 153 0.0002
152 154 0.0007
155 154 0.0002
156 154 0.0001
158 154 0.0002
154 155 0.0002
154 156 0.0001
8 157 0.0002
154 158 0.0002
185 159 0.0004
54 160 0.0019
161 160 0.0022
164 160 0.0002
160 161 0.0022
163 161 0.0004
338 161 0.0001
8 162 0.0011
10 162 0.0003
110 162 0.0001
161 163 0.0004
160 164 0.0002
259 165 0.0008
44 166 0.0003
104 166 0.0003
259 166 0.0001
32 167 0.0002
130 167 0.0002
168 167 0.0001
169 167 0.0001
167 168 0.0001
167 169 0.0001
170 169 0.0002
171 169 0.0004
169 170 0.0002
169 171 0.0004
130 172 0.0007
173 172 0.0004
177 172 0.0007
172 173 0.0004
174 173 0.0006
175 173 0.0015
176 173 0.0008
173 174 0.0006
173 175 0.0015
173 176 0.0008
172 177 0.0007
67 178 0.0006
88 179 0.0004
99 179 0.0007
101 179 0.0006
70 180 0.0006
183 180 0.0001
193 180 0.0002
19 181 0.0001
28 182 0.0001
180 183 0.0001
28 184 0.0001
151 184 0.0004
191 184 0.0002
70 185 0.0003
159 185 0.0004
186 185 0.0007
185 186 0.0007
151 187 0.0002
125 188 0.0001
190 188 0.0004
284 188 0.0003
151 189 0.0003
188 190 0.0004
184 191 0.0002
24 192 0.0001
180 193 0.0002
237 194 0.0012
14 195 0.0002
98 195 0.0003
198 195 0.0001
201 195 0.0002
66 196 0.0001
64 197 0.0004
200 197 0.0002
220 197 0.0002
195 198 0.0001
55 199 0.0003
59 199 0.001
317 199 0.0004
197 200 0.0002
195 201 0.0002
202 201 0.0003
203 201 0.0004
204 201 0.0003
201 202 0.0003
201 203 0.0004
201 204 0.0003
32 205 0.003
141 205 0.0004
278 205 0.0001
143 206 0.0002
11 207 0.0001
208 207 0.0002
209 207 0.0002
207 208 0.0002
207 209 0.0002
210 209 0.0003
211 209 0.0006
209 210 0.0003
209 211 0.0006
212 211 0.0005
213 211 0.0004
211 212 0.0005
211 213 0.0004
14 214 0.0002
18 214 0.0006
228 214 0.0002
230 214 0.0002
45 215 0.0004
104 215 0.0005
217 215 0.0006
25 216 0.0002
215 217 0.0006
18 218 0.0002
221 218 0.0002
223 218 0.0002
225 218 0.0002
124 219 0.0005
139 219 0.0008
337 219 0.0005
197 220 0.0002
218 221 0.0002
137 222 0.0001
218 223 0.0002
226 224 0.0006
227 224 0.0002
234 224 0.0002
218 225 0.0002
224 226 0.0006
38 227 0.0004
41 227 0.0005
106 227 0.0005
224 227 0.0002
229 227 0.0004
214 228 0.0002
227 229 0.0004
214 230 0.0002
231 230 0.0004
236 230 0.0002
113 231 0.0002
230 231 0.0004
232 231 0.0003
231 232 0.0003
34 233 0.0012
57 233 0.0007
237 233 0.0002
323 233 0.0002
34 234 0.0007
36 234 0.0012
224 234 0.0002
110 235 0.0024
280 235 0.0003
326 235 0.0003
230 236 0.0002
135 237 0.0004
194 237 0.0012
233 237 0.0002
297 237 0.0012
5 238 0.0003
240 238 0.0004
263 238 0.0006
2 239 0.004
90 239 0.0004
247 239 0.0004
238 240 0.0004
241 240 0.0004
242 240 0.0006
250 240 0.0003
240 241 0.0004
244 241 0.0003
262 241 0.0002
240 242 0.0006
135 243 0.002
241 244 0.0003
245 244 0.0006
249 244 0.0002
244 245 0.0006
58 246 0.0003
239 247 0.0004
2 248 0.0025
277 248 0.0001
309 248 0.0001
244 249 0.0002
240 250 0.0003
252 250 0.0001
261 250 0.0001
58 251 0.0002
254 251 0.0008
284 251 0.0008
250 252 0.0001
253 252 0.0004
255 252 0.0011
12 253 0.0004
252 253 0.0004
256 253 0.0017
60 254 0.0003
61 254 0.0008
251 254 0.0008
252 255 0.0011
253 256 0.0017
2 257 0.0025
112 257 0.0001
139 257 0.0001
135 258 0.0006
57 259 0.0003
165 259 0.0008
166 259 0.0001
139 260 0.0006
250 261 0.0001
241 262 0.0002
9 263 0.0015
238 263 0.0006
264 263 0.0003
263 264 0.0003
265 264 0.0003
281 264 0.0004
264 265 0.0003
267 265 0.0002
268 265 0.0008
275 265 0.0002
52 266 0.0003
265 267 0.0002
265 268 0.0008
269 268 0.0015
270 268 0.0004
272 268 0.0003
268 269 0.0015
268 270 0.0004
2 271 0.0002
268 272 0.0003
273 272 0.0005
274 272 0.0001
272 273 0.0005
272 274 0.0001
4 275 0.0002
265 275 0.0002
279 275 0.0002
320 276 0.0014
328 276 0.0003
332 276 0.0002
248 277 0.0001
205 278 0.0001
275 279 0.0002
8 280 0.0006
235 280 0.0003
326 280 0.0014
264 281 0.0004
282 281 0.0004
285 281 0.0003
281 282 0.0004
283 282 0.0004
287 282 0.0002
282 283 0.0004
288 283 0.0011
299 283 0.0003
304 283 0.0005
310 283 0.0001
329 283 0.0001
40 284 0.0001
188 284 0.0003
251 284 0.0008
281 285 0.0003
128 286 0.0003
290 286 0.0003
337 286 0.0006
282 287 0.0002
283 288 0.0011
291 288 0.0001
292 288 0.0009
10 289 0.0004
17 289 0.0009
51 289 0.0004
286 290 0.0003
288 291 0.0001
288 292 0.0009
293 292 0.0002
294 292 0.0005
292 293 0.0002
292 294 0.0005
295 294 0.0002
296 294 0.0002
294 295 0.0002
294 296 0.0002
237 297 0.0012
128 298 0.0024
283 299 0.0003
300 299 0.0006
301 299 0.0009
299 300 0.0006
299 301 0.0009
302 301 0.0008
303 301 0.0013
301 302 0.0008
301 303 0.0013
283 304 0.0005
305 304 0.0003
306 304 0.0005
304 305 0.0003
304 306 0.0005
307 306 0.0003
308 306 0.0004
306 307 0.0003
306 308 0.0004
248 309 0.0001
283 310 0.0001
3 311 0.0005
312 311 0.0005
315 311 0.0001
3 312 0.0002
5 312 0.0003
311 312 0.0005
75 313 0.0007
78 313 0.0006
80 313 0.0003
337 314 0.0004
311 315 0.0001
316 315 0.0009
321 315 0.0007
315 316 0.0009
318 316 0.0006
330 316 0.0009
199 317 0.0004
316 318 0.0006
319 318 0.0008
330 318 0.0009
53 319 0.0006
318 319 0.0008
320 319 0.0021
53 320 0.0009
276 320 0.0014
319 320 0.0021
322 320 0.0005
315 321 0.0007
322 321 0.0009
330 321 0.0052
320 322 0.0005
321 322 0.0009
324 322 0.0004
330 322 0.0009
233 323 0.0002
322 324 0.0004
43 325 0.0004
110 326 0.0003
235 326 0.0003
280 326 0.0014
336 326 0.0011
43 327 0.0004
55 327 0.0004
63 327 0.0005
67 327 0.0005
71 327 0.0005
276 328 0.0003
329 328 0.0015
334 328 0.0013
283 329 0.0001
328 329 0.0015
335 329 0.001
316 330 0.0009
318 330 0.0009
321 330 0.0052
322 330 0.0009
7 331 0.0001
25 331 0.0002
335 331 0.0004
276 332 0.0002
333 332 0.0004
334 332 0.0012
332 333 0.0004
328 334 0.0013
332 334 0.0012
335 334 0.0009
329 335 0.001
331 335 0.0004
334 335 0.0009
1 336 0.0005
51 336 0.0004
326 336 0.0011
120 337 0.0003
219 337 0.0005
286 337 0.0006
314 337 0.0004
161 338 0.0001
63 339 0.0003
