2 1 0.0061
3 1 0.0056
22 1 0.0029
23 1 0.0077
74 1 0.003
98 1 0.0027
106 1 0.0079
127 1 0.0024
135 1 0.0049
140 1 0.0044
147 1 0.0085
186 1 0.0118
193 1 0.0128
194 1 0.0053
241 1 0.0048
257 1 0.0124
260 1 0.0039
261 1 0.0113
317 1 0.0113
362 1 0.0005
367 1 0.0026
385 1 0.0014
387 1 0.0096
388 1 0.0118
389 1 0.011
394 1 0.0112
438 1 0.0082
523 1 0.0116
529 1 0.0111
534 1 0.0094
535 1 0.011
659 1 0.005
660 1 0.0067
666 1 0.0052
667 1 0.0042
1 2 0.0061
3 2 0.0025
9 2 0.007
1 3 0.0056
2 3 0.0025
4 3 0.0031
648 3 0.0059
3 4 0.0031
5 4 0.0172
72 4 0.0006
4 5 0.0172
6 5 0.0062
1058 5 0.0005
5 6 0.0062
7 6 0.0262
71 6 0.0003
6 7 0.0262
8 7 0.0095
627 7 0.0034
7 8 0.0095
624 8 0.0004
625 8 0.0097
2 9 0.007
10 9 0.0018
13 9 0.0236
9 10 0.0018
11 10 0.0038
12 10 0.0008
10 11 0.0038
10 12 0.0008
9 13 0.0236
14 13 0.007
19 13 0.0092
13 14 0.007
15 14 0.0396
19 14 0.0282
14 15 0.0396
16 15 0.0078
59 15 0.0048
15 16 0.0078
17 16 0.0191
59 16 0.0035
670 16 0.0013
16 17 0.0191
18 17 0.028
671 17 0.001
17 18 0.028
70 18 0.0073
673 18 0.0008
13 19 0.0092
14 19 0.0282
20 19 0.0034
19 20 0.0034
21 20 0.0082
74 20 0.0026
20 21 0.0082
22 21 0.0013
24 21 0.0039
58 21 0.0072
74 21 0.0029
1 22 0.0029
21 22 0.0013
23 22 0.0333
1 23 0.0077
22 23 0.0333
24 23 0.0014
25 23 0.0232
105 23 0.0013
21 24 0.0039
23 24 0.0014
61 24 0.0004
23 25 0.0232
26 25 0.0053
33 25 0.0054
25 26 0.0053
43 26 0.0145
97 26 0.0012
28 27 0.0081
33 27 0.0233
38 27 0.0009
27 28 0.0081
29 28 0.0452
38 28 0.0015
679 28 0.0047
28 29 0.0452
85 29 0.0286
90 29 0.0249
76 30 0.0046
83 30 0.0147
91 30 0.0186
32 31 0.0105
82 31 0.0004
83 31 0.0124
702 31 0.0012
31 32 0.0105
79 32 0.0147
675 32 0.0007
706 32 0.0004
25 33 0.0054
27 33 0.0233
34 33 0.0039
33 34 0.0039
35 34 0.0041
42 34 0.0008
34 35 0.0041
36 35 0.0004
39 35 0.0012
100 35 0.0052
112 35 0.0057
681 35 0.0043
682 35 0.0017
35 36 0.0004
37 36 0.0016
40 36 0.0032
36 37 0.0016
83 37 0.0005
84 37 0.0032
27 38 0.0009
28 38 0.0015
39 38 0.0022
680 38 0.0012
35 39 0.0012
38 39 0.0022
40 39 0.0017
36 40 0.0032
39 40 0.0017
41 40 0.0024
91 40 0.0012
40 41 0.0024
34 42 0.0008
26 43 0.0145
44 43 0.0154
54 43 0.0043
43 44 0.0154
49 44 0.0083
53 44 0.02
62 44 0.0018
53 45 0.0266
67 45 0.0562
68 45 0.0062
47 46 0.027
48 46 0.0323
67 46 0.0054
46 47 0.027
731 47 0.0263
756 47 0.0002
757 47 0.0005
46 48 0.0323
714 48 0.0001
731 48 0.0248
44 49 0.0083
50 49 0.0081
53 49 0.0009
49 50 0.0081
51 50 0.002
55 50 0.0023
73 50 0.0015
729 50 0.0037
50 51 0.002
52 51 0.0109
725 51 0.0017
51 52 0.0109
727 52 0.0056
1057 52 0.0012
44 53 0.02
45 53 0.0266
49 53 0.0009
678 53 0.0025
729 53 0.0014
43 54 0.0043
55 54 0.0119
57 54 0.0007
69 54 0.0003
50 55 0.0023
54 55 0.0119
56 55 0.0015
55 56 0.0015
54 57 0.0007
21 58 0.0072
59 58 0.022
60 58 0.0083
15 59 0.0048
16 59 0.0035
58 59 0.022
58 60 0.0083
61 60 0.0023
674 60 0.0005
24 61 0.0004
60 61 0.0023
672 61 0.0007
44 62 0.0018
63 62 0.0024
65 62 0.0022
96 62 0.0036
62 63 0.0024
64 63 0.0005
93 63 0.0014
63 64 0.0005
62 65 0.0022
66 65 0.0012
677 65 0.0008
65 66 0.0012
45 67 0.0562
46 67 0.0054
68 67 0.0043
45 68 0.0062
67 68 0.0043
719 68 0.0005
720 68 0.0015
54 69 0.0003
70 69 0.0005
724 69 0.0005
18 70 0.0073
69 70 0.0005
71 70 0.0105
6 71 0.0003
70 71 0.0105
724 71 0.0004
767 71 0.0031
4 72 0.0006
50 73 0.0015
1 74 0.003
20 74 0.0026
21 74 0.0029
75 74 0.0035
74 75 0.0035
30 76 0.0046
77 76 0.0039
702 76 0.0016
76 77 0.0039
78 77 0.0074
702 77 0.0017
77 78 0.0074
703 78 0.0077
711 78 0.0139
32 79 0.0147
80 79 0.0022
676 79 0.0004
79 80 0.0022
81 80 0.0004
1045 80 0.0001
80 81 0.0004
31 82 0.0004
1051 82 0.0002
1052 82 0.0023
30 83 0.0147
31 83 0.0124
37 83 0.0005
37 84 0.0032
1047 84 0.0025
1055 84 0.0014
29 85 0.0286
86 85 0.0007
87 85 0.0013
85 86 0.0007
85 87 0.0013
88 87 0.0018
90 87 0.0021
93 87 0.0005
87 88 0.0018
89 88 0.0013
96 88 0.0009
88 89 0.0013
29 90 0.0249
87 90 0.0021
91 90 0.0153
30 91 0.0186
40 91 0.0012
90 91 0.0153
92 91 0.0007
91 92 0.0007
63 93 0.0014
87 93 0.0005
94 93 0.0099
95 93 0.0007
96 93 0.0011
93 94 0.0099
93 95 0.0007
62 96 0.0036
88 96 0.0009
93 96 0.0011
26 97 0.0012
1 98 0.0027
99 98 0.0063
121 98 0.0223
98 99 0.0063
100 99 0.0049
103 99 0.0084
112 99 0.0023
35 100 0.0052
99 100 0.0049
101 100 0.006
100 101 0.006
102 101 0.0327
103 101 0.0068
101 102 0.0327
103 102 0.01
104 102 0.0273
99 103 0.0084
101 103 0.0068
102 103 0.01
102 104 0.0273
23 105 0.0013
1 106 0.0079
107 106 0.0029
108 106 0.005
106 107 0.0029
106 108 0.005
110 109 0.0035
120 109 0.0028
121 109 0.0019
122 109 0.0043
109 110 0.0035
111 110 0.0023
125 110 0.0019
110 111 0.0023
115 111 0.0013
1043 111 0.0007
1044 111 0.0006
35 112 0.0057
99 112 0.0023
114 112 0.0198
114 113 0.004
1035 113 0.0016
1040 113 0.0005
112 114 0.0198
113 114 0.004
115 114 0.0005
111 115 0.0013
114 115 0.0005
116 115 0.0021
1042 115 0.0011
115 116 0.0021
117 116 0.0008
118 116 0.0043
116 117 0.0008
116 118 0.0043
119 118 0.0117
146 118 0.0012
118 119 0.0117
120 119 0.0063
126 119 0.0008
109 120 0.0028
119 120 0.0063
121 120 0.0022
98 121 0.0223
109 121 0.0019
120 121 0.0022
109 122 0.0043
123 122 0.0014
124 122 0.0019
122 123 0.0014
122 124 0.0019
110 125 0.0019
119 126 0.0008
1 127 0.0024
128 127 0.0012
129 127 0.022
127 128 0.0012
127 129 0.022
130 129 0.001
131 129 0.0024
134 129 0.0011
129 130 0.001
129 131 0.0024
132 131 0.0014
133 131 0.0005
131 132 0.0014
131 133 0.0005
129 134 0.0011
1 135 0.0049
136 135 0.0007
160 135 0.0048
161 135 0.007
135 136 0.0007
137 136 0.0021
143 136 0.0012
136 137 0.0021
138 137 0.0003
139 137 0.0062
145 137 0.0005
137 138 0.0003
137 139 0.0062
1 140 0.0044
141 140 0.0007
142 140 0.0023
140 141 0.0007
140 142 0.0023
136 143 0.0012
144 143 0.0016
162 143 0.0011
143 144 0.0016
137 145 0.0005
149 145 0.006
153 145 0.0201
118 146 0.0012
1 147 0.0085
148 147 0.0141
161 147 0.0162
184 147 0.0479
147 148 0.0141
149 148 0.0046
161 148 0.0343
181 148 0.0157
145 149 0.006
148 149 0.0046
150 149 0.0025
172 149 0.0035
149 150 0.0025
151 150 0.0011
170 150 0.0016
150 151 0.0011
152 151 0.002
166 151 0.0006
173 151 0.0009
151 152 0.002
165 152 0.001
167 152 0.0015
145 153 0.0201
154 153 0.0048
159 153 0.0037
1041 153 0.0013
153 154 0.0048
155 154 0.0018
157 154 0.0003
154 155 0.0018
156 155 0.0003
164 155 0.0015
155 156 0.0003
154 157 0.0003
158 157 0.0016
159 157 0.0005
1039 157 0.0002
157 158 0.0016
153 159 0.0037
157 159 0.0005
1040 159 0.0003
135 160 0.0048
161 160 0.0064
162 160 0.0018
135 161 0.007
147 161 0.0162
148 161 0.0343
160 161 0.0064
143 162 0.0011
160 162 0.0018
163 162 0.0005
162 163 0.0005
155 164 0.0015
152 165 0.001
168 165 0.0009
1024 165 0.0004
1025 165 0.0106
151 166 0.0006
167 166 0.0014
169 166 0.0009
152 167 0.0015
166 167 0.0014
168 167 0.0041
165 168 0.0009
167 168 0.0041
1031 168 0.0005
166 169 0.0009
150 170 0.0016
171 170 0.0039
177 170 0.0049
170 171 0.0039
177 171 0.0014
1031 171 0.0002
149 172 0.0035
151 173 0.0009
175 174 0.0244
181 174 0.0186
185 174 0.0641
174 175 0.0244
176 175 0.0054
182 175 0.0083
175 176 0.0054
177 176 0.0012
178 176 0.0004
170 177 0.0049
171 177 0.0014
176 177 0.0012
176 178 0.0004
179 178 0.0008
180 178 0.0009
178 179 0.0008
178 180 0.0009
148 181 0.0157
174 181 0.0186
182 181 0.0011
175 182 0.0083
181 182 0.0011
183 182 0.0003
182 183 0.0003
147 184 0.0479
185 184 0.0098
686 184 0.0056
174 185 0.0641
184 185 0.0098
204 185 0.0013
1 186 0.0118
187 186 0.1132
189 186 0.016
193 186 0.0859
186 187 0.1132
188 187 0.0583
193 187 0.0782
187 188 0.0583
189 188 0.027
194 188 0.0349
186 189 0.016
188 189 0.027
190 189 0.013
189 190 0.013
191 190 0.0101
203 190 0.004
205 190 0.0086
190 191 0.0101
192 191 0.0022
212 191 0.002
191 192 0.0022
206 192 0.0102
211 192 0.0083
213 192 0.0008
691 192 0.0007
1 193 0.0128
186 193 0.0859
187 193 0.0782
1 194 0.0053
188 194 0.0349
195 194 0.0121
247 194 0.009
194 195 0.0121
196 195 0.013
248 195 0.0034
195 196 0.013
197 196 0.0791
238 196 0.0026
196 197 0.0791
198 197 0.0156
235 197 0.0101
197 198 0.0156
199 198 0.0045
201 198 0.0072
198 199 0.0045
200 199 0.0136
201 199 0.1138
231 199 0.0006
199 200 0.0136
218 200 0.0007
222 200 0.0086
687 200 0.0007
198 201 0.0072
199 201 0.1138
202 201 0.0272
201 202 0.0272
190 203 0.004
185 204 0.0013
190 205 0.0086
192 206 0.0102
207 206 0.018
690 206 0.0005
206 207 0.018
208 207 0.0123
210 207 0.0003
207 208 0.0123
209 208 0.0983
215 208 0.0003
208 209 0.0983
1018 209 0.0016
1020 209 0.0016
207 210 0.0003
689 210 0.0003
1059 210 0.0003
192 211 0.0083
191 212 0.002
192 213 0.0008
214 213 0.006
218 213 0.0008
213 214 0.006
215 214 0.0014
216 214 0.0001
208 215 0.0003
214 215 0.0014
219 215 0.0001
220 215 0.0029
214 216 0.0001
217 216 0.002
218 216 0.0038
1014 216 0.0024
216 217 0.002
200 218 0.0007
213 218 0.0008
216 218 0.0038
215 219 0.0001
215 220 0.0029
221 220 0.0005
1017 220 0.0002
220 221 0.0005
200 222 0.0086
223 222 0.0077
228 222 0.1099
222 223 0.0077
224 223 0.0021
225 223 0.0009
223 224 0.0021
1011 224 0.0005
1012 224 0.008
223 225 0.0009
226 225 0.0005
227 225 0.0009
225 226 0.0005
225 227 0.0009
222 228 0.1099
229 228 0.0027
1008 228 0.0002
228 229 0.0027
230 229 0.0003
1009 229 0.001
229 230 0.0003
199 231 0.0006
232 231 0.0004
1007 231 0.0003
231 232 0.0004
233 232 0.0008
234 232 0.0012
232 233 0.0008
232 234 0.0012
197 235 0.0101
236 235 0.0015
239 235 0.0169
235 236 0.0015
237 236 0.002
239 236 0.0041
236 237 0.002
196 238 0.0026
239 238 0.0214
248 238 0.004
235 239 0.0169
236 239 0.0041
238 239 0.0214
240 239 0.0145
245 239 0.0035
239 240 0.0145
281 240 0.0003
284 240 0.0242
1 241 0.0048
242 241 0.0789
246 241 0.0195
241 242 0.0789
243 242 0.0176
249 242 0.004
253 242 0.0311
242 243 0.0176
244 243 0.1009
246 243 0.0085
252 243 0.0097
243 244 0.1009
245 244 0.0065
247 244 0.0058
293 244 0.0139
239 245 0.0035
244 245 0.0065
277 245 0.0137
241 246 0.0195
243 246 0.0085
247 246 0.0672
194 247 0.009
244 247 0.0058
246 247 0.0672
248 247 0.0041
195 248 0.0034
238 248 0.004
247 248 0.0041
242 249 0.004
250 249 0.0029
252 249 0.0048
262 249 0.0062
249 250 0.0029
252 250 0.0055
272 250 0.0007
273 250 0.0155
273 251 0.0047
243 252 0.0097
249 252 0.0048
250 252 0.0055
289 252 0.0018
291 252 0.0161
242 253 0.0311
255 253 0.0208
258 253 0.0176
259 253 0.0218
255 254 0.0161
253 255 0.0208
254 255 0.0161
256 255 0.0073
255 256 0.0073
257 256 0.0098
259 256 0.0147
1 257 0.0124
256 257 0.0098
258 257 0.0134
253 258 0.0176
257 258 0.0134
259 258 0.0154
253 259 0.0218
256 259 0.0147
258 259 0.0154
1 260 0.0039
1 261 0.0113
262 261 0.0156
312 261 0.016
249 262 0.0062
261 262 0.0156
263 262 0.0541
316 262 0.0074
262 263 0.0541
264 263 0.0356
265 263 0.0159
263 264 0.0356
265 264 0.0423
269 264 0.0027
263 265 0.0159
264 265 0.0423
266 265 0.028
265 266 0.028
267 266 0.0138
309 266 0.0014
266 267 0.0138
268 267 0.0063
305 267 0.0015
267 268 0.0063
296 268 0.0045
304 268 0.0004
327 268 0.0013
264 269 0.0027
270 269 0.0011
271 269 0.0009
269 270 0.0011
274 270 0.0011
294 270 0.0006
269 271 0.0009
250 272 0.0007
250 273 0.0155
251 273 0.0047
693 273 0.0007
270 274 0.0011
275 274 0.0006
302 274 0.0062
274 275 0.0006
276 275 0.0025
1006 275 0.0015
275 276 0.0025
994 276 0.01
1003 276 0.0011
245 277 0.0137
278 277 0.0037
284 277 0.006
286 277 0.0024
293 277 0.002
277 278 0.0037
279 278 0.0154
283 278 0.0041
278 279 0.0154
280 279 0.001
281 279 0.0011
279 280 0.001
240 281 0.0003
279 281 0.0011
282 281 0.0112
281 282 0.0112
278 283 0.0041
284 283 0.0041
285 283 0.002
240 284 0.0242
277 284 0.006
283 284 0.0041
283 285 0.002
277 286 0.0024
287 286 0.0032
288 286 0.0028
291 286 0.0027
286 287 0.0032
288 287 0.0185
1005 287 0.002
286 288 0.0028
287 288 0.0185
289 288 0.0061
1005 288 0.0021
252 289 0.0018
288 289 0.0061
290 289 0.0027
289 290 0.0027
252 291 0.0161
286 291 0.0027
292 291 0.0013
293 291 0.0269
291 292 0.0013
244 293 0.0139
277 293 0.002
291 293 0.0269
270 294 0.0006
295 294 0.0003
990 294 0.0003
294 295 0.0003
268 296 0.0045
297 296 0.0343
300 296 0.0006
296 297 0.0343
298 297 0.0004
299 297 0.0019
297 298 0.0004
992 298 0.0011
993 298 0.0041
996 298 0.0004
297 299 0.0019
986 299 0.0014
988 299 0.0018
296 300 0.0006
301 300 0.0006
982 300 0.0003
300 301 0.0006
274 302 0.0062
303 302 0.0021
1005 302 0.0203
302 303 0.0021
268 304 0.0004
980 304 0.0041
982 304 0.0012
267 305 0.0015
306 305 0.0003
307 305 0.0011
305 306 0.0003
326 306 0.0086
981 306 0.0005
305 307 0.0011
308 307 0.0006
310 307 0.001
307 308 0.0006
266 309 0.0014
310 309 0.0015
316 309 0.0007
307 310 0.001
309 310 0.0015
311 310 0.0005
310 311 0.0005
261 312 0.016
313 312 0.005
319 312 0.0027
312 313 0.005
314 313 0.0089
316 313 0.0079
313 314 0.0089
315 314 0.0003
336 314 0.0013
314 315 0.0003
262 316 0.0074
309 316 0.0007
313 316 0.0079
1 317 0.0113
318 317 0.0044
360 317 0.0008
317 318 0.0044
319 318 0.002
337 318 0.008
312 319 0.0027
318 319 0.002
343 319 0.0285
321 320 0.0121
338 320 0.0174
343 320 0.0263
344 320 0.0032
320 321 0.0121
322 321 0.0104
324 321 0.0122
332 321 0.0197
321 322 0.0104
323 322 0.0071
346 322 0.0013
322 323 0.0071
347 323 0.0004
348 323 0.0007
321 324 0.0122
325 324 0.005
331 324 0.0009
324 325 0.005
326 325 0.0013
328 325 0.0024
306 326 0.0086
325 326 0.0013
982 326 0.0002
268 327 0.0013
980 327 0.0062
981 327 0.0008
325 328 0.0024
329 328 0.0048
330 328 0.0006
328 329 0.0048
975 329 0.0022
983 329 0.0006
328 330 0.0006
324 331 0.0009
321 332 0.0197
333 332 0.0076
976 332 0.0003
332 333 0.0076
334 333 0.015
335 333 0.0051
333 334 0.015
954 334 0.0148
964 334 0.0118
976 334 0.0017
333 335 0.0051
948 335 0.004
953 335 0.0006
314 336 0.0013
318 337 0.008
338 337 0.0879
343 337 0.0038
320 338 0.0174
337 338 0.0879
339 338 0.0136
360 338 0.0627
338 339 0.0136
340 339 0.0019
349 339 0.0123
360 339 0.0094
339 340 0.0019
341 340 0.0036
342 340 0.0038
340 341 0.0036
340 342 0.0038
319 343 0.0285
320 343 0.0263
337 343 0.0038
344 343 0.0088
320 344 0.0032
343 344 0.0088
345 344 0.0067
344 345 0.0067
322 346 0.0013
323 347 0.0004
323 348 0.0007
339 349 0.0123
350 349 0.0482
358 349 0.0061
349 350 0.0482
351 350 0.007
352 350 0.0099
350 351 0.007
931 351 0.0057
947 351 0.0006
948 351 0.0003
350 352 0.0099
353 352 0.0009
358 352 0.0029
929 352 0.0011
352 353 0.0009
354 353 0.01
359 353 0.0099
353 354 0.01
355 354 0.0047
357 354 0.0004
359 354 0.0061
354 355 0.0047
356 355 0.0028
927 355 0.0003
930 355 0.0009
355 356 0.0028
923 356 0.0005
930 356 0.0006
354 357 0.0004
349 358 0.0061
352 358 0.0029
359 358 0.0017
353 359 0.0099
354 359 0.0061
358 359 0.0017
317 360 0.0008
338 360 0.0627
339 360 0.0094
361 360 0.0252
360 361 0.0252
1 362 0.0005
363 362 0.0081
374 362 0.0021
362 363 0.0081
364 363 0.0067
374 363 0.0008
405 363 0.0009
363 364 0.0067
365 364 0.0095
375 364 0.0036
364 365 0.0095
366 365 0.006
383 365 0.0003
365 366 0.006
406 366 0.0012
409 366 0.0038
1 367 0.0026
368 367 0.002
374 367 0.0007
367 368 0.002
369 368 0.0015
385 368 0.0031
368 369 0.0015
370 369 0.0021
385 369 0.0009
369 370 0.0021
371 370 0.009
397 370 0.0039
400 370 0.0017
370 371 0.009
372 371 0.0011
378 371 0.0149
371 372 0.0011
373 372 0.07
378 372 0.0066
396 372 0.0144
372 373 0.07
396 373 0.0043
428 373 0.0054
467 373 0.005
362 374 0.0021
363 374 0.0008
367 374 0.0007
375 374 0.0004
364 375 0.0036
374 375 0.0004
376 375 0.0101
375 376 0.0101
377 376 0.0059
402 376 0.001
376 377 0.0059
371 378 0.0149
372 378 0.0066
379 378 0.0402
427 378 0.0125
431 378 0.0028
378 379 0.0402
380 379 0.0069
397 379 0.0309
379 380 0.0069
381 380 0.0087
403 380 0.0005
380 381 0.0087
382 381 0.0026
418 381 0.0143
381 382 0.0026
383 382 0.0113
414 382 0.002
365 383 0.0003
382 383 0.0113
384 383 0.0299
414 383 0.0021
383 384 0.0299
1 385 0.0014
368 385 0.0031
369 385 0.0009
386 385 0.0005
387 385 0.0033
385 386 0.0005
1 387 0.0096
385 387 0.0033
388 387 0.0086
1 388 0.0118
387 388 0.0086
389 388 0.025
1 389 0.011
388 389 0.025
390 389 0.0052
394 389 0.019
389 390 0.0052
391 390 0.0039
395 390 0.0047
390 391 0.0039
392 391 0.0013
393 391 0.0045
391 392 0.0013
393 392 0.001
469 392 0.0003
391 393 0.0045
392 393 0.001
396 393 0.003
1 394 0.0112
389 394 0.019
395 394 0.023
390 395 0.0047
394 395 0.023
396 395 0.0252
372 396 0.0144
373 396 0.0043
393 396 0.003
395 396 0.0252
370 397 0.0039
379 397 0.0309
398 397 0.0033
397 398 0.0033
399 398 0.0033
404 398 0.0007
398 399 0.0033
400 399 0.0037
437 399 0.0008
370 400 0.0017
399 400 0.0037
401 400 0.0019
400 401 0.0019
376 402 0.001
380 403 0.0005
398 404 0.0007
363 405 0.0009
366 406 0.0012
407 406 0.0024
408 406 0.0004
406 407 0.0024
406 408 0.0004
366 409 0.0038
410 409 0.0217
412 409 0.0059
409 410 0.0217
411 410 0.0017
412 410 0.0057
410 411 0.0017
409 412 0.0059
410 412 0.0057
413 412 0.0002
922 412 0.0023
412 413 0.0002
912 413 0.0015
915 413 0.0149
382 414 0.002
383 414 0.0021
415 414 0.0051
414 415 0.0051
416 415 0.015
432 415 0.0037
415 416 0.015
417 416 0.0038
433 416 0.0022
416 417 0.0038
381 418 0.0143
419 418 0.004
427 418 0.0068
418 419 0.004
420 419 0.0017
432 419 0.0017
419 420 0.0017
421 420 0.0056
422 420 0.0028
433 420 0.0099
420 421 0.0056
422 421 0.0023
426 421 0.0088
420 422 0.0028
421 422 0.0023
423 422 0.003
425 422 0.0023
422 423 0.003
424 423 0.0084
430 423 0.0137
434 423 0.0025
912 423 0.0004
423 424 0.0084
425 424 0.0089
429 424 0.0083
422 425 0.0023
424 425 0.0089
426 425 0.0426
431 425 0.0016
421 426 0.0088
425 426 0.0426
427 426 0.0041
378 427 0.0125
418 427 0.0068
426 427 0.0041
373 428 0.0054
431 428 0.0043
462 428 0.0076
464 428 0.0022
467 428 0.0039
424 429 0.0083
430 429 0.0064
464 429 0.0011
423 430 0.0137
429 430 0.0064
436 430 0.0022
378 431 0.0028
425 431 0.0016
428 431 0.0043
415 432 0.0037
419 432 0.0017
433 432 0.0093
416 433 0.0022
420 433 0.0099
432 433 0.0093
423 434 0.0025
435 434 0.0077
909 434 0.0025
434 435 0.0077
881 435 0.0013
884 435 0.0271
430 436 0.0022
399 437 0.0008
1 438 0.0082
439 438 0.0407
445 438 0.0099
438 439 0.0407
440 439 0.0117
468 439 0.0025
439 440 0.0117
441 440 0.0141
445 440 0.1537
468 440 0.0041
440 441 0.0141
442 441 0.0224
453 441 0.0018
441 442 0.0224
443 442 0.0181
468 442 0.0027
442 443 0.0181
444 443 0.0154
453 443 0.0095
443 444 0.0154
457 444 0.0054
480 444 0.009
699 444 0.0019
438 445 0.0099
440 445 0.1537
446 445 0.0265
463 445 0.0099
445 446 0.0265
447 446 0.0026
465 446 0.0016
446 447 0.0026
448 447 0.0036
695 447 0.0035
447 448 0.0036
449 448 0.0063
461 448 0.0021
448 449 0.0063
450 449 0.0003
460 449 0.0019
449 450 0.0003
451 450 0.0034
694 450 0.0022
450 451 0.0034
452 451 0.0032
697 451 0.0027
451 452 0.0032
698 452 0.0043
875 452 0.0045
1217 452 0.0107
441 453 0.0018
443 453 0.0095
454 453 0.001
457 453 0.0017
453 454 0.001
455 454 0.0009
871 454 0.0006
454 455 0.0009
456 455 0.002
458 455 0.0021
455 456 0.002
869 456 0.0037
870 456 0.0074
444 457 0.0054
453 457 0.0017
699 457 0.0021
455 458 0.0021
459 458 0.0083
699 458 0.0016
458 459 0.0083
449 460 0.0019
448 461 0.0021
428 462 0.0076
463 462 0.0121
465 462 0.0043
445 463 0.0099
462 463 0.0121
465 463 0.0065
467 463 0.0047
428 464 0.0022
429 464 0.0011
465 464 0.0027
466 464 0.0182
446 465 0.0016
462 465 0.0043
463 465 0.0065
464 465 0.0027
464 466 0.0182
373 467 0.005
428 467 0.0039
463 467 0.0047
439 468 0.0025
440 468 0.0041
442 468 0.0027
470 468 0.0073
392 469 0.0003
468 470 0.0073
472 471 0.1487
534 471 0.1049
537 471 0.004
471 472 0.1487
473 472 0.0531
481 472 0.0293
472 473 0.0531
474 473 0.0068
487 473 0.0097
536 473 0.0056
473 474 0.0068
476 474 0.0023
479 474 0.0032
488 474 0.0155
505 474 0.0547
479 475 0.0009
486 475 0.0029
497 475 0.0012
500 475 0.0055
505 475 0.0061
474 476 0.0023
477 476 0.0012
478 476 0.0014
476 477 0.0012
476 478 0.0014
474 479 0.0032
475 479 0.0009
480 479 0.0017
444 480 0.009
479 480 0.0017
700 480 0.0016
472 481 0.0293
482 481 0.0816
508 481 0.0026
533 481 0.0072
481 482 0.0816
483 482 0.0104
487 482 0.0782
482 483 0.0104
490 483 0.0029
494 483 0.0353
491 484 0.0165
494 484 0.0198
510 484 0.0088
502 485 0.0035
506 485 0.0084
507 485 0.0081
510 485 0.0603
475 486 0.0029
473 487 0.0097
482 487 0.0782
488 487 0.0091
474 488 0.0155
487 488 0.0091
489 488 0.0028
505 488 0.0035
488 489 0.0028
495 489 0.0029
496 489 0.0015
483 490 0.0029
484 491 0.0165
492 491 0.0011
493 491 0.0013
491 492 0.0011
491 493 0.0013
483 494 0.0353
484 494 0.0198
495 494 0.0517
512 494 0.0075
489 495 0.0029
494 495 0.0517
496 495 0.002
498 495 0.0016
489 496 0.0015
495 496 0.002
497 496 0.0026
475 497 0.0012
496 497 0.0026
498 497 0.0013
495 498 0.0016
497 498 0.0013
499 498 0.0066
498 499 0.0066
475 500 0.0055
501 500 0.0021
513 500 0.006
866 500 0.0045
500 501 0.0021
502 501 0.0299
503 501 0.0576
485 502 0.0035
501 502 0.0299
865 502 0.0031
501 503 0.0576
700 504 0.0009
474 505 0.0547
475 505 0.0061
488 505 0.0035
485 506 0.0084
507 506 0.0065
863 506 0.0033
485 507 0.0081
506 507 0.0065
514 507 0.0018
1213 507 0.0042
481 508 0.0026
509 508 0.0153
516 508 0.0215
508 509 0.0153
514 509 0.0026
864 509 0.0047
484 510 0.0088
485 510 0.0603
511 510 0.0063
510 511 0.0063
494 512 0.0075
500 513 0.006
507 514 0.0018
509 514 0.0026
515 514 0.0015
514 515 0.0015
508 516 0.0215
544 516 0.0009
545 516 0.0332
518 517 0.0074
519 517 0.0252
547 517 0.0341
517 518 0.0074
861 518 0.0182
862 518 0.0085
517 519 0.0252
520 519 0.0135
522 519 0.0069
519 520 0.0135
521 520 0.0202
549 520 0.0021
557 520 0.0168
520 521 0.0202
549 521 0.0368
557 521 0.0213
519 522 0.0069
1 523 0.0116
524 523 0.0887
525 523 0.0132
523 524 0.0887
525 524 0.0376
528 524 0.0917
523 525 0.0132
524 525 0.0376
526 525 0.0368
528 525 0.0573
577 525 0.0043
525 526 0.0368
527 526 0.012
538 526 0.0017
577 526 0.0129
526 527 0.012
569 527 0.0576
574 527 0.0045
524 528 0.0917
525 528 0.0573
582 528 0.0049
667 528 0.0091
1 529 0.0111
530 529 0.0036
533 529 0.0418
529 530 0.0036
531 530 0.0057
532 530 0.0038
530 531 0.0057
530 532 0.0038
481 533 0.0072
529 533 0.0418
535 533 0.0389
1 534 0.0094
471 534 0.1049
535 534 0.0423
1 535 0.011
533 535 0.0389
534 535 0.0423
473 536 0.0056
471 537 0.004
526 538 0.0017
539 538 0.0113
556 538 0.0069
538 539 0.0113
548 539 0.0034
565 539 0.001
566 539 0.0029
696 539 0.0028
541 540 0.0026
542 540 0.0083
543 540 0.0083
548 540 0.0098
540 541 0.0026
540 542 0.0083
540 543 0.0083
516 544 0.0009
546 544 0.0054
548 544 0.0409
516 545 0.0332
546 545 0.0037
547 545 0.0288
544 546 0.0054
545 546 0.0037
547 546 0.0065
517 547 0.0341
545 547 0.0288
546 547 0.0065
539 548 0.0034
540 548 0.0098
544 548 0.0409
520 549 0.0021
521 549 0.0368
550 549 0.0253
549 550 0.0253
551 550 0.0044
558 550 0.0092
550 551 0.0044
552 551 0.0912
559 551 0.0142
551 552 0.0912
553 552 0.0106
563 552 0.0045
552 553 0.0106
554 553 0.0505
593 553 0.0948
553 554 0.0505
555 554 0.0611
565 554 0.0043
554 555 0.0611
556 555 0.0272
566 555 0.0024
591 555 0.0214
538 556 0.0069
555 556 0.0272
569 556 0.105
585 556 0.0035
520 557 0.0168
521 557 0.0213
857 557 0.0196
860 557 0.0165
550 558 0.0092
551 559 0.0142
560 559 0.0076
844 559 0.0387
559 560 0.0076
561 560 0.0184
562 560 0.0411
560 561 0.0184
847 561 0.0112
848 561 0.0039
560 562 0.0411
564 562 0.063
844 562 0.0038
552 563 0.0045
844 563 0.1097
845 563 0.0088
562 564 0.063
539 565 0.001
554 565 0.0043
566 565 0.005
539 566 0.0029
555 566 0.0024
565 566 0.005
568 567 0.0022
585 567 0.0137
591 567 0.0078
567 568 0.0022
527 569 0.0576
556 569 0.105
570 569 0.002
569 570 0.002
571 570 0.0026
572 570 0.0007
570 571 0.0026
572 571 0.0068
574 571 0.0018
580 571 0.0014
581 571 0.0018
570 572 0.0007
571 572 0.0068
573 572 0.0025
572 573 0.0025
527 574 0.0045
571 574 0.0018
575 574 0.0027
574 575 0.0027
576 575 0.0018
579 575 0.0035
580 575 0.0033
575 576 0.0018
579 576 0.0158
581 576 0.0029
600 576 0.0144
525 577 0.0043
526 577 0.0129
578 577 0.0672
646 577 0.0055
577 578 0.0672
579 578 0.026
647 578 0.005
575 579 0.0035
576 579 0.0158
578 579 0.026
571 580 0.0014
575 580 0.0033
581 580 0.005
571 581 0.0018
576 581 0.0029
580 581 0.005
528 582 0.0049
583 582 0.0066
619 582 0.0527
582 583 0.0066
584 583 0.0205
646 583 0.0064
583 584 0.0205
615 584 0.0012
647 584 0.0033
556 585 0.0035
567 585 0.0137
586 585 0.0041
585 586 0.0041
587 586 0.0045
588 586 0.0031
586 587 0.0045
589 587 0.0018
601 587 0.001
604 587 0.0005
586 588 0.0031
589 588 0.0062
593 588 0.0017
587 589 0.0018
588 589 0.0062
590 589 0.001
604 589 0.001
589 590 0.001
555 591 0.0214
567 591 0.0078
592 591 0.0021
591 592 0.0021
553 593 0.0948
588 593 0.0017
594 593 0.0178
593 594 0.0178
595 594 0.0272
597 594 0.002
594 595 0.0272
596 595 0.0148
843 595 0.0019
595 596 0.0148
607 596 0.0016
608 596 0.0004
609 596 0.0105
594 597 0.002
598 597 0.0009
599 597 0.0014
597 598 0.0009
597 599 0.0014
576 600 0.0144
601 600 0.0432
613 600 0.0005
614 600 0.0019
587 601 0.001
600 601 0.0432
602 601 0.0309
601 602 0.0309
603 602 0.0132
605 602 0.0207
612 602 0.0008
602 603 0.0132
604 603 0.0008
611 603 0.0019
587 604 0.0005
589 604 0.001
603 604 0.0008
602 605 0.0207
606 605 0.0015
616 605 0.0024
605 606 0.0015
596 607 0.0016
596 608 0.0004
596 609 0.0105
610 609 0.0267
819 609 0.0197
846 609 0.0003
609 610 0.0267
811 610 0.0074
812 610 0.0163
603 611 0.0019
801 611 0.0083
805 611 0.0028
602 612 0.0008
600 613 0.0005
600 614 0.0019
584 615 0.0012
605 616 0.0024
617 616 0.0006
618 616 0.0034
616 617 0.0006
616 618 0.0034
582 619 0.0527
620 619 0.0082
656 619 0.0061
619 620 0.0082
621 620 0.0083
628 620 0.0046
620 621 0.0083
622 621 0.056
643 621 0.0824
621 622 0.056
623 622 0.0042
639 622 0.0744
622 623 0.0042
624 623 0.0017
643 623 0.0005
8 624 0.0004
623 624 0.0017
625 624 0.009
8 625 0.0097
624 625 0.009
626 625 0.0127
625 626 0.0127
745 626 0.0028
776 626 0.0007
7 627 0.0034
770 627 0.0035
772 627 0.0067
620 628 0.0046
629 628 0.0011
632 628 0.0035
628 629 0.0011
630 629 0.0027
645 629 0.0015
629 630 0.0027
631 630 0.0049
636 630 0.0035
630 631 0.0049
632 631 0.0018
636 631 0.0009
637 631 0.0024
628 632 0.0035
631 632 0.0018
633 632 0.0011
637 632 0.0042
632 633 0.0011
634 633 0.0013
637 633 0.0023
633 634 0.0013
635 634 0.0017
638 634 0.0068
634 635 0.0017
636 635 0.0008
656 635 0.0066
657 635 0.0052
630 636 0.0035
631 636 0.0009
635 636 0.0008
631 637 0.0024
632 637 0.0042
633 637 0.0023
634 638 0.0068
622 639 0.0744
640 639 0.018
641 639 0.0401
639 640 0.018
784 640 0.0006
786 640 0.0099
639 641 0.0401
642 641 0.0026
784 641 0.0007
641 642 0.0026
621 643 0.0824
623 643 0.0005
644 643 0.0004
643 644 0.0004
629 645 0.0015
577 646 0.0055
583 646 0.0064
647 646 0.0109
578 647 0.005
584 647 0.0033
646 647 0.0109
3 648 0.0059
649 648 0.0069
653 648 0.0018
648 649 0.0069
650 649 0.0017
669 649 0.0071
649 650 0.0017
651 650 0.0231
655 650 0.0031
669 650 0.0034
650 651 0.0231
652 651 0.0346
654 651 0.0017
651 652 0.0346
648 653 0.0018
651 654 0.0017
650 655 0.0031
619 656 0.0061
635 656 0.0066
657 656 0.0068
635 657 0.0052
656 657 0.0068
658 657 0.016
662 657 0.0036
657 658 0.016
659 658 0.0019
661 658 0.0033
669 658 0.014
1 659 0.005
658 659 0.0019
660 659 0.0067
1 660 0.0067
659 660 0.0067
661 660 0.0035
663 660 0.0201
666 660 0.1124
658 661 0.0033
660 661 0.0035
662 661 0.0045
657 662 0.0036
661 662 0.0045
663 662 0.0029
660 663 0.0201
662 663 0.0029
664 663 0.0082
663 664 0.0082
665 664 0.0221
668 664 0.0198
664 665 0.0221
666 665 0.0334
668 665 0.0278
1 666 0.0052
660 666 0.1124
665 666 0.0334
1 667 0.0042
528 667 0.0091
668 667 0.0063
664 668 0.0198
665 668 0.0278
667 668 0.0063
649 669 0.0071
650 669 0.0034
658 669 0.014
16 670 0.0013
17 671 0.001
61 672 0.0007
18 673 0.0008
60 674 0.0005
32 675 0.0007
79 676 0.0004
65 677 0.0008
53 678 0.0025
28 679 0.0047
38 680 0.0012
35 681 0.0043
35 682 0.0017
683 682 0.0027
1047 682 0.0002
682 683 0.0027
684 683 0.0006
685 683 0.0012
683 684 0.0006
683 685 0.0012
184 686 0.0056
200 687 0.0007
688 687 0.0005
692 687 0.0008
687 688 0.0005
210 689 0.0003
206 690 0.0005
192 691 0.0007
687 692 0.0008
273 693 0.0007
450 694 0.0022
447 695 0.0035
539 696 0.0028
451 697 0.0027
880 697 0.0062
882 697 0.0029
452 698 0.0043
879 698 0.0207
880 698 0.0712
444 699 0.0019
457 699 0.0021
458 699 0.0016
480 700 0.0016
504 700 0.0009
701 700 0.0008
700 701 0.0008
31 702 0.0012
76 702 0.0016
77 702 0.0017
78 703 0.0077
704 703 0.0022
710 703 0.0001
703 704 0.0022
705 704 0.0003
709 704 0.0001
704 705 0.0003
32 706 0.0004
707 706 0.0005
708 706 0.0008
706 707 0.0005
706 708 0.0008
704 709 0.0001
703 710 0.0001
78 711 0.0139
712 711 0.0009
715 711 0.0002
711 712 0.0009
713 712 0.001
716 712 0.0004
712 713 0.001
714 713 0.0002
721 713 0.0001
48 714 0.0001
713 714 0.0002
733 714 0.0001
711 715 0.0002
712 716 0.0004
717 716 0.0005
718 716 0.0007
716 717 0.0005
716 718 0.0007
68 719 0.0005
68 720 0.0015
721 720 0.0024
723 720 0.0044
713 721 0.0001
720 721 0.0024
722 721 0.0003
721 722 0.0003
720 723 0.0044
69 724 0.0005
71 724 0.0004
725 724 0.0031
51 725 0.0017
724 725 0.0031
726 725 0.0002
725 726 0.0002
750 726 0.0006
767 726 0.0006
775 726 0.0004
52 727 0.0056
728 727 0.0007
749 727 0.01
727 728 0.0007
50 729 0.0037
53 729 0.0014
730 729 0.0008
729 730 0.0008
47 731 0.0263
48 731 0.0248
732 731 0.0835
740 731 0.0315
731 732 0.0835
733 732 0.0016
734 732 0.0001
736 732 0.002
714 733 0.0001
732 733 0.0016
735 733 0.0002
732 734 0.0001
733 735 0.0002
732 736 0.002
737 736 0.0001
739 736 0.0015
736 737 0.0001
738 737 0.0009
778 737 0.0043
1063 737 0.0002
737 738 0.0009
739 738 0.0554
747 738 0.0015
748 738 0.0056
766 738 0.0016
736 739 0.0015
738 739 0.0554
740 739 0.0215
731 740 0.0315
739 740 0.0215
741 740 0.0067
740 741 0.0067
742 741 0.0019
759 741 0.0013
741 742 0.0019
743 742 0.0058
754 742 0.0022
742 743 0.0058
744 743 0.006
755 743 0.0023
743 744 0.006
745 744 0.0262
755 744 0.0009
626 745 0.0028
744 745 0.0262
746 745 0.0227
745 746 0.0227
747 746 0.0063
779 746 0.0212
738 747 0.0015
746 747 0.0063
766 747 0.0043
738 748 0.0056
727 749 0.01
750 749 0.0017
756 749 0.0006
761 749 0.0018
726 750 0.0006
749 750 0.0017
751 750 0.0017
750 751 0.0017
752 751 0.0076
764 751 0.001
775 751 0.0011
751 752 0.0076
753 752 0.0405
764 752 0.0026
765 752 0.0006
774 752 0.0018
752 753 0.0405
754 753 0.0064
771 753 0.0015
742 754 0.0022
753 754 0.0064
755 754 0.0007
743 755 0.0023
744 755 0.0009
754 755 0.0007
47 756 0.0002
749 756 0.0006
757 756 0.0036
47 757 0.0005
756 757 0.0036
758 757 0.004
757 758 0.004
759 758 0.0005
761 758 0.0004
763 758 0.0025
741 759 0.0013
758 759 0.0005
760 759 0.0036
759 760 0.0036
749 761 0.0018
758 761 0.0004
762 761 0.0032
763 761 0.0011
761 762 0.0032
763 762 0.0007
764 762 0.0004
758 763 0.0025
761 763 0.0011
762 763 0.0007
751 764 0.001
752 764 0.0026
762 764 0.0004
752 765 0.0006
738 766 0.0016
747 766 0.0043
782 766 0.0426
71 767 0.0031
726 767 0.0006
768 767 0.0077
767 768 0.0077
769 768 0.0105
775 768 0.0029
768 769 0.0105
770 769 0.0024
774 769 0.0031
627 770 0.0035
769 770 0.0024
771 770 0.0024
774 770 0.0042
753 771 0.0015
770 771 0.0024
772 771 0.0043
627 772 0.0067
771 772 0.0043
773 772 0.0023
772 773 0.0023
752 774 0.0018
769 774 0.0031
770 774 0.0042
775 774 0.0044
726 775 0.0004
751 775 0.0011
768 775 0.0029
774 775 0.0044
626 776 0.0007
777 776 0.0003
783 776 0.0009
776 777 0.0003
737 778 0.0043
1062 778 0.0007
1065 778 0.0012
1074 778 0.0004
746 779 0.0212
780 779 0.0051
1068 779 0.0019
779 780 0.0051
781 780 0.008
789 780 0.0033
1078 780 0.002
780 781 0.008
1078 781 0.0088
1082 781 0.0003
766 782 0.0426
1063 782 0.0197
1070 782 0.0055
776 783 0.0009
640 784 0.0006
641 784 0.0007
785 784 0.0004
784 785 0.0004
640 786 0.0099
787 786 0.0153
792 786 0.014
786 787 0.0153
788 787 0.0092
1379 787 0.0003
787 788 0.0092
789 788 0.0024
791 788 0.0028
796 788 0.003
780 789 0.0033
788 789 0.0024
790 789 0.0049
791 789 0.0025
789 790 0.0049
1082 790 0.0004
1098 790 0.0153
1101 790 0.0036
788 791 0.0028
789 791 0.0025
797 791 0.0019
786 792 0.014
793 792 0.0003
794 792 0.0042
795 792 0.0003
800 792 0.0007
792 793 0.0003
792 794 0.0042
797 794 0.0055
799 794 0.0035
792 795 0.0003
788 796 0.003
791 797 0.0019
794 797 0.0055
798 797 0.0129
1106 797 0.0052
797 798 0.0129
1113 798 0.0021
1118 798 0.0062
794 799 0.0035
1125 799 0.0048
1132 799 0.004
792 800 0.0007
611 801 0.0083
802 801 0.0046
804 801 0.004
801 802 0.0046
803 802 0.0153
1140 802 0.0062
802 803 0.0153
1136 803 0.0045
1141 803 0.0048
801 804 0.004
1148 804 0.0047
1380 804 0.0014
611 805 0.0028
806 805 0.0029
810 805 0.0011
805 806 0.0029
807 806 0.0197
809 806 0.0059
806 807 0.0197
808 807 0.01
821 807 0.0027
807 808 0.01
809 808 0.0235
821 808 0.0052
806 809 0.0059
808 809 0.0235
822 809 0.0024
805 810 0.0011
811 810 0.0002
821 810 0.0002
610 811 0.0074
810 811 0.0002
812 811 0.0383
814 811 0.0032
610 812 0.0163
811 812 0.0383
813 812 0.0398
812 813 0.0398
814 813 0.0062
817 813 0.0117
811 814 0.0032
813 814 0.0062
815 814 0.0011
821 814 0.0046
814 815 0.0011
816 815 0.0022
822 815 0.0029
824 815 0.0037
815 816 0.0022
817 816 0.0019
826 816 0.0033
813 817 0.0117
816 817 0.0019
818 817 0.0124
817 818 0.0124
819 818 0.0154
825 818 0.0113
609 819 0.0197
818 819 0.0154
820 819 0.0053
840 819 0.0005
819 820 0.0053
836 820 0.0051
839 820 0.0059
807 821 0.0027
808 821 0.0052
810 821 0.0002
814 821 0.0046
809 822 0.0024
815 822 0.0029
1152 822 0.004
824 823 0.0037
815 824 0.0037
823 824 0.0037
826 824 0.0016
818 825 0.0113
826 825 0.0054
833 825 0.006
835 825 0.0008
816 826 0.0033
824 826 0.0016
825 826 0.0054
827 826 0.0413
826 827 0.0413
828 827 0.0132
830 827 0.0321
827 828 0.0132
829 828 0.0022
1159 828 0.0005
828 829 0.0022
1156 829 0.0015
1158 829 0.0005
827 830 0.0321
831 830 0.0032
832 830 0.0016
830 831 0.0032
1152 831 0.0012
1154 831 0.0019
830 832 0.0016
825 833 0.006
834 833 0.0086
1168 833 0.0011
833 834 0.0086
1162 834 0.0021
1165 834 0.0121
825 835 0.0008
820 836 0.0051
837 836 0.01
838 836 0.0108
1167 836 0.0033
836 837 0.01
1177 837 0.0006
1178 837 0.0084
836 838 0.0108
1169 838 0.0246
1175 838 0.0002
820 839 0.0059
1183 839 0.0023
1186 839 0.0031
819 840 0.0005
841 840 0.0017
1186 840 0.0002
840 841 0.0017
842 841 0.0012
846 841 0.0004
841 842 0.0012
595 843 0.0019
559 844 0.0387
562 844 0.0038
563 844 0.1097
563 845 0.0088
846 845 0.0017
847 845 0.0766
609 846 0.0003
841 846 0.0004
845 846 0.0017
561 847 0.0112
845 847 0.0766
849 847 0.0349
561 848 0.0039
847 849 0.0349
850 849 0.0159
1210 849 0.0035
849 850 0.0159
851 850 0.0743
1206 850 0.0108
850 851 0.0743
852 851 0.0062
854 851 0.0145
1195 851 0.003
851 852 0.0062
853 852 0.0014
1191 852 0.0011
852 853 0.0014
851 854 0.0145
855 854 0.0058
1189 854 0.0011
854 855 0.0058
856 855 0.0144
1194 855 0.0046
855 856 0.0144
1185 856 0.0131
1208 856 0.0133
557 857 0.0196
858 857 0.0257
859 857 0.0281
857 858 0.0257
1211 858 0.0117
1212 858 0.0114
857 859 0.0281
557 860 0.0165
518 861 0.0182
518 862 0.0085
506 863 0.0033
509 864 0.0047
502 865 0.0031
500 866 0.0045
867 866 0.0139
868 866 0.0349
866 867 0.0139
866 868 0.0349
456 869 0.0037
456 870 0.0074
454 871 0.0006
872 871 0.0399
876 871 0.0347
871 872 0.0399
873 872 0.0302
874 872 0.0536
872 873 0.0302
872 874 0.0536
452 875 0.0045
876 875 0.0485
877 875 0.0149
871 876 0.0347
875 876 0.0485
1214 876 0.0148
875 877 0.0149
1215 877 0.0135
1216 877 0.0114
1217 878 0.0052
698 879 0.0207
880 879 0.0236
1222 879 0.0048
697 880 0.0062
698 880 0.0712
879 880 0.0236
881 880 0.0066
435 881 0.0013
880 881 0.0066
882 881 0.0017
697 882 0.0029
881 882 0.0017
883 882 0.0034
882 883 0.0034
435 884 0.0271
907 884 0.0323
1307 884 0.0023
886 885 0.0165
896 885 0.0045
900 885 0.0273
904 885 0.0219
907 885 0.0318
885 886 0.0165
887 886 0.0181
890 886 0.0057
892 886 0.0014
894 886 0.0133
903 886 0.001
886 887 0.0181
888 887 0.0151
902 887 0.0017
1240 887 0.0027
887 888 0.0151
889 888 0.0067
901 888 0.0048
888 889 0.0067
1250 889 0.0079
1265 889 0.0036
886 890 0.0057
891 890 0.0067
1238 890 0.0009
890 891 0.0067
886 892 0.0014
893 892 0.0025
1231 892 0.002
892 893 0.0025
886 894 0.0133
895 894 0.0017
1229 894 0.0012
894 895 0.0017
885 896 0.0045
897 896 0.0038
898 896 0.004
896 897 0.0038
898 897 0.0112
900 897 0.0091
896 898 0.004
897 898 0.0112
899 898 0.0019
898 899 0.0019
885 900 0.0273
897 900 0.0091
1227 900 0.0023
888 901 0.0048
1271 901 0.0314
1281 901 0.0017
887 902 0.0017
886 903 0.001
885 904 0.0219
905 904 0.0209
906 904 0.0009
904 905 0.0209
1284 905 0.0031
1298 905 0.0015
904 906 0.0009
884 907 0.0323
885 907 0.0318
908 907 0.0003
907 908 0.0003
434 909 0.0025
910 909 0.003
911 909 0.0015
909 910 0.003
909 911 0.0015
413 912 0.0015
423 912 0.0004
913 912 0.0015
914 912 0.0031
912 913 0.0015
912 914 0.0031
413 915 0.0149
916 915 0.0062
921 915 0.0004
915 916 0.0062
917 916 0.002
918 916 0.0038
916 917 0.002
916 918 0.0038
919 918 0.0077
920 918 0.0043
918 919 0.0077
918 920 0.0043
915 921 0.0004
412 922 0.0023
356 923 0.0005
924 923 0.0006
925 923 0.0003
923 924 0.0006
923 925 0.0003
926 925 0.0003
931 925 0.0114
925 926 0.0003
355 927 0.0003
928 927 0.0005
929 927 0.0077
927 928 0.0005
929 928 0.0005
930 928 0.0023
352 929 0.0011
927 929 0.0077
928 929 0.0005
355 930 0.0009
356 930 0.0006
928 930 0.0023
351 931 0.0057
925 931 0.0114
932 931 0.0216
938 931 0.0285
952 931 0.0004
931 932 0.0216
933 932 0.0014
934 932 0.0076
932 933 0.0014
1305 933 0.0023
1331 933 0.0012
932 934 0.0076
935 934 0.0165
936 934 0.012
934 935 0.0165
942 935 0.0069
1339 935 0.0066
934 936 0.012
937 936 0.0109
1328 936 0.0164
936 937 0.0109
1317 937 0.0053
1334 937 0.0025
931 938 0.0285
939 938 0.012
943 938 0.0002
938 939 0.012
940 939 0.0045
944 939 0.0011
939 940 0.0045
941 940 0.0044
942 940 0.0008
940 941 0.0044
950 941 0.002
951 941 0.0159
935 942 0.0069
940 942 0.0008
1344 942 0.0031
938 943 0.0002
939 944 0.0011
945 944 0.0008
946 944 0.0013
944 945 0.0008
944 946 0.0013
947 946 0.0003
952 946 0.0031
351 947 0.0006
946 947 0.0003
949 947 0.0009
952 947 0.0004
335 948 0.004
351 948 0.0003
949 948 0.0165
969 948 0.0005
947 949 0.0009
948 949 0.0165
950 949 0.0075
941 950 0.002
949 950 0.0075
951 950 0.0037
941 951 0.0159
950 951 0.0037
959 951 0.0205
931 952 0.0004
946 952 0.0031
947 952 0.0004
335 953 0.0006
334 954 0.0148
955 954 0.0172
966 954 0.0007
954 955 0.0172
956 955 0.0145
960 955 0.0091
955 956 0.0145
957 956 0.0094
1348 956 0.0006
956 957 0.0094
958 957 0.0154
1348 957 0.0064
957 958 0.0154
1358 958 0.0021
1359 958 0.0029
951 959 0.0205
1344 959 0.0021
1348 959 0.0688
1349 959 0.0157
955 960 0.0091
961 960 0.0087
1367 960 0.0006
960 961 0.0087
962 961 0.0198
963 961 0.0032
961 962 0.0198
963 962 0.0078
1360 962 0.0062
961 963 0.0032
962 963 0.0078
1364 963 0.0012
334 964 0.0118
965 964 0.016
978 964 0.0007
964 965 0.016
966 965 0.0068
970 965 0.0093
973 965 0.0322
954 966 0.0007
965 966 0.0068
967 966 0.006
968 966 0.0056
966 967 0.006
1369 967 0.002
1376 967 0.0039
966 968 0.0056
1368 968 0.0013
1369 968 0.004
948 969 0.0005
965 970 0.0093
971 970 0.0046
972 970 0.0094
970 971 0.0046
972 971 0.0024
1375 971 0.0017
1377 971 0.0023
970 972 0.0094
971 972 0.0024
973 972 0.0099
987 972 0.0009
965 973 0.0322
972 973 0.0099
974 973 0.0008
973 974 0.0008
975 974 0.0013
987 974 0.0092
329 975 0.0022
974 975 0.0013
976 975 0.0008
977 975 0.0009
985 975 0.0002
332 976 0.0003
334 976 0.0017
975 976 0.0008
977 976 0.0003
975 977 0.0009
976 977 0.0003
978 977 0.0026
964 978 0.0007
977 978 0.0026
979 978 0.0004
978 979 0.0004
304 980 0.0041
327 980 0.0062
981 980 0.0019
306 981 0.0005
327 981 0.0008
980 981 0.0019
300 982 0.0003
304 982 0.0012
326 982 0.0002
983 982 0.0075
329 983 0.0006
982 983 0.0075
984 983 0.0005
983 984 0.0005
975 985 0.0002
299 986 0.0014
987 986 0.0007
989 986 0.0008
972 987 0.0009
974 987 0.0092
986 987 0.0007
299 988 0.0018
991 988 0.0024
1376 988 0.0005
986 989 0.0008
294 990 0.0003
988 991 0.0024
298 992 0.0011
298 993 0.0041
276 994 0.01
995 994 0.0154
1003 994 0.0011
994 995 0.0154
996 995 0.0203
1001 995 0.0046
298 996 0.0004
995 996 0.0203
997 996 0.0043
999 996 0.0021
996 997 0.0043
998 997 0.0023
1000 997 0.0055
997 998 0.0023
996 999 0.0021
997 1000 0.0055
995 1001 0.0046
1002 1001 0.0015
1010 1001 0.001
1001 1002 0.0015
276 1003 0.0011
994 1003 0.0011
1004 1003 0.0009
1003 1004 0.0009
287 1005 0.002
288 1005 0.0021
302 1005 0.0203
275 1006 0.0015
231 1007 0.0003
228 1008 0.0002
229 1009 0.001
1001 1010 0.001
224 1011 0.0005
224 1012 0.008
1013 1012 0.0056
1378 1012 0.0005
1012 1013 0.0056
216 1014 0.0024
1015 1014 0.0006
1016 1014 0.0008
1014 1015 0.0006
1014 1016 0.0008
220 1017 0.0002
209 1018 0.0016
1019 1018 0.0011
1023 1018 0.0003
1018 1019 0.0011
209 1020 0.0016
1021 1020 0.0151
1398 1020 0.0007
1020 1021 0.0151
1022 1021 0.0077
1023 1021 0.0037
1021 1022 0.0077
1018 1023 0.0003
1021 1023 0.0037
1399 1023 0.0004
165 1024 0.0004
165 1025 0.0106
1026 1025 0.0062
1061 1025 0.0013
1396 1025 0.0142
1025 1026 0.0062
1027 1026 0.0309
1389 1026 0.0003
1026 1027 0.0309
1028 1027 0.0057
1030 1027 0.0004
1027 1028 0.0057
1029 1028 0.0008
1390 1028 0.0004
1028 1029 0.0008
1027 1030 0.0004
168 1031 0.0005
171 1031 0.0002
1032 1031 0.0011
1031 1032 0.0011
1033 1032 0.0028
1397 1032 0.0015
1032 1033 0.0028
1036 1034 0.0002
1037 1034 0.0004
1038 1034 0.0005
1040 1034 0.0005
1393 1034 0.0003
113 1035 0.0016
1036 1035 0.0002
1045 1035 0.0011
1034 1036 0.0002
1035 1036 0.0002
1393 1036 0.0005
1034 1037 0.0004
1034 1038 0.0005
157 1039 0.0002
113 1040 0.0005
159 1040 0.0003
1034 1040 0.0005
153 1041 0.0013
115 1042 0.0011
111 1043 0.0007
111 1044 0.0006
80 1045 0.0001
1035 1045 0.0011
1046 1045 0.0008
1045 1046 0.0008
84 1047 0.0025
682 1047 0.0002
1048 1047 0.0008
1049 1047 0.0008
1047 1048 0.0008
1047 1049 0.0008
1050 1049 0.0014
1054 1049 0.0011
1055 1049 0.0006
1049 1050 0.0014
82 1051 0.0002
82 1052 0.0023
1053 1052 0.0002
1055 1052 0.0009
1056 1052 0.0004
1052 1053 0.0002
1049 1054 0.0011
84 1055 0.0014
1049 1055 0.0006
1052 1055 0.0009
1052 1056 0.0004
52 1057 0.0012
5 1058 0.0005
210 1059 0.0003
1060 1059 0.0002
1061 1059 0.0002
1059 1060 0.0002
1061 1060 0.0005
1383 1060 0.0017
1396 1060 0.0004
1025 1061 0.0013
1059 1061 0.0002
1060 1061 0.0005
1396 1061 0.0009
778 1062 0.0007
737 1063 0.0002
782 1063 0.0197
1064 1063 0.0096
1063 1064 0.0096
1065 1064 0.001
1067 1064 0.0036
778 1065 0.0012
1064 1065 0.001
1066 1065 0.0003
1076 1065 0.0002
1065 1066 0.0003
1064 1067 0.0036
1072 1067 0.0028
1075 1067 0.0038
1076 1067 0.0028
779 1068 0.0019
1069 1068 0.0094
1070 1068 0.0021
1071 1068 0.0135
1068 1069 0.0094
1073 1069 0.0013
1079 1069 0.0005
782 1070 0.0055
1068 1070 0.0021
1071 1070 0.0027
1068 1071 0.0135
1070 1071 0.0027
1072 1071 0.0022
1067 1072 0.0028
1071 1072 0.0022
1075 1072 0.0021
1069 1073 0.0013
1074 1073 0.0002
1083 1073 0.0006
1085 1073 0.0003
1096 1073 0.0003
778 1074 0.0004
1073 1074 0.0002
1087 1074 0.0039
1067 1075 0.0038
1072 1075 0.0021
1076 1075 0.0002
1065 1076 0.0002
1067 1076 0.0028
1075 1076 0.0002
1077 1076 0.0012
1076 1077 0.0012
780 1078 0.002
781 1078 0.0088
1079 1078 0.0034
1081 1078 0.0008
1069 1079 0.0005
1078 1079 0.0034
1080 1079 0.0007
1079 1080 0.0007
1078 1081 0.0008
781 1082 0.0003
790 1082 0.0004
1083 1082 0.0005
1097 1082 0.0102
1073 1083 0.0006
1082 1083 0.0005
1084 1083 0.0013
1083 1084 0.0013
1085 1084 0.0006
1097 1084 0.0016
1102 1084 0.0015
1073 1085 0.0003
1084 1085 0.0006
1086 1085 0.0003
1096 1085 0.0005
1085 1086 0.0003
1074 1087 0.0039
1088 1087 0.0031
1092 1087 0.0002
1087 1088 0.0031
1089 1088 0.0045
1096 1088 0.0007
1088 1089 0.0045
1090 1089 0.003
1094 1089 0.0002
1089 1090 0.003
1091 1090 0.0012
1093 1090 0.0016
1090 1091 0.0012
1087 1092 0.0002
1090 1093 0.0016
1089 1094 0.0002
1095 1094 0.0034
1096 1094 0.0002
1094 1095 0.0034
1099 1095 0.0069
1103 1095 0.0006
1104 1095 0.0019
1073 1096 0.0003
1085 1096 0.0005
1088 1096 0.0007
1094 1096 0.0002
1082 1097 0.0102
1084 1097 0.0016
1098 1097 0.0009
790 1098 0.0153
1097 1098 0.0009
1099 1098 0.008
1095 1099 0.0069
1098 1099 0.008
1100 1099 0.0037
1099 1100 0.0037
1101 1100 0.0037
1105 1100 0.0024
1109 1100 0.0018
790 1101 0.0036
1100 1101 0.0037
1106 1101 0.0011
1111 1101 0.0018
1084 1102 0.0015
1095 1103 0.0006
1095 1104 0.0019
1100 1105 0.0024
797 1106 0.0052
1101 1106 0.0011
1107 1106 0.0003
1106 1107 0.0003
1108 1107 0.0009
1111 1107 0.0006
1107 1108 0.0009
1109 1108 0.004
1112 1108 0.0043
1100 1109 0.0018
1108 1109 0.004
1110 1109 0.0013
1111 1109 0.0069
1109 1110 0.0013
1101 1111 0.0018
1107 1111 0.0006
1109 1111 0.0069
1108 1112 0.0043
798 1113 0.0021
1114 1113 0.0017
1119 1113 0.0005
1113 1114 0.0017
1115 1114 0.0006
1121 1114 0.0029
1114 1115 0.0006
1116 1115 0.0019
1118 1115 0.0006
1115 1116 0.0019
1117 1116 0.0007
1381 1116 0.0079
1116 1117 0.0007
1118 1117 0.0027
1124 1117 0.0012
1382 1117 0.0007
798 1118 0.0062
1115 1118 0.0006
1117 1118 0.0027
1120 1118 0.0006
1113 1119 0.0005
1118 1120 0.0006
1114 1121 0.0029
1122 1121 0.0008
1123 1121 0.0008
1121 1122 0.0008
1121 1123 0.0008
1117 1124 0.0012
799 1125 0.0048
1126 1125 0.0047
1131 1125 0.0013
1125 1126 0.0047
1127 1126 0.0048
1130 1126 0.0004
1126 1127 0.0048
1128 1127 0.0038
1129 1127 0.0056
1127 1128 0.0038
1127 1129 0.0056
1126 1130 0.0004
1125 1131 0.0013
799 1132 0.004
1133 1132 0.0047
1140 1132 0.0002
1132 1133 0.0047
1134 1133 0.0015
1135 1133 0.0045
1133 1134 0.0015
1133 1135 0.0045
1136 1135 0.0032
1140 1135 0.0006
803 1136 0.0045
1135 1136 0.0032
1137 1136 0.0018
1136 1137 0.0018
1138 1137 0.0025
1139 1137 0.001
1137 1138 0.0025
1137 1139 0.001
802 1140 0.0062
1132 1140 0.0002
1135 1140 0.0006
803 1141 0.0048
1142 1141 0.002
1145 1141 0.001
1141 1142 0.002
1143 1142 0.0097
1145 1142 0.002
1142 1143 0.0097
1144 1143 0.008
1146 1143 0.003
1143 1144 0.008
1141 1145 0.001
1142 1145 0.002
1146 1145 0.0043
1143 1146 0.003
1145 1146 0.0043
1147 1146 0.0027
1146 1147 0.0027
1148 1147 0.0123
1151 1147 0.0007
804 1148 0.0047
1147 1148 0.0123
1149 1148 0.0022
1148 1149 0.0022
1153 1149 0.0011
1155 1149 0.0043
1151 1150 0.0017
1155 1150 0.0036
1156 1150 0.0012
1161 1150 0.001
1147 1151 0.0007
1150 1151 0.0017
1160 1151 0.0023
822 1152 0.004
831 1152 0.0012
1153 1152 0.0017
1149 1153 0.0011
1152 1153 0.0017
1154 1153 0.0035
831 1154 0.0019
1153 1154 0.0035
1155 1154 0.0005
1149 1155 0.0043
1150 1155 0.0036
1154 1155 0.0005
829 1156 0.0015
1150 1156 0.0012
1157 1156 0.0014
1156 1157 0.0014
829 1158 0.0005
828 1159 0.0005
1151 1160 0.0023
1150 1161 0.001
834 1162 0.0021
1163 1162 0.0071
1164 1162 0.0199
1166 1162 0.0078
1162 1163 0.0071
1162 1164 0.0199
834 1165 0.0121
1166 1165 0.0006
1168 1165 0.0034
1162 1166 0.0078
1165 1166 0.0006
1167 1166 0.02
836 1167 0.0033
1166 1167 0.02
1168 1167 0.0037
833 1168 0.0011
1165 1168 0.0034
1167 1168 0.0037
838 1169 0.0246
1170 1169 0.0158
1175 1169 0.001
1169 1170 0.0158
1171 1170 0.0018
1174 1170 0.0006
1170 1171 0.0018
1172 1171 0.0022
1173 1171 0.0017
1171 1172 0.0022
1171 1173 0.0017
1170 1174 0.0006
838 1175 0.0002
1169 1175 0.001
1176 1175 0.002
1175 1176 0.002
837 1177 0.0006
837 1178 0.0084
1179 1178 0.001
1192 1178 0.0008
1178 1179 0.001
1180 1179 0.0024
1193 1179 0.0021
1179 1180 0.0024
1181 1180 0.0085
1183 1180 0.0021
1180 1181 0.0085
1182 1181 0.0247
1185 1181 0.0169
1181 1182 0.0247
839 1183 0.0023
1180 1183 0.0021
1184 1183 0.0021
1183 1184 0.0021
1185 1184 0.0015
1189 1184 0.0035
856 1185 0.0131
1181 1185 0.0169
1184 1185 0.0015
839 1186 0.0031
840 1186 0.0002
1187 1186 0.0008
1186 1187 0.0008
1188 1187 0.0064
1191 1187 0.0023
1187 1188 0.0064
1189 1188 0.0026
1191 1188 0.0013
854 1189 0.0011
1184 1189 0.0035
1188 1189 0.0026
1190 1189 0.0013
1189 1190 0.0013
852 1191 0.0011
1187 1191 0.0023
1188 1191 0.0013
1178 1192 0.0008
1179 1193 0.0021
855 1194 0.0046
851 1195 0.003
1196 1195 0.0086
1197 1195 0.0159
1195 1196 0.0086
1195 1197 0.0159
1198 1197 0.0255
1203 1197 0.0134
1197 1198 0.0255
1199 1198 0.0176
1201 1198 0.0174
1202 1198 0.0256
1198 1199 0.0176
1200 1199 0.018
1204 1199 0.0137
1205 1199 0.0352
1199 1200 0.018
1198 1201 0.0174
1198 1202 0.0256
1197 1203 0.0134
1199 1204 0.0137
1199 1205 0.0352
850 1206 0.0108
1207 1206 0.0031
1209 1206 0.0054
1206 1207 0.0031
856 1208 0.0133
1206 1209 0.0054
849 1210 0.0035
858 1211 0.0117
858 1212 0.0114
507 1213 0.0042
876 1214 0.0148
877 1215 0.0135
877 1216 0.0114
452 1217 0.0107
878 1217 0.0052
1218 1217 0.0121
1217 1218 0.0121
1219 1218 0.0063
1224 1218 0.0133
1218 1219 0.0063
1220 1219 0.0151
1221 1219 0.0078
1219 1220 0.0151
1219 1221 0.0078
879 1222 0.0048
1223 1222 0.0065
1228 1222 0.008
1222 1223 0.0065
1218 1224 0.0133
1225 1224 0.0074
1226 1224 0.0065
1224 1225 0.0074
1224 1226 0.0065
900 1227 0.0023
1222 1228 0.008
894 1229 0.0012
1230 1229 0.0066
1231 1229 0.0037
1229 1230 0.0066
892 1231 0.002
1229 1231 0.0037
1232 1231 0.0088
1231 1232 0.0088
1233 1232 0.008
1235 1232 0.0005
1237 1232 0.0026
1232 1233 0.008
1234 1233 0.0007
1236 1233 0.0016
1233 1234 0.0007
1232 1235 0.0005
1233 1236 0.0016
1232 1237 0.0026
890 1238 0.0009
1239 1238 0.0005
1255 1238 0.0015
1238 1239 0.0005
887 1240 0.0027
1241 1240 0.0048
1244 1240 0.0052
1240 1241 0.0048
1242 1241 0.0087
1244 1241 0.0062
1241 1242 0.0087
1243 1242 0.0008
1246 1242 0.0017
1242 1243 0.0008
1240 1244 0.0052
1241 1244 0.0062
1245 1244 0.003
1244 1245 0.003
1242 1246 0.0017
1247 1246 0.0008
1250 1246 0.0025
1246 1247 0.0008
1248 1247 0.0013
1249 1247 0.0008
1247 1248 0.0013
1247 1249 0.0008
889 1250 0.0079
1246 1250 0.0025
1251 1250 0.024
1250 1251 0.024
1252 1251 0.0038
1256 1251 0.024
1251 1252 0.0038
1253 1252 0.001
1254 1252 0.0004
1252 1253 0.001
1252 1254 0.0004
1238 1255 0.0015
1251 1256 0.024
1257 1256 0.0087
1262 1256 0.0042
1256 1257 0.0087
1258 1257 0.004
1261 1257 0.0027
1257 1258 0.004
1259 1258 0.0019
1260 1258 0.0009
1258 1259 0.0019
1258 1260 0.0009
1257 1261 0.0027
1256 1262 0.0042
1263 1262 0.0046
1264 1262 0.0064
1262 1263 0.0046
1262 1264 0.0064
889 1265 0.0036
1266 1265 0.0051
1270 1265 0.0004
1265 1266 0.0051
1267 1266 0.0099
1268 1266 0.0073
1269 1266 0.0028
1266 1267 0.0099
1266 1268 0.0073
1266 1269 0.0028
1265 1270 0.0004
901 1271 0.0314
1272 1271 0.018
1277 1271 0.0031
1271 1272 0.018
1273 1272 0.0026
1293 1272 0.0007
1272 1273 0.0026
1274 1273 0.004
1297 1273 0.0006
1273 1274 0.004
1275 1274 0.0057
1276 1274 0.0028
1274 1275 0.0057
1274 1276 0.0028
1271 1277 0.0031
1278 1277 0.0011
1280 1277 0.0007
1293 1277 0.0007
1277 1278 0.0011
1279 1278 0.0015
1293 1278 0.0012
1278 1279 0.0015
1277 1280 0.0007
901 1281 0.0017
1282 1281 0.0054
1284 1281 0.0007
1281 1282 0.0054
1283 1282 0.0007
1285 1282 0.001
1282 1283 0.0007
905 1284 0.0031
1281 1284 0.0007
1285 1284 0.0524
1282 1285 0.001
1284 1285 0.0524
1286 1285 0.0351
1285 1286 0.0351
1287 1286 0.0062
1292 1286 0.0017
1286 1287 0.0062
1290 1287 0.0056
1295 1287 0.0045
1289 1288 0.003
1290 1288 0.0096
1295 1288 0.0103
1288 1289 0.003
1287 1290 0.0056
1288 1290 0.0096
1291 1290 0.0015
1290 1291 0.0015
1286 1292 0.0017
1272 1293 0.0007
1277 1293 0.0007
1278 1293 0.0012
1294 1293 0.0008
1293 1294 0.0008
1287 1295 0.0045
1288 1295 0.0103
1296 1295 0.0004
1295 1296 0.0004
1273 1297 0.0006
905 1298 0.0015
1299 1298 0.0036
1307 1298 0.0108
1298 1299 0.0036
1300 1299 0.009
1310 1299 0.0048
1299 1300 0.009
1301 1300 0.0058
1310 1300 0.0065
1300 1301 0.0058
1302 1301 0.0773
1309 1301 0.0226
1312 1301 0.0196
1301 1302 0.0773
1303 1302 0.0032
1309 1302 0.015
1327 1302 0.0042
1302 1303 0.0032
1304 1303 0.0017
1308 1303 0.0082
1324 1303 0.0127
1303 1304 0.0017
1305 1304 0.0017
1323 1304 0.0012
1324 1304 0.0028
1332 1304 0.0016
933 1305 0.0023
1304 1305 0.0017
1306 1305 0.0472
1305 1306 0.0472
1307 1306 0.0139
1308 1306 0.0341
884 1307 0.0023
1298 1307 0.0108
1306 1307 0.0139
1303 1308 0.0082
1306 1308 0.0341
1309 1308 0.0147
1301 1309 0.0226
1302 1309 0.015
1308 1309 0.0147
1299 1310 0.0048
1300 1310 0.0065
1311 1310 0.0029
1310 1311 0.0029
1301 1312 0.0196
1313 1312 0.0344
1327 1312 0.0352
1312 1313 0.0344
1314 1313 0.0028
1315 1313 0.0122
1313 1314 0.0028
1313 1315 0.0122
1316 1315 0.0037
1320 1315 0.0011
1315 1316 0.0037
937 1317 0.0053
1318 1317 0.004
1323 1317 0.0029
1317 1318 0.004
1319 1318 0.0015
1325 1318 0.0009
1318 1319 0.0015
1320 1319 0.0037
1321 1319 0.0014
1315 1320 0.0011
1319 1320 0.0037
1321 1320 0.0048
1319 1321 0.0014
1320 1321 0.0048
1322 1321 0.0025
1321 1322 0.0025
1334 1322 0.0011
1346 1322 0.0055
1304 1323 0.0012
1317 1323 0.0029
1324 1323 0.0008
1328 1323 0.0004
1303 1324 0.0127
1304 1324 0.0028
1323 1324 0.0008
1325 1324 0.0111
1326 1324 0.0067
1318 1325 0.0009
1324 1325 0.0111
1326 1325 0.0014
1324 1326 0.0067
1325 1326 0.0014
1327 1326 0.0039
1302 1327 0.0042
1312 1327 0.0352
1326 1327 0.0039
936 1328 0.0164
1323 1328 0.0004
1329 1328 0.0066
1328 1329 0.0066
1330 1329 0.0011
1333 1329 0.0006
1329 1330 0.0011
1331 1330 0.0007
1333 1330 0.0005
933 1331 0.0012
1330 1331 0.0007
1332 1331 0.0014
1304 1332 0.0016
1331 1332 0.0014
1333 1332 0.0004
1329 1333 0.0006
1330 1333 0.0005
1332 1333 0.0004
937 1334 0.0025
1322 1334 0.0011
1335 1334 0.0289
1334 1335 0.0289
1336 1335 0.0028
1338 1335 0.0031
1335 1336 0.0028
1337 1336 0.0052
1338 1336 0.0048
1343 1336 0.0013
1336 1337 0.0052
1335 1338 0.0031
1336 1338 0.0048
1339 1338 0.0007
935 1339 0.0066
1338 1339 0.0007
1340 1339 0.0231
1339 1340 0.0231
1341 1340 0.003
1345 1340 0.0067
1347 1340 0.0007
1340 1341 0.003
1342 1341 0.0236
1357 1341 0.0003
1341 1342 0.0236
1336 1343 0.0013
942 1344 0.0031
959 1344 0.0021
1345 1344 0.0012
1340 1345 0.0067
1344 1345 0.0012
1351 1345 0.0034
1322 1346 0.0055
1340 1347 0.0007
956 1348 0.0006
957 1348 0.0064
959 1348 0.0688
959 1349 0.0157
1350 1349 0.0113
1351 1349 0.0023
1358 1349 0.0078
1349 1350 0.0113
1351 1350 0.0069
1354 1350 0.0183
1345 1351 0.0034
1349 1351 0.0023
1350 1351 0.0069
1352 1351 0.0067
1351 1352 0.0067
1353 1352 0.008
1354 1352 0.003
1352 1353 0.008
1350 1354 0.0183
1352 1354 0.003
1355 1354 0.0171
1354 1355 0.0171
1356 1355 0.0045
1358 1355 0.0029
1355 1356 0.0045
1341 1357 0.0003
958 1358 0.0021
1349 1358 0.0078
1355 1358 0.0029
958 1359 0.0029
962 1360 0.0062
1361 1360 0.0011
1362 1360 0.0079
1360 1361 0.0011
1360 1362 0.0079
1363 1362 0.0116
1364 1362 0.001
1365 1362 0.023
1362 1363 0.0116
963 1364 0.0012
1362 1364 0.001
1365 1364 0.0025
1362 1365 0.023
1364 1365 0.0025
1366 1365 0.0102
1365 1366 0.0102
960 1367 0.0006
968 1368 0.0013
967 1369 0.002
968 1369 0.004
1370 1369 0.0058
1372 1369 0.0057
1369 1370 0.0058
1371 1370 0.0017
1374 1370 0.0023
1370 1371 0.0017
1369 1372 0.0057
1373 1372 0.0041
1376 1372 0.0031
1372 1373 0.0041
1370 1374 0.0023
971 1375 0.0017
967 1376 0.0039
988 1376 0.0005
1372 1376 0.0031
971 1377 0.0023
1012 1378 0.0005
787 1379 0.0003
804 1380 0.0014
1116 1381 0.0079
1117 1382 0.0007
1060 1383 0.0017
1384 1383 0.0005
1391 1383 0.0012
1392 1383 0.0004
1383 1384 0.0005
1385 1384 0.0011
1388 1384 0.0002
1384 1385 0.0011
1386 1385 0.0003
1387 1385 0.0003
1385 1386 0.0003
1385 1387 0.0003
1384 1388 0.0002
1026 1389 0.0003
1028 1390 0.0004
1383 1391 0.0012
1383 1392 0.0004
1034 1393 0.0003
1036 1393 0.0005
1394 1393 0.0004
1395 1393 0.0003
1393 1394 0.0004
1393 1395 0.0003
1025 1396 0.0142
1060 1396 0.0004
1061 1396 0.0009
1032 1397 0.0015
1020 1398 0.0007
1023 1399 0.0004
