2 1 0.0025
13 1 0.0007
35 1 0.0005
53 1 0.004
80 1 0.0001
86 1 0.0021
190 1 0.0001
199 1 0.0001
200 1 0.0001
202 1 0.0001
227 1 0.0028
229 1 0.0001
244 1 0.0023
402 1 0.0
1 2 0.0025
3 2 0.0004
13 2 0.0006
128 2 0.0001
2 3 0.0004
4 3 0.0004
13 3 0.002
22 3 0.0005
3 4 0.0004
5 4 0.003
7 4 0.0007
4 5 0.003
6 5 0.0005
7 5 0.001
5 6 0.0005
4 7 0.0007
5 7 0.001
8 7 0.0006
7 8 0.0006
10 8 0.0003
11 8 0.0013
42 9 0.0002
395 9 0.0001
644 9 0.0002
8 10 0.0003
8 11 0.0013
12 11 0.0005
125 11 0.0001
11 12 0.0005
1 13 0.0007
2 13 0.0006
3 13 0.002
14 13 0.0015
13 14 0.0015
15 14 0.0007
22 14 0.0006
44 14 0.0006
14 15 0.0007
16 15 0.0018
18 15 0.0003
15 16 0.0018
643 17 0.0001
15 18 0.0003
132 18 0.0002
141 18 0.0002
59 19 0.0001
59 20 0.0001
148 20 0.0001
451 20 0.0001
265 21 0.0002
3 22 0.0005
14 22 0.0006
23 22 0.0016
22 23 0.0016
26 23 0.0002
28 23 0.0002
29 23 0.001
40 24 0.0
43 24 0.0003
257 24 0.0001
275 25 0.0002
23 26 0.0002
451 27 0.0001
23 28 0.0002
23 29 0.001
30 29 0.0002
32 29 0.001
29 30 0.0002
31 30 0.0012
124 30 0.0001
30 31 0.0012
29 32 0.001
33 32 0.0007
34 32 0.0003
106 32 0.0004
32 33 0.0007
91 33 0.0002
131 33 0.0001
32 34 0.0003
109 34 0.0008
117 34 0.0003
1 35 0.0005
36 35 0.0007
153 35 0.0001
35 36 0.0007
37 36 0.003
38 36 0.0006
36 37 0.003
38 37 0.0014
44 37 0.0003
36 38 0.0006
37 38 0.0014
39 38 0.0016
38 39 0.0016
41 39 0.0003
47 39 0.0006
24 40 0.0
78 40 0.0003
244 40 0.0001
39 41 0.0003
95 41 0.0002
219 41 0.0004
9 42 0.0002
59 42 0.0004
451 42 0.0
24 43 0.0003
224 43 0.0001
401 43 0.0001
14 44 0.0006
37 44 0.0003
45 44 0.0017
44 45 0.0017
47 45 0.0005
48 45 0.0005
401 46 0.0003
39 47 0.0006
45 47 0.0005
48 47 0.0003
45 48 0.0005
47 48 0.0003
49 48 0.0017
48 49 0.0017
51 49 0.0004
101 49 0.0001
509 50 0.0001
49 51 0.0004
142 51 0.0001
150 51 0.0003
142 52 0.0004
149 52 0.0002
150 52 0.0019
1 53 0.004
54 53 0.0001
70 53 0.0001
53 54 0.0001
55 54 0.0012
62 54 0.0002
54 55 0.0012
56 55 0.0003
62 55 0.0003
70 55 0.0006
55 56 0.0003
58 56 0.0003
72 56 0.0002
207 57 0.0001
213 57 0.0002
290 57 0.0005
56 58 0.0003
61 58 0.0001
269 58 0.0003
19 59 0.0001
20 59 0.0001
42 59 0.0004
265 59 0.0003
196 60 0.0002
257 60 0.0003
262 60 0.0001
58 61 0.0001
54 62 0.0002
55 62 0.0003
64 62 0.0003
262 63 0.0002
62 64 0.0003
66 64 0.0004
269 64 0.0002
168 65 0.0001
262 65 0.0002
290 65 0.0002
64 66 0.0004
67 66 0.0005
69 66 0.0006
66 67 0.0005
278 68 0.0002
282 68 0.0003
286 68 0.0001
66 69 0.0006
53 70 0.0001
55 70 0.0006
71 70 0.0008
70 71 0.0008
72 71 0.0003
77 71 0.0009
56 72 0.0002
71 72 0.0003
73 72 0.0006
72 73 0.0006
74 73 0.0006
77 73 0.0004
73 74 0.0006
76 74 0.0004
81 74 0.0001
209 74 0.0004
282 75 0.0001
506 75 0.0002
507 75 0.0002
74 76 0.0004
71 77 0.0009
73 77 0.0004
79 77 0.0008
227 77 0.0002
40 78 0.0003
208 78 0.0004
248 78 0.0003
77 79 0.0008
1 80 0.0001
82 80 0.0001
83 80 0.0001
74 81 0.0001
84 81 0.0002
225 81 0.0002
227 81 0.0004
80 82 0.0001
83 82 0.0005
115 82 0.0001
80 83 0.0001
82 83 0.0005
229 83 0.0002
81 84 0.0002
85 84 0.0003
87 84 0.0007
89 84 0.0002
84 85 0.0003
316 85 0.0006
318 85 0.0004
1 86 0.0021
87 86 0.0001
613 86 0.0001
84 87 0.0007
86 87 0.0001
88 87 0.0002
87 88 0.0002
84 89 0.0002
90 89 0.0003
181 89 0.0002
89 90 0.0003
33 91 0.0002
93 91 0.0001
126 91 0.0003
613 92 0.0001
91 93 0.0001
406 93 0.0001
411 93 0.0001
644 94 0.0001
41 95 0.0002
96 95 0.0006
100 95 0.0002
95 96 0.0006
98 96 0.0007
188 96 0.0001
230 97 0.0001
96 98 0.0007
99 98 0.0004
169 98 0.0007
98 99 0.0004
95 100 0.0002
49 101 0.0001
103 101 0.0002
104 101 0.0002
594 102 0.0002
595 102 0.0008
610 102 0.0006
647 102 0.0001
101 103 0.0002
101 104 0.0002
105 104 0.0002
579 104 0.0001
104 105 0.0002
146 105 0.0001
583 105 0.0002
32 106 0.0004
107 106 0.0002
108 106 0.0001
106 107 0.0002
106 108 0.0001
34 109 0.0008
110 109 0.0005
117 109 0.001
109 110 0.0005
111 110 0.0002
116 110 0.0001
110 111 0.0002
112 111 0.0002
114 111 0.0001
111 112 0.0002
627 113 0.0
111 114 0.0001
82 115 0.0001
110 116 0.0001
418 116 0.0002
421 116 0.0001
422 116 0.0002
34 117 0.0003
109 117 0.001
118 117 0.0003
117 118 0.0003
119 118 0.0004
137 118 0.0002
118 119 0.0004
426 120 0.0002
426 121 0.0004
123 122 0.0002
122 123 0.0002
395 123 0.0006
428 123 0.0001
30 124 0.0001
11 125 0.0001
91 126 0.0003
127 126 0.0007
439 126 0.0001
126 127 0.0007
404 127 0.0004
405 127 0.0004
2 128 0.0001
129 128 0.0001
402 128 0.0001
128 129 0.0001
234 130 0.0001
33 131 0.0001
18 132 0.0002
133 132 0.0027
136 132 0.0001
139 132 0.0001
132 133 0.0027
134 133 0.0002
137 133 0.0001
133 134 0.0002
483 135 0.0001
132 136 0.0001
590 136 0.001
600 136 0.0002
118 137 0.0002
133 137 0.0001
598 137 0.0001
599 137 0.0002
140 138 0.0001
537 138 0.0003
538 138 0.0005
132 139 0.0001
593 139 0.0001
603 139 0.0001
138 140 0.0001
18 141 0.0002
144 141 0.0001
612 141 0.0
51 142 0.0001
52 142 0.0004
143 142 0.0003
146 142 0.0001
142 143 0.0003
141 144 0.0001
584 144 0.0002
587 144 0.0001
275 145 0.0001
105 146 0.0001
142 146 0.0001
147 146 0.0004
146 147 0.0004
179 147 0.0001
184 147 0.0001
584 147 0.0006
20 148 0.0001
52 149 0.0002
51 150 0.0003
52 150 0.0019
151 150 0.0002
150 151 0.0002
616 152 0.0001
35 153 0.0001
154 153 0.0001
238 153 0.0001
153 154 0.0001
185 154 0.0001
212 154 0.0002
156 155 0.0003
263 155 0.0002
316 155 0.0005
155 156 0.0003
157 156 0.0011
264 156 0.0003
156 157 0.0011
159 157 0.0003
162 157 0.0004
628 158 0.0
157 159 0.0003
160 159 0.0004
295 159 0.0001
159 160 0.0004
264 161 0.0006
157 162 0.0004
163 162 0.0003
264 162 0.0006
162 163 0.0003
164 163 0.0023
263 163 0.0001
163 164 0.0023
165 164 0.0005
175 164 0.0001
281 164 0.0002
164 165 0.0005
166 165 0.0003
175 165 0.0002
165 166 0.0003
167 166 0.0001
174 166 0.0
166 167 0.0001
170 167 0.0002
366 167 0.0001
65 168 0.0001
98 169 0.0007
186 169 0.0002
298 169 0.0003
611 169 0.0003
167 170 0.0002
171 170 0.0003
172 170 0.0001
170 171 0.0003
170 172 0.0001
173 172 0.0003
340 172 0.0004
172 173 0.0003
166 174 0.0
332 174 0.0
333 174 0.0004
164 175 0.0001
165 175 0.0002
176 175 0.0001
177 175 0.0001
175 176 0.0001
175 177 0.0001
178 177 0.0001
331 177 0.0
177 178 0.0001
147 179 0.0001
585 180 0.0004
89 181 0.0002
183 181 0.0002
288 181 0.0001
585 182 0.0002
181 183 0.0002
284 183 0.0001
287 183 0.0
147 184 0.0001
154 185 0.0001
169 186 0.0002
187 186 0.0003
189 186 0.0005
449 186 0.0001
186 187 0.0003
96 188 0.0001
186 189 0.0005
1 190 0.0001
193 190 0.0001
194 190 0.0001
192 191 0.0004
215 191 0.0001
254 191 0.0001
191 192 0.0004
190 193 0.0001
190 194 0.0001
195 194 0.0001
198 194 0.0001
194 195 0.0001
60 196 0.0002
254 197 0.0003
194 198 0.0001
353 198 0.0005
400 198 0.0002
1 199 0.0001
201 199 0.0001
204 199 0.0001
1 200 0.0001
203 200 0.0001
350 200 0.0002
371 200 0.0
199 201 0.0001
207 201 0.0002
214 201 0.0001
1 202 0.0001
200 203 0.0001
205 203 0.0002
356 203 0.0009
199 204 0.0001
203 205 0.0002
206 205 0.0001
372 205 0.0001
205 206 0.0001
349 206 0.0001
362 206 0.0002
57 207 0.0001
201 207 0.0002
213 207 0.0002
78 208 0.0004
211 208 0.0004
213 208 0.0004
74 209 0.0004
210 209 0.0004
216 209 0.0001
209 210 0.0004
208 211 0.0004
154 212 0.0002
57 213 0.0002
207 213 0.0002
208 213 0.0004
201 214 0.0001
191 215 0.0001
209 216 0.0001
217 216 0.0006
266 216 0.0002
283 216 0.0001
216 217 0.0006
218 217 0.001
267 217 0.0006
217 218 0.001
221 218 0.0004
239 218 0.0013
41 219 0.0004
245 219 0.0001
394 219 0.0003
221 220 0.0004
271 220 0.0002
276 220 0.0001
218 221 0.0004
220 221 0.0004
222 221 0.0002
221 222 0.0002
223 222 0.0004
270 222 0.0001
222 223 0.0004
43 224 0.0001
81 225 0.0002
226 225 0.0003
316 225 0.0009
225 226 0.0003
1 227 0.0028
77 227 0.0002
81 227 0.0004
510 228 0.0001
1 229 0.0001
83 229 0.0002
230 229 0.0009
97 230 0.0001
229 230 0.0009
249 230 0.001
235 231 0.0001
237 231 0.0004
249 231 0.0006
233 232 0.0001
237 232 0.003
250 232 0.0002
232 233 0.0001
234 233 0.0001
261 233 0.0002
130 234 0.0001
233 234 0.0001
486 234 0.0002
231 235 0.0001
236 235 0.0005
455 235 0.0002
235 236 0.0005
241 236 0.0001
454 236 0.0002
231 237 0.0004
232 237 0.003
240 237 0.0
153 238 0.0001
218 239 0.0013
267 239 0.0016
277 239 0.0001
237 240 0.0
452 240 0.0001
459 240 0.0003
236 241 0.0001
242 241 0.0003
464 241 0.0004
465 241 0.0002
241 242 0.0003
243 242 0.0001
471 242 0.0001
242 243 0.0001
457 243 0.0002
483 243 0.0001
1 244 0.0023
40 244 0.0001
246 244 0.0
278 244 0.0001
219 245 0.0001
244 246 0.0
247 246 0.001
255 246 0.0002
246 247 0.001
253 247 0.0001
258 247 0.0004
78 248 0.0003
257 248 0.0002
290 248 0.0003
230 249 0.001
231 249 0.0006
250 249 0.0001
232 250 0.0002
249 250 0.0001
251 250 0.0002
456 250 0.0001
250 251 0.0002
252 251 0.0006
253 251 0.0001
251 252 0.0006
247 253 0.0001
251 253 0.0001
494 253 0.0007
191 254 0.0001
197 254 0.0003
290 254 0.0005
246 255 0.0002
256 255 0.0001
508 255 0.0
255 256 0.0001
505 256 0.0002
512 256 0.0001
24 257 0.0001
60 257 0.0003
248 257 0.0002
247 258 0.0004
259 258 0.0002
260 258 0.0002
258 259 0.0002
260 259 0.0006
517 259 0.0
258 260 0.0002
259 260 0.0006
518 260 0.0001
233 261 0.0002
492 261 0.0001
493 261 0.0001
60 262 0.0001
63 262 0.0002
65 262 0.0002
155 263 0.0002
163 263 0.0001
264 263 0.0002
266 263 0.0002
156 264 0.0003
161 264 0.0006
162 264 0.0006
263 264 0.0002
21 265 0.0002
59 265 0.0003
275 265 0.0003
216 266 0.0002
263 266 0.0002
316 266 0.0002
217 267 0.0006
239 267 0.0016
268 267 0.0007
267 268 0.0007
58 269 0.0003
64 269 0.0002
351 269 0.0001
352 269 0.0001
222 270 0.0001
310 270 0.0004
312 270 0.0003
220 271 0.0002
272 271 0.0025
273 271 0.0003
271 272 0.0025
273 272 0.0004
315 272 0.0001
271 273 0.0003
272 273 0.0004
274 273 0.0005
273 274 0.0005
317 274 0.0003
341 274 0.0
25 275 0.0002
145 275 0.0001
265 275 0.0003
220 276 0.0001
239 277 0.0001
279 277 0.0002
281 277 0.0002
68 278 0.0002
244 278 0.0001
282 278 0.0008
277 279 0.0002
281 279 0.0001
291 279 0.0
502 280 0.0001
164 281 0.0002
277 281 0.0002
279 281 0.0001
68 282 0.0003
75 282 0.0001
278 282 0.0008
216 283 0.0001
183 284 0.0001
285 284 0.0006
302 284 0.0001
284 285 0.0006
292 285 0.0001
303 285 0.0002
68 286 0.0001
507 286 0.0001
510 286 0.0001
183 287 0.0
181 288 0.0001
289 288 0.0
304 288 0.0001
288 289 0.0
57 290 0.0005
65 290 0.0002
248 290 0.0003
254 290 0.0005
279 291 0.0
285 292 0.0001
293 292 0.0001
301 292 0.0001
292 293 0.0001
294 293 0.0002
326 293 0.0002
293 294 0.0002
159 295 0.0001
296 295 0.0002
300 295 0.0001
295 296 0.0002
297 296 0.0001
299 296 0.0001
296 297 0.0001
384 297 0.0001
397 297 0.0
169 298 0.0003
296 299 0.0001
295 300 0.0001
329 300 0.0
390 300 0.0
292 301 0.0001
284 302 0.0001
285 303 0.0002
288 304 0.0001
305 304 0.0005
306 304 0.0007
304 305 0.0005
304 306 0.0007
307 306 0.0001
309 306 0.0003
306 307 0.0001
308 307 0.0002
462 307 0.0002
307 308 0.0002
306 309 0.0003
270 310 0.0004
311 310 0.0001
349 310 0.0002
310 311 0.0001
270 312 0.0003
313 312 0.0003
314 312 0.0003
312 313 0.0003
314 313 0.002
342 313 0.0001
312 314 0.0003
313 314 0.002
348 314 0.0001
272 315 0.0001
85 316 0.0006
155 316 0.0005
225 316 0.0009
266 316 0.0002
274 317 0.0003
319 317 0.0001
320 317 0.0001
85 318 0.0004
317 319 0.0001
325 319 0.0002
379 319 0.0
317 320 0.0001
321 320 0.0006
322 320 0.0001
320 321 0.0006
323 321 0.0001
324 321 0.0001
320 322 0.0001
321 323 0.0001
321 324 0.0001
319 325 0.0002
293 326 0.0002
327 326 0.0001
328 326 0.0001
479 326 0.0002
326 327 0.0001
326 328 0.0001
300 329 0.0
369 329 0.0002
390 329 0.0002
382 330 0.0001
385 330 0.0001
397 330 0.0005
177 331 0.0
174 332 0.0
174 333 0.0004
334 333 0.0001
335 333 0.0004
333 334 0.0001
333 335 0.0004
336 335 0.0003
337 335 0.0008
335 336 0.0003
335 337 0.0008
338 337 0.0005
339 337 0.0001
337 338 0.0005
337 339 0.0001
172 340 0.0004
274 341 0.0
313 342 0.0001
343 342 0.0002
346 342 0.0001
342 343 0.0002
344 343 0.0006
377 343 0.0001
343 344 0.0006
345 344 0.0002
378 344 0.0006
344 345 0.0002
342 346 0.0001
613 347 0.0
314 348 0.0001
206 349 0.0001
310 349 0.0002
376 349 0.0
200 350 0.0002
269 351 0.0001
269 352 0.0001
198 353 0.0005
354 353 0.0007
355 353 0.0006
353 354 0.0007
356 354 0.0
360 354 0.0004
353 355 0.0006
357 355 0.0002
359 355 0.0002
203 356 0.0009
354 356 0.0
361 356 0.0001
355 357 0.0002
358 357 0.0002
359 357 0.0002
357 358 0.0002
355 359 0.0002
357 359 0.0002
373 359 0.0001
354 360 0.0004
356 361 0.0001
206 362 0.0002
363 362 0.0002
364 362 0.0004
365 362 0.0005
362 363 0.0002
362 364 0.0004
362 365 0.0005
167 366 0.0001
367 366 0.0001
368 366 0.0001
366 367 0.0001
366 368 0.0001
329 369 0.0002
370 369 0.0002
389 369 0.0001
369 370 0.0002
200 371 0.0
205 372 0.0001
359 373 0.0001
374 373 0.0004
375 373 0.0004
373 374 0.0004
373 375 0.0004
349 376 0.0
343 377 0.0001
344 378 0.0006
319 379 0.0
380 379 0.0001
381 379 0.0003
379 380 0.0001
379 381 0.0003
330 382 0.0001
383 382 0.0
397 382 0.0001
382 383 0.0
297 384 0.0001
330 385 0.0001
386 385 0.0011
393 385 0.0001
385 386 0.0011
387 386 0.0001
388 386 0.0001
473 386 0.0
386 387 0.0001
386 388 0.0001
369 389 0.0001
300 390 0.0
329 390 0.0002
391 390 0.0001
390 391 0.0001
392 391 0.0001
398 391 0.0001
391 392 0.0001
385 393 0.0001
219 394 0.0003
9 395 0.0001
123 395 0.0006
443 395 0.0002
584 396 0.0001
297 397 0.0
330 397 0.0005
382 397 0.0001
391 398 0.0001
407 399 0.0001
198 400 0.0002
43 401 0.0001
46 401 0.0003
582 401 0.0002
1 402 0.0
128 402 0.0001
403 402 0.0003
438 402 0.0001
402 403 0.0003
127 404 0.0004
127 405 0.0004
93 406 0.0001
407 406 0.0001
408 406 0.0003
399 407 0.0001
406 407 0.0001
437 407 0.0008
406 408 0.0003
409 408 0.0006
410 408 0.0007
408 409 0.0006
434 409 0.0002
436 409 0.0005
408 410 0.0007
93 411 0.0001
412 411 0.0005
433 411 0.0002
411 412 0.0005
413 412 0.0008
417 412 0.0001
412 413 0.0008
414 413 0.0003
416 413 0.0004
413 414 0.0003
415 414 0.0007
432 414 0.0002
414 415 0.0007
430 415 0.0003
431 415 0.0003
413 416 0.0004
412 417 0.0001
116 418 0.0002
419 418 0.0013
427 418 0.0001
418 419 0.0013
420 419 0.0002
427 419 0.0002
419 420 0.0002
116 421 0.0001
116 422 0.0002
423 422 0.001
426 422 0.0001
422 423 0.001
424 423 0.0002
425 423 0.0001
423 424 0.0002
423 425 0.0001
120 426 0.0002
121 426 0.0004
422 426 0.0001
542 426 0.0004
418 427 0.0001
419 427 0.0002
428 427 0.0001
429 427 0.0001
123 428 0.0001
427 428 0.0001
440 428 0.0001
427 429 0.0001
415 430 0.0003
415 431 0.0003
414 432 0.0002
411 433 0.0002
409 434 0.0002
435 434 0.0004
448 434 0.0008
434 435 0.0004
409 436 0.0005
407 437 0.0008
402 438 0.0001
126 439 0.0001
428 440 0.0001
441 440 0.0002
445 440 0.0001
440 441 0.0002
442 441 0.0002
444 441 0.0
446 441 0.0001
441 442 0.0002
395 443 0.0002
441 444 0.0
440 445 0.0001
447 445 0.0
450 445 0.0001
441 446 0.0001
445 447 0.0
434 448 0.0008
186 449 0.0001
445 450 0.0001
20 451 0.0001
27 451 0.0001
42 451 0.0
240 452 0.0001
533 453 0.0001
236 454 0.0002
462 454 0.0002
464 454 0.0001
235 455 0.0002
250 456 0.0001
243 457 0.0002
458 457 0.0003
480 457 0.0002
457 458 0.0003
240 459 0.0003
460 459 0.0001
461 459 0.0003
459 460 0.0001
459 461 0.0003
307 462 0.0002
454 462 0.0002
463 462 0.0007
462 463 0.0007
241 464 0.0004
454 464 0.0001
465 464 0.0008
472 464 0.0003
241 465 0.0002
464 465 0.0008
466 465 0.0002
465 466 0.0002
467 466 0.0012
468 466 0.0002
471 466 0.0004
466 467 0.0012
468 467 0.0002
478 467 0.0002
466 468 0.0002
467 468 0.0002
469 468 0.0005
468 469 0.0005
470 469 0.0001
471 469 0.0001
469 470 0.0001
242 471 0.0001
466 471 0.0004
469 471 0.0001
464 472 0.0003
473 472 0.0003
478 472 0.0002
386 473 0.0
472 473 0.0003
474 473 0.0001
473 474 0.0001
476 475 0.0001
477 475 0.0
478 475 0.0001
475 476 0.0001
475 477 0.0
467 478 0.0002
472 478 0.0002
475 478 0.0001
326 479 0.0002
457 480 0.0002
481 480 0.0002
482 480 0.0002
480 481 0.0002
480 482 0.0002
135 483 0.0001
243 483 0.0001
484 483 0.0
485 483 0.0001
483 484 0.0
483 485 0.0001
234 486 0.0002
487 486 0.0001
488 486 0.0001
486 487 0.0001
491 487 0.0002
529 487 0.0001
486 488 0.0001
489 488 0.0001
490 488 0.0002
488 489 0.0001
530 489 0.0004
531 489 0.0009
488 490 0.0002
522 490 0.0002
526 490 0.0001
487 491 0.0002
261 492 0.0001
498 492 0.0001
535 492 0.0
261 493 0.0001
253 494 0.0007
495 494 0.0003
496 494 0.0001
494 495 0.0003
499 495 0.0002
504 495 0.0
494 496 0.0001
497 496 0.0001
501 496 0.0001
496 497 0.0001
500 497 0.0001
502 497 0.0003
492 498 0.0001
495 499 0.0002
497 500 0.0001
496 501 0.0001
502 501 0.0006
503 501 0.0006
280 502 0.0001
497 502 0.0003
501 502 0.0006
503 502 0.0007
501 503 0.0006
502 503 0.0007
540 503 0.0002
543 503 0.0002
495 504 0.0
256 505 0.0002
506 505 0.0003
511 505 0.0001
75 506 0.0002
505 506 0.0003
507 506 0.0003
75 507 0.0002
286 507 0.0001
506 507 0.0003
509 507 0.0002
255 508 0.0
50 509 0.0001
507 509 0.0002
510 509 0.0001
228 510 0.0001
286 510 0.0001
509 510 0.0001
505 511 0.0001
256 512 0.0001
513 512 0.0001
514 512 0.0001
512 513 0.0001
512 514 0.0001
515 514 0.0001
516 514 0.0001
514 515 0.0001
514 516 0.0001
259 517 0.0
260 518 0.0001
519 518 0.0002
571 518 0.0001
518 519 0.0002
520 519 0.0001
521 519 0.0002
519 520 0.0001
544 520 0.0001
545 520 0.0001
519 521 0.0002
490 522 0.0002
523 522 0.0003
524 522 0.0003
522 523 0.0003
522 524 0.0003
599 525 0.0001
490 526 0.0001
527 526 0.0002
528 526 0.0
526 527 0.0002
526 528 0.0
487 529 0.0001
489 530 0.0004
489 531 0.0009
532 531 0.0004
533 531 0.0001
531 532 0.0004
453 533 0.0001
531 533 0.0001
534 533 0.0003
533 534 0.0003
492 535 0.0
536 535 0.0001
537 535 0.0006
535 536 0.0001
138 537 0.0003
535 537 0.0006
539 537 0.0001
138 538 0.0005
551 538 0.0001
552 538 0.0
553 538 0.0001
537 539 0.0001
548 539 0.0001
550 539 0.0004
503 540 0.0002
541 540 0.0001
546 540 0.0004
555 540 0.0
540 541 0.0001
426 542 0.0004
503 543 0.0002
520 544 0.0001
520 545 0.0001
540 546 0.0004
547 546 0.0001
548 546 0.0003
556 546 0.0
546 547 0.0001
539 548 0.0001
546 548 0.0003
549 548 0.0001
548 549 0.0001
559 549 0.0001
560 549 0.0001
539 550 0.0004
551 550 0.0003
563 550 0.0001
538 551 0.0001
550 551 0.0003
554 551 0.0001
538 552 0.0
538 553 0.0001
551 554 0.0001
568 554 0.0001
569 554 0.0001
540 555 0.0
546 556 0.0
557 556 0.0001
558 556 0.0001
556 557 0.0001
556 558 0.0001
549 559 0.0001
549 560 0.0001
561 560 0.0003
562 560 0.0001
560 561 0.0003
560 562 0.0001
550 563 0.0001
564 563 0.0002
566 563 0.0001
563 564 0.0002
565 564 0.0002
567 564 0.0001
564 565 0.0002
563 566 0.0001
564 567 0.0001
554 568 0.0001
554 569 0.0001
574 570 0.0
518 571 0.0001
572 571 0.0002
573 571 0.0003
571 572 0.0002
571 573 0.0003
574 573 0.0001
575 573 0.0001
570 574 0.0
573 574 0.0001
576 574 0.0002
573 575 0.0001
574 576 0.0002
577 576 0.0
578 576 0.0
576 577 0.0
576 578 0.0
104 579 0.0001
580 579 0.0004
581 579 0.0001
579 580 0.0004
579 581 0.0001
401 582 0.0002
105 583 0.0002
144 584 0.0002
147 584 0.0006
396 584 0.0001
585 584 0.0005
180 585 0.0004
182 585 0.0002
584 585 0.0005
586 585 0.0006
585 586 0.0006
587 586 0.0004
623 586 0.0001
144 587 0.0001
586 587 0.0004
588 587 0.0003
589 587 0.0002
587 588 0.0003
587 589 0.0002
136 590 0.001
591 590 0.0001
592 590 0.0001
590 591 0.0001
590 592 0.0001
593 592 0.0005
596 592 0.0002
139 593 0.0001
592 593 0.0005
594 593 0.0005
102 594 0.0002
593 594 0.0005
595 594 0.0003
102 595 0.0008
594 595 0.0003
645 595 0.0003
592 596 0.0002
597 596 0.0002
609 596 0.0002
596 597 0.0002
137 598 0.0001
137 599 0.0002
525 599 0.0001
601 599 0.0002
136 600 0.0002
601 600 0.0027
643 600 0.0001
599 601 0.0002
600 601 0.0027
602 601 0.0002
601 602 0.0002
139 603 0.0001
604 603 0.0005
606 603 0.0001
603 604 0.0005
605 604 0.0009
606 604 0.0002
604 605 0.0009
614 605 0.0001
615 605 0.0001
603 606 0.0001
604 606 0.0002
607 606 0.0001
608 606 0.0002
606 607 0.0001
606 608 0.0002
618 608 0.0002
619 608 0.0003
596 609 0.0002
102 610 0.0006
646 610 0.0001
648 610 0.0001
169 611 0.0003
141 612 0.0
628 612 0.0011
634 612 0.0
86 613 0.0001
92 613 0.0001
347 613 0.0
605 614 0.0001
620 614 0.0001
621 614 0.0004
605 615 0.0001
616 615 0.0001
617 615 0.0001
152 616 0.0001
615 616 0.0001
638 616 0.0001
615 617 0.0001
608 618 0.0002
608 619 0.0003
614 620 0.0001
614 621 0.0004
622 621 0.0002
624 621 0.0
625 621 0.0002
621 622 0.0002
586 623 0.0001
621 624 0.0
621 625 0.0002
626 625 0.0002
641 625 0.0001
625 626 0.0002
627 626 0.0003
642 626 0.0001
113 627 0.0
626 627 0.0003
640 627 0.0001
158 628 0.0
612 628 0.0011
629 628 0.0006
628 629 0.0006
630 629 0.0002
639 629 0.0
629 630 0.0002
631 630 0.0001
632 630 0.0001
630 631 0.0001
630 632 0.0001
633 632 0.0002
635 632 0.0001
636 632 0.0001
637 632 0.0
632 633 0.0002
612 634 0.0
632 635 0.0001
632 636 0.0001
632 637 0.0
616 638 0.0001
629 639 0.0
627 640 0.0001
625 641 0.0001
626 642 0.0001
17 643 0.0001
600 643 0.0001
644 643 0.0003
9 644 0.0002
94 644 0.0001
643 644 0.0003
595 645 0.0003
610 646 0.0001
102 647 0.0001
610 648 0.0001
649 648 0.0
650 648 0.0
648 649 0.0
648 650 0.0
