8 1 0.0006
208 1 0.0004
1162 1 0.0004
146 2 0.0082
150 2 0.008
159 2 0.0053
473 2 0.0063
483 2 0.0084
614 2 0.0057
739 2 0.0061
746 2 0.0078
782 2 0.0061
793 2 0.008
796 2 0.0083
1112 2 0.0053
7 3 0.0058
40 3 0.0068
67 3 0.006
96 3 0.0067
116 3 0.0075
119 3 0.0057
121 3 0.0061
133 3 0.0059
191 3 0.0054
228 3 0.0063
492 3 0.0059
1127 3 0.0063
1135 3 0.0067
213 4 0.0059
240 4 0.0062
250 4 0.0007
254 4 0.0007
302 4 0.0052
315 4 0.0001
356 4 0.0061
367 4 0.0077
442 4 0.0063
536 4 0.0052
1156 4 0.0057
97 5 0.0053
164 5 0.0069
378 5 0.0088
504 5 0.0064
584 5 0.006
602 5 0.0058
890 5 0.0077
970 5 0.0057
90 6 0.0068
238 6 0.0082
544 6 0.0067
565 6 0.0078
1006 6 0.0081
1035 6 0.0065
1057 6 0.008
1070 6 0.0059
1088 6 0.0059
1090 6 0.0069
1140 6 0.0062
1150 6 0.0077
3 7 0.0058
10 7 0.001
484 7 0.0014
1 8 0.0006
1160 8 0.0002
1161 8 0.0002
24 9 0.0003
34 9 0.0015
106 9 0.0009
7 10 0.001
14 10 0.0007
1162 10 0.0001
207 11 0.0
207 12 0.0
30 13 0.0009
63 13 0.0001
894 13 0.0004
10 14 0.0007
17 14 0.0002
27 14 0.0
462 14 0.0019
25 15 0.0009
31 15 0.0008
462 15 0.0078
18 16 0.0
303 16 0.0001
305 16 0.0001
14 17 0.0002
16 18 0.0
19 18 0.0002
541 18 0.0001
18 19 0.0002
20 19 0.0001
542 19 0.0001
671 19 0.0001
19 20 0.0001
22 21 0.002
25 21 0.0009
27 21 0.0004
21 22 0.002
452 22 0.0011
668 22 0.0001
106 23 0.0017
450 23 0.0008
671 23 0.0011
9 24 0.0003
26 24 0.0001
679 24 0.0001
15 25 0.0009
21 25 0.0009
27 25 0.0003
24 26 0.0001
14 27 0.0
21 27 0.0004
25 27 0.0003
28 27 0.0001
29 27 0.0001
27 28 0.0001
27 29 0.0001
13 30 0.0009
34 30 0.0014
543 30 0.0003
599 30 0.0023
15 31 0.0008
33 31 0.0001
36 31 0.0001
37 31 0.0002
39 31 0.0004
1012 32 0.0028
1014 32 0.0071
1017 32 0.0013
1021 32 0.0002
31 33 0.0001
9 34 0.0015
30 34 0.0014
207 34 0.0004
41 35 0.0032
165 35 0.0058
900 35 0.003
31 36 0.0001
31 37 0.0002
183 38 0.0001
187 38 0.0059
900 38 0.0057
31 39 0.0004
3 40 0.0068
43 40 0.0004
727 40 0.0573
35 41 0.0032
42 41 0.002
158 41 0.0011
177 41 0.0001
41 42 0.002
204 42 0.0008
209 42 0.0001
40 43 0.0004
62 43 0.0159
1128 43 0.004
107 44 0.0001
211 44 0.0019
866 44 0.0006
46 45 0.0114
56 45 0.0012
59 45 0.002
62 45 0.0055
45 46 0.0114
48 46 0.0054
971 46 0.0004
108 47 0.0003
211 47 0.0002
219 47 0.0021
46 48 0.0054
49 48 0.0025
990 48 0.0002
48 49 0.0025
50 49 0.0021
977 49 0.0005
1132 49 0.001
49 50 0.0021
471 50 0.0016
977 50 0.001
52 51 0.0036
389 51 0.0007
549 51 0.0046
51 52 0.0036
53 52 0.0035
130 52 0.0006
52 53 0.0035
54 53 0.0044
143 53 0.0024
53 54 0.0044
55 54 0.0028
61 54 0.0002
54 55 0.0028
107 55 0.0003
284 55 0.0016
811 55 0.0005
45 56 0.0012
995 56 0.0002
996 56 0.0006
58 57 0.0025
127 57 0.0015
284 57 0.0041
57 58 0.0025
45 59 0.002
60 59 0.0077
66 59 0.0005
59 60 0.0077
998 60 0.0003
1139 60 0.0002
54 61 0.0002
64 61 0.0001
123 61 0.0013
130 61 0.0004
43 62 0.0159
45 62 0.0055
65 62 0.0004
13 63 0.0001
61 64 0.0001
68 64 0.001
131 64 0.0021
62 65 0.0004
66 65 0.002
499 65 0.0001
59 66 0.0005
65 66 0.002
479 66 0.0005
3 67 0.006
69 67 0.0005
728 67 0.0795
64 68 0.001
128 68 0.0011
355 68 0.0012
67 69 0.0005
70 69 0.005
134 69 0.001
69 70 0.005
71 70 0.0096
1121 70 0.0007
70 71 0.0096
72 71 0.0071
91 71 0.0006
141 71 0.0015
71 72 0.0071
74 72 0.0004
79 72 0.0021
168 72 0.0003
389 73 0.002
566 73 0.0008
830 73 0.0012
72 74 0.0004
77 74 0.0003
141 74 0.001
76 75 0.0012
95 75 0.0004
1144 75 0.0009
75 76 0.0012
78 76 0.0005
80 76 0.0023
74 77 0.0003
144 77 0.0004
145 77 0.0006
76 78 0.0005
451 78 0.0019
585 78 0.0007
72 79 0.0021
81 79 0.003
94 79 0.0008
76 80 0.0023
451 80 0.0015
461 80 0.0017
79 81 0.003
84 81 0.0007
91 81 0.0013
1168 82 0.0003
249 83 0.0001
81 84 0.0007
86 84 0.0005
1134 84 0.0
87 85 0.0012
515 85 0.0004
1142 85 0.0004
84 86 0.0005
1001 86 0.0015
1003 86 0.0001
85 87 0.0012
88 87 0.0027
93 87 0.0016
87 88 0.0027
89 88 0.001
593 88 0.0045
88 89 0.001
590 89 0.0007
593 89 0.0012
6 90 0.0068
231 90 0.0411
515 90 0.0003
71 91 0.0006
81 91 0.0013
92 91 0.0034
1130 91 0.0002
91 92 0.0034
87 93 0.0016
515 93 0.0004
593 93 0.0046
79 94 0.0008
154 94 0.0001
160 94 0.0003
75 95 0.0004
409 95 0.0055
561 95 0.0019
3 96 0.0067
569 96 0.0037
726 96 0.0791
5 97 0.0053
98 97 0.0003
712 97 0.0481
97 98 0.0003
99 98 0.0005
503 98 0.0005
98 99 0.0005
169 99 0.0003
588 99 0.0005
101 100 0.0176
569 100 0.0013
578 100 0.0074
100 101 0.0176
105 101 0.0028
181 101 0.0017
588 102 0.0005
104 103 0.0019
172 103 0.0002
588 103 0.0005
103 104 0.0019
101 105 0.0028
780 105 0.0032
783 105 0.0016
9 106 0.0009
23 106 0.0017
449 106 0.0004
44 107 0.0001
55 107 0.0003
108 107 0.0009
47 108 0.0003
107 108 0.0009
804 108 0.0004
113 109 0.0006
142 109 0.0017
650 109 0.0002
383 110 0.0004
814 110 0.0007
983 110 0.0003
112 111 0.0019
144 111 0.0002
179 111 0.001
111 112 0.0019
149 112 0.0002
477 112 0.0001
109 113 0.0006
114 113 0.0004
126 113 0.0001
113 114 0.0004
117 114 0.0005
804 114 0.0014
132 115 0.0012
142 115 0.0005
804 115 0.0007
3 116 0.0075
118 116 0.0015
725 116 0.1895
114 117 0.0005
304 117 0.0002
882 117 0.0002
116 118 0.0015
120 118 0.0013
612 118 0.0033
3 119 0.0057
129 119 0.0005
723 119 0.1367
118 120 0.0013
612 120 0.0036
787 120 0.0037
3 121 0.0061
122 121 0.0028
724 121 0.0496
121 122 0.0028
125 122 0.0017
797 122 0.0019
61 123 0.0013
127 123 0.0011
132 123 0.0004
1104 123 0.0037
198 124 0.0011
230 124 0.0017
232 124 0.0083
122 125 0.0017
128 125 0.0016
129 125 0.0046
113 126 0.0001
57 127 0.0015
123 127 0.0011
1104 127 0.0037
68 128 0.0011
125 128 0.0016
789 128 0.0066
800 128 0.0007
801 128 0.0012
119 129 0.0005
125 129 0.0046
131 129 0.0039
52 130 0.0006
61 130 0.0004
355 130 0.0008
64 131 0.0021
129 131 0.0039
132 131 0.0058
115 132 0.0012
123 132 0.0004
131 132 0.0058
3 133 0.0059
142 133 0.001
460 133 0.0041
69 134 0.001
137 134 0.0003
186 134 0.0002
1129 135 0.0001
564 136 0.0001
134 137 0.0003
452 138 0.0
570 139 0.0005
811 139 0.0013
830 139 0.0007
862 140 0.0007
865 140 0.0018
899 140 0.0011
71 141 0.0015
74 141 0.001
186 141 0.003
109 142 0.0017
115 142 0.0005
133 142 0.001
53 143 0.0024
811 143 0.0007
830 143 0.0019
77 144 0.0004
111 144 0.0002
145 144 0.0033
77 145 0.0006
144 145 0.0033
147 145 0.0014
2 146 0.0082
740 146 0.0556
847 146 0.0005
145 147 0.0014
152 148 0.0005
790 148 0.0029
847 148 0.0012
112 149 0.0002
151 149 0.0018
776 149 0.0009
2 150 0.008
152 150 0.0008
991 150 0.0296
149 151 0.0018
774 151 0.0001
775 151 0.0002
148 152 0.0005
150 152 0.0008
1122 152 0.0002
456 153 0.0005
94 154 0.0001
160 154 0.0002
576 154 0.0001
429 155 0.0006
431 155 0.0001
930 155 0.0016
157 156 0.0049
481 156 0.0056
1013 156 0.0025
156 157 0.0049
159 157 0.0069
481 157 0.0118
1114 157 0.0007
41 158 0.0011
165 158 0.0043
582 158 0.0054
2 159 0.0053
157 159 0.0069
733 159 0.0997
94 160 0.0003
154 160 0.0002
162 160 0.0025
166 161 0.0005
167 161 0.0006
892 161 0.003
905 161 0.0048
908 161 0.0219
160 162 0.0025
755 162 0.0002
768 162 0.0003
369 163 0.0176
908 163 0.0062
1146 163 0.0004
5 164 0.0069
166 164 0.0001
270 164 0.0014
35 165 0.0058
158 165 0.0043
173 165 0.0039
161 166 0.0005
164 166 0.0001
167 166 0.0013
596 166 0.0005
161 167 0.0006
166 167 0.0013
892 167 0.0005
72 168 0.0003
175 168 0.0
178 168 0.0001
99 169 0.0003
170 169 0.0002
171 169 0.0001
169 170 0.0002
169 171 0.0001
103 172 0.0002
173 172 0.0114
493 172 0.0027
1155 172 0.0003
165 173 0.0039
172 173 0.0114
174 173 0.0117
173 174 0.0117
176 174 0.001
227 174 0.002
168 175 0.0
174 176 0.001
227 176 0.0004
247 176 0.0003
41 177 0.0001
180 177 0.0002
304 177 0.0001
168 178 0.0001
111 179 0.001
181 179 0.002
186 179 0.0003
177 180 0.0002
101 181 0.0017
179 181 0.002
186 181 0.0015
578 181 0.0024
900 182 0.0001
38 183 0.0001
187 184 0.0003
560 185 0.0002
134 186 0.0002
141 186 0.003
179 186 0.0003
181 186 0.0015
38 187 0.0059
184 187 0.0003
227 187 0.0195
1037 187 0.0027
189 188 0.0005
190 188 0.0003
585 188 0.0007
188 189 0.0005
188 190 0.0003
3 191 0.0054
194 191 0.0004
720 191 0.02
193 192 0.0004
586 192 0.0012
590 192 0.0014
192 193 0.0004
191 194 0.0004
196 194 0.0035
208 194 0.0003
197 195 0.0003
861 195 0.0001
1073 195 0.0011
194 196 0.0035
198 196 0.0057
226 196 0.0001
229 196 0.0005
195 197 0.0003
199 197 0.0
200 197 0.0001
124 198 0.0011
196 198 0.0057
226 198 0.0
1167 198 0.0002
197 199 0.0
197 200 0.0001
202 201 0.0001
203 201 0.0008
1073 201 0.0003
201 202 0.0001
201 203 0.0008
42 204 0.0008
210 204 0.0003
211 204 0.0006
878 205 0.0002
881 206 0.0001
11 207 0.0
12 207 0.0
34 207 0.0004
1 208 0.0004
194 208 0.0003
1169 208 0.0005
1172 208 0.0001
42 209 0.0001
204 210 0.0003
212 210 0.0002
1173 210 0.0001
44 211 0.0019
47 211 0.0002
204 211 0.0006
210 212 0.0002
4 213 0.0059
214 213 0.0013
717 213 0.053
213 214 0.0013
215 214 0.0105
220 214 0.0001
214 215 0.0105
216 215 0.0037
235 215 0.0035
215 216 0.0037
217 216 0.0001
224 216 0.0009
216 217 0.0001
218 217 0.0001
220 217 0.0001
225 217 0.0001
217 218 0.0001
47 219 0.0021
214 220 0.0001
217 220 0.0001
221 220 0.0002
220 221 0.0002
222 221 0.0002
223 221 0.0002
221 222 0.0002
221 223 0.0002
216 224 0.0009
225 224 0.0035
304 224 0.0019
217 225 0.0001
224 225 0.0035
227 225 0.0029
196 226 0.0001
198 226 0.0
232 226 0.0002
174 227 0.002
176 227 0.0004
187 227 0.0195
225 227 0.0029
3 228 0.0063
229 228 0.0001
437 228 0.145
196 229 0.0005
228 229 0.0001
685 229 0.0002
124 230 0.0017
232 230 0.0031
235 230 0.0094
90 231 0.0411
124 232 0.0083
226 232 0.0002
230 232 0.0031
996 233 0.0001
678 234 0.0001
215 235 0.0035
230 235 0.0094
1163 235 0.0104
287 236 0.0003
289 236 0.0005
312 236 0.0015
1040 237 0.0004
6 238 0.0082
239 238 0.0005
701 238 0.0283
238 239 0.0005
241 239 0.0001
242 239 0.0002
1067 239 0.0001
4 240 0.0062
247 240 0.0002
716 240 0.036
239 241 0.0001
239 242 0.0002
1017 243 0.0001
1012 244 0.0002
470 245 0.0008
1015 246 0.0003
176 247 0.0003
240 247 0.0002
504 247 0.0001
438 248 0.0002
83 249 0.0001
251 249 0.0001
1100 249 0.0
4 250 0.0007
252 250 0.0009
254 250 0.0026
255 250 0.0022
249 251 0.0001
250 252 0.0009
293 252 0.0
319 252 0.0003
1057 253 0.0119
4 254 0.0007
250 254 0.0026
255 254 0.0103
259 254 0.0014
250 255 0.0022
254 255 0.0103
257 255 0.002
258 256 0.0001
282 256 0.0008
702 256 0.0013
255 257 0.002
256 258 0.0001
254 259 0.0014
263 259 0.0017
272 259 0.0002
282 260 0.0001
285 261 0.0001
474 261 0.0
692 261 0.0001
443 262 0.0001
259 263 0.0017
265 263 0.0006
327 263 0.0005
266 264 0.0003
527 264 0.0012
693 264 0.001
263 265 0.0006
338 265 0.0001
341 265 0.0003
264 266 0.0003
267 266 0.0004
527 266 0.0003
266 267 0.0004
269 268 0.0009
1016 268 0.0051
1119 268 0.0006
268 269 0.0009
275 269 0.0001
384 269 0.0008
571 269 0.0004
798 269 0.005
164 270 0.0014
273 271 0.0002
306 271 0.0001
384 271 0.0009
688 271 0.0002
259 272 0.0002
276 272 0.0001
277 272 0.0013
271 273 0.0002
702 274 0.0
269 275 0.0001
272 276 0.0001
277 276 0.0002
628 276 0.0033
272 277 0.0013
276 277 0.0002
280 277 0.0002
283 277 0.0001
279 278 0.0003
445 278 0.001
1064 278 0.0002
278 279 0.0003
282 279 0.0
1133 279 0.0003
277 280 0.0002
285 281 0.0003
693 281 0.0006
1064 281 0.0005
256 282 0.0008
260 282 0.0001
279 282 0.0
277 283 0.0001
55 284 0.0016
57 284 0.0041
1104 284 0.0002
261 285 0.0001
281 285 0.0003
286 285 0.0001
285 286 0.0001
236 287 0.0003
288 287 0.0001
312 287 0.0001
287 288 0.0001
236 289 0.0005
292 289 0.0003
295 289 0.0001
707 290 0.0003
707 291 0.0003
289 292 0.0003
762 292 0.0001
770 292 0.0008
252 293 0.0
535 293 0.0002
645 293 0.0002
711 294 0.0011
289 295 0.0001
297 296 0.0025
318 296 0.0008
319 296 0.0159
296 297 0.0025
305 297 0.0004
318 297 0.0014
446 297 0.0001
760 298 0.0004
762 298 0.0016
1019 298 0.0002
1056 299 0.0001
1056 300 0.0001
1056 301 0.0004
4 302 0.0052
303 302 0.0028
718 302 0.0521
16 303 0.0001
302 303 0.0028
305 303 0.0037
117 304 0.0002
177 304 0.0001
224 304 0.0019
16 305 0.0001
297 305 0.0004
303 305 0.0037
271 306 0.0001
344 306 0.0014
363 306 0.0001
308 307 0.0006
604 307 0.0001
1042 307 0.0001
307 308 0.0006
1062 309 0.001
1066 310 0.0003
1051 311 0.0
236 312 0.0015
287 312 0.0001
1014 312 0.0006
1055 313 0.0003
317 314 0.0001
784 314 0.0001
889 314 0.0001
4 315 0.0001
316 315 0.0005
318 315 0.0003
315 316 0.0005
314 317 0.0001
296 318 0.0008
297 318 0.0014
315 318 0.0003
252 319 0.0003
296 319 0.0159
322 319 0.0001
883 320 0.0001
883 321 0.0001
319 322 0.0001
324 322 0.0001
443 322 0.001
945 323 0.0001
322 324 0.0001
416 325 0.0031
546 325 0.0016
1164 325 0.0074
886 326 0.0001
263 327 0.0005
329 327 0.0003
341 327 0.001
938 328 0.0002
327 329 0.0003
332 329 0.0001
335 329 0.0001
938 330 0.0001
945 331 0.0001
329 332 0.0001
1165 333 0.0002
1165 334 0.0001
329 335 0.0001
336 335 0.0002
337 335 0.0003
335 336 0.0002
335 337 0.0003
265 338 0.0001
340 339 0.0048
524 339 0.0006
942 339 0.0009
339 340 0.0048
342 340 0.0001
942 340 0.0006
265 341 0.0003
327 341 0.001
343 341 0.0003
352 341 0.0002
340 342 0.0001
341 343 0.0003
345 343 0.0001
350 343 0.0
306 344 0.0014
558 344 0.0001
770 344 0.0005
343 345 0.0001
346 345 0.0002
347 345 0.0003
345 346 0.0002
345 347 0.0003
351 348 0.0001
518 348 0.0002
943 348 0.0008
638 349 0.0002
730 349 0.0006
732 349 0.0027
343 350 0.0
348 351 0.0001
341 352 0.0002
353 352 0.0001
354 352 0.0002
352 353 0.0001
352 354 0.0002
68 355 0.0012
130 355 0.0008
801 355 0.0003
1122 355 0.0016
4 356 0.0061
361 356 0.0
714 356 0.1421
888 357 0.0001
888 358 0.0001
360 359 0.0002
888 359 0.0008
893 359 0.0014
359 360 0.0002
356 361 0.0
365 362 0.0
306 363 0.0001
483 364 0.0465
362 365 0.0
367 365 0.0
368 365 0.0008
874 366 0.0
4 367 0.0077
365 367 0.0
713 367 0.0252
365 368 0.0008
371 368 0.0001
372 368 0.0004
163 369 0.0176
487 369 0.0013
905 369 0.0031
940 370 0.0002
368 371 0.0001
368 372 0.0004
374 372 0.0003
377 372 0.0
931 373 0.0001
372 374 0.0003
856 375 0.0002
399 376 0.0082
837 376 0.0046
983 376 0.0009
372 377 0.0
5 378 0.0088
379 378 0.0001
709 378 0.0741
378 379 0.0001
380 379 0.02
391 379 0.0038
379 380 0.02
381 380 0.0066
391 380 0.0042
380 381 0.0066
382 381 0.0093
839 381 0.0005
381 382 0.0093
385 382 0.0063
813 382 0.0016
110 383 0.0004
807 383 0.0002
956 383 0.0001
269 384 0.0008
271 384 0.0009
571 384 0.0005
382 385 0.0063
388 385 0.0017
410 385 0.0015
806 386 0.0003
947 387 0.0
385 388 0.0017
420 388 0.0142
970 388 0.0003
51 389 0.0007
73 389 0.002
545 389 0.0037
810 390 0.0002
379 391 0.0038
380 391 0.0042
392 391 0.0189
835 391 0.0009
391 392 0.0189
393 392 0.0083
824 392 0.0009
392 393 0.0083
394 393 0.0092
825 393 0.0005
393 394 0.0092
395 394 0.0173
825 394 0.0004
394 395 0.0173
396 395 0.0076
802 395 0.0016
395 396 0.0076
398 396 0.0039
835 396 0.0006
439 397 0.0006
441 397 0.0038
525 397 0.0046
964 397 0.0012
396 398 0.0039
399 398 0.0124
837 398 0.0104
376 399 0.0082
398 399 0.0124
807 399 0.006
808 399 0.0008
401 400 0.0004
418 400 0.0006
419 400 0.0003
400 401 0.0004
957 402 0.0
404 403 0.0018
407 403 0.0032
419 403 0.002
403 404 0.0018
405 404 0.0005
1092 404 0.001
404 405 0.0005
833 406 0.0003
403 407 0.0032
408 407 0.0004
959 407 0.0023
407 408 0.0004
95 409 0.0055
561 409 0.0012
1147 409 0.0006
385 410 0.0015
413 410 0.0021
417 410 0.002
412 411 0.0002
507 411 0.0009
959 411 0.0013
411 412 0.0002
410 413 0.0021
430 413 0.0013
963 413 0.0001
959 414 0.0001
416 415 0.0071
546 415 0.0054
952 415 0.0051
325 416 0.0031
415 416 0.0071
1129 416 0.002
410 417 0.002
418 417 0.0018
961 417 0.0001
400 418 0.0006
417 418 0.0018
419 418 0.0084
400 419 0.0003
403 419 0.002
418 419 0.0084
388 420 0.0142
421 420 0.0101
426 420 0.0015
420 421 0.0101
425 421 0.0012
430 421 0.0006
423 422 0.0044
951 422 0.0115
952 422 0.0076
422 423 0.0044
424 423 0.0013
429 423 0.0039
435 423 0.0014
613 423 0.0026
423 424 0.0013
432 424 0.001
1164 424 0.0012
421 425 0.0012
426 425 0.0156
964 425 0.0002
420 426 0.0015
425 426 0.0156
439 426 0.0013
428 427 0.0017
466 427 0.0104
508 427 0.0004
427 428 0.0017
510 428 0.0001
511 428 0.0001
528 428 0.0003
155 429 0.0006
423 429 0.0039
432 429 0.0004
413 430 0.0013
421 430 0.0006
964 430 0.0021
969 430 0.0004
155 431 0.0001
424 432 0.001
429 432 0.0004
434 432 0.0005
1039 432 0.0011
601 433 0.0008
603 433 0.0003
1170 433 0.0005
432 434 0.0005
512 434 0.0001
1039 434 0.0022
1043 434 0.0007
423 435 0.0014
436 435 0.0001
613 435 0.0074
951 435 0.0003
435 436 0.0001
513 436 0.0037
540 436 0.001
228 437 0.145
248 438 0.0002
440 438 0.0009
537 438 0.0002
951 438 0.0021
397 439 0.0006
426 439 0.0013
441 439 0.0034
438 440 0.0009
397 441 0.0038
439 441 0.0034
454 441 0.0041
4 442 0.0063
453 442 0.0003
715 442 0.0123
262 443 0.0001
322 443 0.001
444 443 0.0
443 444 0.0
278 445 0.001
527 445 0.0007
798 445 0.0008
1016 445 0.0003
1119 445 0.0003
297 446 0.0001
450 446 0.0015
581 446 0.0002
670 446 0.0001
843 446 0.0035
1071 447 0.0001
1074 447 0.0004
1075 447 0.0003
843 448 0.0003
106 449 0.0004
23 450 0.0008
446 450 0.0015
671 450 0.0031
843 450 0.0006
78 451 0.0019
80 451 0.0015
461 451 0.0002
22 452 0.0011
138 452 0.0
455 452 0.0011
442 453 0.0003
454 453 0.0114
967 453 0.0002
441 454 0.0041
453 454 0.0114
965 454 0.0001
452 455 0.0011
456 455 0.0013
459 455 0.0002
153 456 0.0005
455 456 0.0013
457 456 0.0003
456 457 0.0003
722 458 0.0
455 459 0.0002
133 460 0.0041
80 461 0.0017
451 461 0.0002
1143 461 0.0003
14 462 0.0019
15 462 0.0078
489 462 0.0001
480 463 0.0001
499 464 0.0001
468 465 0.0002
427 466 0.0104
1043 466 0.0038
1168 466 0.0023
992 467 0.0001
465 468 0.0002
469 468 0.0027
992 468 0.0005
468 469 0.0027
471 469 0.0015
982 469 0.0003
245 470 0.0008
472 470 0.0009
995 470 0.0005
50 471 0.0016
469 471 0.0015
984 471 0.0001
470 472 0.0009
2 473 0.0063
747 473 0.0005
809 473 0.0002
261 474 0.0
809 475 0.0005
501 476 0.0001
112 477 0.0001
794 477 0.0009
809 477 0.0003
1071 478 0.0004
1079 478 0.0001
1085 478 0.0
66 479 0.0005
480 479 0.0042
530 479 0.0002
463 480 0.0001
479 480 0.0042
482 480 0.0003
530 480 0.0002
156 481 0.0056
157 481 0.0118
483 481 0.0019
480 482 0.0003
2 483 0.0084
364 483 0.0465
481 483 0.0019
7 484 0.0014
489 484 0.0003
500 484 0.0012
1145 485 0.0055
1152 485 0.0022
1153 485 0.0149
487 486 0.0018
1145 486 0.003
1155 486 0.003
369 487 0.0013
486 487 0.0018
1155 487 0.0029
655 488 0.0004
656 488 0.0003
954 488 0.0003
462 489 0.0001
484 489 0.0003
490 489 0.0005
489 490 0.0005
491 490 0.0043
526 490 0.0
490 491 0.0043
505 491 0.0012
506 491 0.0003
3 492 0.0059
494 492 0.0002
731 492 0.0276
172 493 0.0027
892 493 0.002
905 493 0.012
492 494 0.0002
495 494 0.0011
500 494 0.0009
494 495 0.0011
496 495 0.0033
500 495 0.005
495 496 0.0033
499 496 0.0001
500 496 0.0016
533 497 0.0006
600 497 0.0005
625 497 0.0014
640 497 0.0002
805 497 0.0001
1182 497 0.0019
1072 498 0.0032
1166 498 0.0024
1171 498 0.0005
65 499 0.0001
464 499 0.0001
496 499 0.0001
530 499 0.0029
484 500 0.0012
494 500 0.0009
495 500 0.005
496 500 0.0016
476 501 0.0001
502 501 0.0003
585 501 0.0005
501 502 0.0003
98 503 0.0005
5 504 0.0064
247 504 0.0001
1148 504 0.0525
491 505 0.0012
506 505 0.0003
516 505 0.0
517 505 0.0002
491 506 0.0003
505 506 0.0003
509 506 0.0001
411 507 0.0009
427 508 0.0004
533 508 0.0004
592 508 0.0
1043 508 0.0016
506 509 0.0001
428 510 0.0001
428 511 0.0001
434 512 0.0001
436 513 0.0037
514 513 0.0006
994 513 0.0028
513 514 0.0006
85 515 0.0004
90 515 0.0003
93 515 0.0004
505 516 0.0
505 517 0.0002
520 517 0.0001
523 517 0.0
348 518 0.0002
1097 519 0.0008
517 520 0.0001
898 521 0.0032
899 521 0.0008
922 521 0.0004
778 522 0.0001
517 523 0.0
339 524 0.0006
397 525 0.0046
964 525 0.0028
965 525 0.0031
490 526 0.0
264 527 0.0012
266 527 0.0003
445 527 0.0007
428 528 0.0003
532 528 0.0004
587 528 0.0005
968 528 0.0005
640 529 0.0019
968 529 0.0029
1182 529 0.0007
479 530 0.0002
480 530 0.0002
499 530 0.0029
626 531 0.0008
528 532 0.0004
497 533 0.0006
508 533 0.0004
1182 533 0.001
1045 534 0.0
293 535 0.0002
4 536 0.0052
538 536 0.0013
719 536 0.022
438 537 0.0002
536 538 0.0013
539 538 0.0016
1176 538 0.0005
1178 538 0.0009
538 539 0.0016
541 539 0.0008
1175 539 0.0008
436 540 0.001
550 540 0.0008
622 540 0.0022
18 541 0.0001
539 541 0.0008
542 541 0.004
19 542 0.0001
541 542 0.004
543 542 0.0009
30 543 0.0003
542 543 0.0009
599 543 0.0014
6 544 0.0067
545 544 0.0011
700 544 0.0106
389 545 0.0037
544 545 0.0011
547 545 0.01
325 546 0.0016
415 546 0.0054
1039 546 0.0007
545 547 0.01
549 547 0.0133
556 547 0.002
622 548 0.0004
51 549 0.0046
547 549 0.0133
551 549 0.0058
557 549 0.0098
540 550 0.0008
605 550 0.0008
667 550 0.0003
754 550 0.001
549 551 0.0058
552 551 0.0047
556 551 0.0145
559 551 0.0037
551 552 0.0047
553 552 0.0081
1110 552 0.0016
552 553 0.0081
560 553 0.0026
1013 553 0.0032
762 554 0.0004
762 555 0.0006
547 556 0.002
551 556 0.0145
1110 556 0.0002
549 557 0.0098
559 557 0.0058
564 557 0.0016
344 558 0.0001
551 559 0.0037
557 559 0.0058
560 559 0.0108
185 560 0.0002
553 560 0.0026
559 560 0.0108
95 561 0.0019
409 561 0.0012
598 561 0.0013
675 562 0.0006
1133 563 0.0001
136 564 0.0001
557 564 0.0016
1122 564 0.0033
6 565 0.0078
566 565 0.0002
699 565 0.0252
73 566 0.0008
565 566 0.0002
567 566 0.034
1151 566 0.0064
566 567 0.034
570 567 0.0025
580 567 0.003
597 568 0.0019
649 568 0.0003
1084 568 0.0004
96 569 0.0037
100 569 0.0013
578 569 0.0029
139 570 0.0005
567 570 0.0025
573 570 0.0014
269 571 0.0004
384 571 0.0005
770 571 0.0001
980 572 0.0001
570 573 0.0014
582 573 0.0007
866 573 0.0016
980 574 0.0002
974 575 0.0001
154 576 0.0001
757 576 0.0002
1004 576 0.0002
988 577 0.0003
100 578 0.0074
181 578 0.0024
569 578 0.0029
780 579 0.0045
785 579 0.0047
786 579 0.0094
567 580 0.003
582 580 0.0024
1154 580 0.0165
446 581 0.0002
158 582 0.0054
573 582 0.0007
580 582 0.0024
843 583 0.0001
5 584 0.006
585 584 0.0025
596 584 0.0025
78 585 0.0007
188 585 0.0007
501 585 0.0005
584 585 0.0025
586 585 0.0028
192 586 0.0012
585 586 0.0028
590 586 0.0017
528 587 0.0005
589 587 0.0008
591 587 0.0002
594 587 0.0001
628 587 0.0003
99 588 0.0005
102 588 0.0005
103 588 0.0005
587 589 0.0008
597 589 0.0004
934 589 0.0016
962 589 0.0013
89 590 0.0007
192 590 0.0014
586 590 0.0017
593 590 0.0007
587 591 0.0002
508 592 0.0
88 593 0.0045
89 593 0.0012
93 593 0.0046
590 593 0.0007
587 594 0.0001
625 595 0.0009
667 595 0.001
754 595 0.0002
1068 595 0.002
166 596 0.0005
584 596 0.0025
598 596 0.0068
568 597 0.0019
589 597 0.0004
647 597 0.0002
561 598 0.0013
596 598 0.0068
1149 598 0.0024
30 599 0.0023
543 599 0.0014
1161 599 0.0016
497 600 0.0005
601 600 0.0004
626 600 0.0011
433 601 0.0008
600 601 0.0004
603 601 0.0002
1002 601 0.0001
5 602 0.0058
608 602 0.0021
878 602 0.0011
433 603 0.0003
601 603 0.0002
639 603 0.0002
307 604 0.0001
609 604 0.0001
1042 604 0.0016
550 605 0.0008
606 605 0.0001
1002 605 0.0009
605 606 0.0001
607 606 0.0003
1002 606 0.0013
606 607 0.0003
602 608 0.0021
845 608 0.0069
851 608 0.0042
857 608 0.0015
604 609 0.0001
877 610 0.0001
1135 611 0.0441
118 612 0.0033
120 612 0.0036
787 612 0.0019
797 612 0.0016
423 613 0.0026
435 613 0.0074
930 613 0.001
2 614 0.0057
615 614 0.0025
641 614 0.0045
614 615 0.0025
616 615 0.0101
635 615 0.001
615 616 0.0101
617 616 0.0083
635 616 0.0026
616 617 0.0083
618 617 0.0018
630 617 0.0004
617 618 0.0018
619 618 0.0027
641 618 0.0006
618 619 0.0027
620 619 0.0022
629 619 0.0001
619 620 0.0022
621 620 0.0001
623 620 0.0002
624 620 0.0001
620 621 0.0001
540 622 0.0022
548 622 0.0004
1068 622 0.0017
620 623 0.0002
620 624 0.0001
497 625 0.0014
595 625 0.0009
1002 625 0.0019
531 626 0.0008
600 626 0.0011
627 626 0.0029
640 626 0.0006
626 627 0.0029
640 627 0.0026
1101 627 0.0041
276 628 0.0033
587 628 0.0003
1084 628 0.0007
619 629 0.0001
617 630 0.0004
631 630 0.0002
634 630 0.0011
630 631 0.0002
633 631 0.0001
636 631 0.0005
721 631 0.0002
639 632 0.0004
1099 632 0.0005
1101 632 0.0002
1170 632 0.0002
631 633 0.0001
630 634 0.0011
615 635 0.001
616 635 0.0026
636 635 0.0046
631 636 0.0005
635 636 0.0046
744 636 0.003
638 637 0.0082
735 637 0.004
744 637 0.007
349 638 0.0002
637 638 0.0082
722 638 0.0003
603 639 0.0002
632 639 0.0004
1099 639 0.0002
1115 639 0.0009
497 640 0.0002
529 640 0.0019
626 640 0.0006
627 640 0.0026
962 640 0.0007
614 641 0.0045
618 641 0.0006
642 641 0.0055
641 642 0.0055
643 642 0.0048
1120 642 0.0002
642 643 0.0048
644 643 0.0069
651 643 0.0003
664 643 0.0017
643 644 0.0069
654 644 0.0049
662 644 0.0084
293 645 0.0002
954 645 0.0003
1031 645 0.0003
648 646 0.0013
652 646 0.0001
654 646 0.0034
673 646 0.002
707 646 0.0
597 647 0.0002
646 648 0.0013
675 648 0.0014
711 648 0.0001
568 649 0.0003
109 650 0.0002
643 651 0.0003
652 651 0.0004
654 651 0.0002
657 651 0.001
646 652 0.0001
651 652 0.0004
653 652 0.0002
657 652 0.0009
652 653 0.0002
644 654 0.0049
646 654 0.0034
651 654 0.0002
673 654 0.0026
488 655 0.0004
488 656 0.0003
651 657 0.001
652 657 0.0009
659 657 0.0009
1086 658 0.0002
657 659 0.0009
683 659 0.0006
684 659 0.0003
686 659 0.0002
687 659 0.001
1086 660 0.0001
954 661 0.0001
644 662 0.0084
665 662 0.0051
673 662 0.0016
954 663 0.0003
643 664 0.0017
665 664 0.0013
669 664 0.0
662 665 0.0051
664 665 0.0013
672 665 0.0
934 666 0.0002
550 667 0.0003
595 667 0.001
1068 667 0.0009
22 668 0.0001
664 669 0.0
446 670 0.0001
19 671 0.0001
23 671 0.0011
450 671 0.0031
665 672 0.0
646 673 0.002
654 673 0.0026
662 673 0.0016
674 673 0.0001
673 674 0.0001
562 675 0.0006
648 675 0.0014
676 675 0.0009
675 676 0.0009
677 676 0.0107
691 676 0.0028
676 677 0.0107
678 677 0.0031
681 677 0.0009
234 678 0.0001
677 678 0.0031
680 678 0.0002
24 679 0.0001
678 680 0.0002
677 681 0.0009
682 681 0.0003
1094 681 0.0003
681 682 0.0003
659 683 0.0006
659 684 0.0003
229 685 0.0002
659 686 0.0002
659 687 0.001
689 687 0.0004
690 687 0.0004
271 688 0.0002
844 688 0.0001
901 688 0.0
687 689 0.0004
687 690 0.0004
676 691 0.0028
692 691 0.0038
702 691 0.0001
261 692 0.0001
691 692 0.0038
693 692 0.0009
264 693 0.001
281 693 0.0006
692 693 0.0009
884 694 0.0003
1070 695 0.0078
739 696 0.0594
1140 697 0.0342
1150 698 0.0077
565 699 0.0252
544 700 0.0106
238 701 0.0283
256 702 0.0013
274 702 0.0
691 702 0.0001
1035 703 0.0289
1006 704 0.0211
1090 705 0.0162
1088 706 0.0204
290 707 0.0003
291 707 0.0003
646 707 0.0
711 707 0.001
890 708 0.0365
378 709 0.0741
970 710 0.0514
294 711 0.0011
648 711 0.0001
707 711 0.001
97 712 0.0481
367 713 0.0252
356 714 0.1421
442 715 0.0123
240 716 0.036
213 717 0.053
302 718 0.0521
536 719 0.022
191 720 0.02
631 721 0.0002
458 722 0.0
638 722 0.0003
1098 722 0.0001
119 723 0.1367
121 724 0.0496
116 725 0.1895
96 726 0.0791
40 727 0.0573
67 728 0.0795
1127 729 0.0685
349 730 0.0006
492 731 0.0276
349 732 0.0027
734 732 0.0017
738 732 0.0001
159 733 0.0997
732 734 0.0017
763 734 0.0003
765 734 0.0002
637 735 0.004
738 735 0.0007
745 735 0.0043
796 736 0.0951
793 737 0.1849
732 738 0.0001
735 738 0.0007
741 738 0.0003
759 738 0.0001
2 739 0.0061
696 739 0.0594
741 739 0.0002
146 740 0.0556
738 741 0.0003
739 741 0.0002
745 741 0.0002
994 742 0.0001
1064 743 0.0002
636 744 0.003
637 744 0.007
745 744 0.0014
735 745 0.0043
741 745 0.0002
744 745 0.0014
2 746 0.0078
747 746 0.0002
907 746 0.0616
473 747 0.0005
746 747 0.0002
748 747 0.0008
751 747 0.0005
752 747 0.0003
747 748 0.0008
749 748 0.0018
773 748 0.0002
748 749 0.0018
750 749 0.0018
755 749 0.001
749 750 0.0018
768 750 0.0009
773 750 0.0006
747 751 0.0005
747 752 0.0003
755 752 0.0001
758 752 0.0002
1051 753 0.0001
550 754 0.001
595 754 0.0002
1002 754 0.0002
162 755 0.0002
749 755 0.001
752 755 0.0001
756 755 0.0054
755 756 0.0054
757 756 0.0022
771 756 0.0001
576 757 0.0002
756 757 0.0022
772 757 0.0001
752 758 0.0002
738 759 0.0001
761 759 0.0
763 759 0.0
298 760 0.0004
759 761 0.0
292 762 0.0001
298 762 0.0016
554 762 0.0004
555 762 0.0006
734 763 0.0003
759 763 0.0
764 763 0.0004
763 764 0.0004
734 765 0.0002
766 765 0.0001
767 765 0.0002
765 766 0.0001
765 767 0.0002
162 768 0.0003
750 768 0.0009
773 768 0.0004
782 769 0.1511
292 770 0.0008
344 770 0.0005
571 770 0.0001
756 771 0.0001
757 772 0.0001
748 773 0.0002
750 773 0.0006
768 773 0.0004
151 774 0.0001
151 775 0.0002
149 776 0.0009
777 776 0.0005
779 776 0.0004
776 777 0.0005
522 778 0.0001
875 778 0.0003
876 778 0.0018
776 779 0.0004
105 780 0.0032
579 780 0.0045
781 780 0.0017
785 780 0.0018
780 781 0.0017
783 781 0.001
786 781 0.0026
792 781 0.0055
2 782 0.0061
769 782 0.1511
792 782 0.0127
105 783 0.0016
781 783 0.001
785 783 0.0023
788 783 0.0015
314 784 0.0001
579 785 0.0047
780 785 0.0018
783 785 0.0023
786 785 0.0016
579 786 0.0094
781 786 0.0026
785 786 0.0016
120 787 0.0037
612 787 0.0019
788 787 0.0047
783 788 0.0015
787 788 0.0047
789 788 0.0072
797 788 0.0034
128 789 0.0066
788 789 0.0072
790 789 0.0013
148 790 0.0029
789 790 0.0013
791 790 0.0015
800 790 0.0083
790 791 0.0015
792 791 0.0043
847 791 0.0006
781 792 0.0055
782 792 0.0127
791 792 0.0043
2 793 0.008
737 793 0.1849
794 793 0.0012
477 794 0.0009
793 794 0.0012
795 794 0.0002
796 794 0.0009
794 795 0.0002
2 796 0.0083
736 796 0.0951
794 796 0.0009
122 797 0.0019
612 797 0.0016
788 797 0.0034
269 798 0.005
445 798 0.0008
1119 798 0.0011
868 799 0.0001
128 800 0.0007
790 800 0.0083
801 800 0.0061
128 801 0.0012
355 801 0.0003
800 801 0.0061
395 802 0.0016
803 802 0.0033
817 802 0.0009
802 803 0.0033
806 803 0.0003
1020 803 0.0
108 804 0.0004
114 804 0.0014
115 804 0.0007
497 805 0.0001
386 806 0.0003
803 806 0.0003
947 806 0.0033
383 807 0.0002
399 807 0.006
808 807 0.0059
399 808 0.0008
807 808 0.0059
810 808 0.0009
823 808 0.0023
473 809 0.0002
475 809 0.0005
477 809 0.0003
390 810 0.0002
808 810 0.0009
812 810 0.0009
55 811 0.0005
139 811 0.0013
143 811 0.0007
810 812 0.0009
382 813 0.0016
814 813 0.0007
841 813 0.0002
110 814 0.0007
813 814 0.0007
816 814 0.0008
1133 815 0.0001
814 816 0.0008
956 816 0.0011
957 816 0.0029
802 817 0.0009
826 817 0.0015
910 817 0.0044
819 818 0.0014
827 818 0.0004
910 818 0.0025
818 819 0.0014
820 819 0.0019
915 819 0.0001
819 820 0.0019
821 820 0.0015
915 820 0.0003
820 821 0.0015
822 821 0.0005
913 821 0.0003
821 822 0.0005
808 823 0.0023
949 823 0.0071
953 823 0.0002
955 823 0.0001
392 824 0.0009
825 824 0.001
831 824 0.0004
393 825 0.0005
394 825 0.0004
824 825 0.001
826 825 0.001
817 826 0.0015
825 826 0.001
827 826 0.0007
818 827 0.0004
826 827 0.0007
828 827 0.0002
827 828 0.0002
829 828 0.0009
895 828 0.0003
828 829 0.0009
855 829 0.0003
891 829 0.0
895 829 0.0017
73 830 0.0012
139 830 0.0007
143 830 0.0019
824 831 0.0004
832 831 0.0002
834 831 0.0002
831 832 0.0002
406 833 0.0003
838 833 0.0007
943 833 0.0013
831 834 0.0002
391 835 0.0009
396 835 0.0006
836 835 0.001
835 836 0.001
837 836 0.0019
839 836 0.0002
376 837 0.0046
398 837 0.0104
836 837 0.0019
833 838 0.0007
381 839 0.0005
836 839 0.0002
840 839 0.0006
839 840 0.0006
841 840 0.001
983 840 0.0001
813 841 0.0002
840 841 0.001
842 841 0.0002
841 842 0.0002
446 843 0.0035
448 843 0.0003
450 843 0.0006
583 843 0.0001
688 844 0.0001
608 845 0.0069
846 845 0.0023
867 845 0.0008
845 846 0.0023
848 846 0.0003
849 846 0.0007
146 847 0.0005
148 847 0.0012
791 847 0.0006
846 848 0.0003
850 848 0.0032
874 848 0.0155
936 848 0.0078
846 849 0.0007
850 849 0.0091
873 849 0.0001
848 850 0.0032
849 850 0.0091
935 850 0.0001
608 851 0.0042
852 851 0.001
853 851 0.0002
891 851 0.0019
851 852 0.001
853 852 0.0018
863 852 0.0002
851 853 0.0002
852 853 0.0018
854 853 0.0004
853 854 0.0004
855 854 0.0015
909 854 0.0004
829 855 0.0003
854 855 0.0015
856 855 0.0031
375 856 0.0002
855 856 0.0031
918 856 0.0007
608 857 0.0015
858 857 0.0119
862 857 0.0004
857 858 0.0119
859 858 0.0018
865 858 0.0002
858 859 0.0018
860 859 0.0013
869 859 0.0012
859 860 0.0013
897 860 0.0059
920 860 0.0014
926 860 0.0003
195 861 0.0001
140 862 0.0007
857 862 0.0004
863 862 0.0003
852 863 0.0002
862 863 0.0003
864 863 0.0064
863 864 0.0064
902 864 0.0002
906 864 0.0046
140 865 0.0018
858 865 0.0002
897 865 0.0001
44 866 0.0006
573 866 0.0016
979 866 0.0002
845 867 0.0008
936 867 0.0002
937 867 0.0003
799 868 0.0001
885 868 0.0001
929 868 0.0004
859 869 0.0012
870 869 0.0004
939 869 0.0001
869 870 0.0004
871 870 0.0002
924 870 0.0002
870 871 0.0002
872 871 0.0004
873 871 0.0001
871 872 0.0004
849 873 0.0001
871 873 0.0001
946 873 0.0001
366 874 0.0
848 874 0.0155
875 874 0.0067
778 875 0.0003
874 875 0.0067
876 875 0.0025
940 875 0.001
778 876 0.0018
875 876 0.0025
877 876 0.0056
610 877 0.0001
876 877 0.0056
942 877 0.0057
205 878 0.0002
602 878 0.0011
879 878 0.0045
878 879 0.0045
880 879 0.0048
1073 879 0.0011
879 880 0.0048
881 880 0.0058
887 880 0.0015
206 881 0.0001
880 881 0.0058
884 881 0.0005
887 881 0.0014
117 882 0.0002
320 883 0.0001
321 883 0.0001
945 883 0.0038
694 884 0.0003
881 884 0.0005
886 884 0.0003
868 885 0.0001
326 886 0.0001
884 886 0.0003
944 886 0.0003
880 887 0.0015
881 887 0.0014
889 887 0.0007
1073 887 0.0012
357 888 0.0001
358 888 0.0001
359 888 0.0008
932 888 0.0009
314 889 0.0001
887 889 0.0007
945 889 0.0004
5 890 0.0077
708 890 0.0365
891 890 0.0002
829 891 0.0
851 891 0.0019
890 891 0.0002
161 892 0.003
167 892 0.0005
493 892 0.002
359 893 0.0014
13 894 0.0004
1162 894 0.0023
1179 894 0.0002
828 895 0.0003
829 895 0.0017
916 895 0.0002
1099 896 0.0002
860 897 0.0059
865 897 0.0001
898 897 0.0025
521 898 0.0032
897 898 0.0025
920 898 0.0028
140 899 0.0011
521 899 0.0008
902 899 0.001
903 899 0.0005
35 900 0.003
38 900 0.0057
182 900 0.0001
688 901 0.0
864 902 0.0002
899 902 0.001
903 902 0.0039
899 903 0.0005
902 903 0.0039
904 903 0.0019
903 904 0.0019
161 905 0.0048
369 905 0.0031
493 905 0.012
864 906 0.0046
918 906 0.0001
1078 906 0.0002
746 907 0.0616
161 908 0.0219
163 908 0.0062
1149 908 0.0153
854 909 0.0004
817 910 0.0044
818 910 0.0025
911 910 0.0001
910 911 0.0001
912 911 0.0001
913 911 0.0002
911 912 0.0001
821 913 0.0003
911 913 0.0002
914 913 0.0
913 914 0.0
819 915 0.0001
820 915 0.0003
916 915 0.0006
895 916 0.0002
915 916 0.0006
917 916 0.0001
916 917 0.0001
856 918 0.0007
906 918 0.0001
919 918 0.0001
918 919 0.0001
860 920 0.0014
898 920 0.0028
921 920 0.0003
922 920 0.0066
920 921 0.0003
521 922 0.0004
920 922 0.0066
923 922 0.0055
922 923 0.0055
870 924 0.0002
925 924 0.0002
927 924 0.0003
924 925 0.0002
860 926 0.0003
927 926 0.0003
931 926 0.0069
924 927 0.0003
926 927 0.0003
928 927 0.0008
927 928 0.0008
929 928 0.0002
932 928 0.0071
868 929 0.0004
928 929 0.0002
960 929 0.0
155 930 0.0016
613 930 0.001
994 930 0.0017
373 931 0.0001
926 931 0.0069
932 931 0.007
888 932 0.0009
928 932 0.0071
931 932 0.007
933 932 0.0002
932 933 0.0002
589 934 0.0016
666 934 0.0002
954 934 0.0017
850 935 0.0001
848 936 0.0078
867 936 0.0002
1025 936 0.0001
867 937 0.0003
938 937 0.001
1165 937 0.0001
328 938 0.0002
330 938 0.0001
937 938 0.001
869 939 0.0001
370 940 0.0002
875 940 0.001
941 940 0.0005
940 941 0.0005
339 942 0.0009
340 942 0.0006
877 942 0.0057
943 942 0.0012
348 943 0.0008
833 943 0.0013
942 943 0.0012
886 944 0.0003
323 945 0.0001
331 945 0.0001
883 945 0.0038
889 945 0.0004
873 946 0.0001
387 947 0.0
806 947 0.0033
948 947 0.0001
1036 947 0.0001
947 948 0.0001
823 949 0.0071
950 949 0.0027
956 949 0.001
949 950 0.0027
951 950 0.0057
1045 950 0.0008
422 951 0.0115
435 951 0.0003
438 951 0.0021
950 951 0.0057
415 952 0.0051
422 952 0.0076
1129 952 0.0004
823 953 0.0002
488 954 0.0003
645 954 0.0003
661 954 0.0001
663 954 0.0003
934 954 0.0017
823 955 0.0001
383 956 0.0001
816 956 0.0011
949 956 0.001
402 957 0.0
816 957 0.0029
958 957 0.0003
957 958 0.0003
407 959 0.0023
411 959 0.0013
414 959 0.0001
1109 959 0.0002
929 960 0.0
417 961 0.0001
589 962 0.0013
640 962 0.0007
968 962 0.0003
413 963 0.0001
397 964 0.0012
425 964 0.0002
430 964 0.0021
525 964 0.0028
454 965 0.0001
525 965 0.0031
966 965 0.0005
965 966 0.0005
453 967 0.0002
528 968 0.0005
529 968 0.0029
962 968 0.0003
1182 968 0.0021
430 969 0.0004
5 970 0.0057
388 970 0.0003
710 970 0.0514
46 971 0.0004
972 971 0.0005
1131 971 0.0014
1132 971 0.0004
971 972 0.0005
973 972 0.0004
985 972 0.0002
972 973 0.0004
974 973 0.0001
976 973 0.0001
575 974 0.0001
973 974 0.0001
975 974 0.0003
974 975 0.0003
973 976 0.0001
49 977 0.0005
50 977 0.001
978 977 0.0003
1132 977 0.0012
977 978 0.0003
980 978 0.0003
981 978 0.0002
866 979 0.0002
572 980 0.0001
574 980 0.0002
978 980 0.0003
978 981 0.0002
469 982 0.0003
110 983 0.0003
376 983 0.0009
840 983 0.0001
471 984 0.0001
972 985 0.0002
986 985 0.0013
1130 985 0.0006
985 986 0.0013
987 986 0.0007
1130 986 0.0003
986 987 0.0007
988 987 0.0005
1001 987 0.0005
577 988 0.0003
987 988 0.0005
989 988 0.0005
988 989 0.0005
48 990 0.0002
992 990 0.0002
995 990 0.0001
150 991 0.0296
467 992 0.0001
468 992 0.0005
990 992 0.0002
993 992 0.0002
992 993 0.0002
513 994 0.0028
742 994 0.0001
930 994 0.0017
56 995 0.0002
470 995 0.0005
990 995 0.0001
56 996 0.0006
233 996 0.0001
997 996 0.0002
996 997 0.0002
60 998 0.0003
999 998 0.0
1000 998 0.0001
998 999 0.0
998 1000 0.0001
86 1001 0.0015
987 1001 0.0005
1003 1001 0.0043
601 1002 0.0001
605 1002 0.0009
606 1002 0.0013
625 1002 0.0019
754 1002 0.0002
86 1003 0.0001
1001 1003 0.0043
1004 1003 0.0002
576 1004 0.0002
1003 1004 0.0002
1005 1004 0.0001
1004 1005 0.0001
6 1006 0.0081
704 1006 0.0211
1007 1006 0.0012
1006 1007 0.0012
1008 1007 0.0007
1011 1007 0.0003
1007 1008 0.0007
1009 1008 0.0015
1011 1008 0.0005
1008 1009 0.0015
1010 1009 0.001
1097 1009 0.0006
1009 1010 0.001
1011 1010 0.0019
1032 1010 0.0002
1007 1011 0.0003
1008 1011 0.0005
1010 1011 0.0019
1012 1011 0.0015
1024 1011 0.0008
32 1012 0.0028
244 1012 0.0002
1011 1012 0.0015
156 1013 0.0025
553 1013 0.0032
1110 1013 0.0006
32 1014 0.0071
312 1014 0.0006
1015 1014 0.001
246 1015 0.0003
1014 1015 0.001
1016 1015 0.0007
268 1016 0.0051
445 1016 0.0003
1015 1016 0.0007
32 1017 0.0013
243 1017 0.0001
1018 1017 0.0001
1017 1018 0.0001
1019 1018 0.0054
1026 1018 0.0009
298 1019 0.0002
1018 1019 0.0054
1055 1019 0.0012
803 1020 0.0
32 1021 0.0002
1022 1021 0.0001
1023 1021 0.0001
1021 1022 0.0001
1021 1023 0.0001
1011 1024 0.0008
1026 1024 0.0013
1044 1024 0.0028
936 1025 0.0001
1018 1026 0.0009
1024 1026 0.0013
1027 1026 0.0001
1026 1027 0.0001
1028 1027 0.0001
1030 1027 0.0001
1027 1028 0.0001
1045 1029 0.0001
1027 1030 0.0001
645 1031 0.0003
1010 1032 0.0002
1033 1032 0.0003
1034 1032 0.0002
1032 1033 0.0003
1032 1034 0.0002
6 1035 0.0065
703 1035 0.0289
1038 1035 0.0002
947 1036 0.0001
187 1037 0.0027
1035 1038 0.0002
1040 1038 0.0005
1044 1038 0.001
432 1039 0.0011
434 1039 0.0022
546 1039 0.0007
237 1040 0.0004
1038 1040 0.0005
1041 1040 0.0004
1040 1041 0.0004
1042 1041 0.0003
1049 1041 0.0003
307 1042 0.0001
604 1042 0.0016
1041 1042 0.0003
434 1043 0.0007
466 1043 0.0038
508 1043 0.0016
1024 1044 0.0028
1038 1044 0.001
1046 1044 0.0008
534 1045 0.0
950 1045 0.0008
1029 1045 0.0001
1048 1045 0.0003
1044 1046 0.0008
1047 1046 0.0009
1087 1046 0.0002
1046 1047 0.0009
1049 1047 0.0001
1050 1047 0.0003
1045 1048 0.0003
1041 1049 0.0003
1047 1049 0.0001
1051 1049 0.0003
1047 1050 0.0003
1051 1050 0.0001
1052 1050 0.0002
311 1051 0.0
753 1051 0.0001
1049 1051 0.0003
1050 1051 0.0001
1050 1052 0.0002
1053 1052 0.0001
1054 1052 0.0002
1052 1053 0.0001
1052 1054 0.0002
313 1055 0.0003
1019 1055 0.0012
1056 1055 0.0006
299 1056 0.0001
300 1056 0.0001
301 1056 0.0004
1055 1056 0.0006
6 1057 0.008
253 1057 0.0119
1058 1057 0.0007
1057 1058 0.0007
1059 1058 0.0004
1067 1058 0.0001
1058 1059 0.0004
1060 1059 0.0001
1061 1059 0.0011
1059 1060 0.0001
1059 1061 0.0011
1062 1061 0.0006
1063 1061 0.0011
309 1062 0.001
1061 1062 0.0006
1066 1062 0.0006
1061 1063 0.0011
1065 1063 0.0001
1066 1063 0.0005
278 1064 0.0002
281 1064 0.0005
743 1064 0.0002
1063 1065 0.0001
310 1066 0.0003
1062 1066 0.0006
1063 1066 0.0005
239 1067 0.0001
1058 1067 0.0001
1069 1067 0.0001
595 1068 0.002
622 1068 0.0017
667 1068 0.0009
1067 1069 0.0001
6 1070 0.0059
695 1070 0.0078
1071 1070 0.0005
447 1071 0.0001
478 1071 0.0004
1070 1071 0.0005
498 1072 0.0032
1163 1072 0.0014
1166 1072 0.0011
195 1073 0.0011
201 1073 0.0003
879 1073 0.0011
887 1073 0.0012
447 1074 0.0004
447 1075 0.0003
1076 1075 0.0
1077 1075 0.0001
1075 1076 0.0
1075 1077 0.0001
906 1078 0.0002
478 1079 0.0001
1080 1079 0.0009
1083 1079 0.0001
1079 1080 0.0009
1081 1080 0.0001
1082 1080 0.0001
1080 1081 0.0001
1080 1082 0.0001
1079 1083 0.0001
568 1084 0.0004
628 1084 0.0007
1086 1084 0.0007
478 1085 0.0
658 1086 0.0002
660 1086 0.0001
1084 1086 0.0007
1046 1087 0.0002
6 1088 0.0059
706 1088 0.0204
1089 1088 0.0012
1088 1089 0.0012
1100 1089 0.0002
1108 1089 0.0001
6 1090 0.0069
705 1090 0.0162
1091 1090 0.0001
1090 1091 0.0001
1093 1091 0.0002
1097 1091 0.0001
404 1092 0.001
1091 1093 0.0002
1094 1093 0.0006
1096 1093 0.0005
681 1094 0.0003
1093 1094 0.0006
1095 1094 0.0002
1094 1095 0.0002
1093 1096 0.0005
519 1097 0.0008
1009 1097 0.0006
1091 1097 0.0001
722 1098 0.0001
632 1099 0.0005
639 1099 0.0002
896 1099 0.0002
249 1100 0.0
1089 1100 0.0002
1102 1100 0.0001
627 1101 0.0041
632 1101 0.0002
1170 1101 0.0001
1100 1102 0.0001
1103 1102 0.0001
1105 1102 0.0002
1102 1103 0.0001
123 1104 0.0037
127 1104 0.0037
284 1104 0.0002
1102 1105 0.0002
1106 1105 0.0002
1107 1105 0.0001
1105 1106 0.0002
1105 1107 0.0001
1089 1108 0.0001
959 1109 0.0002
552 1110 0.0016
556 1110 0.0002
1013 1110 0.0006
1111 1110 0.0001
1110 1111 0.0001
2 1112 0.0053
1113 1112 0.0003
1117 1112 0.0003
1112 1113 0.0003
1114 1113 0.0015
1118 1113 0.0001
157 1114 0.0007
1113 1114 0.0015
1116 1114 0.0001
639 1115 0.0009
1114 1116 0.0001
1112 1117 0.0003
1113 1118 0.0001
268 1119 0.0006
445 1119 0.0003
798 1119 0.0011
642 1120 0.0002
70 1121 0.0007
1123 1121 0.0007
1128 1121 0.0008
152 1122 0.0002
355 1122 0.0016
564 1122 0.0033
1121 1123 0.0007
1124 1123 0.0049
1128 1123 0.0004
1123 1124 0.0049
1125 1124 0.0007
1131 1124 0.0002
1124 1125 0.0007
1126 1125 0.0001
1131 1125 0.0002
1125 1126 0.0001
3 1127 0.0063
729 1127 0.0685
1128 1127 0.0001
43 1128 0.004
1121 1128 0.0008
1123 1128 0.0004
1127 1128 0.0001
135 1129 0.0001
416 1129 0.002
952 1129 0.0004
91 1130 0.0002
985 1130 0.0006
986 1130 0.0003
971 1131 0.0014
1124 1131 0.0002
1125 1131 0.0002
49 1132 0.001
971 1132 0.0004
977 1132 0.0012
279 1133 0.0003
563 1133 0.0001
815 1133 0.0001
84 1134 0.0
3 1135 0.0067
611 1135 0.0441
1136 1135 0.0001
1135 1136 0.0001
1137 1136 0.0001
1138 1136 0.0002
1136 1137 0.0001
1136 1138 0.0002
60 1139 0.0002
6 1140 0.0062
697 1140 0.0342
1141 1140 0.001
1140 1141 0.001
1142 1141 0.004
1143 1141 0.0027
85 1142 0.0004
1141 1142 0.004
1143 1142 0.0029
461 1143 0.0003
1141 1143 0.0027
1142 1143 0.0029
1144 1143 0.0046
75 1144 0.0009
1143 1144 0.0046
1145 1144 0.0026
485 1145 0.0055
486 1145 0.003
1144 1145 0.0026
1146 1145 0.007
163 1146 0.0004
1145 1146 0.007
1147 1146 0.0039
409 1147 0.0006
1146 1147 0.0039
1149 1147 0.0055
504 1148 0.0525
598 1149 0.0024
908 1149 0.0153
1147 1149 0.0055
6 1150 0.0077
698 1150 0.0077
1151 1150 0.0004
566 1151 0.0064
1150 1151 0.0004
1152 1151 0.0003
485 1152 0.0022
1151 1152 0.0003
1153 1152 0.0009
485 1153 0.0149
1152 1153 0.0009
1154 1153 0.0425
580 1154 0.0165
1153 1154 0.0425
1155 1154 0.0049
172 1155 0.0003
486 1155 0.003
487 1155 0.0029
1154 1155 0.0049
4 1156 0.0057
1157 1156 0.0007
1177 1156 0.0005
1156 1157 0.0007
1158 1157 0.0023
1163 1157 0.0052
1157 1158 0.0023
1159 1158 0.0086
1171 1158 0.0009
1158 1159 0.0086
1160 1159 0.0021
1171 1159 0.0033
1177 1159 0.0003
8 1160 0.0002
1159 1160 0.0021
1161 1160 0.0024
1175 1160 0.0002
8 1161 0.0002
599 1161 0.0016
1160 1161 0.0024
1162 1161 0.0002
1175 1161 0.0006
1 1162 0.0004
10 1162 0.0001
894 1162 0.0023
1161 1162 0.0002
235 1163 0.0104
1072 1163 0.0014
1157 1163 0.0052
325 1164 0.0074
424 1164 0.0012
1168 1164 0.0033
333 1165 0.0002
334 1165 0.0001
937 1165 0.0001
498 1166 0.0024
1072 1166 0.0011
1167 1166 0.0024
198 1167 0.0002
1166 1167 0.0024
1169 1167 0.0002
82 1168 0.0003
466 1168 0.0023
1164 1168 0.0033
208 1169 0.0005
1167 1169 0.0002
1174 1169 0.0001
433 1170 0.0005
632 1170 0.0002
1101 1170 0.0001
498 1171 0.0005
1158 1171 0.0009
1159 1171 0.0033
1172 1171 0.0014
208 1172 0.0001
1171 1172 0.0014
1174 1172 0.0001
210 1173 0.0001
1169 1174 0.0001
1172 1174 0.0001
1183 1174 0.0002
539 1175 0.0008
1160 1175 0.0002
1161 1175 0.0006
1176 1175 0.0023
538 1176 0.0005
1175 1176 0.0023
1178 1176 0.0001
1156 1177 0.0005
1159 1177 0.0003
1178 1177 0.0018
538 1178 0.0009
1176 1178 0.0001
1177 1178 0.0018
894 1179 0.0002
1180 1179 0.0003
1181 1179 0.0001
1179 1180 0.0003
1179 1181 0.0001
497 1182 0.0019
529 1182 0.0007
533 1182 0.001
968 1182 0.0021
1174 1183 0.0002
