2 1 0.0129
3 1 0.0135
4 1 0.0176
5 1 0.0133
6 1 0.0173
7 1 0.0127
8 1 0.0149
9 1 0.0162
10 1 0.015
11 1 0.0123
12 1 0.0133
13 1 0.0151
15 1 0.0024
22 1 0.0027
24 1 0.0038
25 1 0.0026
80 1 0.0007
90 1 0.0084
93 1 0.0029
1 2 0.0129
14 2 0.0011
80 2 0.0036
1 3 0.0135
1 4 0.0176
15 4 0.001
17 4 0.008
22 4 0.0013
1 5 0.0133
29 5 0.0377
34 5 0.0046
356 5 0.0005
1 6 0.0173
35 6 0.0029
36 6 0.0021
37 6 0.0059
171 6 0.0008
1 7 0.0127
8 7 0.0083
39 7 0.0062
41 7 0.0371
163 7 0.0026
1 8 0.0149
7 8 0.0083
9 8 0.009
46 8 0.0269
1 9 0.0162
8 9 0.009
50 9 0.0095
1 10 0.015
51 10 0.0095
52 10 0.0155
1 11 0.0123
53 11 0.0591
68 11 0.0168
77 11 0.0006
1 12 0.0133
78 12 0.0056
79 12 0.0054
1 13 0.0151
81 13 0.0212
89 13 0.0009
2 14 0.0011
239 14 0.0019
240 14 0.0022
243 14 0.0011
1 15 0.0024
4 15 0.001
16 15 0.0009
15 16 0.0009
4 17 0.008
18 17 0.0079
367 17 0.0004
17 18 0.0079
19 18 0.0033
20 18 0.0033
18 19 0.0033
20 19 0.0062
21 19 0.0017
18 20 0.0033
19 20 0.0062
354 20 0.003
19 21 0.0017
1 22 0.0027
4 22 0.0013
23 22 0.0017
22 23 0.0017
1 24 0.0038
1 25 0.0026
26 25 0.0008
28 25 0.0029
25 26 0.0008
27 26 0.0038
252 26 0.0019
26 27 0.0038
25 28 0.0029
5 29 0.0377
30 29 0.0029
32 29 0.002
33 29 0.0063
29 30 0.0029
31 30 0.0042
32 30 0.0034
30 31 0.0042
254 31 0.0006
358 31 0.0003
29 32 0.002
30 32 0.0034
348 32 0.0004
29 33 0.0063
5 34 0.0046
6 35 0.0029
38 35 0.0019
182 35 0.0007
6 36 0.0021
181 36 0.0019
256 36 0.0014
6 37 0.0059
35 38 0.0019
7 39 0.0062
40 39 0.0061
166 39 0.0031
39 40 0.0061
169 40 0.0084
170 40 0.0164
171 40 0.0044
7 41 0.0371
42 41 0.0028
45 41 0.0058
134 41 0.0029
41 42 0.0028
43 42 0.0037
44 42 0.0051
42 43 0.0037
141 43 0.0149
144 43 0.0048
42 44 0.0051
41 45 0.0058
8 46 0.0269
47 46 0.0046
49 46 0.0035
46 47 0.0046
48 47 0.007
132 47 0.0064
47 48 0.007
46 49 0.0035
55 49 0.0023
127 49 0.0009
130 49 0.0114
9 50 0.0095
10 51 0.0095
10 52 0.0155
11 53 0.0591
54 53 0.0727
65 53 0.0365
53 54 0.0727
55 54 0.0363
62 54 0.0111
49 55 0.0023
54 55 0.0363
56 55 0.0386
55 56 0.0386
57 56 0.0114
127 56 0.0014
56 57 0.0114
58 57 0.0041
59 57 0.0017
57 58 0.0041
60 58 0.003
61 58 0.0049
57 59 0.0017
96 59 0.0096
97 59 0.0052
58 60 0.003
58 61 0.0049
94 61 0.0071
96 61 0.0039
54 62 0.0111
63 62 0.0024
64 62 0.0201
62 63 0.0024
64 63 0.0018
95 63 0.0056
62 64 0.0201
63 64 0.0018
65 64 0.0564
53 65 0.0365
64 65 0.0564
66 65 0.0184
65 66 0.0184
67 66 0.0067
94 66 0.0008
66 67 0.0067
98 67 0.0039
109 67 0.0014
11 68 0.0168
69 68 0.0201
70 68 0.0287
68 69 0.0201
73 69 0.0126
76 69 0.0015
68 70 0.0287
71 70 0.0211
121 70 0.0013
70 71 0.0211
72 71 0.0021
73 71 0.0094
71 72 0.0021
119 72 0.0087
120 72 0.0084
69 73 0.0126
71 73 0.0094
74 73 0.0024
75 73 0.0028
73 74 0.0024
73 75 0.0028
76 75 0.0015
185 75 0.0179
208 75 0.0006
69 76 0.0015
75 76 0.0015
77 76 0.0014
11 77 0.0006
76 77 0.0014
209 77 0.0009
12 78 0.0056
12 79 0.0054
1 80 0.0007
2 80 0.0036
82 80 0.001
231 80 0.0007
13 81 0.0212
82 81 0.0019
84 81 0.0149
80 82 0.001
81 82 0.0019
83 82 0.0092
82 83 0.0092
85 83 0.002
230 83 0.0007
81 84 0.0149
85 84 0.0012
86 84 0.002
83 85 0.002
84 85 0.0012
224 85 0.0079
84 86 0.002
87 86 0.003
88 86 0.0015
89 86 0.0018
86 87 0.003
216 87 0.003
223 87 0.0006
86 88 0.0015
13 89 0.0009
86 89 0.0018
211 89 0.0007
1 90 0.0084
91 90 0.0008
92 90 0.0069
90 91 0.0008
92 91 0.0011
214 91 0.0038
90 92 0.0069
91 92 0.0011
213 92 0.0004
1 93 0.0029
61 94 0.0071
66 94 0.0008
122 94 0.0006
123 94 0.0011
63 95 0.0056
59 96 0.0096
61 96 0.0039
97 96 0.0133
116 96 0.0002
59 97 0.0052
96 97 0.0133
124 97 0.002
67 98 0.0039
99 98 0.0015
109 98 0.01
98 99 0.0015
100 99 0.0017
101 99 0.006
99 100 0.0017
99 101 0.006
102 101 0.0019
106 101 0.0011
101 102 0.0019
103 102 0.0007
105 102 0.0011
102 103 0.0007
104 103 0.0023
419 103 0.0008
493 103 0.0017
103 104 0.0023
108 104 0.0005
420 104 0.0004
102 105 0.0011
101 106 0.0011
107 106 0.0111
493 106 0.0008
106 107 0.0111
108 107 0.0012
493 107 0.0005
104 108 0.0005
107 108 0.0012
421 108 0.001
67 109 0.0014
98 109 0.01
110 109 0.0009
109 110 0.0009
111 110 0.0007
114 110 0.0011
110 111 0.0007
112 111 0.0019
113 111 0.0028
111 112 0.0019
111 113 0.0028
110 114 0.0011
115 114 0.001
277 114 0.0001
114 115 0.001
116 115 0.0029
282 115 0.0001
96 116 0.0002
115 116 0.0029
117 116 0.0001
116 117 0.0001
118 117 0.0006
125 117 0.0011
117 118 0.0006
72 119 0.0087
72 120 0.0084
70 121 0.0013
94 122 0.0006
94 123 0.0011
97 124 0.002
125 124 0.0036
291 124 0.0004
117 125 0.0011
124 125 0.0036
126 125 0.001
125 126 0.001
49 127 0.0009
56 127 0.0014
128 127 0.0017
127 128 0.0017
129 128 0.003
291 128 0.0052
128 129 0.003
137 129 0.002
489 129 0.0018
49 130 0.0114
131 130 0.001
132 130 0.0052
130 131 0.001
47 132 0.0064
130 132 0.0052
133 132 0.0041
134 132 0.0098
132 133 0.0041
41 134 0.0029
132 134 0.0098
135 134 0.0062
144 134 0.0042
134 135 0.0062
136 135 0.0019
138 135 0.0046
135 136 0.0019
137 136 0.0041
140 136 0.0193
489 136 0.0038
129 137 0.002
136 137 0.0041
489 137 0.0028
135 138 0.0046
139 138 0.0122
142 138 0.0046
158 138 0.0021
138 139 0.0122
140 139 0.0151
152 139 0.0013
136 140 0.0193
139 140 0.0151
149 140 0.0018
43 141 0.0149
142 141 0.0102
143 141 0.0128
138 142 0.0046
141 142 0.0102
143 142 0.0068
141 143 0.0128
142 143 0.0068
144 143 0.0076
43 144 0.0048
134 144 0.0042
143 144 0.0076
146 145 0.0047
148 145 0.0018
489 145 0.0037
145 146 0.0047
147 146 0.0055
289 146 0.0073
291 146 0.0023
292 146 0.0007
146 147 0.0055
294 147 0.0004
295 147 0.0007
145 148 0.0018
299 148 0.0042
301 148 0.0053
140 149 0.0018
150 149 0.0015
151 149 0.0029
149 150 0.0015
149 151 0.0029
139 152 0.0013
153 152 0.0012
154 152 0.0103
152 153 0.0012
152 154 0.0103
155 154 0.002
156 154 0.002
154 155 0.002
311 155 0.0017
317 155 0.003
464 155 0.0014
154 156 0.002
157 156 0.0041
307 156 0.0015
156 157 0.0041
303 157 0.0015
305 157 0.0031
138 158 0.0021
159 158 0.0078
164 158 0.0014
158 159 0.0078
160 159 0.0021
161 159 0.0024
159 160 0.0021
318 160 0.001
321 160 0.001
159 161 0.0024
162 161 0.0015
168 161 0.0028
161 162 0.0015
7 163 0.0026
164 163 0.0147
168 163 0.001
158 164 0.0014
163 164 0.0147
165 164 0.0041
164 165 0.0041
39 166 0.0031
167 166 0.0029
551 166 0.0055
166 167 0.0029
176 167 0.0045
551 167 0.0116
553 167 0.0049
161 168 0.0028
163 168 0.001
552 168 0.0028
553 168 0.0045
40 169 0.0084
40 170 0.0164
6 171 0.0008
40 171 0.0044
172 171 0.0139
182 171 0.0031
171 172 0.0139
180 172 0.0119
183 172 0.0026
174 173 0.0033
175 173 0.0015
551 173 0.0144
173 174 0.0033
173 175 0.0015
176 175 0.0031
269 175 0.0021
167 176 0.0045
175 176 0.0031
552 176 0.0017
178 177 0.0015
180 177 0.0035
343 177 0.0026
177 178 0.0015
270 178 0.0036
271 178 0.0009
327 178 0.0011
272 179 0.0111
338 179 0.0004
342 179 0.0024
343 179 0.0049
172 180 0.0119
177 180 0.0035
342 180 0.0011
36 181 0.0019
182 181 0.0149
184 181 0.0051
35 182 0.0007
171 182 0.0031
181 182 0.0149
183 182 0.0036
172 183 0.0026
182 183 0.0036
184 183 0.0087
181 184 0.0051
183 184 0.0087
267 184 0.0027
75 185 0.0179
186 185 0.0274
192 185 0.0018
185 186 0.0274
187 186 0.0013
423 186 0.0007
186 187 0.0013
188 187 0.0115
196 187 0.0267
197 187 0.0035
187 188 0.0115
189 188 0.0005
190 188 0.002
491 188 0.0009
188 189 0.0005
188 190 0.002
191 190 0.0054
407 190 0.0009
190 191 0.0054
408 191 0.0013
412 191 0.0018
418 191 0.0015
185 192 0.0018
193 192 0.0009
195 192 0.0098
192 193 0.0009
194 193 0.0067
195 193 0.0041
193 194 0.0067
192 195 0.0098
193 195 0.0041
196 195 0.0139
187 196 0.0267
195 196 0.0139
197 196 0.0016
187 197 0.0035
196 197 0.0016
198 197 0.0053
197 198 0.0053
199 198 0.0104
201 198 0.005
198 199 0.0104
200 199 0.0046
203 199 0.0029
199 200 0.0046
198 201 0.005
202 201 0.0031
204 201 0.0056
201 202 0.0031
399 202 0.0043
401 202 0.0036
405 202 0.0005
199 203 0.0029
207 203 0.002
384 203 0.0019
201 204 0.0056
205 204 0.0122
389 204 0.0011
204 205 0.0122
206 205 0.0118
399 205 0.0045
205 206 0.0118
389 206 0.0025
395 206 0.0021
203 207 0.002
75 208 0.0006
77 209 0.0009
210 209 0.004
424 209 0.0016
209 210 0.004
89 211 0.0007
212 211 0.0028
215 211 0.0024
211 212 0.0028
92 213 0.0004
91 214 0.0038
211 215 0.0024
87 216 0.003
217 216 0.0013
221 216 0.0006
216 217 0.0013
218 217 0.0031
219 217 0.0079
217 218 0.0031
217 219 0.0079
220 219 0.0024
382 219 0.001
219 220 0.0024
216 221 0.0006
222 221 0.0025
223 221 0.0048
221 222 0.0025
379 222 0.001
380 222 0.0018
87 223 0.0006
221 223 0.0048
377 223 0.0071
85 224 0.0079
225 224 0.0398
230 224 0.001
224 225 0.0398
226 225 0.0062
232 225 0.0004
225 226 0.0062
227 226 0.0023
228 226 0.0061
232 226 0.0005
226 227 0.0023
228 227 0.0027
377 227 0.003
226 228 0.0061
227 228 0.0027
229 228 0.0025
228 229 0.0025
83 230 0.0007
224 230 0.001
233 230 0.001
80 231 0.0007
234 231 0.0025
375 231 0.0006
225 232 0.0004
226 232 0.0005
376 232 0.0012
230 233 0.001
231 234 0.0025
235 234 0.003
238 234 0.0013
234 235 0.003
236 235 0.0016
240 235 0.0016
371 235 0.0015
235 236 0.0016
237 236 0.0034
373 236 0.0041
236 237 0.0034
234 238 0.0013
14 239 0.0019
14 240 0.0022
235 240 0.0016
241 240 0.0104
240 241 0.0104
242 241 0.004
246 241 0.0033
241 242 0.004
246 242 0.0022
372 242 0.0161
14 243 0.0011
244 243 0.0032
245 243 0.0022
243 244 0.0032
243 245 0.0022
241 246 0.0033
242 246 0.0022
370 246 0.0004
248 247 0.0121
371 247 0.0028
372 247 0.0259
247 248 0.0121
249 248 0.0026
250 248 0.0023
248 249 0.0026
248 250 0.0023
361 251 0.0009
26 252 0.0019
253 252 0.0047
359 252 0.0007
252 253 0.0047
31 254 0.0006
255 254 0.012
350 254 0.0005
254 255 0.012
36 256 0.0014
257 256 0.0025
259 256 0.0013
256 257 0.0025
258 257 0.0049
260 257 0.0009
257 258 0.0049
259 258 0.0055
265 258 0.0006
256 259 0.0013
258 259 0.0055
266 259 0.0004
257 260 0.0009
261 260 0.0022
262 260 0.0034
260 261 0.0022
260 262 0.0034
263 262 0.0017
339 262 0.0009
262 263 0.0017
339 264 0.0009
258 265 0.0006
344 265 0.0127
347 265 0.0039
259 266 0.0004
184 267 0.0027
268 267 0.0008
341 267 0.0002
342 267 0.0021
267 268 0.0008
175 269 0.0021
465 269 0.0005
466 269 0.0006
552 269 0.0043
178 270 0.0036
271 270 0.0026
329 270 0.0008
178 271 0.0009
270 271 0.0026
322 271 0.0038
179 272 0.0111
273 272 0.0038
274 272 0.002
337 272 0.0014
272 273 0.0038
272 274 0.002
275 274 0.009
276 274 0.0078
327 274 0.0298
274 275 0.009
330 275 0.0013
332 275 0.0077
274 276 0.0078
114 277 0.0001
278 277 0.0016
279 277 0.0004
280 277 0.0002
277 278 0.0016
277 279 0.0004
277 280 0.0002
281 280 0.0004
283 280 0.0006
280 281 0.0004
115 282 0.0001
283 282 0.0043
285 282 0.0019
280 283 0.0006
282 283 0.0043
284 283 0.0002
283 284 0.0002
282 285 0.0019
286 285 0.0007
287 285 0.0005
285 286 0.0007
285 287 0.0005
288 287 0.0075
289 287 0.0003
287 288 0.0075
146 289 0.0073
287 289 0.0003
290 289 0.0016
289 290 0.0016
124 291 0.0004
128 291 0.0052
146 291 0.0023
146 292 0.0007
430 292 0.001
431 292 0.0028
439 293 0.0007
147 294 0.0004
147 295 0.0007
296 295 0.0147
297 295 0.0052
295 296 0.0147
297 296 0.0046
299 296 0.0011
295 297 0.0052
296 297 0.0046
298 297 0.0006
439 297 0.0014
297 298 0.0006
148 299 0.0042
296 299 0.0011
300 299 0.0003
299 300 0.0003
148 301 0.0053
302 301 0.001
303 301 0.0011
301 302 0.001
157 303 0.0015
301 303 0.0011
304 303 0.0045
303 304 0.0045
305 304 0.0035
448 304 0.0012
157 305 0.0031
304 305 0.0035
306 305 0.0012
305 306 0.0012
455 306 0.0033
457 306 0.002
156 307 0.0015
308 307 0.012
457 307 0.0005
307 308 0.012
309 308 0.0016
310 308 0.0035
308 309 0.0016
308 310 0.0035
459 310 0.0035
549 310 0.0023
155 311 0.0017
312 311 0.0048
315 311 0.0107
311 312 0.0048
313 312 0.0018
314 312 0.0017
312 313 0.0018
312 314 0.0017
311 315 0.0107
316 315 0.0074
460 315 0.0033
315 316 0.0074
155 317 0.003
160 318 0.001
319 318 0.0047
320 318 0.0052
318 319 0.0047
318 320 0.0052
160 321 0.001
271 322 0.0038
323 322 0.0016
326 322 0.001
322 323 0.0016
324 323 0.0035
325 323 0.0024
323 324 0.0035
323 325 0.0024
322 326 0.001
178 327 0.0011
274 327 0.0298
328 327 0.0037
327 328 0.0037
329 328 0.0162
330 328 0.0044
270 329 0.0008
328 329 0.0162
482 329 0.0009
275 330 0.0013
328 330 0.0044
331 330 0.002
485 330 0.0006
330 331 0.002
275 332 0.0077
333 332 0.0013
334 332 0.0013
332 333 0.0013
335 333 0.0027
336 333 0.0
332 334 0.0013
333 335 0.0027
333 336 0.0
272 337 0.0014
179 338 0.0004
262 339 0.0009
264 339 0.0009
340 339 0.0048
339 340 0.0048
267 341 0.0002
179 342 0.0024
180 342 0.0011
267 342 0.0021
343 342 0.0026
177 343 0.0026
179 343 0.0049
342 343 0.0026
265 344 0.0127
345 344 0.0029
346 344 0.0082
344 345 0.0029
344 346 0.0082
265 347 0.0039
32 348 0.0004
349 348 0.0046
350 348 0.0008
348 349 0.0046
254 350 0.0005
348 350 0.0008
351 350 0.0065
350 351 0.0065
352 351 0.0026
353 351 0.0027
351 352 0.0026
351 353 0.0027
20 354 0.003
355 354 0.008
363 354 0.0008
354 355 0.008
5 356 0.0005
357 356 0.0014
359 356 0.0018
356 357 0.0014
31 358 0.0003
252 359 0.0007
356 359 0.0018
360 359 0.0044
359 360 0.0044
251 361 0.0009
362 361 0.0032
363 361 0.0016
486 361 0.0008
361 362 0.0032
487 362 0.0037
488 362 0.0035
354 363 0.0008
361 363 0.0016
364 363 0.002
363 364 0.002
365 364 0.0067
366 364 0.0049
364 365 0.0067
364 366 0.0049
17 367 0.0004
368 367 0.002
369 367 0.0018
367 368 0.002
367 369 0.0018
246 370 0.0004
235 371 0.0015
247 371 0.0028
372 371 0.0067
373 371 0.0107
242 372 0.0161
247 372 0.0259
371 372 0.0067
236 373 0.0041
371 373 0.0107
374 373 0.021
373 374 0.021
231 375 0.0006
232 376 0.0012
223 377 0.0071
227 377 0.003
378 377 0.0009
377 378 0.0009
222 379 0.001
222 380 0.0018
382 381 0.0046
219 382 0.001
381 382 0.0046
383 382 0.0027
384 382 0.001
382 383 0.0027
203 384 0.0019
382 384 0.001
385 384 0.0083
384 385 0.0083
386 385 0.0015
387 385 0.0031
388 385 0.0018
385 386 0.0015
385 387 0.0031
385 388 0.0018
204 389 0.0011
206 389 0.0025
390 389 0.0011
391 389 0.0032
392 389 0.0023
395 389 0.0008
389 390 0.0011
389 391 0.0032
392 391 0.0031
395 391 0.0045
389 392 0.0023
391 392 0.0031
393 392 0.0044
394 392 0.0036
392 393 0.0044
392 394 0.0036
206 395 0.0021
389 395 0.0008
391 395 0.0045
396 395 0.0065
429 395 0.0008
395 396 0.0065
398 396 0.0031
425 396 0.0059
425 397 0.0092
396 398 0.0031
202 399 0.0043
205 399 0.0045
400 399 0.0007
401 399 0.0103
399 400 0.0007
202 401 0.0036
399 401 0.0103
402 401 0.0011
401 402 0.0011
403 402 0.0044
404 402 0.0033
402 403 0.0044
402 404 0.0033
202 405 0.0005
406 405 0.0013
408 405 0.0024
405 406 0.0013
190 407 0.0009
191 408 0.0013
405 408 0.0024
409 408 0.0024
408 409 0.0024
410 409 0.0012
411 409 0.001
409 410 0.0012
409 411 0.001
191 412 0.0018
413 412 0.0014
415 412 0.004
412 413 0.0014
418 414 0.0008
412 415 0.004
416 415 0.0014
417 415 0.0014
415 416 0.0014
415 417 0.0014
191 418 0.0015
414 418 0.0008
419 418 0.0004
492 418 0.0009
103 419 0.0008
418 419 0.0004
492 419 0.0007
104 420 0.0004
108 421 0.001
422 421 0.0002
494 421 0.0006
421 422 0.0002
186 423 0.0007
209 424 0.0016
396 425 0.0059
397 425 0.0092
426 425 0.0107
425 426 0.0107
427 426 0.0009
428 426 0.02
550 426 0.0018
426 427 0.0009
426 428 0.02
395 429 0.0008
292 430 0.001
500 430 0.0004
514 430 0.0002
292 431 0.0028
432 431 0.0033
437 431 0.0007
431 432 0.0033
433 432 0.0004
434 432 0.0006
432 433 0.0004
432 434 0.0006
435 434 0.0023
436 434 0.001
434 435 0.0023
524 435 0.0054
531 435 0.0052
434 436 0.001
431 437 0.0007
438 437 0.0011
440 437 0.0018
441 437 0.0005
442 437 0.0011
529 437 0.0006
437 438 0.0011
537 438 0.0021
538 438 0.0117
542 438 0.0101
293 439 0.0007
297 439 0.0014
440 439 0.0041
445 439 0.0004
437 440 0.0018
439 440 0.0041
441 440 0.0015
437 441 0.0005
440 441 0.0015
442 441 0.0007
437 442 0.0011
441 442 0.0007
443 442 0.0085
442 443 0.0085
444 443 0.0014
445 443 0.002
538 443 0.0073
443 444 0.0014
439 445 0.0004
443 445 0.002
446 445 0.0015
445 446 0.0015
447 446 0.0136
450 446 0.0008
446 447 0.0136
449 447 0.0064
451 447 0.0005
304 448 0.0012
449 448 0.0012
455 448 0.0051
447 449 0.0064
448 449 0.0012
452 449 0.0025
453 449 0.002
454 449 0.0024
446 450 0.0008
447 451 0.0005
449 452 0.0025
449 453 0.002
449 454 0.0024
306 455 0.0033
448 455 0.0051
456 455 0.001
455 456 0.001
306 457 0.002
307 457 0.0005
458 457 0.0027
457 458 0.0027
310 459 0.0035
315 460 0.0033
461 460 0.0041
462 460 0.0052
463 460 0.0055
460 461 0.0041
460 462 0.0052
460 463 0.0055
155 464 0.0014
467 464 0.004
474 464 0.0045
269 465 0.0005
466 465 0.0021
467 465 0.0086
269 466 0.0006
465 466 0.0021
468 466 0.0155
464 467 0.004
465 467 0.0086
476 467 0.0118
466 468 0.0155
469 468 0.0013
470 468 0.0046
468 469 0.0013
468 470 0.0046
471 470 0.0052
472 470 0.0019
473 470 0.005
470 471 0.0052
470 472 0.0019
470 473 0.005
464 474 0.0045
475 474 0.0029
476 474 0.0327
474 475 0.0029
467 476 0.0118
474 476 0.0327
477 476 0.0026
480 476 0.002
481 476 0.0016
476 477 0.0026
478 477 0.0056
479 477 0.0033
477 478 0.0056
477 479 0.0033
476 480 0.002
476 481 0.0016
329 482 0.0009
483 482 0.0046
485 482 0.0018
482 483 0.0046
484 483 0.0128
485 483 0.0015
483 484 0.0128
330 485 0.0006
482 485 0.0018
483 485 0.0015
361 486 0.0008
362 487 0.0037
362 488 0.0035
129 489 0.0018
136 489 0.0038
137 489 0.0028
145 489 0.0037
491 490 0.0003
188 491 0.0009
490 491 0.0003
492 491 0.0006
418 492 0.0009
419 492 0.0007
491 492 0.0006
103 493 0.0017
106 493 0.0008
107 493 0.0005
421 494 0.0006
495 494 0.0012
496 494 0.0014
494 495 0.0012
496 495 0.0017
501 495 0.0018
507 495 0.0013
494 496 0.0014
495 496 0.0017
497 496 0.0006
496 497 0.0006
498 497 0.0156
504 497 0.003
505 497 0.0006
497 498 0.0156
499 498 0.0089
500 498 0.0016
498 499 0.0089
500 499 0.0014
504 499 0.0086
430 500 0.0004
498 500 0.0016
499 500 0.0014
495 501 0.0018
502 501 0.0062
503 501 0.0046
501 502 0.0062
501 503 0.0046
497 504 0.003
499 504 0.0086
510 504 0.0005
511 504 0.0032
516 504 0.0021
497 505 0.0006
506 505 0.0016
507 505 0.0086
505 506 0.0016
495 507 0.0013
505 507 0.0086
508 507 0.0028
509 507 0.0023
507 508 0.0028
507 509 0.0023
504 510 0.0005
504 511 0.0032
512 511 0.0028
517 511 0.0012
511 512 0.0028
513 512 0.0007
517 512 0.0027
512 513 0.0007
430 514 0.0002
515 514 0.0022
523 514 0.0005
514 515 0.0022
516 515 0.0033
518 515 0.0022
504 516 0.0021
515 516 0.0033
517 516 0.0107
511 517 0.0012
512 517 0.0027
516 517 0.0107
515 518 0.0022
519 518 0.0012
520 518 0.0024
518 519 0.0012
518 520 0.0024
521 520 0.0065
522 520 0.0038
520 521 0.0065
520 522 0.0038
514 523 0.0005
435 524 0.0054
525 524 0.0009
526 524 0.0169
524 525 0.0009
524 526 0.0169
527 526 0.0009
528 526 0.0029
526 527 0.0009
526 528 0.0029
531 528 0.0042
532 528 0.0053
437 529 0.0006
530 529 0.006
537 529 0.0169
529 530 0.006
531 530 0.0151
546 530 0.001
435 531 0.0052
528 531 0.0042
530 531 0.0151
528 532 0.0053
533 532 0.0191
534 532 0.0038
532 533 0.0191
532 534 0.0038
535 534 0.0042
536 534 0.0045
534 535 0.0042
534 536 0.0045
438 537 0.0021
529 537 0.0169
545 537 0.0014
438 538 0.0117
443 538 0.0073
539 538 0.0092
538 539 0.0092
540 539 0.0096
541 539 0.0044
539 540 0.0096
539 541 0.0044
542 541 0.0073
543 541 0.0181
438 542 0.0101
541 542 0.0073
543 542 0.0051
541 543 0.0181
542 543 0.0051
544 543 0.0001
543 544 0.0001
537 545 0.0014
530 546 0.001
549 547 0.0058
549 548 0.0053
310 549 0.0023
547 549 0.0058
548 549 0.0053
426 550 0.0018
166 551 0.0055
167 551 0.0116
173 551 0.0144
168 552 0.0028
176 552 0.0017
269 552 0.0043
553 552 0.0025
167 553 0.0049
168 553 0.0045
552 553 0.0025
