548 1 0.0015
549 1 0.0004
551 1 0.0004
3 2 0.0022
11 2 0.0001
13 2 0.0001
21 2 0.0028
51 2 0.0002
362 2 0.0002
524 2 0.0043
527 2 0.0026
530 2 0.0024
2 3 0.0022
188 3 0.0005
189 3 0.0003
8 4 0.0002
140 4 0.0003
189 4 0.0003
6 5 0.0009
55 5 0.0001
551 5 0.0002
5 6 0.0009
55 6 0.0001
123 6 0.0006
154 7 0.0013
4 8 0.0002
9 8 0.0002
10 8 0.0004
128 8 0.0001
8 9 0.0002
8 10 0.0004
122 10 0.0001
132 10 0.0002
2 11 0.0001
12 11 0.0002
24 11 0.0
11 12 0.0002
18 12 0.0002
55 12 0.0
2 13 0.0001
14 13 0.0004
422 13 0.0001
13 14 0.0004
15 14 0.0001
16 14 0.0006
422 14 0.0001
14 15 0.0001
117 15 0.0002
421 15 0.0005
14 16 0.0006
17 16 0.0006
19 16 0.0003
16 17 0.0006
109 17 0.0002
112 17 0.0007
12 18 0.0002
20 18 0.0001
27 18 0.0002
16 19 0.0003
109 19 0.0002
126 19 0.003
18 20 0.0001
29 20 0.0003
55 20 0.0001
2 21 0.0028
348 21 0.0012
522 21 0.0007
23 22 0.0002
30 22 0.0005
522 22 0.0014
22 23 0.0002
90 23 0.0001
345 23 0.0004
11 24 0.0
26 24 0.0004
198 24 0.0001
66 25 0.0003
99 25 0.0002
345 25 0.0004
24 26 0.0004
28 26 0.0003
55 26 0.0001
18 27 0.0002
28 27 0.0008
32 27 0.0015
26 28 0.0003
27 28 0.0008
29 28 0.0009
20 29 0.0003
28 29 0.0009
55 29 0.0001
22 30 0.0005
31 30 0.001
36 30 0.0003
108 30 0.0002
30 31 0.001
33 31 0.0004
340 31 0.0004
27 32 0.0015
31 33 0.0004
34 33 0.0011
71 33 0.0014
72 33 0.0006
33 34 0.0011
35 34 0.0002
72 34 0.0009
34 35 0.0002
75 35 0.0005
86 35 0.0002
30 36 0.0003
37 36 0.0011
361 36 0.0003
36 37 0.0011
38 37 0.0005
104 37 0.0017
37 38 0.0005
40 39 0.001
348 39 0.0008
359 39 0.0003
39 40 0.001
41 40 0.0004
355 40 0.0002
356 40 0.0002
40 41 0.0004
42 41 0.001
358 41 0.0003
41 42 0.001
43 42 0.0015
358 42 0.0008
42 43 0.0015
44 43 0.0003
46 43 0.0015
43 44 0.0003
45 44 0.0004
513 44 0.0004
44 45 0.0004
43 46 0.0015
47 46 0.0003
50 46 0.0008
512 46 0.0001
46 47 0.0003
48 47 0.0007
49 47 0.0005
47 48 0.0007
47 49 0.0005
502 49 0.0004
504 49 0.0003
46 50 0.0008
2 51 0.0002
52 51 0.0004
65 51 0.0001
51 52 0.0004
53 52 0.0019
56 52 0.0003
52 53 0.0019
54 53 0.0005
224 53 0.0002
225 53 0.0005
53 54 0.0005
57 54 0.0004
230 54 0.0012
5 55 0.0001
6 55 0.0001
12 55 0.0
20 55 0.0001
26 55 0.0001
29 55 0.0001
139 55 0.0024
550 55 0.0003
52 56 0.0003
54 57 0.0004
58 57 0.0004
60 57 0.0006
63 57 0.0003
241 57 0.0004
57 58 0.0004
59 58 0.0005
286 58 0.0001
58 59 0.0005
60 59 0.0003
288 59 0.0001
57 60 0.0006
59 60 0.0003
61 60 0.0012
60 61 0.0012
62 61 0.0003
289 61 0.0008
290 61 0.0003
61 62 0.0003
273 62 0.0002
277 62 0.0002
280 62 0.0001
289 62 0.0005
57 63 0.0003
64 63 0.0002
326 63 0.0001
63 64 0.0002
255 64 0.0005
256 64 0.0007
51 65 0.0001
70 65 0.0003
316 65 0.0004
25 66 0.0003
257 67 0.0002
316 67 0.0006
331 67 0.0002
118 68 0.0001
125 69 0.0001
65 70 0.0003
33 71 0.0014
74 71 0.0003
108 71 0.0003
340 71 0.0005
33 72 0.0006
34 72 0.0009
73 72 0.0002
74 72 0.0005
72 73 0.0002
71 74 0.0003
72 74 0.0005
89 74 0.0001
35 75 0.0005
76 75 0.0031
86 75 0.0005
75 76 0.0031
77 76 0.0002
81 76 0.0009
76 77 0.0002
78 77 0.0006
79 77 0.0002
77 78 0.0006
391 78 0.0001
392 78 0.0001
77 79 0.0002
80 79 0.0003
388 79 0.0004
79 80 0.0003
76 81 0.0009
82 81 0.0004
84 81 0.0002
81 82 0.0004
83 82 0.0002
371 82 0.0002
82 83 0.0002
370 83 0.0001
372 83 0.0001
81 84 0.0002
85 84 0.0017
373 84 0.0
384 84 0.0001
84 85 0.0017
373 85 0.0
375 85 0.0004
35 86 0.0002
75 86 0.0005
87 86 0.0008
86 87 0.0008
88 87 0.0007
367 87 0.0001
87 88 0.0007
363 88 0.0001
364 88 0.0001
74 89 0.0001
23 90 0.0001
91 90 0.0001
92 90 0.0003
393 90 0.0001
90 91 0.0001
90 92 0.0003
394 92 0.0001
397 92 0.0
399 92 0.0001
94 93 0.0002
100 93 0.0002
126 93 0.0004
412 93 0.0001
93 94 0.0002
95 94 0.0008
98 94 0.0002
94 95 0.0008
96 95 0.0009
97 95 0.0008
95 96 0.0009
95 97 0.0008
94 98 0.0002
25 99 0.0002
93 100 0.0002
101 100 0.0001
102 100 0.0008
100 101 0.0001
100 102 0.0008
103 102 0.0002
398 102 0.0
400 102 0.0001
102 103 0.0002
401 103 0.0003
408 103 0.0002
37 104 0.0017
105 104 0.0023
107 104 0.0002
104 105 0.0023
106 105 0.0004
317 105 0.0001
105 106 0.0004
104 107 0.0002
30 108 0.0002
71 108 0.0003
342 108 0.0003
17 109 0.0002
19 109 0.0002
110 109 0.0001
412 109 0.0001
109 110 0.0001
111 110 0.0005
413 110 0.0001
110 111 0.0005
17 112 0.0007
113 112 0.0003
116 112 0.0005
112 113 0.0003
114 113 0.0006
115 113 0.0007
420 113 0.0002
113 114 0.0006
113 115 0.0007
112 116 0.0005
15 117 0.0002
414 117 0.0001
421 117 0.0004
68 118 0.0001
119 118 0.0004
421 118 0.0002
118 119 0.0004
120 119 0.0003
324 119 0.0001
119 120 0.0003
422 121 0.0001
10 122 0.0001
124 122 0.0002
125 122 0.0001
418 122 0.0001
6 123 0.0006
139 123 0.0003
550 123 0.0013
122 124 0.0002
69 125 0.0001
122 125 0.0001
418 125 0.0003
19 126 0.003
93 126 0.0004
127 126 0.0001
126 127 0.0001
8 128 0.0001
129 128 0.0003
455 128 0.0001
128 129 0.0003
130 129 0.0002
131 129 0.0006
129 130 0.0002
451 130 0.0005
454 130 0.0001
129 131 0.0006
449 131 0.0003
450 131 0.0001
10 132 0.0002
133 132 0.0007
137 132 0.0002
417 132 0.0
132 133 0.0007
134 133 0.0002
135 133 0.0002
133 134 0.0002
442 134 0.0001
443 134 0.0002
455 134 0.0002
133 135 0.0002
136 135 0.0004
438 135 0.0002
135 136 0.0004
433 136 0.0
438 136 0.0003
132 137 0.0002
138 137 0.0005
427 137 0.0002
137 138 0.0005
423 138 0.0001
436 138 0.0
55 139 0.0024
123 139 0.0003
550 139 0.0003
4 140 0.0003
141 140 0.0004
154 140 0.0006
140 141 0.0004
142 141 0.0004
143 141 0.0004
147 141 0.0003
141 142 0.0004
144 142 0.0003
153 142 0.0003
141 143 0.0004
142 144 0.0003
145 144 0.0006
146 144 0.0002
144 145 0.0006
144 146 0.0002
141 147 0.0003
148 147 0.0001
152 147 0.0001
147 148 0.0001
149 148 0.0004
150 148 0.0011
148 149 0.0004
151 149 0.0016
452 149 0.0002
148 150 0.0011
149 151 0.0016
147 152 0.0001
142 153 0.0003
7 154 0.0013
140 154 0.0006
155 154 0.0003
154 155 0.0003
156 155 0.0003
166 155 0.0003
155 156 0.0003
157 156 0.0002
158 156 0.0008
163 156 0.0002
156 157 0.0002
156 158 0.0008
159 158 0.0012
160 158 0.0004
161 158 0.0003
158 159 0.0012
158 160 0.0004
158 161 0.0003
162 161 0.0006
453 161 0.0002
161 162 0.0006
156 163 0.0002
164 163 0.0002
165 163 0.0004
163 164 0.0002
476 164 0.0003
477 164 0.0001
163 165 0.0004
460 165 0.0003
463 165 0.0002
467 165 0.0007
155 166 0.0003
167 166 0.0003
479 166 0.0001
166 167 0.0003
168 167 0.0005
170 167 0.0008
167 168 0.0005
169 168 0.0019
517 168 0.0001
168 169 0.0019
172 169 0.001
179 169 0.0003
183 169 0.0006
187 169 0.0001
203 169 0.0001
167 170 0.0008
171 170 0.0002
479 170 0.0001
170 171 0.0002
169 172 0.001
173 172 0.0002
174 172 0.0007
172 173 0.0002
172 174 0.0007
175 174 0.0001
176 174 0.0005
174 175 0.0001
174 176 0.0005
177 176 0.0002
178 176 0.0002
176 177 0.0002
176 178 0.0002
169 179 0.0003
180 179 0.0008
488 179 0.0001
179 180 0.0008
181 180 0.0008
182 180 0.001
180 181 0.0008
180 182 0.001
169 183 0.0006
184 183 0.0003
185 183 0.0005
183 184 0.0003
183 185 0.0005
186 185 0.0004
483 185 0.0002
185 186 0.0004
169 187 0.0001
520 187 0.0001
521 187 0.0001
3 188 0.0005
189 188 0.0006
190 188 0.0003
3 189 0.0003
4 189 0.0003
188 189 0.0006
190 189 0.0005
188 190 0.0003
189 190 0.0005
191 190 0.0005
190 191 0.0005
192 191 0.0018
196 191 0.0011
191 192 0.0018
193 192 0.0008
204 192 0.001
192 193 0.0008
194 193 0.0008
204 193 0.0008
193 194 0.0008
195 194 0.0021
214 194 0.0005
194 195 0.0021
197 195 0.0005
214 195 0.0009
535 195 0.0015
191 196 0.0011
197 196 0.0008
204 196 0.0036
195 197 0.0005
196 197 0.0008
199 197 0.0004
204 197 0.0008
24 198 0.0001
224 198 0.0001
235 198 0.0001
197 199 0.0004
201 200 0.0013
205 200 0.0002
535 200 0.0016
200 201 0.0013
202 201 0.0003
535 201 0.0008
201 202 0.0003
203 202 0.0017
207 202 0.0011
169 203 0.0001
202 203 0.0017
208 203 0.0007
192 204 0.001
193 204 0.0008
196 204 0.0036
197 204 0.0008
200 205 0.0002
206 205 0.0004
207 205 0.0008
205 206 0.0004
202 207 0.0011
205 207 0.0008
208 207 0.0007
203 208 0.0007
207 208 0.0007
209 208 0.0003
208 209 0.0003
210 209 0.0002
211 209 0.0001
209 210 0.0002
212 210 0.0002
213 210 0.001
209 211 0.0001
210 212 0.0002
210 213 0.001
194 214 0.0005
195 214 0.0009
215 214 0.0017
221 214 0.0003
214 215 0.0017
216 215 0.0011
535 215 0.0007
215 216 0.0011
217 216 0.0006
219 216 0.001
216 217 0.0006
218 217 0.0007
219 217 0.0013
217 218 0.0007
221 218 0.0007
547 218 0.0008
216 219 0.001
217 219 0.0013
220 219 0.0011
219 220 0.0011
214 221 0.0003
218 221 0.0007
222 221 0.0011
221 222 0.0011
223 222 0.0009
551 222 0.0004
222 223 0.0009
53 224 0.0002
198 224 0.0001
233 224 0.0003
53 225 0.0005
226 225 0.0009
227 225 0.0003
225 226 0.0009
227 226 0.0007
229 226 0.0002
225 227 0.0003
226 227 0.0007
228 227 0.0005
231 227 0.0005
227 228 0.0005
229 228 0.0003
231 228 0.0016
226 229 0.0002
228 229 0.0003
233 229 0.0014
234 229 0.0004
238 229 0.0003
54 230 0.0012
231 230 0.0004
232 230 0.0001
227 231 0.0005
228 231 0.0016
230 231 0.0004
230 232 0.0001
224 233 0.0003
229 233 0.0014
234 233 0.0003
229 234 0.0004
233 234 0.0003
235 234 0.0011
198 235 0.0001
234 235 0.0011
236 235 0.0011
307 235 0.0003
235 236 0.0011
237 236 0.0003
307 236 0.0003
236 237 0.0003
303 237 0.0001
304 237 0.0002
229 238 0.0003
239 238 0.0002
240 238 0.0002
238 239 0.0002
301 239 0.0001
302 239 0.0002
238 240 0.0002
299 240 0.0004
300 240 0.0004
57 241 0.0004
242 241 0.0003
244 241 0.0004
251 241 0.0006
289 241 0.003
241 242 0.0003
243 242 0.0009
259 242 0.0
242 243 0.0009
241 244 0.0004
245 244 0.0006
246 244 0.0006
249 244 0.0005
250 244 0.0005
244 245 0.0006
315 245 0.0002
320 245 0.0002
244 246 0.0006
247 246 0.0007
248 246 0.0004
246 247 0.0007
246 248 0.0004
244 249 0.0005
244 250 0.0005
260 250 0.0001
319 250 0.0001
241 251 0.0006
252 251 0.0006
272 251 0.0002
251 252 0.0006
253 252 0.0007
269 252 0.0
252 253 0.0007
264 253 0.0003
268 253 0.0001
270 253 0.0005
316 254 0.0003
64 255 0.0005
64 256 0.0007
67 257 0.0002
331 258 0.0004
333 258 0.0009
335 258 0.0009
242 259 0.0
250 260 0.0001
261 260 0.0027
314 260 0.0002
260 261 0.0027
262 261 0.0002
310 261 0.0001
261 262 0.0002
263 262 0.0001
309 262 0.0001
262 263 0.0001
253 264 0.0003
265 264 0.0001
270 264 0.0009
264 265 0.0001
266 265 0.0002
267 265 0.0002
265 266 0.0002
265 267 0.0002
253 268 0.0001
252 269 0.0
253 270 0.0005
264 270 0.0009
271 270 0.0003
270 271 0.0003
251 272 0.0002
273 272 0.0004
275 272 0.0001
62 273 0.0002
272 273 0.0004
274 273 0.0002
275 273 0.0001
279 273 0.0
289 273 0.0001
273 274 0.0002
272 275 0.0001
273 275 0.0001
276 275 0.0004
275 276 0.0004
62 277 0.0002
278 277 0.0001
283 277 0.0003
277 278 0.0001
273 279 0.0
62 280 0.0001
281 280 0.0002
282 280 0.0002
280 281 0.0002
280 282 0.0002
277 283 0.0003
284 283 0.0005
285 283 0.0001
283 284 0.0005
283 285 0.0001
58 286 0.0001
315 287 0.0001
59 288 0.0001
295 288 0.0006
296 288 0.0003
61 289 0.0008
62 289 0.0005
241 289 0.003
273 289 0.0001
61 290 0.0003
291 290 0.0002
294 290 0.0001
290 291 0.0002
292 291 0.0013
293 291 0.001
291 292 0.0013
291 293 0.001
290 294 0.0001
288 295 0.0006
288 296 0.0003
297 296 0.0003
298 296 0.0001
296 297 0.0003
296 298 0.0001
240 299 0.0004
240 300 0.0004
239 301 0.0001
239 302 0.0002
237 303 0.0001
237 304 0.0002
305 304 0.0004
306 304 0.0002
304 305 0.0004
304 306 0.0002
235 307 0.0003
236 307 0.0003
308 307 0.0001
307 308 0.0001
262 309 0.0001
261 310 0.0001
311 310 0.0003
312 310 0.0002
313 310 0.0002
310 311 0.0003
310 312 0.0002
310 313 0.0002
260 314 0.0002
245 315 0.0002
287 315 0.0001
318 315 0.0001
65 316 0.0004
67 316 0.0006
254 316 0.0003
105 317 0.0001
315 318 0.0001
250 319 0.0001
245 320 0.0002
321 320 0.0001
322 320 0.0011
320 321 0.0001
320 322 0.0011
323 322 0.0001
325 322 0.0001
322 323 0.0001
119 324 0.0001
322 325 0.0001
63 326 0.0001
327 326 0.0004
330 326 0.0011
326 327 0.0004
328 327 0.0005
330 327 0.0009
536 327 0.0002
327 328 0.0005
536 329 0.0006
326 330 0.0011
327 330 0.0009
338 330 0.0005
67 331 0.0002
258 331 0.0004
332 331 0.0001
331 332 0.0001
258 333 0.0009
334 333 0.0002
336 333 0.0002
333 334 0.0002
258 335 0.0009
336 335 0.0002
338 335 0.0007
333 336 0.0002
335 336 0.0002
337 336 0.0006
336 337 0.0006
330 338 0.0005
335 338 0.0007
339 338 0.0003
338 339 0.0003
31 340 0.0004
71 340 0.0005
341 340 0.0005
340 341 0.0005
108 342 0.0003
359 342 0.0001
499 342 0.0011
344 343 0.0005
345 343 0.0002
522 343 0.0002
343 344 0.0005
23 345 0.0004
25 345 0.0004
343 345 0.0002
346 345 0.0003
347 345 0.0004
345 346 0.0003
345 347 0.0004
21 348 0.0012
39 348 0.0008
349 348 0.0002
523 348 0.0002
348 349 0.0002
350 349 0.0016
351 349 0.0015
352 349 0.0004
349 350 0.0016
349 351 0.0015
349 352 0.0004
353 352 0.0005
354 352 0.0023
352 353 0.0005
352 354 0.0023
40 355 0.0002
40 356 0.0002
357 356 0.0006
358 356 0.0009
356 357 0.0006
507 357 0.0002
510 357 0.0001
41 358 0.0003
42 358 0.0008
356 358 0.0009
39 359 0.0003
342 359 0.0001
360 359 0.0007
359 360 0.0007
36 361 0.0003
2 362 0.0002
88 363 0.0001
88 364 0.0001
365 364 0.0001
366 364 0.0002
364 365 0.0001
364 366 0.0002
87 367 0.0001
368 367 0.0001
369 367 0.0001
367 368 0.0001
367 369 0.0001
83 370 0.0001
82 371 0.0002
83 372 0.0001
84 373 0.0
85 373 0.0
374 373 0.0002
373 374 0.0002
85 375 0.0004
376 375 0.0009
377 375 0.0005
375 376 0.0009
375 377 0.0005
378 377 0.0005
383 377 0.0002
377 378 0.0005
379 378 0.0002
380 378 0.0002
378 379 0.0002
378 380 0.0002
381 380 0.0002
382 380 0.0001
380 381 0.0002
380 382 0.0001
377 383 0.0002
84 384 0.0001
385 384 0.0001
386 384 0.0002
384 385 0.0001
384 386 0.0002
387 386 0.0006
388 386 0.0001
389 386 0.0003
386 387 0.0006
79 388 0.0004
386 388 0.0001
390 388 0.0001
386 389 0.0003
388 390 0.0001
78 391 0.0001
78 392 0.0001
90 393 0.0001
92 394 0.0001
395 394 0.0001
396 394 0.0001
516 394 0.0001
394 395 0.0001
394 396 0.0001
92 397 0.0
102 398 0.0
92 399 0.0001
102 400 0.0001
103 401 0.0003
402 401 0.0002
407 401 0.0001
401 402 0.0002
403 402 0.0004
404 402 0.0003
402 403 0.0004
402 404 0.0003
405 404 0.0002
406 404 0.0001
404 405 0.0002
404 406 0.0001
401 407 0.0001
103 408 0.0002
409 408 0.0001
410 408 0.0004
408 409 0.0001
408 410 0.0004
411 410 0.0003
412 410 0.0002
410 411 0.0003
93 412 0.0001
109 412 0.0001
410 412 0.0002
110 413 0.0001
117 414 0.0001
415 414 0.0001
416 414 0.0001
414 415 0.0001
414 416 0.0001
132 417 0.0
122 418 0.0001
125 418 0.0003
419 418 0.0004
418 419 0.0004
113 420 0.0002
15 421 0.0005
117 421 0.0004
118 421 0.0002
422 421 0.0005
13 422 0.0001
14 422 0.0001
121 422 0.0001
421 422 0.0005
138 423 0.0001
424 423 0.0002
427 423 0.0003
423 424 0.0002
436 424 0.0005
437 424 0.0002
426 425 0.0001
434 425 0.0003
435 425 0.0012
436 425 0.0005
425 426 0.0001
137 427 0.0002
423 427 0.0003
428 427 0.0005
427 428 0.0005
429 428 0.0003
432 428 0.0001
428 429 0.0003
430 429 0.0
431 429 0.0001
429 430 0.0
429 431 0.0001
428 432 0.0001
136 433 0.0
425 434 0.0003
425 435 0.0012
138 436 0.0
424 436 0.0005
425 436 0.0005
424 437 0.0002
135 438 0.0002
136 438 0.0003
439 438 0.0002
438 439 0.0002
440 439 0.0002
441 439 0.0001
439 440 0.0002
439 441 0.0001
134 442 0.0001
134 443 0.0002
444 443 0.0002
446 443 0.0001
443 444 0.0002
445 444 0.0002
458 444 0.0001
444 445 0.0002
443 446 0.0001
447 446 0.0002
459 446 0.0001
446 447 0.0002
455 448 0.0001
131 449 0.0003
131 450 0.0001
130 451 0.0005
149 452 0.0002
161 453 0.0002
454 453 0.0004
462 453 0.0002
130 454 0.0001
453 454 0.0004
456 454 0.0002
457 454 0.0001
461 454 0.0002
128 455 0.0001
134 455 0.0002
448 455 0.0001
454 456 0.0002
454 457 0.0001
444 458 0.0001
446 459 0.0001
165 460 0.0003
454 461 0.0002
453 462 0.0002
165 463 0.0002
464 463 0.0001
465 463 0.0002
466 463 0.0002
463 464 0.0001
463 465 0.0002
463 466 0.0002
165 467 0.0007
468 467 0.0001
471 467 0.0002
467 468 0.0001
469 468 0.0001
470 468 0.0001
468 469 0.0001
468 470 0.0001
467 471 0.0002
472 471 0.0005
473 471 0.0005
471 472 0.0005
471 473 0.0005
474 473 0.0003
475 473 0.0004
473 474 0.0003
473 475 0.0004
164 476 0.0003
164 477 0.0001
478 477 0.0002
480 477 0.0004
481 477 0.0013
477 478 0.0002
166 479 0.0001
170 479 0.0001
480 479 0.0005
477 480 0.0004
479 480 0.0005
481 480 0.0003
477 481 0.0013
480 481 0.0003
482 481 0.0003
481 482 0.0003
185 483 0.0002
484 483 0.0003
485 483 0.0001
483 484 0.0003
483 485 0.0001
486 485 0.0013
487 485 0.0001
485 486 0.0013
485 487 0.0001
179 488 0.0001
489 488 0.0003
496 488 0.0004
488 489 0.0003
490 489 0.0003
493 489 0.0002
489 490 0.0003
491 490 0.0001
492 490 0.0001
490 491 0.0001
490 492 0.0001
489 493 0.0002
494 493 0.0001
495 493 0.0002
493 494 0.0001
493 495 0.0002
488 496 0.0004
497 496 0.0001
498 496 0.0001
496 497 0.0001
496 498 0.0001
342 499 0.0011
500 499 0.0002
501 499 0.0006
499 500 0.0002
499 501 0.0006
49 502 0.0004
503 502 0.0001
511 502 0.0002
502 503 0.0001
49 504 0.0003
505 504 0.0006
506 504 0.0004
504 505 0.0006
504 506 0.0004
357 507 0.0002
508 507 0.0001
509 507 0.0003
507 508 0.0001
507 509 0.0003
357 510 0.0001
502 511 0.0002
46 512 0.0001
44 513 0.0004
514 513 0.0002
515 513 0.0002
513 514 0.0002
513 515 0.0002
394 516 0.0001
168 517 0.0001
518 517 0.0002
519 517 0.0001
517 518 0.0002
517 519 0.0001
187 520 0.0001
187 521 0.0001
21 522 0.0007
22 522 0.0014
343 522 0.0002
348 523 0.0002
2 524 0.0043
525 524 0.0004
526 524 0.0004
524 525 0.0004
524 526 0.0004
2 527 0.0026
528 527 0.0001
529 527 0.0001
527 528 0.0001
527 529 0.0001
2 530 0.0024
531 530 0.0001
534 530 0.0001
530 531 0.0001
532 531 0.0006
533 531 0.0009
531 532 0.0006
531 533 0.0009
538 533 0.0004
541 533 0.0005
530 534 0.0001
195 535 0.0015
200 535 0.0016
201 535 0.0008
215 535 0.0007
327 536 0.0002
329 536 0.0006
537 536 0.0002
536 537 0.0002
533 538 0.0004
539 538 0.0005
542 538 0.0004
543 538 0.0003
538 539 0.0005
540 539 0.0003
544 539 0.0003
539 540 0.0003
533 541 0.0005
538 542 0.0004
538 543 0.0003
539 544 0.0003
545 544 0.0014
546 544 0.0005
544 545 0.0014
544 546 0.0005
218 547 0.0008
548 547 0.0003
551 547 0.0005
1 548 0.0015
547 548 0.0003
549 548 0.0003
1 549 0.0004
548 549 0.0003
550 549 0.0011
55 550 0.0003
123 550 0.0013
139 550 0.0003
549 550 0.0011
1 551 0.0004
5 551 0.0002
222 551 0.0004
547 551 0.0005
