2 1 0.0038
8 1 0.0032
69 1 0.0024
74 1 0.0024
85 1 0.001
89 1 0.0009
113 1 0.0033
127 1 0.0007
136 1 0.0037
158 1 0.0021
163 1 0.0007
294 1 0.0004
400 1 0.0024
1 2 0.0038
3 2 0.001
5 2 0.0003
2 3 0.001
4 3 0.002
37 3 0.0006
3 4 0.002
5 4 0.0007
43 4 0.0006
45 4 0.0008
2 5 0.0003
4 5 0.0007
6 5 0.0009
308 5 0.001
5 6 0.0009
7 6 0.0004
53 6 0.0018
6 7 0.0004
1 8 0.0032
9 8 0.001
13 8 0.0002
14 8 0.0005
17 8 0.0018
8 9 0.001
10 9 0.0006
358 9 0.0001
9 10 0.0006
11 10 0.0004
12 10 0.0005
10 11 0.0004
10 12 0.0005
8 13 0.0002
8 14 0.0005
15 14 0.0002
16 14 0.0002
14 15 0.0002
14 16 0.0002
360 16 0.0018
362 16 0.0003
8 17 0.0018
18 17 0.0011
24 17 0.0011
17 18 0.0011
19 18 0.0004
20 18 0.0009
18 19 0.0004
18 20 0.0009
22 20 0.003
307 20 0.0003
369 21 0.0008
374 21 0.0018
465 21 0.0007
20 22 0.003
23 22 0.0039
29 22 0.0012
22 23 0.0039
31 23 0.0005
378 23 0.0001
17 24 0.0011
25 24 0.0006
34 24 0.0002
24 25 0.0006
26 25 0.0038
410 25 0.0001
25 26 0.0038
27 26 0.0016
28 26 0.0003
26 27 0.0016
26 28 0.0003
22 29 0.0012
30 29 0.0039
418 29 0.0005
29 30 0.0039
33 30 0.0007
387 30 0.0002
421 30 0.0011
23 31 0.0005
32 31 0.0007
461 31 0.0004
31 32 0.0007
376 32 0.0002
383 32 0.0003
30 33 0.0007
395 33 0.0004
422 33 0.0006
423 33 0.0006
24 34 0.0002
35 34 0.001
36 34 0.0014
34 35 0.001
34 36 0.0014
3 37 0.0006
38 37 0.0003
43 37 0.0007
37 38 0.0003
39 38 0.0004
40 38 0.0018
38 39 0.0004
38 40 0.0018
41 40 0.0007
342 40 0.0002
40 41 0.0007
42 41 0.0006
44 41 0.0002
41 42 0.0006
4 43 0.0006
37 43 0.0007
44 43 0.0011
41 44 0.0002
43 44 0.0011
45 44 0.0012
4 45 0.0008
44 45 0.0012
46 45 0.0003
45 46 0.0003
48 47 0.0017
52 47 0.0003
53 47 0.001
47 48 0.0017
49 48 0.0009
346 48 0.0001
48 49 0.0009
50 49 0.0025
468 49 0.0005
49 50 0.0025
51 50 0.0013
336 50 0.0008
50 51 0.0013
47 52 0.0003
334 52 0.0002
335 52 0.001
6 53 0.0018
47 53 0.001
54 53 0.0009
319 53 0.0002
53 54 0.0009
56 55 0.0051
62 55 0.0007
308 55 0.0028
55 56 0.0051
57 56 0.0005
60 56 0.0003
65 56 0.0004
56 57 0.0005
61 57 0.0006
309 57 0.0001
66 58 0.0017
67 58 0.0009
308 58 0.0007
67 59 0.0009
56 60 0.0003
313 60 0.0011
317 60 0.002
324 60 0.0006
57 61 0.0006
55 62 0.0007
63 62 0.0005
64 62 0.0004
62 63 0.0005
62 64 0.0004
56 65 0.0004
354 65 0.0002
357 65 0.0001
58 66 0.0017
58 67 0.0009
59 67 0.0009
68 67 0.0006
67 68 0.0006
1 69 0.0024
70 69 0.0013
80 69 0.0006
69 70 0.0013
71 70 0.0009
81 70 0.0004
70 71 0.0009
72 71 0.0011
82 71 0.0013
71 72 0.0011
73 72 0.0033
172 72 0.0007
72 73 0.0033
1 74 0.0024
75 74 0.0011
406 74 0.0008
74 75 0.0011
76 75 0.0011
77 75 0.0003
78 75 0.0016
75 76 0.0011
75 77 0.0003
75 78 0.0016
79 78 0.0011
80 78 0.0015
78 79 0.0011
69 80 0.0006
78 80 0.0015
171 80 0.0004
70 81 0.0004
82 81 0.0011
174 81 0.0012
71 82 0.0013
81 82 0.0011
83 82 0.0009
182 82 0.0005
82 83 0.0009
84 83 0.0014
178 83 0.0007
83 84 0.0014
180 84 0.0009
482 84 0.0002
1 85 0.001
86 85 0.0046
104 85 0.0005
85 86 0.0046
87 86 0.0004
95 86 0.0011
86 87 0.0004
88 87 0.0003
277 87 0.0002
278 87 0.0002
87 88 0.0003
1 89 0.0009
90 89 0.0002
93 89 0.0002
89 90 0.0002
91 90 0.0001
92 90 0.0003
167 90 0.0002
90 91 0.0001
90 92 0.0003
89 93 0.0002
94 93 0.0004
102 93 0.0004
93 94 0.0004
263 94 0.0002
264 94 0.0012
86 95 0.0011
96 95 0.0007
100 95 0.0007
103 95 0.0005
95 96 0.0007
97 96 0.0011
98 96 0.0013
96 97 0.0011
96 98 0.0013
99 98 0.0021
262 98 0.0009
98 99 0.0021
251 99 0.0009
254 99 0.0003
258 99 0.0014
95 100 0.0007
101 100 0.0004
102 100 0.0003
100 101 0.0004
93 102 0.0004
100 102 0.0003
273 102 0.0004
95 103 0.0005
85 104 0.0005
105 104 0.0032
129 104 0.001
104 105 0.0032
106 105 0.0006
109 105 0.0011
169 105 0.0005
105 106 0.0006
107 106 0.0008
108 106 0.0007
106 107 0.0008
169 107 0.0002
249 107 0.0002
250 107 0.0002
106 108 0.0007
111 108 0.0078
210 108 0.0015
235 108 0.0005
105 109 0.0011
110 109 0.0012
111 109 0.0007
112 109 0.0006
109 110 0.0012
108 111 0.0078
109 111 0.0007
210 111 0.0013
244 111 0.0003
109 112 0.0006
1 113 0.0033
114 113 0.0043
127 113 0.0006
113 114 0.0043
115 114 0.0038
156 114 0.0019
114 115 0.0038
116 115 0.0043
157 115 0.0022
115 116 0.0043
117 116 0.0013
123 116 0.0023
125 116 0.0004
116 117 0.0013
118 117 0.0032
155 117 0.0009
157 117 0.0016
117 118 0.0032
119 118 0.0006
154 118 0.0007
486 118 0.0004
118 119 0.0006
120 119 0.0004
152 119 0.0025
119 120 0.0004
152 121 0.001
148 122 0.0011
152 122 0.0006
196 122 0.0008
483 122 0.0002
116 123 0.0023
124 123 0.0002
126 123 0.0004
123 124 0.0002
116 125 0.0004
127 125 0.0004
128 125 0.0039
123 126 0.0004
1 127 0.0007
113 127 0.0006
125 127 0.0004
125 128 0.0039
129 128 0.001
131 128 0.0022
104 129 0.001
128 129 0.001
130 129 0.0032
129 130 0.0032
131 130 0.0017
134 130 0.0005
135 130 0.0024
128 131 0.0022
130 131 0.0017
132 131 0.0007
131 132 0.0007
133 132 0.0018
208 132 0.0002
132 133 0.0018
130 134 0.0005
130 135 0.0024
1 136 0.0037
155 136 0.0023
156 136 0.0034
138 137 0.0025
141 137 0.0005
154 137 0.0022
137 138 0.0025
139 138 0.0004
142 138 0.0008
144 138 0.0017
138 139 0.0004
140 139 0.0007
202 139 0.0002
139 140 0.0007
484 140 0.0004
485 140 0.0011
137 141 0.0005
138 142 0.0008
143 142 0.0011
201 142 0.0002
142 143 0.0011
138 144 0.0017
145 144 0.0008
147 144 0.0018
144 145 0.0008
147 146 0.0022
144 147 0.0018
146 147 0.0022
203 147 0.0002
122 148 0.0011
149 148 0.0017
150 148 0.0032
148 149 0.0017
186 149 0.0003
193 149 0.0003
519 149 0.0003
148 150 0.0032
185 150 0.0002
187 150 0.0016
152 151 0.0003
199 151 0.0005
200 151 0.0004
119 152 0.0025
121 152 0.001
122 152 0.0006
151 152 0.0003
168 152 0.0005
184 152 0.0004
209 153 0.0001
210 153 0.0034
211 153 0.0129
213 153 0.0008
118 154 0.0007
137 154 0.0022
155 154 0.0018
117 155 0.0009
136 155 0.0023
154 155 0.0018
114 156 0.0019
136 156 0.0034
157 156 0.004
115 157 0.0022
117 157 0.0016
156 157 0.004
1 158 0.0021
159 158 0.0005
166 158 0.0001
158 159 0.0005
160 159 0.0007
162 159 0.0003
159 160 0.0007
161 160 0.0004
162 160 0.0011
160 161 0.0004
300 161 0.0009
301 161 0.0006
159 162 0.0003
160 162 0.0011
297 162 0.0004
1 163 0.0007
164 163 0.0002
291 163 0.0001
163 164 0.0002
165 164 0.0003
290 164 0.0001
164 165 0.0003
281 165 0.0007
287 165 0.0008
158 166 0.0001
304 166 0.0005
305 166 0.0007
614 166 0.0003
90 167 0.0002
152 168 0.0005
204 168 0.0006
206 168 0.0004
105 169 0.0005
107 169 0.0002
170 169 0.0005
169 170 0.0005
80 171 0.0004
471 171 0.0006
472 171 0.0007
72 172 0.0007
173 172 0.0013
469 172 0.0005
172 173 0.0013
81 174 0.0012
175 174 0.0008
176 174 0.001
476 174 0.0003
174 175 0.0008
174 176 0.001
177 176 0.0011
475 176 0.0005
176 177 0.0011
83 178 0.0007
179 178 0.0009
478 178 0.0005
480 178 0.0002
178 179 0.0009
477 179 0.0003
479 179 0.0003
84 180 0.0009
181 180 0.0002
182 180 0.0014
481 180 0.0003
180 181 0.0002
82 182 0.0005
180 182 0.0014
183 182 0.0007
182 183 0.0007
152 184 0.0004
150 185 0.0002
487 185 0.0004
488 185 0.0002
149 186 0.0003
522 186 0.0013
533 186 0.0004
150 187 0.0016
188 187 0.0006
190 187 0.0007
187 188 0.0006
194 188 0.0046
491 188 0.0005
493 188 0.0002
495 188 0.0006
495 189 0.0016
496 189 0.002
499 189 0.001
187 190 0.0007
191 190 0.0004
192 190 0.0003
194 190 0.0026
190 191 0.0004
503 191 0.0017
504 191 0.0011
511 191 0.0003
190 192 0.0003
514 192 0.0004
517 192 0.0005
518 192 0.0005
149 193 0.0003
188 194 0.0046
190 194 0.0026
195 194 0.0006
194 195 0.0006
122 196 0.0008
197 196 0.0003
198 196 0.0006
196 197 0.0003
196 198 0.0006
526 198 0.0005
527 198 0.0012
151 199 0.0005
151 200 0.0004
142 201 0.0002
139 202 0.0002
147 203 0.0002
168 204 0.0006
205 204 0.0011
207 204 0.0007
204 205 0.0011
168 206 0.0004
204 207 0.0007
132 208 0.0002
153 209 0.0001
108 210 0.0015
111 210 0.0013
153 210 0.0034
211 210 0.0033
153 211 0.0129
210 211 0.0033
212 211 0.0004
220 211 0.0004
211 212 0.0004
153 213 0.0008
214 213 0.0007
225 213 0.0018
525 213 0.0001
213 214 0.0007
215 214 0.001
218 214 0.0024
214 215 0.001
216 215 0.0003
230 215 0.0014
215 216 0.0003
217 216 0.0004
531 216 0.0003
532 216 0.0002
216 217 0.0004
214 218 0.0024
219 218 0.0003
523 218 0.0002
218 219 0.0003
528 219 0.0004
529 219 0.0002
211 220 0.0004
221 220 0.0006
224 220 0.0005
220 221 0.0006
222 221 0.0004
223 221 0.0007
221 222 0.0004
221 223 0.0007
220 224 0.0005
213 225 0.0018
226 225 0.0004
535 225 0.0008
225 226 0.0004
227 226 0.0027
230 226 0.0011
226 227 0.0027
228 227 0.0004
231 227 0.0005
227 228 0.0004
229 228 0.0022
538 228 0.0003
539 228 0.0005
228 229 0.0022
553 229 0.0012
835 229 0.0001
215 230 0.0014
226 230 0.0011
231 230 0.0013
227 231 0.0005
230 231 0.0013
232 231 0.0007
231 232 0.0007
233 232 0.0009
551 232 0.0005
232 233 0.0009
234 233 0.0006
540 233 0.0004
543 233 0.0005
233 234 0.0006
544 234 0.0005
840 234 0.0003
108 235 0.0005
236 235 0.0003
245 235 0.0002
246 235 0.0003
235 236 0.0003
237 236 0.0006
548 236 0.0005
236 237 0.0006
238 237 0.0013
240 237 0.0008
237 238 0.0013
239 238 0.0008
243 238 0.0009
238 239 0.0008
237 240 0.0008
241 240 0.0004
242 240 0.0007
240 241 0.0004
549 241 0.0003
550 241 0.0003
838 241 0.0002
839 241 0.0002
841 241 0.0002
240 242 0.0007
1794 242 0.0002
1807 242 0.0001
238 243 0.0009
111 244 0.0003
247 244 0.0002
248 244 0.0003
235 245 0.0002
235 246 0.0003
244 247 0.0002
244 248 0.0003
107 249 0.0002
107 250 0.0002
99 251 0.0009
252 251 0.0011
253 251 0.0003
251 252 0.0011
554 252 0.0002
557 252 0.0003
251 253 0.0003
560 253 0.0009
565 253 0.0006
99 254 0.0003
255 254 0.0004
595 254 0.0002
254 255 0.0004
256 255 0.0004
257 255 0.0011
255 256 0.0004
866 256 0.0006
867 256 0.001
255 257 0.0011
99 258 0.0014
259 258 0.0005
262 258 0.0019
258 259 0.0005
260 259 0.001
434 259 0.0003
259 260 0.001
261 260 0.0058
586 260 0.0002
260 261 0.0058
582 261 0.0003
602 261 0.0004
98 262 0.0009
258 262 0.0019
612 262 0.0002
94 263 0.0002
94 264 0.0012
265 264 0.002
271 264 0.0004
264 265 0.002
266 265 0.0021
268 265 0.0005
265 266 0.0021
267 266 0.0007
269 266 0.0003
266 267 0.0007
270 267 0.001
881 267 0.0001
265 268 0.0005
266 269 0.0003
267 270 0.001
264 271 0.0004
272 271 0.0005
883 271 0.0003
271 272 0.0005
102 273 0.0004
274 273 0.0015
276 273 0.0003
273 274 0.0015
275 274 0.0004
613 274 0.0003
274 275 0.0004
273 276 0.0003
87 277 0.0002
87 278 0.0002
279 278 0.0003
280 278 0.0002
278 279 0.0003
278 280 0.0002
165 281 0.0007
282 281 0.0011
283 281 0.0014
281 282 0.0011
281 283 0.0014
284 283 0.0004
285 283 0.0006
286 283 0.0003
283 284 0.0004
283 285 0.0006
283 286 0.0003
165 287 0.0008
288 287 0.0003
289 287 0.0006
287 288 0.0003
287 289 0.0006
164 290 0.0001
163 291 0.0001
292 291 0.0003
293 291 0.0003
291 292 0.0003
291 293 0.0003
1 294 0.0004
295 294 0.0006
296 294 0.0006
303 294 0.0004
294 295 0.0006
294 296 0.0006
162 297 0.0004
298 297 0.0005
299 297 0.0003
297 298 0.0005
297 299 0.0003
161 300 0.0009
161 301 0.0006
302 301 0.0005
437 301 0.0002
301 302 0.0005
435 302 0.0007
436 302 0.0005
294 303 0.0004
166 304 0.0005
166 305 0.0007
306 305 0.001
615 305 0.0002
305 306 0.001
616 306 0.0004
617 306 0.0005
618 306 0.0006
20 307 0.0003
374 307 0.0016
464 307 0.0003
5 308 0.001
55 308 0.0028
58 308 0.0007
57 309 0.0001
310 309 0.0001
312 309 0.0002
309 310 0.0001
311 310 0.001
621 310 0.0005
310 311 0.001
438 311 0.0015
620 311 0.001
309 312 0.0002
60 313 0.0011
315 314 0.0002
316 314 0.0004
317 314 0.0005
314 315 0.0002
314 316 0.0004
60 317 0.002
314 317 0.0005
318 317 0.0007
317 318 0.0007
53 319 0.0002
320 319 0.0003
335 319 0.0002
319 320 0.0003
321 320 0.0003
350 320 0.0002
320 321 0.0003
322 321 0.0014
457 321 0.0001
321 322 0.0014
323 322 0.0006
347 322 0.0002
441 322 0.0002
322 323 0.0006
622 323 0.0002
623 323 0.0001
60 324 0.0006
326 325 0.0012
328 325 0.0001
335 325 0.0008
325 326 0.0012
327 326 0.0005
331 326 0.0002
326 327 0.0005
328 327 0.0005
348 327 0.0002
325 328 0.0001
327 328 0.0005
329 328 0.0003
643 328 0.0001
328 329 0.0003
330 329 0.0001
349 329 0.0003
329 330 0.0001
326 331 0.0002
332 331 0.0007
333 331 0.0003
331 332 0.0007
333 332 0.0006
644 332 0.0004
331 333 0.0003
332 333 0.0006
430 333 0.0004
648 333 0.0003
52 334 0.0002
52 335 0.001
319 335 0.0002
325 335 0.0008
50 336 0.0008
337 336 0.0003
340 336 0.0005
336 337 0.0003
338 337 0.0002
339 337 0.0018
337 338 0.0002
337 339 0.0018
351 339 0.0003
659 339 0.0013
336 340 0.0005
341 340 0.0016
662 340 0.0001
340 341 0.0016
352 341 0.0008
664 341 0.0001
40 342 0.0002
343 342 0.0002
431 342 0.0003
342 343 0.0002
344 343 0.0004
345 343 0.0003
343 344 0.0004
343 345 0.0003
48 346 0.0001
322 347 0.0002
444 347 0.0001
624 347 0.0006
327 348 0.0002
645 348 0.0002
907 348 0.0001
329 349 0.0003
630 349 0.0012
635 349 0.0001
320 350 0.0002
339 351 0.0003
649 351 0.0005
650 351 0.0006
341 352 0.0008
353 352 0.0005
667 352 0.0002
352 353 0.0005
65 354 0.0002
355 354 0.0006
356 354 0.0004
354 355 0.0006
354 356 0.0004
65 357 0.0001
9 358 0.0001
359 358 0.0004
361 358 0.0006
358 359 0.0004
16 360 0.0018
358 361 0.0006
16 362 0.0003
369 362 0.0003
795 362 0.0003
367 363 0.0013
374 363 0.0002
774 363 0.0004
365 364 0.0006
366 364 0.0002
774 364 0.0003
364 365 0.0006
741 365 0.0001
745 365 0.0001
364 366 0.0002
765 366 0.0014
783 366 0.0006
363 367 0.0013
368 367 0.0005
797 367 0.0003
367 368 0.0005
776 368 0.0005
794 368 0.0001
21 369 0.0008
362 369 0.0003
370 369 0.0008
369 370 0.0008
371 370 0.0011
373 370 0.0006
370 371 0.0011
372 371 0.0005
797 371 0.0002
371 372 0.0005
370 373 0.0006
21 374 0.0018
307 374 0.0016
363 374 0.0002
375 374 0.0008
374 375 0.0008
378 375 0.0003
738 375 0.0001
32 376 0.0002
377 376 0.0001
384 376 0.0002
376 377 0.0001
23 378 0.0001
375 378 0.0003
379 378 0.0002
378 379 0.0002
380 379 0.0002
382 379 0.0005
379 380 0.0002
381 380 0.0006
744 380 0.0001
380 381 0.0006
726 381 0.0006
727 381 0.0003
734 381 0.0001
379 382 0.0005
736 382 0.0005
737 382 0.0002
32 383 0.0003
376 384 0.0002
386 385 0.0001
461 385 0.0005
466 385 0.0001
385 386 0.0001
723 386 0.0003
725 386 0.0003
30 387 0.0002
388 387 0.0002
390 387 0.0002
387 388 0.0002
389 388 0.0003
392 388 0.0005
388 389 0.0003
427 389 0.0003
724 389 0.0002
387 390 0.0002
391 390 0.0008
394 390 0.0009
696 390 0.0002
390 391 0.0008
694 391 0.0002
697 391 0.0001
388 392 0.0005
393 392 0.0013
394 392 0.0014
392 393 0.0013
394 393 0.0009
428 393 0.0003
390 394 0.0009
392 394 0.0014
393 394 0.0009
33 395 0.0004
396 395 0.0008
424 395 0.0001
425 395 0.0001
395 396 0.0008
397 396 0.0001
398 396 0.0002
426 396 0.0002
396 397 0.0001
671 397 0.0003
672 397 0.0002
396 398 0.0002
399 398 0.0005
673 398 0.0002
398 399 0.0005
1 400 0.0024
401 400 0.0012
463 400 0.0001
400 401 0.0012
402 401 0.0008
403 401 0.0006
401 402 0.0008
401 403 0.0006
404 403 0.0003
405 403 0.0002
403 404 0.0003
403 405 0.0002
74 406 0.0008
407 406 0.0012
801 406 0.0001
406 407 0.0012
408 407 0.0001
800 407 0.0001
407 408 0.0001
409 408 0.0007
1006 408 0.0003
408 409 0.0007
802 409 0.0003
1006 409 0.001
25 410 0.0001
411 410 0.0004
412 410 0.0005
415 410 0.0021
410 411 0.0004
410 412 0.0005
413 412 0.0009
414 412 0.0004
412 413 0.0009
412 414 0.0004
410 415 0.0021
416 415 0.0006
417 415 0.0002
415 416 0.0006
415 417 0.0002
29 418 0.0005
419 418 0.0004
420 418 0.001
418 419 0.0004
418 420 0.001
30 421 0.0011
33 422 0.0006
33 423 0.0006
395 424 0.0001
395 425 0.0001
396 426 0.0002
389 427 0.0003
716 427 0.0001
717 427 0.0002
393 428 0.0003
674 429 0.0002
687 429 0.0011
694 429 0.0009
333 430 0.0004
646 430 0.0003
647 430 0.0003
342 431 0.0003
432 431 0.0007
433 431 0.0013
431 432 0.0007
431 433 0.0013
259 434 0.0003
603 434 0.001
607 434 0.0001
302 435 0.0007
302 436 0.0005
301 437 0.0002
311 438 0.0015
439 438 0.001
440 438 0.0003
619 438 0.0002
438 439 0.001
438 440 0.0003
322 441 0.0002
442 441 0.0002
444 441 0.0001
441 442 0.0002
443 442 0.0002
452 442 0.0001
627 442 0.0002
442 443 0.0002
453 443 0.0006
456 443 0.0007
347 444 0.0001
441 444 0.0001
450 444 0.0003
446 445 0.0006
450 445 0.0004
891 445 0.0004
445 446 0.0006
447 446 0.0002
448 446 0.0008
446 447 0.0002
884 447 0.0004
885 447 0.0002
446 448 0.0008
449 448 0.0004
886 448 0.0002
448 449 0.0004
889 449 0.0003
890 449 0.0001
1742 449 0.0001
444 450 0.0003
445 450 0.0004
451 450 0.0002
450 451 0.0002
442 452 0.0001
443 453 0.0006
454 453 0.0008
455 453 0.0008
453 454 0.0008
453 455 0.0008
443 456 0.0007
321 457 0.0001
458 457 0.0006
629 457 0.0001
457 458 0.0006
459 458 0.0003
896 458 0.0001
458 459 0.0003
460 459 0.0001
628 459 0.0002
459 460 0.0001
892 460 0.0005
895 460 0.0002
31 461 0.0004
385 461 0.0005
462 461 0.0002
467 461 0.0003
461 462 0.0002
400 463 0.0001
307 464 0.0003
21 465 0.0007
385 466 0.0001
461 467 0.0003
49 468 0.0005
172 469 0.0005
470 469 0.0019
807 469 0.0008
469 470 0.0019
818 470 0.0002
819 470 0.0003
171 471 0.0006
171 472 0.0007
473 472 0.0017
474 472 0.0009
472 473 0.0017
472 474 0.0009
176 475 0.0005
174 476 0.0003
820 476 0.0004
821 476 0.0003
179 477 0.0003
822 477 0.0002
823 477 0.0002
178 478 0.0005
179 479 0.0003
178 480 0.0002
180 481 0.0003
84 482 0.0002
122 483 0.0002
140 484 0.0004
140 485 0.0011
118 486 0.0004
185 487 0.0004
185 488 0.0002
489 488 0.0005
490 488 0.0004
488 489 0.0005
488 490 0.0004
188 491 0.0005
492 491 0.0012
494 491 0.0002
491 492 0.0012
188 493 0.0002
491 494 0.0002
824 494 0.0004
825 494 0.0004
188 495 0.0006
189 495 0.0016
826 495 0.0002
189 496 0.002
497 496 0.0004
498 496 0.0003
496 497 0.0004
496 498 0.0003
827 498 0.0003
828 498 0.0003
189 499 0.001
500 499 0.0006
501 499 0.0003
502 499 0.0004
499 500 0.0006
499 501 0.0003
499 502 0.0004
191 503 0.0017
191 504 0.0011
505 504 0.0035
509 504 0.0004
504 505 0.0035
506 505 0.001
510 505 0.0004
1918 505 0.0005
505 506 0.001
507 506 0.0019
508 506 0.0012
506 507 0.0019
545 507 0.0004
1935 507 0.0002
506 508 0.0012
504 509 0.0004
505 510 0.0004
191 511 0.0003
512 511 0.0015
513 511 0.0014
511 512 0.0015
511 513 0.0014
192 514 0.0004
515 514 0.0004
516 514 0.0005
514 515 0.0004
514 516 0.0005
192 517 0.0005
192 518 0.0005
149 519 0.0003
520 519 0.0009
521 519 0.0003
519 520 0.0009
519 521 0.0003
186 522 0.0013
218 523 0.0002
524 523 0.0006
530 523 0.0003
523 524 0.0006
213 525 0.0001
198 526 0.0005
198 527 0.0012
219 528 0.0004
219 529 0.0002
523 530 0.0003
216 531 0.0003
216 532 0.0002
533 532 0.0016
546 532 0.0002
186 533 0.0004
532 533 0.0016
534 533 0.0012
533 534 0.0012
225 535 0.0008
536 535 0.0004
537 535 0.0002
535 536 0.0004
535 537 0.0002
228 538 0.0003
228 539 0.0005
233 540 0.0004
541 540 0.0006
542 540 0.0008
540 541 0.0006
540 542 0.0008
233 543 0.0005
234 544 0.0005
545 544 0.0006
546 544 0.0013
507 545 0.0004
544 545 0.0006
829 545 0.0009
532 546 0.0002
544 546 0.0013
547 546 0.0009
1925 546 0.0004
546 547 0.0009
830 547 0.0002
831 547 0.0007
1939 547 0.0
236 548 0.0005
241 549 0.0003
241 550 0.0003
232 551 0.0005
552 551 0.001
836 551 0.0003
551 552 0.001
229 553 0.0012
252 554 0.0002
555 554 0.0003
556 554 0.0002
868 554 0.0001
554 555 0.0003
554 556 0.0002
252 557 0.0003
558 557 0.0008
559 557 0.0004
557 558 0.0008
557 559 0.0004
253 560 0.0009
561 560 0.0004
562 560 0.001
560 561 0.0004
560 562 0.001
563 562 0.0004
564 562 0.0005
562 563 0.0004
562 564 0.0005
253 565 0.0006
566 565 0.0004
574 565 0.0007
565 566 0.0004
567 566 0.0004
572 566 0.0005
566 567 0.0004
568 567 0.0004
569 567 0.0005
567 568 0.0004
567 569 0.0005
570 569 0.0005
571 569 0.0008
569 570 0.0005
569 571 0.0008
566 572 0.0005
573 572 0.0004
842 572 0.0001
572 573 0.0004
565 574 0.0007
575 574 0.0005
581 574 0.0003
574 575 0.0005
576 575 0.001
579 575 0.0005
575 576 0.001
577 576 0.0004
578 576 0.0003
576 577 0.0004
576 578 0.0003
847 578 0.0004
849 578 0.0002
575 579 0.0005
580 579 0.0005
848 579 0.0002
579 580 0.0005
843 580 0.0005
846 580 0.0001
574 581 0.0003
261 582 0.0003
583 582 0.0003
590 582 0.0008
596 582 0.0008
601 582 0.0003
582 583 0.0003
584 583 0.0003
594 583 0.0002
583 584 0.0003
585 584 0.0004
591 584 0.0003
584 585 0.0004
592 585 0.0006
850 585 0.0003
852 585 0.0001
260 586 0.0002
587 586 0.0004
588 586 0.0006
589 586 0.0003
586 587 0.0004
586 588 0.0006
586 589 0.0003
582 590 0.0008
584 591 0.0003
585 592 0.0006
593 592 0.0014
859 592 0.0003
592 593 0.0014
583 594 0.0002
854 594 0.0003
865 594 0.0002
254 595 0.0002
582 596 0.0008
597 596 0.0005
598 596 0.0005
596 597 0.0005
596 598 0.0005
599 598 0.0005
1894 598 0.0002
598 599 0.0005
600 599 0.0011
1895 599 0.0001
599 600 0.0011
860 600 0.0005
865 600 0.0003
582 601 0.0003
261 602 0.0004
434 603 0.001
604 603 0.0026
608 603 0.0011
603 604 0.0026
605 604 0.0024
609 604 0.0013
604 605 0.0024
606 605 0.0003
609 605 0.0014
605 606 0.0003
434 607 0.0001
603 608 0.0011
880 608 0.0003
882 608 0.0003
604 609 0.0013
605 609 0.0014
610 609 0.001
609 610 0.001
611 610 0.0014
876 610 0.0003
610 611 0.0014
869 611 0.0002
871 611 0.0009
262 612 0.0002
274 613 0.0003
166 614 0.0003
305 615 0.0002
306 616 0.0004
306 617 0.0005
306 618 0.0006
438 619 0.0002
311 620 0.001
310 621 0.0005
323 622 0.0002
323 623 0.0001
347 624 0.0006
625 624 0.0004
626 624 0.0003
624 625 0.0004
624 626 0.0003
442 627 0.0002
459 628 0.0002
457 629 0.0001
349 630 0.0012
631 630 0.0005
632 630 0.0002
636 630 0.0004
630 631 0.0005
630 632 0.0002
633 632 0.0001
639 632 0.0003
632 633 0.0001
634 633 0.0002
899 633 0.0001
1630 633 0.0
633 634 0.0002
900 634 0.0002
1624 634 0.0001
349 635 0.0001
630 636 0.0004
637 636 0.001
640 636 0.0004
636 637 0.001
638 637 0.0015
641 637 0.0001
637 638 0.0015
642 638 0.0004
901 638 0.0001
632 639 0.0003
636 640 0.0004
637 641 0.0001
902 641 0.0001
903 641 0.0001
638 642 0.0004
328 643 0.0001
904 643 0.0002
905 643 0.0003
906 643 0.0006
332 644 0.0004
348 645 0.0002
430 646 0.0003
430 647 0.0003
333 648 0.0003
351 649 0.0005
351 650 0.0006
651 650 0.0012
654 650 0.0003
650 651 0.0012
652 651 0.0003
653 651 0.0003
651 652 0.0003
651 653 0.0003
908 653 0.0002
914 653 0.0004
650 654 0.0003
655 654 0.0003
656 654 0.0002
654 655 0.0003
654 656 0.0002
657 656 0.0003
658 656 0.0006
656 657 0.0003
656 658 0.0006
339 659 0.0013
660 659 0.0002
661 659 0.0004
659 660 0.0002
659 661 0.0004
340 662 0.0001
663 662 0.0005
664 662 0.0004
662 663 0.0005
341 664 0.0001
662 664 0.0004
665 664 0.0003
666 664 0.0002
664 665 0.0003
664 666 0.0002
352 667 0.0002
668 667 0.0003
669 667 0.0004
670 667 0.0007
667 668 0.0003
667 669 0.0004
667 670 0.0007
397 671 0.0003
397 672 0.0002
398 673 0.0002
429 674 0.0002
675 674 0.0008
686 674 0.0003
674 675 0.0008
676 675 0.0005
684 675 0.0001
685 675 0.0003
675 676 0.0005
677 676 0.0006
683 676 0.0001
676 677 0.0006
678 677 0.0001
679 677 0.0003
682 677 0.0001
677 678 0.0001
677 679 0.0003
680 679 0.0003
924 679 0.0001
679 680 0.0003
681 680 0.0004
921 680 0.0001
680 681 0.0004
677 682 0.0001
676 683 0.0001
675 684 0.0001
675 685 0.0003
674 686 0.0003
429 687 0.0011
688 687 0.0003
693 687 0.0002
687 688 0.0003
689 688 0.0004
690 688 0.0004
688 689 0.0004
688 690 0.0004
691 690 0.0003
692 690 0.0004
690 691 0.0003
690 692 0.0004
687 693 0.0002
391 694 0.0002
429 694 0.0009
695 694 0.0001
694 695 0.0001
390 696 0.0002
391 697 0.0001
698 697 0.0005
705 697 0.0002
697 698 0.0005
699 698 0.0001
704 698 0.0001
698 699 0.0001
700 699 0.0003
701 699 0.0004
699 700 0.0003
699 701 0.0004
702 701 0.0005
703 701 0.0004
701 702 0.0005
701 703 0.0004
698 704 0.0001
697 705 0.0002
706 705 0.0002
709 705 0.0002
710 705 0.0001
705 706 0.0002
707 706 0.0001
714 706 0.0003
706 707 0.0001
708 707 0.0001
712 707 0.0001
713 707 0.0002
707 708 0.0001
711 708 0.0001
929 708 0.0001
705 709 0.0002
705 710 0.0001
711 710 0.0003
931 710 0.0001
708 711 0.0001
710 711 0.0003
930 711 0.0001
707 712 0.0001
932 712 0.0
933 712 0.0
707 713 0.0002
937 713 0.0002
940 713 0.0001
706 714 0.0003
715 714 0.0001
951 714 0.0003
714 715 0.0001
941 715 0.0001
946 715 0.0001
427 716 0.0001
427 717 0.0002
718 717 0.0002
721 717 0.0003
717 718 0.0002
719 718 0.0004
720 718 0.0004
718 719 0.0004
1403 719 0.0001
1404 719 0.0001
718 720 0.0004
717 721 0.0003
722 721 0.0002
957 721 0.0003
721 722 0.0002
965 722 0.0013
1432 722 0.0012
386 723 0.0003
389 724 0.0002
386 725 0.0003
381 726 0.0006
381 727 0.0003
728 727 0.0002
733 727 0.0002
727 728 0.0002
729 728 0.0004
730 728 0.0004
735 728 0.0002
728 729 0.0004
728 730 0.0004
731 730 0.0004
732 730 0.001
730 731 0.0004
730 732 0.001
727 733 0.0002
381 734 0.0001
728 735 0.0002
749 735 0.0001
956 735 0.0001
382 736 0.0005
382 737 0.0002
375 738 0.0001
739 738 0.0005
740 738 0.0001
738 739 0.0005
738 740 0.0001
365 741 0.0001
742 741 0.0002
743 741 0.0002
741 742 0.0002
741 743 0.0002
380 744 0.0001
365 745 0.0001
746 745 0.0004
760 745 0.0002
745 746 0.0004
747 746 0.0002
750 746 0.0001
746 747 0.0002
748 747 0.0003
759 747 0.0002
747 748 0.0003
749 748 0.0001
753 748 0.0003
735 749 0.0001
748 749 0.0001
751 749 0.0002
746 750 0.0001
749 751 0.0002
752 751 0.0001
971 751 0.0002
751 752 0.0001
1346 752 0.0001
1349 752 0.0001
748 753 0.0003
754 753 0.0002
757 753 0.0002
1339 753 0.0001
753 754 0.0002
755 754 0.0006
756 754 0.0004
1340 754 0.0002
754 755 0.0006
754 756 0.0004
753 757 0.0002
758 757 0.0002
976 757 0.0003
979 757 0.0002
757 758 0.0002
977 758 0.0001
1335 758 0.0001
747 759 0.0002
745 760 0.0002
761 760 0.0002
763 760 0.0001
760 761 0.0002
762 761 0.0006
1317 761 0.0002
761 762 0.0006
760 763 0.0001
764 763 0.0005
978 763 0.0004
763 764 0.0005
366 765 0.0014
766 765 0.0002
783 765 0.0006
765 766 0.0002
767 766 0.0005
772 766 0.0002
773 766 0.0003
766 767 0.0005
768 767 0.0003
769 767 0.0003
767 768 0.0003
982 768 0.0009
983 768 0.0004
767 769 0.0003
770 769 0.0002
771 769 0.0005
981 769 0.0001
769 770 0.0002
1316 770 0.0002
1317 770 0.0003
769 771 0.0005
766 772 0.0002
766 773 0.0003
363 774 0.0004
364 774 0.0003
775 774 0.0003
774 775 0.0003
368 776 0.0005
777 776 0.0004
779 776 0.0003
776 777 0.0004
779 777 0.0007
791 777 0.0009
791 778 0.0004
776 779 0.0003
777 779 0.0007
780 779 0.0001
786 779 0.0004
779 780 0.0001
781 780 0.0006
788 780 0.0001
780 781 0.0006
782 781 0.0007
990 781 0.0002
1298 781 0.0002
781 782 0.0007
366 783 0.0006
765 783 0.0006
784 783 0.0002
785 783 0.0004
783 784 0.0002
783 785 0.0004
779 786 0.0004
787 786 0.0002
999 786 0.0001
786 787 0.0002
788 787 0.0004
790 787 0.0006
780 788 0.0001
787 788 0.0004
789 788 0.0005
788 789 0.0005
986 789 0.0003
996 789 0.0002
787 790 0.0006
997 790 0.0004
998 790 0.0005
777 791 0.0009
778 791 0.0004
792 791 0.0003
793 791 0.0005
791 792 0.0003
791 793 0.0005
368 794 0.0001
362 795 0.0003
796 795 0.0005
1001 795 0.0001
795 796 0.0005
367 797 0.0003
371 797 0.0002
798 797 0.0004
799 797 0.0009
797 798 0.0004
797 799 0.0009
407 800 0.0001
406 801 0.0001
409 802 0.0003
803 802 0.0009
1006 802 0.0004
802 803 0.0009
804 803 0.0004
805 803 0.0004
806 803 0.0004
803 804 0.0004
1003 804 0.0002
1004 804 0.0002
1005 804 0.0002
803 805 0.0004
803 806 0.0004
469 807 0.0008
808 807 0.0006
810 807 0.001
807 808 0.0006
809 808 0.0003
1002 808 0.0003
808 809 0.0003
1011 809 0.0004
1027 809 0.0005
807 810 0.001
811 810 0.0027
817 810 0.0007
1050 810 0.0006
810 811 0.0027
812 811 0.0007
814 811 0.0009
811 812 0.0007
813 812 0.0008
1027 812 0.0002
1043 812 0.0006
812 813 0.0008
1028 813 0.0002
1029 813 0.0004
811 814 0.0009
815 814 0.0008
1050 814 0.0011
814 815 0.0008
816 815 0.0012
1174 815 0.0001
815 816 0.0012
1055 816 0.0003
1153 816 0.0001
810 817 0.0007
1048 817 0.0005
1049 817 0.0005
470 818 0.0002
470 819 0.0003
476 820 0.0004
476 821 0.0003
477 822 0.0002
477 823 0.0002
494 824 0.0004
494 825 0.0004
495 826 0.0002
1912 826 0.0003
1922 826 0.0001
498 827 0.0003
1915 827 0.0002
1917 827 0.0001
498 828 0.0003
1912 828 0.0003
1915 828 0.0005
545 829 0.0009
1926 829 0.0001
1927 829 0.0002
547 830 0.0002
1936 830 0.0014
1938 830 0.0003
547 831 0.0007
832 831 0.0009
1943 831 0.0001
831 832 0.0009
833 832 0.0005
1944 832 0.0001
832 833 0.0005
834 833 0.0006
1940 833 0.0002
833 834 0.0006
229 835 0.0001
1797 835 0.0003
1807 835 0.0002
551 836 0.0003
837 836 0.0005
1781 836 0.0002
836 837 0.0005
1783 837 0.0003
1785 837 0.0005
241 838 0.0002
241 839 0.0002
234 840 0.0003
1923 840 0.0001
1924 840 0.0003
241 841 0.0002
572 842 0.0001
580 843 0.0005
844 843 0.0011
845 843 0.0008
843 844 0.0011
1776 844 0.0001
1777 844 0.0002
843 845 0.0008
580 846 0.0001
578 847 0.0004
579 848 0.0002
578 849 0.0002
585 850 0.0003
851 850 0.0002
852 850 0.0003
850 851 0.0002
1775 851 0.0002
1776 851 0.0003
585 852 0.0001
850 852 0.0003
853 852 0.0003
852 853 0.0003
1787 853 0.0002
1789 853 0.0003
594 854 0.0003
855 854 0.0008
857 854 0.0013
854 855 0.0008
856 855 0.0003
1899 855 0.0002
855 856 0.0003
854 857 0.0013
858 857 0.0005
1778 857 0.0001
857 858 0.0005
592 859 0.0003
600 860 0.0005
861 860 0.0005
1809 860 0.0001
860 861 0.0005
862 861 0.0009
1772 861 0.0001
861 862 0.0009
863 862 0.0003
1766 862 0.0001
1911 862 0.0001
862 863 0.0003
864 863 0.0005
1779 863 0.0007
863 864 0.0005
1766 864 0.0002
1768 864 0.0028
594 865 0.0002
600 865 0.0003
1774 865 0.0003
256 866 0.0006
256 867 0.001
554 868 0.0001
611 869 0.0002
870 869 0.0003
1680 869 0.0003
869 870 0.0003
1678 870 0.0005
1895 870 0.0002
1897 870 0.0002
611 871 0.0009
872 871 0.0002
873 871 0.0007
871 872 0.0002
1673 872 0.0002
1675 872 0.0002
1677 872 0.0002
871 873 0.0007
874 873 0.0003
875 873 0.0018
873 874 0.0003
1672 874 0.0003
1695 874 0.0001
873 875 0.0018
610 876 0.0003
877 876 0.0002
878 876 0.0006
876 877 0.0002
876 878 0.0006
879 878 0.0005
1670 878 0.0004
878 879 0.0005
1671 879 0.0002
1685 879 0.0002
608 880 0.0003
881 880 0.0005
1668 880 0.0005
267 881 0.0001
880 881 0.0005
1666 881 0.0006
608 882 0.0003
271 883 0.0003
447 884 0.0004
447 885 0.0002
448 886 0.0002
887 886 0.0002
888 886 0.0002
886 887 0.0002
886 888 0.0002
449 889 0.0003
449 890 0.0001
445 891 0.0004
460 892 0.0005
893 892 0.0003
894 892 0.0002
892 893 0.0003
892 894 0.0002
460 895 0.0002
458 896 0.0001
897 896 0.0005
898 896 0.0003
896 897 0.0005
896 898 0.0003
633 899 0.0001
634 900 0.0002
638 901 0.0001
641 902 0.0001
641 903 0.0001
643 904 0.0002
643 905 0.0003
643 906 0.0006
348 907 0.0001
653 908 0.0002
909 908 0.0003
1619 908 0.0001
908 909 0.0003
910 909 0.0001
1618 909 0.0001
909 910 0.0001
911 910 0.0002
912 910 0.0001
913 910 0.0001
910 911 0.0002
910 912 0.0001
910 913 0.0001
653 914 0.0004
915 914 0.0002
917 914 0.0005
914 915 0.0002
916 915 0.0005
1590 915 0.0001
915 916 0.0005
1613 916 0.0001
1615 916 0.0001
914 917 0.0005
918 917 0.0003
920 917 0.0002
917 918 0.0003
919 918 0.0002
1478 918 0.0003
918 919 0.0002
917 920 0.0002
1498 920 0.0002
1590 920 0.0001
680 921 0.0001
922 921 0.0003
923 921 0.0002
921 922 0.0003
921 923 0.0002
679 924 0.0001
925 924 0.0007
928 924 0.0002
924 925 0.0007
926 925 0.0003
927 925 0.0001
925 926 0.0003
925 927 0.0001
924 928 0.0002
708 929 0.0001
711 930 0.0001
710 931 0.0001
712 932 0.0
712 933 0.0
934 933 0.0005
1464 933 0.0001
933 934 0.0005
935 934 0.0004
936 934 0.0002
1473 934 0.0006
934 935 0.0004
1464 935 0.0003
1469 935 0.0004
934 936 0.0002
1466 936 0.0009
1588 936 0.0006
713 937 0.0002
938 937 0.0001
939 937 0.0001
937 938 0.0001
937 939 0.0001
713 940 0.0001
1463 940 0.0
1465 940 0.0
715 941 0.0001
942 941 0.0001
944 941 0.0001
941 942 0.0001
943 942 0.0003
1451 942 0.0001
942 943 0.0003
1454 943 0.0001
1458 943 0.0001
941 944 0.0001
945 944 0.0003
948 944 0.0001
944 945 0.0003
1440 945 0.0002
1442 945 0.0005
715 946 0.0001
947 946 0.0003
948 946 0.0001
946 947 0.0003
944 948 0.0001
946 948 0.0001
949 948 0.0002
1440 948 0.0002
948 949 0.0002
951 950 0.0001
714 951 0.0003
950 951 0.0001
952 951 0.0001
951 952 0.0001
953 952 0.0003
1419 952 0.0001
952 953 0.0003
954 953 0.0003
955 953 0.0005
953 954 0.0003
953 955 0.0005
735 956 0.0001
721 957 0.0003
959 958 0.0001
960 958 0.0003
962 958 0.0001
1432 958 0.0004
958 959 0.0001
958 960 0.0003
961 960 0.0003
1411 960 0.0001
1423 960 0.0001
960 961 0.0003
963 961 0.0003
1410 961 0.0001
958 962 0.0001
963 962 0.0003
964 962 0.0005
961 963 0.0003
962 963 0.0003
1409 963 0.0002
962 964 0.0005
1405 964 0.0001
1406 964 0.0001
1408 964 0.0003
722 965 0.0013
966 965 0.0003
968 965 0.0001
965 966 0.0003
967 966 0.0002
1432 966 0.0003
966 967 0.0002
1375 967 0.0001
1405 967 0.0002
965 968 0.0001
970 969 0.0001
971 969 0.0002
973 969 0.0005
969 970 0.0001
751 971 0.0002
969 971 0.0002
972 971 0.0
971 972 0.0
1371 972 0.0001
1374 972 0.0004
969 973 0.0005
974 973 0.0002
1402 973 0.0002
973 974 0.0002
975 974 0.0001
1399 974 0.0001
974 975 0.0001
1350 975 0.0002
1352 975 0.0007
1361 975 0.0011
757 976 0.0003
758 977 0.0001
1325 977 0.0001
1326 977 0.0009
763 978 0.0004
757 979 0.0002
1310 980 0.0001
1313 980 0.0007
1316 980 0.0008
769 981 0.0001
989 981 0.0002
1307 981 0.0006
768 982 0.0009
768 983 0.0004
984 983 0.0002
985 983 0.0003
983 984 0.0002
983 985 0.0003
1295 985 0.0002
1296 985 0.0002
1299 985 0.0001
789 986 0.0003
987 986 0.0004
994 986 0.0003
986 987 0.0004
988 987 0.0003
995 987 0.0007
987 988 0.0003
989 988 0.0002
1304 988 0.0002
981 989 0.0002
988 989 0.0002
1307 989 0.0004
781 990 0.0002
991 990 0.0006
992 990 0.0002
990 991 0.0006
990 992 0.0002
1300 993 0.0003
1302 993 0.0004
1304 993 0.0008
986 994 0.0003
995 994 0.0014
1291 994 0.0001
987 995 0.0007
994 995 0.0014
1292 995 0.0
789 996 0.0002
1148 996 0.0
1281 996 0.0001
790 997 0.0004
790 998 0.0005
786 999 0.0001
1000 999 0.0002
1272 999 0.0001
999 1000 0.0002
1273 1000 0.0002
1274 1000 0.0008
795 1001 0.0001
808 1002 0.0003
804 1003 0.0002
804 1004 0.0002
804 1005 0.0002
408 1006 0.0003
409 1006 0.001
802 1006 0.0004
1007 1006 0.0003
1006 1007 0.0003
1008 1007 0.0004
1009 1007 0.0003
1010 1007 0.0003
1007 1008 0.0004
1007 1009 0.0003
1007 1010 0.0003
809 1011 0.0004
1012 1011 0.001
1017 1011 0.0015
1018 1011 0.0008
1011 1012 0.001
1013 1012 0.0003
1014 1012 0.0005
1015 1012 0.0009
1012 1013 0.0003
1012 1014 0.0005
1012 1015 0.0009
1016 1015 0.0002
1018 1015 0.001
1015 1016 0.0002
1011 1017 0.0015
1018 1017 0.0013
1024 1017 0.0003
1011 1018 0.0008
1015 1018 0.001
1017 1018 0.0013
1019 1018 0.0004
1018 1019 0.0004
1020 1019 0.0005
1023 1019 0.0004
1024 1019 0.0004
1019 1020 0.0005
1021 1020 0.0002
1022 1020 0.0006
1020 1021 0.0002
1020 1022 0.0006
1019 1023 0.0004
1017 1024 0.0003
1019 1024 0.0004
1025 1024 0.0008
1035 1024 0.0003
1024 1025 0.0008
1026 1025 0.0001
1031 1025 0.0002
1160 1025 0.0004
1025 1026 0.0001
809 1027 0.0005
812 1027 0.0002
1028 1027 0.0003
813 1028 0.0002
1027 1028 0.0003
1035 1028 0.0004
813 1029 0.0004
1030 1029 0.0003
1037 1029 0.0004
1029 1030 0.0003
1031 1030 0.0007
1034 1030 0.0003
1025 1031 0.0002
1030 1031 0.0007
1032 1031 0.0003
1033 1031 0.0004
1031 1032 0.0003
1031 1033 0.0004
1030 1034 0.0003
1024 1035 0.0003
1028 1035 0.0004
1036 1035 0.0008
1035 1036 0.0008
1029 1037 0.0004
1038 1037 0.0004
1040 1037 0.0002
1037 1038 0.0004
1039 1038 0.0005
1157 1038 0.0007
1038 1039 0.0005
1037 1040 0.0002
1041 1040 0.0004
1042 1040 0.0004
1040 1041 0.0004
1154 1041 0.0003
1155 1041 0.0004
1040 1042 0.0004
1065 1042 0.0
1161 1042 0.0003
812 1043 0.0006
1044 1043 0.0002
1152 1043 0.0001
1043 1044 0.0002
1045 1044 0.0003
1046 1044 0.0006
1044 1045 0.0003
1044 1046 0.0006
1047 1046 0.0005
1151 1046 0.0004
1046 1047 0.0005
1149 1047 0.0002
1150 1047 0.0003
817 1048 0.0005
817 1049 0.0005
810 1050 0.0006
814 1050 0.0011
1051 1050 0.0005
1050 1051 0.0005
1052 1051 0.0003
1058 1051 0.0002
1051 1052 0.0003
1053 1052 0.0008
1054 1052 0.0004
1070 1052 0.0004
1071 1052 0.0002
1052 1053 0.0008
1052 1054 0.0004
1067 1054 0.0006
1069 1054 0.0001
816 1055 0.0003
1056 1055 0.0002
1061 1055 0.0011
1055 1056 0.0002
1057 1056 0.0002
1073 1056 0.0002
1056 1057 0.0002
1072 1057 0.0006
1170 1057 0.0001
1051 1058 0.0002
1059 1058 0.0015
1060 1058 0.0005
1058 1059 0.0015
1058 1060 0.0005
1055 1061 0.0011
1062 1061 0.0013
1064 1061 0.0003
1061 1062 0.0013
1063 1062 0.0001
1074 1062 0.0007
1062 1063 0.0001
1075 1063 0.0007
1079 1063 0.0002
1061 1064 0.0003
1065 1064 0.0002
1066 1064 0.0001
1083 1064 0.0001
1042 1065 0.0
1064 1065 0.0002
1097 1065 0.0002
1101 1065 0.0002
1112 1065 0.0002
1064 1066 0.0001
1084 1066 0.0003
1092 1066 0.0002
1054 1067 0.0006
1068 1067 0.0001
1175 1067 0.0002
1067 1068 0.0001
1054 1069 0.0001
1052 1070 0.0004
1052 1071 0.0002
1057 1072 0.0006
1171 1072 0.0003
1172 1072 0.0005
1179 1072 0.0003
1056 1073 0.0002
1062 1074 0.0007
1063 1075 0.0007
1076 1075 0.0003
1078 1075 0.0001
1075 1076 0.0003
1077 1076 0.0004
1080 1076 0.0004
1076 1077 0.0004
1075 1078 0.0001
1121 1078 0.0003
1122 1078 0.0011
1063 1079 0.0002
1076 1080 0.0004
1081 1080 0.001
1082 1080 0.0008
1080 1081 0.001
1080 1082 0.0008
1118 1082 0.0002
1120 1082 0.0002
1064 1083 0.0001
1084 1083 0.0006
1090 1083 0.0002
1091 1083 0.0001
1066 1084 0.0003
1083 1084 0.0006
1085 1084 0.0007
1084 1085 0.0007
1086 1085 0.0001
1087 1085 0.0007
1096 1085 0.0001
1085 1086 0.0001
1085 1087 0.0007
1088 1087 0.0001
1099 1087 0.0001
1087 1088 0.0001
1089 1088 0.0003
1099 1088 0.0002
1088 1089 0.0003
1083 1090 0.0002
1083 1091 0.0001
1066 1092 0.0002
1093 1092 0.0003
1095 1092 0.0001
1092 1093 0.0003
1094 1093 0.0004
1095 1093 0.0003
1093 1094 0.0004
1092 1095 0.0001
1093 1095 0.0003
1121 1095 0.0003
1206 1095 0.0005
1085 1096 0.0001
1098 1096 0.0006
1131 1096 0.0003
1065 1097 0.0002
1096 1098 0.0006
1124 1098 0.0002
1130 1098 0.0003
1087 1099 0.0001
1088 1099 0.0002
1100 1099 0.0007
1099 1100 0.0007
1133 1100 0.0002
1256 1100 0.0
1065 1101 0.0002
1102 1101 0.0003
1103 1101 0.0002
1105 1101 0.0004
1106 1101 0.0003
1101 1102 0.0003
1116 1102 0.0002
1138 1102 0.0001
1101 1103 0.0002
1107 1103 0.0008
1113 1103 0.0008
1115 1103 0.0001
1105 1104 0.0009
1111 1104 0.0001
1112 1104 0.0008
1101 1105 0.0004
1104 1105 0.0009
1106 1105 0.0009
1101 1106 0.0003
1105 1106 0.0009
1107 1106 0.0003
1103 1107 0.0008
1106 1107 0.0003
1108 1107 0.0001
1109 1107 0.0003
1107 1108 0.0001
1107 1109 0.0003
1110 1109 0.0008
1139 1109 0.0002
1109 1110 0.0008
1117 1110 0.0002
1139 1110 0.0003
1104 1111 0.0001
1065 1112 0.0002
1104 1112 0.0008
1114 1112 0.0001
1103 1113 0.0008
1112 1114 0.0001
1103 1115 0.0001
1256 1115 0.0001
1258 1115 0.0003
1102 1116 0.0002
1110 1117 0.0002
1147 1117 0.0004
1165 1117 0.0001
1082 1118 0.0002
1119 1118 0.0003
1205 1118 0.0001
1118 1119 0.0003
1195 1119 0.0004
1196 1119 0.0002
1082 1120 0.0002
1078 1121 0.0003
1095 1121 0.0003
1178 1121 0.0002
1078 1122 0.0011
1131 1123 0.0001
1098 1124 0.0002
1125 1124 0.0002
1128 1124 0.0004
1130 1124 0.0014
1124 1125 0.0002
1126 1125 0.0002
1130 1125 0.0001
1125 1126 0.0002
1127 1126 0.0003
1135 1126 0.0001
1224 1126 0.0001
1225 1126 0.0003
1126 1127 0.0003
1228 1127 0.0003
1231 1127 0.0002
1124 1128 0.0004
1129 1128 0.0005
1207 1128 0.0002
1128 1129 0.0005
1098 1130 0.0003
1124 1130 0.0014
1125 1130 0.0001
1096 1131 0.0003
1123 1131 0.0001
1132 1131 0.0001
1131 1132 0.0001
1100 1133 0.0002
1134 1133 0.0003
1135 1133 0.0021
1133 1134 0.0003
1137 1134 0.0006
1251 1134 0.0002
1126 1135 0.0001
1133 1135 0.0021
1136 1135 0.0003
1135 1136 0.0003
1137 1136 0.0005
1232 1136 0.0003
1134 1137 0.0006
1136 1137 0.0005
1233 1137 0.001
1102 1138 0.0001
1259 1138 0.0002
1260 1138 0.0005
1109 1139 0.0002
1110 1139 0.0003
1140 1139 0.0002
1146 1139 0.0003
1139 1140 0.0002
1141 1140 0.0015
1143 1140 0.0002
1140 1141 0.0015
1142 1141 0.0002
1144 1141 0.0002
1141 1142 0.0002
1284 1142 0.0002
1286 1142 0.0001
1140 1143 0.0002
1261 1143 0.0007
1262 1143 0.0002
1141 1144 0.0002
1145 1144 0.0007
1994 1144 0.0006
1144 1145 0.0007
1139 1146 0.0003
1117 1147 0.0004
996 1148 0.0
1047 1149 0.0002
1047 1150 0.0003
1046 1151 0.0004
1043 1152 0.0001
816 1153 0.0001
1041 1154 0.0003
1041 1155 0.0004
1156 1155 0.001
1164 1155 0.0004
1155 1156 0.001
1038 1157 0.0007
1158 1157 0.0004
1159 1157 0.0004
1157 1158 0.0004
1157 1159 0.0004
1166 1159 0.0004
1167 1159 0.0003
1025 1160 0.0004
1042 1161 0.0003
1162 1161 0.001
1163 1161 0.001
1161 1162 0.001
1161 1163 0.001
1155 1164 0.0004
1165 1164 0.0004
1169 1164 0.0001
1117 1165 0.0001
1164 1165 0.0004
1290 1165 0.0001
1159 1166 0.0004
1159 1167 0.0003
1277 1168 0.0002
1164 1169 0.0001
1057 1170 0.0001
1072 1171 0.0003
1072 1172 0.0005
1173 1172 0.0005
1194 1172 0.0005
1172 1173 0.0005
815 1174 0.0001
1067 1175 0.0002
1176 1175 0.0003
1190 1175 0.0002
1175 1176 0.0003
1177 1176 0.0006
1193 1176 0.0001
1176 1177 0.0006
1121 1178 0.0002
1072 1179 0.0003
1180 1179 0.0002
1181 1179 0.0002
1179 1180 0.0002
1182 1180 0.0002
1183 1180 0.0003
1179 1181 0.0002
1180 1182 0.0002
1180 1183 0.0003
1184 1183 0.0005
1187 1183 0.0005
1183 1184 0.0005
1185 1184 0.0002
1186 1184 0.0004
1184 1185 0.0002
1184 1186 0.0004
1183 1187 0.0005
1188 1187 0.0003
1189 1187 0.0005
1187 1188 0.0003
1187 1189 0.0005
1175 1190 0.0002
1191 1190 0.0002
1192 1190 0.0003
1190 1191 0.0002
1190 1192 0.0003
1176 1193 0.0001
1172 1194 0.0005
1119 1195 0.0004
1197 1195 0.0017
1200 1195 0.0003
1119 1196 0.0002
1195 1197 0.0017
1198 1197 0.0005
1199 1197 0.0002
1197 1198 0.0005
1197 1199 0.0002
1195 1200 0.0003
1201 1200 0.0004
1203 1200 0.0003
1200 1201 0.0004
1202 1201 0.0001
1204 1201 0.0003
1201 1202 0.0001
1200 1203 0.0003
1201 1204 0.0003
1118 1205 0.0001
1095 1206 0.0005
1128 1207 0.0002
1208 1207 0.0013
1214 1207 0.0008
1207 1208 0.0013
1209 1208 0.0005
1216 1208 0.0006
1208 1209 0.0005
1210 1209 0.0004
1211 1209 0.0006
1209 1210 0.0004
1209 1211 0.0006
1212 1211 0.0002
1213 1211 0.0001
1211 1212 0.0002
1211 1213 0.0001
1207 1214 0.0008
1215 1214 0.0001
1223 1214 0.0003
1214 1215 0.0001
1208 1216 0.0006
1217 1216 0.0001
1218 1216 0.0003
1222 1216 0.0007
1216 1217 0.0001
1216 1218 0.0003
1219 1218 0.0002
1220 1218 0.0003
1221 1218 0.0002
1218 1219 0.0002
1218 1220 0.0003
1218 1221 0.0002
1216 1222 0.0007
1214 1223 0.0003
1126 1224 0.0001
1235 1224 0.0002
1236 1224 0.0002
1126 1225 0.0003
1226 1225 0.0001
1227 1225 0.0001
1225 1226 0.0001
1225 1227 0.0001
1241 1227 0.0001
1242 1227 0.0001
1127 1228 0.0003
1229 1228 0.0009
1239 1228 0.0004
1228 1229 0.0009
1230 1229 0.0006
1231 1229 0.0009
1229 1230 0.0006
1232 1230 0.0004
1233 1230 0.0006
1250 1230 0.0003
1127 1231 0.0002
1229 1231 0.0009
1232 1231 0.0006
1136 1232 0.0003
1230 1232 0.0004
1231 1232 0.0006
1137 1233 0.001
1230 1233 0.0006
1234 1233 0.0005
1251 1233 0.0002
1233 1234 0.0005
1224 1235 0.0002
1224 1236 0.0002
1237 1236 0.0003
1238 1236 0.0002
1236 1237 0.0003
1236 1238 0.0002
1228 1239 0.0004
1240 1239 0.0002
1243 1239 0.0014
1239 1240 0.0002
1227 1241 0.0001
1227 1242 0.0001
1239 1243 0.0014
1244 1243 0.0002
1245 1243 0.0006
1246 1243 0.0006
1249 1243 0.0003
1243 1244 0.0002
1243 1245 0.0006
1243 1246 0.0006
1247 1246 0.0004
1248 1246 0.0007
1246 1247 0.0004
1246 1248 0.0007
1243 1249 0.0003
1230 1250 0.0003
1134 1251 0.0002
1233 1251 0.0002
1252 1251 0.0002
1253 1251 0.0002
1251 1252 0.0002
1251 1253 0.0002
1254 1253 0.0005
1255 1253 0.0003
1253 1254 0.0005
1253 1255 0.0003
1100 1256 0.0
1115 1256 0.0001
1257 1256 0.0001
1256 1257 0.0001
1115 1258 0.0003
1138 1259 0.0002
1138 1260 0.0005
1143 1261 0.0007
1143 1262 0.0002
1263 1262 0.0001
1264 1262 0.0002
1265 1262 0.0002
1262 1263 0.0001
1262 1264 0.0002
1262 1265 0.0002
1266 1265 0.0005
1267 1265 0.0004
1265 1266 0.0005
1265 1267 0.0004
1269 1268 0.0004
1270 1268 0.0005
1994 1268 0.0003
1268 1269 0.0004
1268 1270 0.0005
1271 1270 0.0005
1324 1270 0.0002
1270 1271 0.0005
999 1272 0.0001
1000 1273 0.0002
1276 1273 0.0008
1279 1273 0.0012
1000 1274 0.0008
1275 1274 0.0001
1276 1274 0.0018
1274 1275 0.0001
1273 1276 0.0008
1274 1276 0.0018
1277 1276 0.0002
1168 1277 0.0002
1276 1277 0.0002
1278 1277 0.0004
1279 1277 0.0004
1277 1278 0.0004
1273 1279 0.0012
1277 1279 0.0004
1280 1279 0.0004
1279 1280 0.0004
996 1281 0.0001
1282 1281 0.0001
1283 1281 0.0001
1281 1282 0.0001
1281 1283 0.0001
1292 1283 0.0004
1293 1283 0.0004
1142 1284 0.0002
1322 1285 0.0003
1994 1285 0.0005
1997 1285 0.0002
1998 1285 0.0003
1142 1286 0.0001
1287 1286 0.0004
1289 1286 0.0003
1286 1287 0.0004
1288 1287 0.0007
1996 1287 0.0001
1287 1288 0.0007
1286 1289 0.0003
1165 1290 0.0001
994 1291 0.0001
995 1292 0.0
1283 1292 0.0004
1293 1292 0.0002
1283 1293 0.0004
1292 1293 0.0002
1323 1293 0.0001
1295 1294 0.0004
985 1295 0.0002
1294 1295 0.0004
1296 1295 0.0005
985 1296 0.0002
1295 1296 0.0005
1297 1296 0.0005
1296 1297 0.0005
781 1298 0.0002
985 1299 0.0001
993 1300 0.0003
1301 1300 0.0003
1321 1300 0.0001
1300 1301 0.0003
993 1302 0.0004
1303 1302 0.0002
1305 1302 0.0005
1302 1303 0.0002
1305 1303 0.0005
1306 1303 0.0002
988 1304 0.0002
993 1304 0.0008
1305 1304 0.0001
1302 1305 0.0005
1303 1305 0.0005
1304 1305 0.0001
1303 1306 0.0002
981 1307 0.0006
989 1307 0.0004
1308 1307 0.0002
1309 1307 0.0003
1307 1308 0.0002
1307 1309 0.0003
980 1310 0.0001
1311 1310 0.0003
1312 1310 0.0004
1310 1311 0.0003
1310 1312 0.0004
980 1313 0.0007
1314 1313 0.0001
1318 1313 0.0007
1313 1314 0.0001
1315 1314 0.0001
1345 1314 0.0001
1314 1315 0.0001
770 1316 0.0002
980 1316 0.0008
1317 1316 0.0019
1318 1316 0.0005
761 1317 0.0002
770 1317 0.0003
1316 1317 0.0019
1320 1317 0.0001
1313 1318 0.0007
1316 1318 0.0005
1319 1318 0.0001
1318 1319 0.0001
1317 1320 0.0001
1300 1321 0.0001
1285 1322 0.0003
1293 1323 0.0001
1270 1324 0.0002
977 1325 0.0001
977 1326 0.0009
1327 1326 0.0001
1334 1326 0.0002
1326 1327 0.0001
1328 1327 0.0011
1331 1327 0.0001
1327 1328 0.0011
1329 1328 0.0001
1330 1328 0.0001
1333 1328 0.0002
1328 1329 0.0001
1344 1329 0.0001
1393 1329 0.0003
1328 1330 0.0001
1327 1331 0.0001
1332 1331 0.0005
1341 1331 0.0001
1331 1332 0.0005
1328 1333 0.0002
1326 1334 0.0002
758 1335 0.0001
1336 1335 0.0001
1337 1335 0.0002
1335 1336 0.0001
1335 1337 0.0002
1338 1337 0.0001
1400 1337 0.0001
1337 1338 0.0001
753 1339 0.0001
754 1340 0.0002
1331 1341 0.0001
1342 1341 0.0001
1343 1341 0.0002
1341 1342 0.0001
1341 1343 0.0002
1329 1344 0.0001
1314 1345 0.0001
752 1346 0.0001
1347 1346 0.0002
1348 1346 0.0002
1346 1347 0.0002
1346 1348 0.0002
752 1349 0.0001
975 1350 0.0002
1351 1350 0.0001
1354 1350 0.0001
1350 1351 0.0001
1424 1351 0.0001
1425 1351 0.0009
975 1352 0.0007
1353 1352 0.0001
1355 1352 0.0002
1352 1353 0.0001
1350 1354 0.0001
1352 1355 0.0002
1356 1355 0.0001
1358 1355 0.0002
1355 1356 0.0001
1357 1356 0.0005
1379 1356 0.0002
1384 1356 0.0001
1356 1357 0.0005
1378 1357 0.0002
1382 1357 0.0001
1385 1357 0.0001
1355 1358 0.0002
1359 1358 0.0003
1363 1358 0.0002
1358 1359 0.0003
1360 1359 0.0003
1386 1359 0.0002
1359 1360 0.0003
1384 1360 0.0001
1386 1360 0.0002
975 1361 0.0011
1362 1361 0.0006
1368 1361 0.0011
1361 1362 0.0006
1363 1362 0.0005
1367 1362 0.0003
1358 1363 0.0002
1362 1363 0.0005
1364 1363 0.0001
1363 1364 0.0001
1365 1364 0.0001
1366 1364 0.0001
1364 1365 0.0001
1364 1366 0.0001
1367 1366 0.0001
1427 1366 0.0001
1362 1367 0.0003
1366 1367 0.0001
1368 1367 0.0002
1370 1367 0.0001
1361 1368 0.0011
1367 1368 0.0002
1369 1368 0.0001
1368 1369 0.0001
1367 1370 0.0001
1372 1370 0.0002
1414 1370 0.0001
1427 1370 0.0002
972 1371 0.0001
1372 1371 0.0002
1374 1371 0.0003
1370 1372 0.0002
1371 1372 0.0002
1373 1372 0.0001
1372 1373 0.0001
972 1374 0.0004
1371 1374 0.0003
1375 1374 0.0002
967 1375 0.0001
1374 1375 0.0002
1388 1375 0.0003
1377 1376 0.0011
1388 1376 0.0009
1407 1376 0.0001
1376 1377 0.0011
1389 1377 0.0003
1391 1377 0.0004
1407 1377 0.0002
1357 1378 0.0002
1356 1379 0.0002
1380 1379 0.0002
1381 1379 0.0003
1379 1380 0.0002
1379 1381 0.0003
1357 1382 0.0001
1384 1382 0.0002
1385 1382 0.0003
1385 1383 0.0004
1356 1384 0.0001
1360 1384 0.0001
1382 1384 0.0002
1357 1385 0.0001
1382 1385 0.0003
1383 1385 0.0004
1359 1386 0.0002
1360 1386 0.0002
1387 1386 0.0003
1386 1387 0.0003
1375 1388 0.0003
1376 1388 0.0009
1389 1388 0.0003
1377 1389 0.0003
1388 1389 0.0003
1390 1389 0.0002
1426 1389 0.0001
1389 1390 0.0002
1377 1391 0.0004
1392 1391 0.0002
1435 1391 0.0
1391 1392 0.0002
1433 1392 0.0003
1434 1392 0.0002
1329 1393 0.0003
1394 1393 0.0002
1397 1393 0.0001
1393 1394 0.0002
1395 1394 0.0001
1396 1394 0.0001
1394 1395 0.0001
1394 1396 0.0001
1393 1397 0.0001
1398 1397 0.0001
1401 1397 0.0001
1397 1398 0.0001
974 1399 0.0001
1337 1400 0.0001
1397 1401 0.0001
973 1402 0.0002
719 1403 0.0001
719 1404 0.0001
964 1405 0.0001
967 1405 0.0002
1406 1405 0.0005
964 1406 0.0001
1405 1406 0.0005
1407 1406 0.0005
1436 1406 0.0002
1376 1407 0.0001
1377 1407 0.0002
1406 1407 0.0005
1429 1407 0.0002
1436 1407 0.0004
964 1408 0.0003
963 1409 0.0002
961 1410 0.0001
960 1411 0.0001
1421 1412 0.0002
1419 1413 0.0001
1370 1414 0.0001
1415 1414 0.0001
1417 1414 0.0002
1414 1415 0.0001
1416 1415 0.0001
1418 1415 0.0003
1415 1416 0.0001
1414 1417 0.0002
1415 1418 0.0003
952 1419 0.0001
1413 1419 0.0001
1420 1419 0.0002
1419 1420 0.0002
1421 1420 0.0001
1422 1420 0.0005
1412 1421 0.0002
1420 1421 0.0001
1431 1421 0.0003
1420 1422 0.0005
960 1423 0.0001
1351 1424 0.0001
1351 1425 0.0009
1389 1426 0.0001
1366 1427 0.0001
1370 1427 0.0002
1428 1427 0.0001
1427 1428 0.0001
1407 1429 0.0002
1430 1429 0.0002
1436 1429 0.0004
1429 1430 0.0002
1431 1430 0.0002
1436 1430 0.0001
1421 1431 0.0003
1430 1431 0.0002
1437 1431 0.0
722 1432 0.0012
958 1432 0.0004
966 1432 0.0003
1392 1433 0.0003
1392 1434 0.0002
1391 1435 0.0
1406 1436 0.0002
1407 1436 0.0004
1429 1436 0.0004
1430 1436 0.0001
1431 1437 0.0
1438 1437 0.0001
1439 1437 0.0001
1437 1438 0.0001
1437 1439 0.0001
945 1440 0.0002
948 1440 0.0002
1441 1440 0.0
1440 1441 0.0
945 1442 0.0005
1443 1442 0.0001
1446 1442 0.0002
1442 1443 0.0001
1444 1443 0.0004
1445 1443 0.0002
1443 1444 0.0004
1443 1445 0.0002
1442 1446 0.0002
1447 1446 0.0001
1448 1446 0.0002
1446 1447 0.0001
1446 1448 0.0002
1449 1448 0.0002
1450 1448 0.0001
1448 1449 0.0002
1448 1450 0.0001
942 1451 0.0001
1452 1451 0.0004
1454 1451 0.0002
1451 1452 0.0004
1453 1452 0.0006
1455 1452 0.0001
1471 1452 0.0002
1452 1453 0.0006
943 1454 0.0001
1451 1454 0.0002
1455 1454 0.0003
1452 1455 0.0001
1454 1455 0.0003
1456 1455 0.0005
1458 1455 0.0001
1455 1456 0.0005
1457 1456 0.0004
1461 1456 0.0005
1456 1457 0.0004
1461 1457 0.0005
1530 1457 0.0001
2074 1457 0.0
943 1458 0.0001
1455 1458 0.0001
1459 1458 0.0001
1461 1458 0.0001
1458 1459 0.0001
1460 1459 0.0002
1461 1459 0.0001
1459 1460 0.0002
1472 1460 0.0001
1530 1460 0.0001
1456 1461 0.0005
1457 1461 0.0005
1458 1461 0.0001
1459 1461 0.0001
1463 1462 0.0001
940 1463 0.0
1462 1463 0.0001
1464 1463 0.0001
933 1464 0.0001
935 1464 0.0003
1463 1464 0.0001
940 1465 0.0
936 1466 0.0009
1467 1466 0.0001
1469 1466 0.0005
1492 1466 0.0002
1588 1466 0.0018
1466 1467 0.0001
1468 1467 0.0007
1469 1467 0.0004
1467 1468 0.0007
1482 1468 0.0001
1484 1468 0.0005
1489 1468 0.0001
935 1469 0.0004
1466 1469 0.0005
1467 1469 0.0004
1474 1470 0.0001
1476 1470 0.0001
1516 1470 0.0004
1517 1470 0.0009
1452 1471 0.0002
1460 1472 0.0001
934 1473 0.0006
1477 1473 0.0004
1480 1473 0.0003
1589 1473 0.0001
1470 1474 0.0001
1475 1474 0.0001
1497 1474 0.0004
1474 1475 0.0001
1470 1476 0.0001
1473 1477 0.0004
1478 1477 0.0004
1479 1477 0.0001
918 1478 0.0003
1477 1478 0.0004
1481 1478 0.0014
1477 1479 0.0001
1473 1480 0.0003
1481 1480 0.0014
1497 1480 0.0005
1478 1481 0.0014
1480 1481 0.0014
1589 1481 0.0011
1468 1482 0.0001
1483 1482 0.0002
1536 1482 0.0002
1482 1483 0.0002
1468 1484 0.0005
1507 1484 0.0005
1508 1484 0.0003
1486 1485 0.0002
1487 1485 0.0003
1508 1485 0.0011
1485 1486 0.0002
1537 1486 0.0002
1538 1486 0.0001
1485 1487 0.0003
1538 1487 0.0001
1554 1487 0.0005
1542 1488 0.0011
1545 1488 0.0006
1554 1488 0.0009
1468 1489 0.0001
1490 1489 0.0002
1509 1489 0.0002
1553 1489 0.0001
1489 1490 0.0002
1491 1490 0.0003
1529 1490 0.0003
1490 1491 0.0003
1502 1491 0.0003
1510 1491 0.0001
1518 1491 0.0002
1466 1492 0.0002
1493 1492 0.0001
1495 1492 0.0003
1492 1493 0.0001
1494 1493 0.0002
1521 1493 0.0001
1493 1494 0.0002
1496 1494 0.0004
1522 1494 0.0002
1492 1495 0.0003
1496 1495 0.0002
1515 1495 0.0002
1494 1496 0.0004
1495 1496 0.0002
1524 1496 0.0002
1474 1497 0.0004
1480 1497 0.0005
1517 1497 0.0003
1589 1497 0.0007
920 1498 0.0002
1499 1498 0.0001
1501 1498 0.0001
1498 1499 0.0001
1500 1499 0.0004
1566 1499 0.0001
2076 1499 0.0
1499 1500 0.0004
1503 1500 0.0001
1504 1500 0.0012
1498 1501 0.0001
1610 1501 0.0002
1611 1501 0.0001
1612 1501 0.0004
1491 1502 0.0003
1503 1502 0.001
1526 1502 0.0003
1500 1503 0.0001
1502 1503 0.001
1504 1503 0.0001
1529 1503 0.0002
1500 1504 0.0012
1503 1504 0.0001
1505 1504 0.0001
1504 1505 0.0001
1506 1505 0.0002
1514 1505 0.0002
1578 1505 0.0002
1505 1506 0.0002
1546 1506 0.0001
1578 1506 0.0003
1484 1507 0.0005
1508 1507 0.0013
1509 1507 0.0001
1484 1508 0.0003
1485 1508 0.0011
1507 1508 0.0013
1489 1509 0.0002
1507 1509 0.0001
1553 1509 0.0003
1491 1510 0.0001
1511 1510 0.0005
1553 1510 0.0005
1510 1511 0.0005
1512 1511 0.0003
1557 1511 0.0001
1511 1512 0.0003
1513 1512 0.0002
1529 1512 0.0001
1557 1512 0.0002
1512 1513 0.0002
1505 1514 0.0002
1495 1515 0.0002
1516 1515 0.0007
1525 1515 0.0007
1470 1516 0.0004
1515 1516 0.0007
1517 1516 0.0002
1525 1516 0.0008
1470 1517 0.0009
1497 1517 0.0003
1516 1517 0.0002
1588 1517 0.0001
1491 1518 0.0002
1519 1518 0.0001
1520 1518 0.0006
1518 1519 0.0001
1518 1520 0.0006
1521 1520 0.0002
1523 1520 0.0005
1493 1521 0.0001
1520 1521 0.0002
1522 1521 0.0008
1494 1522 0.0002
1521 1522 0.0008
1523 1522 0.0001
1527 1522 0.0003
1520 1523 0.0005
1522 1523 0.0001
1526 1523 0.0001
1527 1523 0.0001
1496 1524 0.0002
1525 1524 0.0003
1527 1524 0.0005
1515 1525 0.0007
1516 1525 0.0008
1524 1525 0.0003
1502 1526 0.0003
1523 1526 0.0001
1528 1526 0.0001
1522 1527 0.0003
1523 1527 0.0001
1524 1527 0.0005
1526 1528 0.0001
1490 1529 0.0003
1503 1529 0.0002
1512 1529 0.0001
1457 1530 0.0001
1460 1530 0.0001
1531 1530 0.0004
1532 1530 0.0003
1530 1531 0.0004
1530 1532 0.0003
1533 1532 0.0007
2073 1532 0.0001
1532 1533 0.0007
1534 1533 0.0003
1535 1533 0.0002
1533 1534 0.0003
1533 1535 0.0002
1482 1536 0.0002
1549 1536 0.0002
1550 1536 0.0002
1486 1537 0.0002
1486 1538 0.0001
1487 1538 0.0001
1539 1538 0.0002
1538 1539 0.0002
1540 1539 0.0003
1541 1539 0.0001
1539 1540 0.0003
1539 1541 0.0001
1488 1542 0.0011
1544 1542 0.0001
1555 1542 0.0003
1551 1543 0.0002
1552 1543 0.0001
1555 1543 0.0002
1542 1544 0.0001
1488 1545 0.0006
1546 1545 0.0001
1557 1545 0.0002
1506 1546 0.0001
1545 1546 0.0001
1547 1546 0.0003
1548 1546 0.0003
1546 1547 0.0003
1559 1547 0.0001
1587 1547 0.0
1546 1548 0.0003
1580 1548 0.0002
1585 1548 0.0001
1536 1549 0.0002
1536 1550 0.0002
1543 1551 0.0002
1543 1552 0.0001
1489 1553 0.0001
1509 1553 0.0003
1510 1553 0.0005
1554 1553 0.0001
1487 1554 0.0005
1488 1554 0.0009
1553 1554 0.0001
1542 1555 0.0003
1543 1555 0.0002
1556 1555 0.0001
1555 1556 0.0001
1511 1557 0.0001
1512 1557 0.0002
1545 1557 0.0002
1558 1557 0.0001
1557 1558 0.0001
1547 1559 0.0001
1560 1559 0.0003
1563 1559 0.0002
1559 1560 0.0003
1561 1560 0.0003
1562 1560 0.0003
1560 1561 0.0003
1560 1562 0.0003
1559 1563 0.0002
1564 1563 0.0002
1565 1563 0.0002
1563 1564 0.0002
1563 1565 0.0002
1592 1565 0.0001
2075 1565 0.0001
1499 1566 0.0001
1567 1566 0.0005
1569 1566 0.0001
1566 1567 0.0005
1568 1567 0.0002
1581 1567 0.0001
1583 1567 0.0001
1567 1568 0.0002
1566 1569 0.0001
1571 1570 0.0001
1572 1570 0.0002
1585 1570 0.0009
1570 1571 0.0001
1570 1572 0.0002
1573 1572 0.0002
1574 1572 0.0005
1572 1573 0.0002
1572 1574 0.0005
1575 1574 0.0002
1576 1574 0.0002
1574 1575 0.0002
1574 1576 0.0002
1577 1576 0.0003
1595 1576 0.0
1576 1577 0.0003
1505 1578 0.0002
1506 1578 0.0003
1579 1578 0.0001
1578 1579 0.0001
1548 1580 0.0002
1567 1581 0.0001
1582 1581 0.0002
1596 1581 0.0002
1581 1582 0.0002
1567 1583 0.0001
1584 1583 0.0005
1603 1583 0.0001
1583 1584 0.0005
1602 1584 0.0003
1606 1584 0.0001
1548 1585 0.0001
1570 1585 0.0009
1586 1585 0.0001
1585 1586 0.0001
1547 1587 0.0
936 1588 0.0006
1466 1588 0.0018
1517 1588 0.0001
1589 1588 0.0004
1473 1589 0.0001
1481 1589 0.0011
1497 1589 0.0007
1588 1589 0.0004
915 1590 0.0001
920 1590 0.0001
1591 1590 0.0001
1614 1590 0.0002
1590 1591 0.0001
1565 1592 0.0001
1593 1592 0.0001
1594 1592 0.0002
1592 1593 0.0001
1592 1594 0.0002
1576 1595 0.0
1581 1596 0.0002
1597 1596 0.0001
1601 1596 0.0001
1596 1597 0.0001
1598 1597 0.0001
1609 1597 0.0001
1597 1598 0.0001
1599 1598 0.0001
1600 1598 0.0001
1598 1599 0.0001
1598 1600 0.0001
1596 1601 0.0001
1584 1602 0.0003
1583 1603 0.0001
1604 1603 0.0002
1605 1603 0.0002
1603 1604 0.0002
1603 1605 0.0002
1607 1605 0.0004
1608 1605 0.0001
1584 1606 0.0001
1605 1607 0.0004
1605 1608 0.0001
1597 1609 0.0001
1501 1610 0.0002
1636 1610 0.0003
1637 1610 0.0007
1501 1611 0.0001
1501 1612 0.0004
1634 1612 0.0001
1650 1612 0.0001
916 1613 0.0001
1590 1614 0.0002
916 1615 0.0001
1616 1615 0.0001
1617 1615 0.0001
1615 1616 0.0001
1625 1616 0.0001
1632 1616 0.0003
1633 1616 0.0003
1615 1617 0.0001
909 1618 0.0001
908 1619 0.0001
1620 1619 0.0002
1623 1619 0.0001
1619 1620 0.0002
1621 1620 0.0001
1622 1620 0.0002
1620 1621 0.0001
1620 1622 0.0002
1619 1623 0.0001
634 1624 0.0001
1625 1624 0.0001
1628 1624 0.0001
1616 1625 0.0001
1624 1625 0.0001
1626 1625 0.0002
1625 1626 0.0002
1627 1626 0.0003
1638 1626 0.0001
1641 1626 0.0001
1626 1627 0.0003
1624 1628 0.0001
1629 1628 0.0001
1630 1628 0.0004
1628 1629 0.0001
1642 1629 0.0005
1647 1629 0.0003
633 1630 0.0
1628 1630 0.0004
1631 1630 0.0001
1630 1631 0.0001
1616 1632 0.0003
1616 1633 0.0003
1612 1634 0.0001
1635 1634 0.0003
1636 1634 0.0003
1634 1635 0.0003
1610 1636 0.0003
1634 1636 0.0003
1638 1636 0.0006
1640 1636 0.0004
1610 1637 0.0007
1638 1637 0.0002
1639 1637 0.0002
1626 1638 0.0001
1636 1638 0.0006
1637 1638 0.0002
1637 1639 0.0002
1636 1640 0.0004
1626 1641 0.0001
1629 1642 0.0005
1643 1642 0.0001
1644 1642 0.0002
1642 1643 0.0001
1644 1643 0.0002
1653 1643 0.0022
1642 1644 0.0002
1643 1644 0.0002
1645 1644 0.0001
1646 1644 0.0002
1644 1645 0.0001
1644 1646 0.0002
1629 1647 0.0003
1648 1647 0.0002
1649 1647 0.0001
1647 1648 0.0002
1647 1649 0.0001
1612 1650 0.0001
1651 1650 0.0002
1652 1650 0.0005
1657 1650 0.0001
1650 1651 0.0002
1650 1652 0.0005
1653 1652 0.0003
1655 1652 0.0003
1643 1653 0.0022
1652 1653 0.0003
1654 1653 0.0003
1655 1653 0.0005
1653 1654 0.0003
1652 1655 0.0003
1653 1655 0.0005
1656 1655 0.0003
1655 1656 0.0003
1660 1656 0.0001
1661 1656 0.0001
1650 1657 0.0001
1658 1657 0.0002
1659 1657 0.0003
1657 1658 0.0002
1657 1659 0.0003
1656 1660 0.0001
1656 1661 0.0001
1662 1661 0.0001
1663 1661 0.0001
1661 1662 0.0001
1661 1663 0.0001
1664 1663 0.0001
1665 1663 0.0001
1663 1664 0.0001
1663 1665 0.0001
881 1666 0.0006
1667 1666 0.0004
1741 1666 0.0002
1666 1667 0.0004
880 1668 0.0005
1669 1668 0.0002
1743 1668 0.0001
1668 1669 0.0002
1670 1669 0.0002
1765 1669 0.0006
878 1670 0.0004
1669 1670 0.0002
1684 1670 0.0002
879 1671 0.0002
1674 1671 0.0006
1693 1671 0.0002
874 1672 0.0003
1683 1672 0.0002
1694 1672 0.0002
872 1673 0.0002
1671 1674 0.0006
1686 1674 0.0003
1690 1674 0.001
872 1675 0.0002
1676 1675 0.0003
1696 1675 0.0001
1675 1676 0.0003
1697 1676 0.0002
1700 1676 0.0003
1704 1676 0.0002
872 1677 0.0002
1681 1677 0.0009
1682 1677 0.0001
870 1678 0.0005
1679 1678 0.0002
1900 1678 0.0001
1678 1679 0.0002
1901 1679 0.0003
1904 1679 0.0001
869 1680 0.0003
1681 1680 0.0006
1897 1680 0.0002
1677 1681 0.0009
1680 1681 0.0006
1896 1681 0.0009
1677 1682 0.0001
1672 1683 0.0002
1670 1684 0.0002
879 1685 0.0002
1744 1685 0.0001
1745 1685 0.0001
1674 1686 0.0003
1687 1686 0.0004
1689 1686 0.0003
1686 1687 0.0004
1688 1687 0.0002
1752 1687 0.0002
1687 1688 0.0002
1686 1689 0.0003
1674 1690 0.001
1691 1690 0.0004
1750 1690 0.0002
1690 1691 0.0004
1692 1691 0.0003
1714 1691 0.0001
1691 1692 0.0003
1671 1693 0.0002
1672 1694 0.0002
874 1695 0.0001
1675 1696 0.0001
1697 1696 0.0003
1715 1696 0.0003
1676 1697 0.0002
1696 1697 0.0003
1698 1697 0.0001
1697 1698 0.0001
1699 1698 0.0004
1718 1698 0.0001
1698 1699 0.0004
1719 1699 0.0001
1731 1699 0.0001
1676 1700 0.0003
1701 1700 0.0006
1703 1700 0.0001
1700 1701 0.0006
1702 1701 0.0003
1893 1701 0.0001
1701 1702 0.0003
1709 1702 0.0001
1724 1702 0.0
1700 1703 0.0001
1676 1704 0.0002
1705 1704 0.0002
1706 1704 0.0002
1704 1705 0.0002
1704 1706 0.0002
1707 1706 0.0004
1708 1706 0.0005
1706 1707 0.0004
1712 1707 0.0005
1713 1707 0.0007
1706 1708 0.0005
1702 1709 0.0001
1710 1709 0.0001
1711 1709 0.0001
1709 1710 0.0001
1709 1711 0.0001
1737 1711 0.0001
1739 1711 0.0001
1707 1712 0.0005
1707 1713 0.0007
1725 1713 0.0002
1734 1713 0.0001
1691 1714 0.0001
1696 1715 0.0003
1716 1715 0.0009
1717 1715 0.0007
1715 1716 0.0009
1715 1717 0.0007
1698 1718 0.0001
1726 1718 0.0007
1727 1718 0.0001
1699 1719 0.0001
1720 1719 0.0001
1721 1719 0.0007
1730 1719 0.0001
1719 1720 0.0001
1719 1721 0.0007
1722 1721 0.0004
1723 1721 0.0003
1721 1722 0.0004
1728 1722 0.0003
1729 1722 0.0003
1721 1723 0.0003
1702 1724 0.0
1713 1725 0.0002
1718 1726 0.0007
1718 1727 0.0001
1722 1728 0.0003
1722 1729 0.0003
1719 1730 0.0001
1699 1731 0.0001
1732 1731 0.0004
1733 1731 0.0004
1731 1732 0.0004
1731 1733 0.0004
1713 1734 0.0001
1735 1734 0.0003
1736 1734 0.0006
1734 1735 0.0003
1734 1736 0.0006
1711 1737 0.0001
1738 1737 0.0002
1740 1737 0.0004
1737 1738 0.0002
1711 1739 0.0001
1737 1740 0.0004
1666 1741 0.0002
1756 1741 0.0004
1757 1741 0.0006
449 1742 0.0001
1668 1743 0.0001
1747 1743 0.0011
1754 1743 0.0009
1685 1744 0.0001
1685 1745 0.0001
1746 1745 0.0005
1758 1745 0.0001
1745 1746 0.0005
1743 1747 0.0011
1748 1747 0.0004
1749 1747 0.0006
1747 1748 0.0004
1747 1749 0.0006
1760 1749 0.0002
1764 1749 0.0003
1690 1750 0.0002
1751 1750 0.0006
1762 1750 0.0003
1763 1750 0.0002
1750 1751 0.0006
1687 1752 0.0002
1753 1752 0.0004
1759 1752 0.0001
1752 1753 0.0004
1743 1754 0.0009
1755 1754 0.0007
1761 1754 0.0001
1754 1755 0.0007
1741 1756 0.0004
1741 1757 0.0006
1745 1758 0.0001
1752 1759 0.0001
1749 1760 0.0002
1754 1761 0.0001
1750 1762 0.0003
1750 1763 0.0002
1749 1764 0.0003
1669 1765 0.0006
862 1766 0.0001
864 1766 0.0002
1767 1766 0.0001
1816 1766 0.0002
1817 1766 0.0002
1766 1767 0.0001
864 1768 0.0028
1769 1768 0.0004
1790 1768 0.001
1768 1769 0.0004
1770 1769 0.0006
1819 1769 0.0001
1769 1770 0.0006
1771 1770 0.0002
1790 1770 0.001
1770 1771 0.0002
1812 1771 0.0006
1813 1771 0.0003
861 1772 0.0001
1773 1772 0.0004
1803 1772 0.0001
1772 1773 0.0004
865 1774 0.0003
851 1775 0.0002
1776 1775 0.0003
1789 1775 0.0001
844 1776 0.0001
851 1776 0.0003
1775 1776 0.0003
1777 1776 0.0001
1800 1776 0.0001
844 1777 0.0002
1776 1777 0.0001
1807 1777 0.0003
857 1778 0.0001
863 1779 0.0007
1780 1779 0.0001
1802 1779 0.0
1779 1780 0.0001
836 1781 0.0002
1782 1781 0.0002
1804 1781 0.0001
1781 1782 0.0002
837 1783 0.0003
1784 1783 0.0004
1792 1783 0.0002
1783 1784 0.0004
837 1785 0.0005
1786 1785 0.0002
1800 1785 0.0001
1785 1786 0.0002
1791 1786 0.0002
1800 1786 0.0002
1806 1786 0.0001
853 1787 0.0002
1788 1787 0.0002
1801 1787 0.0001
1787 1788 0.0002
1789 1788 0.0001
1802 1788 0.0003
853 1789 0.0003
1775 1789 0.0001
1788 1789 0.0001
1768 1790 0.001
1770 1790 0.001
1820 1790 0.0001
1786 1791 0.0002
1783 1792 0.0002
1793 1792 0.0007
1804 1792 0.0002
1792 1793 0.0007
242 1794 0.0002
1795 1794 0.0004
1796 1794 0.0007
1794 1795 0.0004
1794 1796 0.0007
835 1797 0.0003
1798 1797 0.0002
1799 1797 0.0003
1797 1798 0.0002
1797 1799 0.0003
1776 1800 0.0001
1785 1800 0.0001
1786 1800 0.0002
1787 1801 0.0001
1779 1802 0.0
1788 1802 0.0003
1995 1802 0.0001
1772 1803 0.0001
1781 1804 0.0001
1792 1804 0.0002
1805 1804 0.0001
1810 1804 0.0003
2056 1804 0.0002
1804 1805 0.0001
2048 1805 0.0005
2052 1805 0.0002
1786 1806 0.0001
242 1807 0.0001
835 1807 0.0002
1777 1807 0.0003
1821 1808 0.0001
860 1809 0.0001
1804 1810 0.0003
1819 1811 0.0001
1831 1811 0.0004
2019 1811 0.0001
1771 1812 0.0006
1825 1812 0.0001
1826 1812 0.0002
1771 1813 0.0003
1814 1813 0.0005
1815 1813 0.0002
1813 1814 0.0005
2020 1814 0.0003
2021 1814 0.0003
1813 1815 0.0002
1766 1816 0.0002
1986 1816 0.0
2005 1816 0.0004
1766 1817 0.0002
1818 1817 0.0002
1985 1817 0.0001
1817 1818 0.0002
1769 1819 0.0001
1811 1819 0.0001
1983 1819 0.0001
1790 1820 0.0001
1821 1820 0.0003
1823 1820 0.0001
1808 1821 0.0001
1820 1821 0.0003
1822 1821 0.0001
1821 1822 0.0001
1820 1823 0.0001
1824 1823 0.0002
1825 1823 0.0001
1823 1824 0.0002
1812 1825 0.0001
1823 1825 0.0001
2032 1825 0.0001
1812 1826 0.0002
1827 1826 0.0001
1832 1826 0.0002
1826 1827 0.0001
1828 1827 0.0003
1830 1827 0.0002
1827 1828 0.0003
1829 1828 0.0003
1830 1828 0.0001
1828 1829 0.0003
1840 1829 0.0001
1843 1829 0.0001
1846 1829 0.0001
1827 1830 0.0002
1828 1830 0.0001
2029 1830 0.0011
1811 1831 0.0004
1832 1831 0.0001
1835 1831 0.0003
2018 1831 0.0001
1826 1832 0.0002
1831 1832 0.0001
1833 1832 0.0004
1834 1832 0.0001
1832 1833 0.0004
1839 1833 0.0008
1855 1833 0.0003
2016 1833 0.0002
1832 1834 0.0001
1837 1834 0.0002
1860 1834 0.0001
1831 1835 0.0003
1836 1835 0.0002
1859 1835 0.0002
1835 1836 0.0002
1983 1836 0.0007
2022 1836 0.0051
1834 1837 0.0002
1838 1837 0.0005
1880 1837 0.0001
1837 1838 0.0005
1847 1838 0.0002
1852 1838 0.0002
1833 1839 0.0008
1855 1839 0.0004
1856 1839 0.0002
2027 1839 0.0002
2028 1839 0.0003
1829 1840 0.0001
1841 1840 0.0009
1842 1840 0.0002
1840 1841 0.0009
1868 1841 0.0003
2047 1841 0.0002
1840 1842 0.0002
1829 1843 0.0001
1844 1843 0.0002
1845 1843 0.0002
1843 1844 0.0002
1843 1845 0.0002
1829 1846 0.0001
1838 1847 0.0002
1848 1847 0.0004
1878 1847 0.0001
1847 1848 0.0004
1849 1848 0.0002
1851 1848 0.0002
1848 1849 0.0002
1850 1849 0.0003
1869 1849 0.0001
1874 1849 0.0002
1849 1850 0.0003
1872 1850 0.0002
1874 1850 0.0009
1848 1851 0.0002
1838 1852 0.0002
1853 1852 0.0003
1854 1852 0.0002
1852 1853 0.0003
1852 1854 0.0002
1833 1855 0.0003
1839 1855 0.0004
1856 1855 0.0004
2017 1855 0.0002
1839 1856 0.0002
1855 1856 0.0004
1857 1856 0.0003
1861 1856 0.0006
1856 1857 0.0003
1858 1857 0.0002
1877 1857 0.0001
1857 1858 0.0002
1835 1859 0.0002
1866 1859 0.0007
1877 1859 0.0001
1834 1860 0.0001
1856 1861 0.0006
1862 1861 0.0001
1863 1861 0.0006
1861 1862 0.0001
1861 1863 0.0006
1864 1863 0.0003
1865 1863 0.0003
1891 1863 0.0
1863 1864 0.0003
1863 1865 0.0003
1859 1866 0.0007
1867 1866 0.0005
2026 1866 0.0003
1866 1867 0.0005
1841 1868 0.0003
1849 1869 0.0001
1870 1869 0.0001
1871 1869 0.0003
1869 1870 0.0001
1869 1871 0.0003
1886 1871 0.0001
1888 1871 0.0003
1850 1872 0.0002
1873 1872 0.0002
2011 1872 0.0001
1872 1873 0.0002
1849 1874 0.0002
1850 1874 0.0009
1875 1874 0.0003
1876 1874 0.0001
1874 1875 0.0003
2069 1875 0.0002
2072 1875 0.0001
1874 1876 0.0001
1882 1876 0.0006
2015 1876 0.0005
1857 1877 0.0001
1859 1877 0.0001
1892 1877 0.0002
1847 1878 0.0001
1879 1878 0.0001
2010 1878 0.0001
1878 1879 0.0001
1837 1880 0.0001
1881 1880 0.0001
1889 1880 0.0001
1880 1881 0.0001
1876 1882 0.0006
1883 1882 0.0001
1885 1882 0.0001
1882 1883 0.0001
1884 1883 0.0002
2014 1883 0.0001
1883 1884 0.0002
1882 1885 0.0001
1871 1886 0.0001
1887 1886 0.0002
2012 1886 0.0003
1886 1887 0.0002
1890 1887 0.0001
2013 1887 0.0003
1871 1888 0.0003
1880 1889 0.0001
1887 1890 0.0001
1863 1891 0.0
1877 1892 0.0002
1701 1893 0.0001
598 1894 0.0002
599 1895 0.0001
870 1895 0.0002
1900 1895 0.0004
1681 1896 0.0009
870 1897 0.0002
1680 1897 0.0002
1898 1897 0.0005
1897 1898 0.0005
1906 1898 0.0003
1909 1898 0.0001
855 1899 0.0002
1678 1900 0.0001
1895 1900 0.0004
1901 1900 0.0002
1903 1900 0.0001
1679 1901 0.0003
1900 1901 0.0002
1902 1901 0.0005
1901 1902 0.0005
1900 1903 0.0001
1679 1904 0.0001
1905 1904 0.0002
1910 1904 0.0003
1904 1905 0.0002
1898 1906 0.0003
1907 1906 0.0002
1908 1906 0.0001
1906 1907 0.0002
1906 1908 0.0001
1898 1909 0.0001
1904 1910 0.0003
862 1911 0.0001
826 1912 0.0003
828 1912 0.0003
1913 1912 0.0002
1914 1912 0.0003
1921 1912 0.0001
1912 1913 0.0002
1912 1914 0.0003
1915 1914 0.0003
1932 1914 0.0001
827 1915 0.0002
828 1915 0.0005
1914 1915 0.0003
1916 1915 0.0004
1915 1916 0.0004
827 1917 0.0001
505 1918 0.0005
1919 1918 0.0002
1920 1918 0.0002
1918 1919 0.0002
1918 1920 0.0002
1930 1920 0.0003
1931 1920 0.0002
1912 1921 0.0001
826 1922 0.0001
840 1923 0.0001
840 1924 0.0003
546 1925 0.0004
829 1926 0.0001
829 1927 0.0002
1928 1927 0.0004
1930 1927 0.0003
1927 1928 0.0004
1929 1928 0.0001
1955 1928 0.0001
1928 1929 0.0001
1920 1930 0.0003
1927 1930 0.0003
1931 1930 0.0004
1920 1931 0.0002
1930 1931 0.0004
1933 1931 0.0003
1934 1931 0.0003
1914 1932 0.0001
1931 1933 0.0003
1931 1934 0.0003
507 1935 0.0002
830 1936 0.0014
1937 1936 0.0001
1950 1936 0.0001
1936 1937 0.0001
1938 1937 0.0003
1953 1937 0.0001
830 1938 0.0003
1937 1938 0.0003
2046 1938 0.0001
547 1939 0.0
833 1940 0.0002
1941 1940 0.0002
2043 1940 0.0002
1940 1941 0.0002
1942 1941 0.0006
2044 1941 0.0001
1941 1942 0.0006
1951 1942 0.0002
1954 1942 0.0001
831 1943 0.0001
832 1944 0.0001
1945 1944 0.0001
1946 1944 0.0012
1944 1945 0.0001
1944 1946 0.0012
1947 1946 0.0001
2045 1946 0.0001
1946 1947 0.0001
1948 1947 0.0002
1949 1947 0.0003
1947 1948 0.0002
1967 1948 0.0003
1969 1948 0.0002
2053 1948 0.0005
2060 1948 0.0001
1947 1949 0.0003
1936 1950 0.0001
1955 1950 0.0002
1962 1950 0.0002
1942 1951 0.0002
1952 1951 0.0002
1959 1951 0.0002
2035 1951 0.0019
1951 1952 0.0002
1953 1952 0.0012
1960 1952 0.0005
1961 1952 0.0006
1937 1953 0.0001
1952 1953 0.0012
1958 1953 0.0002
1942 1954 0.0001
1965 1954 0.0007
2039 1954 0.0023
2062 1954 0.0013
1928 1955 0.0001
1950 1955 0.0002
1956 1955 0.0004
1962 1955 0.0002
1955 1956 0.0004
1957 1956 0.0006
1999 1956 0.0002
1956 1957 0.0006
1953 1958 0.0002
1951 1959 0.0002
1964 1959 0.0001
2061 1959 0.0003
1952 1960 0.0005
1952 1961 0.0006
1950 1962 0.0002
1955 1962 0.0002
1963 1962 0.0001
1962 1963 0.0001
1959 1964 0.0001
1954 1965 0.0007
1966 1965 0.0003
2066 1965 0.0002
1965 1966 0.0003
2067 1966 0.0007
2068 1966 0.0005
1948 1967 0.0003
1968 1967 0.0002
2065 1967 0.0003
1967 1968 0.0002
1948 1969 0.0002
1971 1970 0.0007
1978 1970 0.0002
2005 1970 0.0003
1970 1971 0.0007
1972 1971 0.0002
1978 1971 0.0002
2002 1971 0.0001
1971 1972 0.0002
1973 1972 0.0005
1976 1972 0.0004
1972 1973 0.0005
1974 1973 0.0002
1975 1973 0.0003
1979 1973 0.0002
1973 1974 0.0002
1973 1975 0.0003
1972 1976 0.0004
1977 1976 0.0003
1987 1976 0.0001
1976 1977 0.0003
1988 1977 0.0001
1989 1977 0.0001
1970 1978 0.0002
1971 1978 0.0002
1979 1978 0.0003
1980 1978 0.0003
1973 1979 0.0002
1978 1979 0.0003
1982 1979 0.0002
2009 1979 0.0002
1978 1980 0.0003
1981 1980 0.0002
2007 1980 0.0003
2008 1980 0.0003
1980 1981 0.0002
1979 1982 0.0002
1990 1982 0.0001
1991 1982 0.0002
1819 1983 0.0001
1836 1983 0.0007
1984 1983 0.0003
1983 1984 0.0003
1817 1985 0.0001
1816 1986 0.0
1976 1987 0.0001
2003 1987 0.0001
2004 1987 0.0001
1977 1988 0.0001
1977 1989 0.0001
1982 1990 0.0001
1982 1991 0.0002
1992 1991 0.0003
1993 1991 0.0002
1991 1992 0.0003
1991 1993 0.0002
1144 1994 0.0006
1268 1994 0.0003
1285 1994 0.0005
1802 1995 0.0001
1287 1996 0.0001
1285 1997 0.0002
1285 1998 0.0003
1956 1999 0.0002
2000 1999 0.0002
2001 1999 0.0004
1999 2000 0.0002
1999 2001 0.0004
1971 2002 0.0001
1987 2003 0.0001
1987 2004 0.0001
1816 2005 0.0004
1970 2005 0.0003
2006 2005 0.0002
2005 2006 0.0002
1980 2007 0.0003
1980 2008 0.0003
1979 2009 0.0002
1878 2010 0.0001
1872 2011 0.0001
1886 2012 0.0003
1887 2013 0.0003
1883 2014 0.0001
1876 2015 0.0005
1833 2016 0.0002
1855 2017 0.0002
1831 2018 0.0001
1811 2019 0.0001
1814 2020 0.0003
1814 2021 0.0003
1836 2022 0.0051
2023 2022 0.0011
2024 2022 0.001
2025 2022 0.0005
2022 2023 0.0011
2022 2024 0.001
2022 2025 0.0005
1866 2026 0.0003
1839 2027 0.0002
1839 2028 0.0003
1830 2029 0.0011
2030 2029 0.001
2031 2029 0.0002
2029 2030 0.001
2029 2031 0.0002
1825 2032 0.0001
2033 2032 0.0006
2034 2032 0.0005
2032 2033 0.0006
2032 2034 0.0005
1951 2035 0.0019
2036 2035 0.0013
2037 2035 0.0007
2038 2035 0.0008
2035 2036 0.0013
2035 2037 0.0007
2035 2038 0.0008
1954 2039 0.0023
2040 2039 0.0009
2041 2039 0.0005
2042 2039 0.0005
2039 2040 0.0009
2039 2041 0.0005
2039 2042 0.0005
1940 2043 0.0002
1941 2044 0.0001
1946 2045 0.0001
1938 2046 0.0001
1841 2047 0.0002
1805 2048 0.0005
2049 2048 0.0006
2050 2048 0.0004
2051 2048 0.0003
2048 2049 0.0006
2048 2050 0.0004
2048 2051 0.0003
1805 2052 0.0002
1948 2053 0.0005
2054 2053 0.0004
2055 2053 0.0002
2053 2054 0.0004
2053 2055 0.0002
1804 2056 0.0002
2057 2056 0.0018
2058 2056 0.0006
2059 2056 0.0008
2056 2057 0.0018
2056 2058 0.0006
2056 2059 0.0008
1948 2060 0.0001
1959 2061 0.0003
1954 2062 0.0013
2063 2062 0.0009
2064 2062 0.0004
2062 2063 0.0009
2062 2064 0.0004
1967 2065 0.0003
1965 2066 0.0002
1966 2067 0.0007
1966 2068 0.0005
1875 2069 0.0002
2070 2069 0.0008
2071 2069 0.0006
2069 2070 0.0008
2069 2071 0.0006
1875 2072 0.0001
1532 2073 0.0001
1457 2074 0.0
1565 2075 0.0001
1499 2076 0.0
2077 2076 0.0004
2078 2076 0.0004
2076 2077 0.0004
2076 2078 0.0004
