2 1 0.0063
3 1 0.0052
22 1 0.0027
23 1 0.0062
77 1 0.0028
101 1 0.0025
109 1 0.0092
130 1 0.0024
138 1 0.0039
143 1 0.0044
150 1 0.0083
189 1 0.0118
196 1 0.0124
197 1 0.0037
248 1 0.0051
264 1 0.0124
267 1 0.0049
268 1 0.0113
326 1 0.0113
373 1 0.0128
380 1 0.0124
401 1 0.0136
407 1 0.0118
408 1 0.011
413 1 0.0112
463 1 0.008
559 1 0.0116
565 1 0.0111
570 1 0.0091
571 1 0.011
698 1 0.0042
699 1 0.0071
705 1 0.0042
706 1 0.0039
1568 1 0.0142
1569 1 0.0029
1 2 0.0063
3 2 0.0022
9 2 0.006
1 3 0.0052
2 3 0.0022
4 3 0.003
687 3 0.0054
3 4 0.003
5 4 0.0149
75 4 0.0002
4 5 0.0149
6 5 0.005
75 5 0.0022
5 6 0.005
7 6 0.0239
74 6 0.0002
6 7 0.0239
8 7 0.0025
665 7 0.0027
7 8 0.0025
662 8 0.0004
663 8 0.002
667 8 0.0021
1533 8 0.0048
2 9 0.006
10 9 0.0019
13 9 0.0198
9 10 0.0019
11 10 0.0036
12 10 0.0009
10 11 0.0036
10 12 0.0009
9 13 0.0198
14 13 0.0065
19 13 0.0077
13 14 0.0065
15 14 0.0342
19 14 0.0301
14 15 0.0342
16 15 0.0079
59 15 0.0042
15 16 0.0079
17 16 0.0207
59 16 0.0038
709 16 0.0014
16 17 0.0207
18 17 0.0083
710 17 0.0027
17 18 0.0083
73 18 0.0119
710 18 0.0138
13 19 0.0077
14 19 0.0301
20 19 0.0028
19 20 0.0028
21 20 0.0083
77 20 0.0022
20 21 0.0083
22 21 0.0012
24 21 0.0035
58 21 0.0065
77 21 0.0028
1 22 0.0027
21 22 0.0012
23 22 0.0288
1 23 0.0062
22 23 0.0288
24 23 0.0013
25 23 0.0166
108 23 0.0012
21 24 0.0035
23 24 0.0013
63 24 0.001
23 25 0.0166
26 25 0.0064
33 25 0.005
25 26 0.0064
43 26 0.0143
100 26 0.0016
28 27 0.0076
33 27 0.0343
38 27 0.0009
27 28 0.0076
29 28 0.0376
38 28 0.0014
719 28 0.0046
28 29 0.0376
88 29 0.0225
93 29 0.0223
79 30 0.0049
86 30 0.0127
94 30 0.0193
32 31 0.0103
85 31 0.0006
86 31 0.0107
745 31 0.0012
31 32 0.0103
82 32 0.0108
715 32 0.001
749 32 0.0003
25 33 0.005
27 33 0.0343
34 33 0.003
33 34 0.003
35 34 0.0044
42 34 0.0007
34 35 0.0044
36 35 0.0005
39 35 0.0012
103 35 0.0058
115 35 0.0049
721 35 0.0049
722 35 0.0018
35 36 0.0005
37 36 0.0023
40 36 0.0031
36 37 0.0023
86 37 0.0004
87 37 0.0034
27 38 0.0009
28 38 0.0014
39 38 0.0023
720 38 0.0014
1493 38 0.0011
35 39 0.0012
38 39 0.0023
40 39 0.0018
36 40 0.0031
39 40 0.0018
41 40 0.0026
94 40 0.0011
40 41 0.0026
34 42 0.0007
26 43 0.0143
44 43 0.0157
54 43 0.0043
1535 43 0.0028
43 44 0.0157
49 44 0.008
53 44 0.0191
64 44 0.0016
53 45 0.0232
69 45 0.047
70 45 0.0063
47 46 0.024
48 46 0.0278
69 46 0.0051
46 47 0.024
775 47 0.0223
801 47 0.0003
802 47 0.0006
46 48 0.0278
774 48 0.0003
775 48 0.0223
44 49 0.008
50 49 0.0114
53 49 0.002
49 50 0.0114
51 50 0.0014
55 50 0.0022
76 50 0.0022
772 50 0.0042
50 51 0.0014
52 51 0.0061
768 51 0.0016
51 52 0.0061
770 52 0.0044
1130 52 0.0014
44 53 0.0191
45 53 0.0232
49 53 0.002
718 53 0.0024
772 53 0.0015
43 54 0.0043
55 54 0.0134
57 54 0.001
72 54 0.0003
50 55 0.0022
54 55 0.0134
56 55 0.0016
55 56 0.0016
54 57 0.001
21 58 0.0065
59 58 0.022
60 58 0.007
15 59 0.0042
16 59 0.0038
58 59 0.022
58 60 0.007
61 60 0.0022
714 60 0.0004
60 61 0.0022
62 61 0.0031
712 61 0.0027
61 62 0.0031
63 62 0.0012
714 62 0.002
24 63 0.001
62 63 0.0012
714 63 0.005
44 64 0.0016
65 64 0.0028
67 64 0.0014
99 64 0.0025
64 65 0.0028
66 65 0.0006
96 65 0.0014
65 66 0.0006
64 67 0.0014
68 67 0.0017
717 67 0.0009
67 68 0.0017
45 69 0.047
46 69 0.0051
70 69 0.0051
45 70 0.0063
69 70 0.0051
71 70 0.0028
762 70 0.0004
70 71 0.0028
763 71 0.0056
764 71 0.0013
54 72 0.0003
73 72 0.0014
767 72 0.0005
18 73 0.0119
72 73 0.0014
74 73 0.0096
1534 73 0.0112
6 74 0.0002
73 74 0.0096
767 74 0.0004
812 74 0.0022
4 75 0.0002
5 75 0.0022
1131 75 0.0005
50 76 0.0022
1 77 0.0028
20 77 0.0022
21 77 0.0028
78 77 0.0037
77 78 0.0037
30 79 0.0049
80 79 0.0028
745 79 0.0012
79 80 0.0028
81 80 0.0062
745 80 0.0019
80 81 0.0062
746 81 0.0027
754 81 0.0035
32 82 0.0108
83 82 0.0011
716 82 0.0004
82 83 0.0011
84 83 0.0012
1118 83 0.0001
83 84 0.0012
31 85 0.0006
1124 85 0.0001
1125 85 0.002
30 86 0.0127
31 86 0.0107
37 86 0.0004
37 87 0.0034
1120 87 0.0015
1128 87 0.0016
29 88 0.0225
89 88 0.0008
90 88 0.0013
88 89 0.0008
88 90 0.0013
91 90 0.0022
93 90 0.0022
96 90 0.0007
90 91 0.0022
92 91 0.0023
99 91 0.0007
91 92 0.0023
29 93 0.0223
90 93 0.0022
94 93 0.0166
30 94 0.0193
40 94 0.0011
93 94 0.0166
95 94 0.0005
94 95 0.0005
65 96 0.0014
90 96 0.0007
97 96 0.0113
98 96 0.0007
99 96 0.0009
96 97 0.0113
96 98 0.0007
64 99 0.0025
91 99 0.0007
96 99 0.0009
26 100 0.0016
1 101 0.0025
102 101 0.0057
124 101 0.0177
101 102 0.0057
103 102 0.0064
106 102 0.0145
115 102 0.0019
35 103 0.0058
102 103 0.0064
104 103 0.0054
103 104 0.0054
105 104 0.0245
106 104 0.0066
104 105 0.0245
106 105 0.0085
107 105 0.0178
102 106 0.0145
104 106 0.0066
105 106 0.0085
105 107 0.0178
23 108 0.0012
1 109 0.0092
110 109 0.0024
111 109 0.0043
109 110 0.0024
109 111 0.0043
113 112 0.0031
123 112 0.0026
124 112 0.0017
125 112 0.0045
112 113 0.0031
114 113 0.002
128 113 0.0022
113 114 0.002
118 114 0.0021
1116 114 0.0008
1117 114 0.0009
35 115 0.0049
102 115 0.0019
117 115 0.0178
117 116 0.002
1109 116 0.0011
1113 116 0.0005
115 117 0.0178
116 117 0.002
118 117 0.0008
114 118 0.0021
117 118 0.0008
119 118 0.0019
1115 118 0.001
118 119 0.0019
120 119 0.0008
121 119 0.005
119 120 0.0008
119 121 0.005
122 121 0.0091
149 121 0.0012
121 122 0.0091
123 122 0.0063
129 122 0.0008
112 123 0.0026
122 123 0.0063
124 123 0.001
101 124 0.0177
112 124 0.0017
123 124 0.001
112 125 0.0045
126 125 0.0014
127 125 0.002
125 126 0.0014
125 127 0.002
113 128 0.0022
122 129 0.0008
1 130 0.0024
131 130 0.0013
132 130 0.023
130 131 0.0013
130 132 0.023
133 132 0.0009
134 132 0.0018
137 132 0.0009
132 133 0.0009
132 134 0.0018
135 134 0.0016
136 134 0.0005
134 135 0.0016
134 136 0.0005
132 137 0.0009
1 138 0.0039
139 138 0.0008
164 138 0.0032
165 138 0.009
138 139 0.0008
140 139 0.0016
146 139 0.0009
139 140 0.0016
141 140 0.0003
142 140 0.006
148 140 0.0004
140 141 0.0003
140 142 0.006
1 143 0.0044
144 143 0.0007
145 143 0.0016
143 144 0.0007
143 145 0.0016
139 146 0.0009
147 146 0.0013
166 146 0.0014
146 147 0.0013
140 148 0.0004
156 148 0.0078
157 148 0.0245
121 149 0.0012
1 150 0.0083
151 150 0.013
165 150 0.0141
187 150 0.0368
150 151 0.013
152 151 0.0029
165 151 0.0388
184 151 0.0126
151 152 0.0029
153 152 0.0024
156 152 0.0087
175 152 0.0027
152 153 0.0024
154 153 0.0028
173 153 0.0013
153 154 0.0028
155 154 0.0034
156 154 0.0126
170 154 0.0019
176 154 0.0011
154 155 0.0034
169 155 0.0024
171 155 0.0014
148 156 0.0078
152 156 0.0087
154 156 0.0126
148 157 0.0245
158 157 0.0043
163 157 0.0037
1114 157 0.0016
157 158 0.0043
159 158 0.0021
161 158 0.0003
158 159 0.0021
160 159 0.0005
168 159 0.002
159 160 0.0005
158 161 0.0003
162 161 0.0016
163 161 0.0012
1491 161 0.0002
161 162 0.0016
157 163 0.0037
161 163 0.0012
1113 163 0.0003
138 164 0.0032
165 164 0.0038
166 164 0.0022
138 165 0.009
150 165 0.0141
151 165 0.0388
164 165 0.0038
146 166 0.0014
164 166 0.0022
167 166 0.0005
166 167 0.0005
159 168 0.002
155 169 0.0024
172 169 0.001
1098 169 0.0005
1099 169 0.0097
154 170 0.0019
171 170 0.0023
1536 170 0.0007
155 171 0.0014
170 171 0.0023
172 171 0.0034
169 172 0.001
171 172 0.0034
1105 172 0.0008
153 173 0.0013
174 173 0.0032
180 173 0.0043
173 174 0.0032
180 174 0.0014
1536 174 0.0002
152 175 0.0027
154 176 0.0011
178 177 0.0191
184 177 0.0172
188 177 0.0489
177 178 0.0191
179 178 0.0026
185 178 0.006
178 179 0.0026
180 179 0.0009
181 179 0.0004
173 180 0.0043
174 180 0.0014
179 180 0.0009
179 181 0.0004
182 181 0.0007
183 181 0.001
181 182 0.0007
181 183 0.001
151 184 0.0126
177 184 0.0172
185 184 0.0014
178 185 0.006
184 185 0.0014
186 185 0.0003
185 186 0.0003
150 187 0.0368
188 187 0.0085
726 187 0.0057
177 188 0.0489
187 188 0.0085
207 188 0.0009
1 189 0.0118
190 189 0.1105
192 189 0.0178
196 189 0.1118
189 190 0.1105
191 190 0.0663
196 190 0.0831
190 191 0.0663
192 191 0.0287
197 191 0.0366
189 192 0.0178
191 192 0.0287
193 192 0.011
192 193 0.011
194 193 0.0059
206 193 0.0028
208 193 0.0079
193 194 0.0059
195 194 0.0029
215 194 0.0023
194 195 0.0029
209 195 0.009
214 195 0.0083
216 195 0.0005
731 195 0.0007
1 196 0.0124
189 196 0.1118
190 196 0.0831
1 197 0.0037
191 197 0.0366
198 197 0.007
254 197 0.01
197 198 0.007
199 198 0.013
255 198 0.0031
198 199 0.013
200 199 0.0562
245 199 0.0019
199 200 0.0562
201 200 0.0129
242 200 0.014
200 201 0.0129
202 201 0.0036
204 201 0.0052
201 202 0.0036
203 202 0.007
204 202 0.1004
238 202 0.0018
202 203 0.007
220 203 0.0007
230 203 0.0059
727 203 0.0014
201 204 0.0052
202 204 0.1004
205 204 0.0248
204 205 0.0248
193 206 0.0028
188 207 0.0009
193 208 0.0079
195 209 0.009
210 209 0.0113
730 209 0.0009
209 210 0.0113
211 210 0.0071
213 210 0.0021
210 211 0.0071
212 211 0.0393
218 211 0.0004
211 212 0.0393
213 212 0.0027
227 212 0.0029
228 212 0.003
1538 212 0.0015
210 213 0.0021
212 213 0.0027
229 213 0.0011
1537 213 0.0091
195 214 0.0083
194 215 0.0023
195 216 0.0005
217 216 0.0076
220 216 0.0007
216 217 0.0076
218 217 0.0015
219 217 0.0001
211 218 0.0004
217 218 0.0015
223 218 0.0002
224 218 0.003
217 219 0.0001
221 219 0.0139
232 219 0.003
1088 219 0.0031
203 220 0.0007
216 220 0.0007
221 220 0.0042
222 220 0.0028
219 221 0.0139
220 221 0.0042
222 221 0.0051
220 222 0.0028
221 222 0.0051
1550 222 0.0018
218 223 0.0002
218 224 0.003
225 224 0.001
226 224 0.0007
224 225 0.001
224 226 0.0007
1090 226 0.0003
1543 226 0.0023
212 227 0.0029
228 227 0.0008
1091 227 0.0069
1483 227 0.0016
212 228 0.003
227 228 0.0008
1545 228 0.0006
1548 228 0.0064
213 229 0.0011
1132 229 0.0061
1536 229 0.0009
203 230 0.0059
231 230 0.0094
235 230 0.0965
230 231 0.0094
233 231 0.0014
1550 231 0.0283
219 232 0.003
1085 232 0.001
1086 232 0.0086
231 233 0.0014
234 233 0.0025
1555 233 0.0009
233 234 0.0025
1550 234 0.001
1552 234 0.0021
230 235 0.0965
236 235 0.0031
1082 235 0.0003
235 236 0.0031
237 236 0.0003
1559 236 0.0013
236 237 0.0003
1555 237 0.0028
1558 237 0.0008
202 238 0.0018
239 238 0.0004
1081 238 0.0003
238 239 0.0004
240 239 0.0008
241 239 0.002
239 240 0.0008
239 241 0.002
200 242 0.014
243 242 0.0015
246 242 0.0315
242 243 0.0015
244 243 0.0018
246 243 0.0046
243 244 0.0018
199 245 0.0019
246 245 0.0249
255 245 0.0053
242 246 0.0315
243 246 0.0046
245 246 0.0249
247 246 0.0278
252 246 0.0037
246 247 0.0278
289 247 0.0004
292 247 0.0261
1560 247 0.0313
1 248 0.0051
249 248 0.055
253 248 0.0153
248 249 0.055
250 249 0.0157
256 249 0.0032
260 249 0.0289
249 250 0.0157
251 250 0.0894
253 250 0.0106
259 250 0.0089
250 251 0.0894
252 251 0.0048
254 251 0.0063
301 251 0.0276
246 252 0.0037
251 252 0.0048
285 252 0.0092
248 253 0.0153
250 253 0.0106
254 253 0.0681
197 254 0.01
251 254 0.0063
253 254 0.0681
255 254 0.0034
198 255 0.0031
245 255 0.0053
254 255 0.0034
249 256 0.0032
257 256 0.0037
259 256 0.0041
269 256 0.0058
256 257 0.0037
259 257 0.0045
279 257 0.0008
280 257 0.0077
280 258 0.0047
250 259 0.0089
256 259 0.0041
257 259 0.0045
297 259 0.0016
299 259 0.0189
249 260 0.0289
262 260 0.0186
265 260 0.0105
266 260 0.0053
262 261 0.0139
260 262 0.0186
261 262 0.0139
263 262 0.005
262 263 0.005
264 263 0.0089
266 263 0.017
1 264 0.0124
263 264 0.0089
265 264 0.0107
260 265 0.0105
264 265 0.0107
266 265 0.0129
260 266 0.0053
263 266 0.017
265 266 0.0129
1 267 0.0049
1 268 0.0113
269 268 0.0116
321 268 0.0139
256 269 0.0058
268 269 0.0116
270 269 0.0437
325 269 0.0078
269 270 0.0437
271 270 0.0359
272 270 0.0131
270 271 0.0359
272 271 0.0362
276 271 0.0026
270 272 0.0131
271 272 0.0362
273 272 0.024
272 273 0.024
274 273 0.0137
318 273 0.0012
273 274 0.0137
275 274 0.0048
314 274 0.0013
274 275 0.0048
304 275 0.0037
313 275 0.0006
336 275 0.0015
271 276 0.0026
277 276 0.0008
278 276 0.0011
276 277 0.0008
281 277 0.001
302 277 0.0006
276 278 0.0011
257 279 0.0008
257 280 0.0077
258 280 0.0047
733 280 0.0005
277 281 0.001
282 281 0.0006
311 281 0.0035
281 282 0.0006
283 282 0.0054
1080 282 0.0014
282 283 0.0054
284 283 0.0078
303 283 0.0016
283 284 0.0078
306 284 0.0002
1066 284 0.0083
1077 284 0.0038
1559 284 0.0003
252 285 0.0092
286 285 0.0034
292 285 0.0055
294 285 0.0023
301 285 0.0019
285 286 0.0034
287 286 0.0142
1561 286 0.023
286 287 0.0142
288 287 0.0016
289 287 0.0012
291 287 0.0047
287 288 0.0016
247 289 0.0004
287 289 0.0012
290 289 0.0093
289 290 0.0093
287 291 0.0047
293 291 0.0029
1560 291 0.0039
1561 291 0.003
247 292 0.0261
285 292 0.0055
1560 292 0.0278
291 293 0.0029
285 294 0.0023
295 294 0.0032
296 294 0.0039
299 294 0.0025
294 295 0.0032
296 295 0.0217
1079 295 0.0024
294 296 0.0039
295 296 0.0217
297 296 0.0077
1079 296 0.0022
259 297 0.0016
296 297 0.0077
298 297 0.0026
297 298 0.0026
259 299 0.0189
294 299 0.0025
300 299 0.0013
301 299 0.0276
299 300 0.0013
251 301 0.0276
285 301 0.0019
299 301 0.0276
277 302 0.0006
303 302 0.0003
1562 302 0.0009
283 303 0.0016
302 303 0.0003
1059 303 0.0025
1562 303 0.0024
275 304 0.0037
305 304 0.0301
309 304 0.0006
304 305 0.0301
306 305 0.0039
308 305 0.002
284 306 0.0002
305 306 0.0039
1565 306 0.0129
1063 307 0.0045
1065 307 0.0032
1068 307 0.0004
1565 307 0.0681
305 308 0.002
1045 308 0.0002
1055 308 0.0023
1057 308 0.0017
304 309 0.0006
310 309 0.0006
1052 309 0.0003
309 310 0.0006
281 311 0.0035
312 311 0.0019
1079 311 0.0284
311 312 0.0019
275 313 0.0006
1050 313 0.0038
1052 313 0.0013
274 314 0.0013
315 314 0.0005
316 314 0.0009
314 315 0.0005
335 315 0.0067
1051 315 0.0007
314 316 0.0009
317 316 0.0006
319 316 0.0013
316 317 0.0006
273 318 0.0012
319 318 0.0026
325 318 0.0006
316 319 0.0013
318 319 0.0026
320 319 0.0006
319 320 0.0006
268 321 0.0139
322 321 0.0048
328 321 0.002
321 322 0.0048
323 322 0.0075
325 322 0.0049
322 323 0.0075
324 323 0.0004
345 323 0.0011
323 324 0.0004
269 325 0.0078
318 325 0.0006
322 325 0.0049
1 326 0.0113
327 326 0.0054
371 326 0.0011
326 327 0.0054
328 327 0.0014
346 327 0.0044
321 328 0.002
327 328 0.0014
352 328 0.033
330 329 0.0113
347 329 0.0143
352 329 0.0263
353 329 0.0033
329 330 0.0113
331 330 0.008
333 330 0.0101
341 330 0.0151
330 331 0.008
332 331 0.0077
355 331 0.0016
331 332 0.0077
356 332 0.0004
357 332 0.0007
330 333 0.0101
334 333 0.0044
340 333 0.0007
333 334 0.0044
335 334 0.0013
337 334 0.0017
315 335 0.0067
334 335 0.0013
1052 335 0.0002
275 336 0.0015
1050 336 0.0068
1051 336 0.0009
334 337 0.0017
338 337 0.0036
339 337 0.0004
337 338 0.0036
1045 338 0.0015
1053 338 0.0006
337 339 0.0004
333 340 0.0007
330 341 0.0151
342 341 0.0053
1046 341 0.0003
341 342 0.0053
343 342 0.0059
344 342 0.0059
342 343 0.0059
1023 343 0.0139
1033 343 0.0126
1046 343 0.003
342 344 0.0059
1017 344 0.0046
1022 344 0.0007
323 345 0.0011
327 346 0.0044
347 346 0.0916
352 346 0.0024
329 347 0.0143
346 347 0.0916
348 347 0.0096
371 347 0.0635
347 348 0.0096
349 348 0.0018
358 348 0.0365
371 348 0.0069
372 348 0.0636
348 349 0.0018
350 349 0.0039
351 349 0.0041
349 350 0.0039
349 351 0.0041
328 352 0.033
329 352 0.0263
346 352 0.0024
353 352 0.0083
329 353 0.0033
352 353 0.0083
354 353 0.0076
353 354 0.0076
331 355 0.0016
332 356 0.0004
332 357 0.0007
348 358 0.0365
359 358 0.0228
1584 358 0.0022
358 359 0.0228
360 359 0.0304
369 359 0.0061
359 360 0.0304
361 360 0.0056
362 360 0.0108
360 361 0.0056
997 361 0.0052
1016 361 0.0006
1017 361 0.0003
360 362 0.0108
363 362 0.0009
369 362 0.004
994 362 0.0011
362 363 0.0009
364 363 0.008
370 363 0.0074
363 364 0.008
365 364 0.0033
368 364 0.0004
370 364 0.0051
424 364 0.0007
425 364 0.0003
364 365 0.0033
366 365 0.0028
367 365 0.0023
991 365 0.0003
365 366 0.0028
985 366 0.0006
996 366 0.0008
365 367 0.0023
995 367 0.0016
996 367 0.0017
364 368 0.0004
359 369 0.0061
362 369 0.004
370 369 0.0021
363 370 0.0074
364 370 0.0051
369 370 0.0021
1584 370 0.0007
326 371 0.0011
347 371 0.0635
348 371 0.0069
372 371 0.0354
374 371 0.0035
1567 371 0.0115
348 372 0.0636
371 372 0.0354
374 372 0.0129
1 373 0.0128
380 373 0.0388
1567 373 0.0069
371 374 0.0035
372 374 0.0129
375 374 0.005
388 374 0.0038
1566 374 0.0044
374 375 0.005
376 375 0.0039
388 375 0.001
424 375 0.0005
375 376 0.0039
377 376 0.0445
390 376 0.0051
376 377 0.0445
378 377 0.0099
390 377 0.0089
391 377 0.0045
424 377 0.0022
377 378 0.0099
379 378 0.0065
399 378 0.0005
378 379 0.0065
425 379 0.0015
428 379 0.0051
1 380 0.0124
373 380 0.0388
381 380 0.0062
380 381 0.0062
382 381 0.0034
388 381 0.0016
403 381 0.0012
1566 381 0.0161
1569 381 0.008
381 382 0.0034
383 382 0.0016
390 382 0.0045
403 382 0.0059
382 383 0.0016
384 383 0.0018
403 383 0.0008
383 384 0.0018
385 384 0.0068
416 384 0.0045
419 384 0.002
384 385 0.0068
386 385 0.0003
394 385 0.0079
385 386 0.0003
387 386 0.0591
394 386 0.0044
415 386 0.0204
386 387 0.0591
415 387 0.0041
448 387 0.0046
498 387 0.0038
374 388 0.0038
375 388 0.001
381 388 0.0016
389 388 0.0009
388 389 0.0009
376 390 0.0051
377 390 0.0089
382 390 0.0045
391 390 0.0021
377 391 0.0045
390 391 0.0021
392 391 0.0101
391 392 0.0101
393 392 0.0054
421 392 0.0013
392 393 0.0054
385 394 0.0079
386 394 0.0044
395 394 0.0447
447 394 0.0226
453 394 0.0025
394 395 0.0447
396 395 0.0074
416 395 0.0254
395 396 0.0074
397 396 0.008
422 396 0.0005
396 397 0.008
398 397 0.0018
438 397 0.0121
397 398 0.0018
399 398 0.0113
434 398 0.001
378 399 0.0005
398 399 0.0113
400 399 0.0186
434 399 0.0024
399 400 0.0186
1 401 0.0136
402 401 0.0061
1568 401 0.022
1569 401 0.013
401 402 0.0061
403 402 0.0039
405 402 0.0226
381 403 0.0012
382 403 0.0059
383 403 0.0008
402 403 0.0039
404 403 0.0007
406 403 0.0074
403 404 0.0007
402 405 0.0226
406 405 0.0582
1568 405 0.0232
403 406 0.0074
405 406 0.0582
407 406 0.0133
1 407 0.0118
406 407 0.0133
408 407 0.0333
1 408 0.011
407 408 0.0333
409 408 0.0075
413 408 0.017
408 409 0.0075
410 409 0.0094
414 409 0.003
409 410 0.0094
411 410 0.002
412 410 0.008
410 411 0.002
412 411 0.0024
500 411 0.0003
410 412 0.008
411 412 0.0024
415 412 0.0077
1 413 0.0112
408 413 0.017
414 413 0.0258
409 414 0.003
413 414 0.0258
415 414 0.0266
386 415 0.0204
387 415 0.0041
412 415 0.0077
414 415 0.0266
384 416 0.0045
395 416 0.0254
417 416 0.003
416 417 0.003
418 417 0.0032
423 417 0.0006
417 418 0.0032
419 418 0.0031
462 418 0.001
384 419 0.002
418 419 0.0031
420 419 0.0019
419 420 0.0019
392 421 0.0013
396 422 0.0005
417 423 0.0006
364 424 0.0007
375 424 0.0005
377 424 0.0022
1584 424 0.0037
364 425 0.0003
379 425 0.0015
426 425 0.002
427 425 0.0004
425 426 0.002
977 426 0.0002
985 426 0.0093
425 427 0.0004
379 428 0.0051
429 428 0.0112
432 428 0.0092
428 429 0.0112
430 429 0.0018
432 429 0.0026
429 430 0.0018
431 430 0.0043
435 430 0.002
430 431 0.0043
437 431 0.0016
459 431 0.0051
460 431 0.0031
428 432 0.0092
429 432 0.0026
433 432 0.0003
984 432 0.0016
432 433 0.0003
973 433 0.0023
977 433 0.0124
398 434 0.001
399 434 0.0024
435 434 0.0057
430 435 0.002
434 435 0.0057
436 435 0.0127
454 435 0.004
435 436 0.0127
437 436 0.0038
455 436 0.0022
431 437 0.0016
436 437 0.0038
459 437 0.0019
397 438 0.0121
439 438 0.0044
447 438 0.0071
438 439 0.0044
440 439 0.0016
454 439 0.0015
439 440 0.0016
441 440 0.0037
442 440 0.0018
455 440 0.0051
440 441 0.0037
442 441 0.0012
446 441 0.011
440 442 0.0018
441 442 0.0012
443 442 0.0027
445 442 0.0011
442 443 0.0027
444 443 0.0111
452 443 0.0278
456 443 0.0092
459 443 0.0217
443 444 0.0111
445 444 0.0436
451 444 0.0158
442 445 0.0011
444 445 0.0436
446 445 0.0634
453 445 0.0014
441 446 0.011
445 446 0.0634
447 446 0.012
394 447 0.0226
438 447 0.0071
446 447 0.012
387 448 0.0046
453 448 0.003
493 448 0.0053
495 448 0.0024
498 448 0.0042
450 449 0.0025
492 449 0.0086
495 449 0.0037
1589 449 0.0083
449 450 0.0025
451 450 0.0039
1590 450 0.0028
444 451 0.0158
450 451 0.0039
452 451 0.0069
1591 451 0.0046
443 452 0.0278
451 452 0.0069
461 452 0.0065
394 453 0.0025
445 453 0.0014
448 453 0.003
435 454 0.004
439 454 0.0015
455 454 0.0112
436 455 0.0022
440 455 0.0051
454 455 0.0112
443 456 0.0092
457 456 0.0155
737 456 0.0031
971 456 0.0027
1593 456 0.0037
456 457 0.0155
458 457 0.0457
736 457 0.0026
457 458 0.0457
944 458 0.001
946 458 0.0253
431 459 0.0051
437 459 0.0019
443 459 0.0217
460 459 0.0036
431 460 0.0031
459 460 0.0036
973 460 0.0006
452 461 0.0065
1596 461 0.0025
1598 461 0.0065
418 462 0.001
1 463 0.008
464 463 0.0372
470 463 0.0075
463 464 0.0372
465 464 0.0133
499 464 0.0028
464 465 0.0133
466 465 0.0165
470 465 0.1419
499 465 0.0025
465 466 0.0165
467 466 0.0202
478 466 0.009
466 467 0.0202
468 467 0.0148
499 467 0.0036
467 468 0.0148
469 468 0.0171
478 468 0.0028
468 469 0.0171
484 469 0.0057
512 469 0.0122
742 469 0.0019
463 470 0.0075
465 470 0.1419
471 470 0.0279
494 470 0.01
470 471 0.0279
472 471 0.0055
491 471 0.0365
471 472 0.0055
473 472 0.0073
738 472 0.0019
1599 472 0.0022
472 473 0.0073
474 473 0.0118
1590 473 0.0017
473 474 0.0118
475 474 0.0014
488 474 0.0202
1594 474 0.0019
474 475 0.0014
476 475 0.0039
734 475 0.0132
475 476 0.0039
477 476 0.0151
740 476 0.0055
476 477 0.0151
480 477 0.0273
741 477 0.0046
930 477 0.0054
1297 477 0.0166
466 478 0.009
468 478 0.0028
479 478 0.0075
484 478 0.0037
1599 478 0.0032
478 479 0.0075
480 479 0.0027
482 479 0.0041
477 480 0.0273
479 480 0.0027
481 480 0.0118
1842 480 0.0048
480 481 0.0118
926 481 0.0072
929 481 0.0043
479 482 0.0041
483 482 0.0014
486 482 0.0017
482 483 0.0014
925 483 0.0063
1651 483 0.0032
469 484 0.0057
478 484 0.0037
742 484 0.0018
486 485 0.0025
487 485 0.0023
742 485 0.0049
482 486 0.0017
485 486 0.0025
487 486 0.0082
485 487 0.0023
486 487 0.0082
925 487 0.0132
474 488 0.0202
489 488 0.0019
1591 488 0.0047
488 489 0.0019
490 489 0.0042
1591 489 0.0156
489 490 0.0042
471 491 0.0365
492 491 0.0031
494 491 0.0132
1592 491 0.004
449 492 0.0086
491 492 0.0031
496 492 0.0024
1592 492 0.004
448 493 0.0053
494 493 0.01
496 493 0.003
470 494 0.01
491 494 0.0132
493 494 0.01
496 494 0.0053
498 494 0.0043
448 495 0.0024
449 495 0.0037
496 495 0.0018
497 495 0.0093
492 496 0.0024
493 496 0.003
494 496 0.0053
495 496 0.0018
495 497 0.0093
387 498 0.0038
448 498 0.0042
494 498 0.0043
464 499 0.0028
465 499 0.0025
467 499 0.0036
501 499 0.0061
411 500 0.0003
499 501 0.0061
503 502 0.1289
570 502 0.081
573 502 0.0041
502 503 0.1289
504 503 0.0455
513 503 0.026
503 504 0.0455
505 504 0.0055
520 504 0.0079
572 504 0.0039
504 505 0.0055
508 505 0.0021
511 505 0.0025
521 505 0.0133
537 505 0.0461
507 506 0.0062
511 506 0.001
519 506 0.0023
530 506 0.0022
537 506 0.0053
506 507 0.0062
533 507 0.0393
1603 507 0.0009
505 508 0.0021
509 508 0.0014
510 508 0.0012
508 509 0.0014
508 510 0.0012
505 511 0.0025
506 511 0.001
512 511 0.0017
469 512 0.0122
511 512 0.0017
743 512 0.0015
503 513 0.026
514 513 0.0445
543 513 0.0024
569 513 0.0047
513 514 0.0445
515 514 0.0099
520 514 0.0524
514 515 0.0099
523 515 0.0031
527 515 0.0305
517 516 0.0139
524 516 0.0132
526 516 0.0123
527 516 0.0179
516 517 0.0139
525 517 0.0022
546 517 0.0177
535 518 0.0041
538 518 0.0093
546 518 0.0613
1583 518 0.0112
506 519 0.0023
504 520 0.0079
514 520 0.0524
521 520 0.0074
505 521 0.0133
520 521 0.0074
522 521 0.0018
537 521 0.006
521 522 0.0018
528 522 0.0019
529 522 0.0016
515 523 0.0031
516 524 0.0132
525 524 0.0094
544 524 0.0083
1570 524 0.0093
517 525 0.0022
524 525 0.0094
545 525 0.0399
920 525 0.0097
516 526 0.0123
1603 526 0.0005
1604 526 0.0004
515 527 0.0305
516 527 0.0179
528 527 0.0225
548 527 0.0054
522 528 0.0019
527 528 0.0225
529 528 0.0018
531 528 0.0011
522 529 0.0016
528 529 0.0018
530 529 0.0025
506 530 0.0022
529 530 0.0025
531 530 0.0015
528 531 0.0011
530 531 0.0015
532 531 0.0064
531 532 0.0064
507 533 0.0393
534 533 0.0021
549 533 0.0036
744 533 0.0047
923 533 0.0041
533 534 0.0021
535 534 0.0274
1606 534 0.0031
518 535 0.0041
534 535 0.0274
922 535 0.0029
743 536 0.001
505 537 0.0461
506 537 0.0053
521 537 0.006
518 538 0.0093
539 538 0.008
541 538 0.0059
538 539 0.008
540 539 0.0549
542 539 0.0139
539 540 0.0549
1607 540 0.0248
1609 540 0.0216
538 541 0.0059
550 541 0.0016
1578 541 0.0112
1583 541 0.0413
539 542 0.0139
554 542 0.0125
1293 542 0.0089
1578 542 0.0227
1579 542 0.0202
1607 542 0.1091
513 543 0.0024
574 543 0.0057
1570 543 0.0254
524 544 0.0083
545 544 0.0221
552 544 0.0602
1570 544 0.0288
525 545 0.0399
544 545 0.0221
550 545 0.003
920 545 0.0139
517 546 0.0177
518 546 0.0613
547 546 0.0042
549 546 0.0006
1604 546 0.0011
546 547 0.0042
920 547 0.0051
1583 547 0.0057
527 548 0.0054
533 549 0.0036
546 549 0.0006
1605 549 0.0027
541 550 0.0016
545 550 0.003
551 550 0.0016
550 551 0.0016
544 552 0.0602
580 552 0.0009
581 552 0.0287
554 553 0.0074
555 553 0.0287
583 553 0.0366
542 554 0.0125
553 554 0.0074
917 554 0.0143
918 554 0.0081
1578 554 0.0126
553 555 0.0287
556 555 0.0162
558 555 0.0047
555 556 0.0162
557 556 0.0304
585 556 0.0022
594 556 0.017
556 557 0.0304
585 557 0.044
594 557 0.019
555 558 0.0047
1 559 0.0116
560 559 0.0543
561 559 0.011
559 560 0.0543
561 560 0.0477
564 560 0.0927
559 561 0.011
560 561 0.0477
562 561 0.0237
564 561 0.0766
614 561 0.0039
561 562 0.0237
563 562 0.0148
574 562 0.0013
614 562 0.0146
562 563 0.0148
606 563 0.0424
611 563 0.0039
560 564 0.0927
561 564 0.0766
619 564 0.0044
706 564 0.0119
1 565 0.0111
566 565 0.0027
569 565 0.031
565 566 0.0027
567 566 0.0049
568 566 0.0025
566 567 0.0049
566 568 0.0025
513 569 0.0047
565 569 0.031
571 569 0.0288
1 570 0.0091
502 570 0.081
571 570 0.0482
1 571 0.011
569 571 0.0288
570 571 0.0482
504 572 0.0039
502 573 0.0041
543 574 0.0057
562 574 0.0013
575 574 0.0094
593 574 0.0082
574 575 0.0094
576 575 0.0032
577 575 0.0034
602 575 0.0007
603 575 0.0029
575 576 0.0032
739 576 0.0147
1582 576 0.004
575 577 0.0034
584 577 0.009
1580 577 0.0026
579 578 0.002
583 578 0.0017
584 578 0.0098
587 578 0.0007
1580 578 0.0007
578 579 0.002
552 580 0.0009
582 580 0.005
584 580 0.0244
552 581 0.0287
582 581 0.0053
583 581 0.0293
580 582 0.005
581 582 0.0053
583 582 0.0076
553 583 0.0366
578 583 0.0017
581 583 0.0293
582 583 0.0076
577 584 0.009
578 584 0.0098
580 584 0.0244
556 585 0.0022
557 585 0.044
586 585 0.0279
585 586 0.0279
587 586 0.0133
595 586 0.0161
578 587 0.0007
586 587 0.0133
1577 587 0.0127
1581 587 0.0131
589 588 0.092
596 588 0.014
1582 588 0.0241
588 589 0.092
590 589 0.0118
600 589 0.0049
1571 589 0.0178
589 590 0.0118
591 590 0.0551
630 590 0.1186
590 591 0.0551
592 591 0.0768
602 591 0.0041
591 592 0.0768
593 592 0.0235
603 592 0.0018
628 592 0.0262
574 593 0.0082
592 593 0.0235
606 593 0.0933
622 593 0.0038
556 594 0.017
557 594 0.019
597 594 0.0031
913 594 0.0206
916 594 0.0192
586 595 0.0161
588 596 0.014
897 596 0.0373
1577 596 0.0104
594 597 0.0031
598 597 0.0181
599 597 0.0411
1577 597 0.0267
597 598 0.0181
901 598 0.0096
902 598 0.0043
597 599 0.0411
601 599 0.0068
897 599 0.0021
589 600 0.0049
601 600 0.0095
897 600 0.0956
599 601 0.0068
600 601 0.0095
898 601 0.0348
575 602 0.0007
591 602 0.0041
603 602 0.0038
575 603 0.0029
592 603 0.0018
602 603 0.0038
605 604 0.0016
622 604 0.0155
628 604 0.0087
604 605 0.0016
563 606 0.0424
593 606 0.0933
607 606 0.0046
606 607 0.0046
608 607 0.0026
609 607 0.0006
607 608 0.0026
609 608 0.0053
611 608 0.0015
617 608 0.0013
618 608 0.0018
607 609 0.0006
608 609 0.0053
610 609 0.0017
609 610 0.0017
563 611 0.0039
608 611 0.0015
612 611 0.0022
611 612 0.0022
613 612 0.0014
616 612 0.0024
617 612 0.0022
612 613 0.0014
616 613 0.0161
618 613 0.0025
637 613 0.014
561 614 0.0039
562 614 0.0146
615 614 0.0569
685 614 0.0055
614 615 0.0569
616 615 0.0251
686 615 0.0043
612 616 0.0024
613 616 0.0161
615 616 0.0251
608 617 0.0013
612 617 0.0022
618 617 0.0032
608 618 0.0018
613 618 0.0025
617 618 0.0032
564 619 0.0044
620 619 0.004
657 619 0.0514
619 620 0.004
621 620 0.0213
685 620 0.0079
620 621 0.0213
653 621 0.0011
686 621 0.0025
593 622 0.0038
604 622 0.0155
623 622 0.0027
622 623 0.0027
624 623 0.0036
625 623 0.0021
623 624 0.0036
626 624 0.0013
638 624 0.0008
641 624 0.0004
623 625 0.0021
626 625 0.0062
630 625 0.0014
624 626 0.0013
625 626 0.0062
627 626 0.001
641 626 0.0012
626 627 0.001
592 628 0.0262
604 628 0.0087
629 628 0.0016
628 629 0.0016
590 630 0.1186
625 630 0.0014
1571 630 0.0527
632 631 0.0304
634 631 0.0021
1571 631 0.0219
631 632 0.0304
633 632 0.0135
896 632 0.0013
632 633 0.0135
644 633 0.0017
645 633 0.0006
646 633 0.0115
631 634 0.0021
635 634 0.001
636 634 0.0014
634 635 0.001
634 636 0.0014
613 637 0.014
638 637 0.0292
651 637 0.0006
652 637 0.0019
624 638 0.0008
637 638 0.0292
639 638 0.0286
638 639 0.0286
640 639 0.0026
642 639 0.0191
650 639 0.0008
639 640 0.0026
641 640 0.0008
649 640 0.0011
624 641 0.0004
626 641 0.0012
640 641 0.0008
639 642 0.0191
643 642 0.0008
654 642 0.0024
642 643 0.0008
633 644 0.0017
633 645 0.0006
633 646 0.0115
647 646 0.0257
648 646 0.0385
900 646 0.0002
646 647 0.0257
860 647 0.0048
861 647 0.0106
646 648 0.0385
868 648 0.0484
891 648 0.0007
640 649 0.0011
849 649 0.0069
854 649 0.0022
639 650 0.0008
637 651 0.0006
637 652 0.0019
621 653 0.0011
642 654 0.0024
655 654 0.0006
656 654 0.0037
654 655 0.0006
654 656 0.0037
619 657 0.0514
658 657 0.0088
695 657 0.008
657 658 0.0088
659 658 0.0068
666 658 0.0043
658 659 0.0068
660 659 0.0452
682 659 0.0874
659 660 0.0452
661 660 0.0077
677 660 0.0702
660 661 0.0077
662 661 0.0013
682 661 0.0006
8 662 0.0004
661 662 0.0013
663 662 0.0084
8 663 0.002
662 663 0.0084
680 663 0.002
1533 663 0.022
822 664 0.012
823 664 0.0005
1533 664 0.0178
7 665 0.0027
815 665 0.0027
817 665 0.0037
658 666 0.0043
667 666 0.0008
670 666 0.0024
8 667 0.0021
666 667 0.0008
668 667 0.002
684 667 0.0013
667 668 0.002
669 668 0.0056
674 668 0.0033
668 669 0.0056
670 669 0.0022
674 669 0.0007
675 669 0.0025
666 670 0.0024
669 670 0.0022
671 670 0.0014
675 670 0.0048
670 671 0.0014
672 671 0.001
675 671 0.0023
671 672 0.001
673 672 0.0014
676 672 0.0074
672 673 0.0014
674 673 0.0006
695 673 0.0064
696 673 0.0042
668 674 0.0033
669 674 0.0007
673 674 0.0006
669 675 0.0025
670 675 0.0048
671 675 0.0023
672 676 0.0074
660 677 0.0702
678 677 0.0105
679 677 0.0548
677 678 0.0105
832 678 0.0008
834 678 0.0084
677 679 0.0548
680 679 0.0009
681 679 0.0024
663 680 0.002
679 680 0.0009
832 680 0.0011
679 681 0.0024
659 682 0.0874
661 682 0.0006
683 682 0.0004
682 683 0.0004
667 684 0.0013
614 685 0.0055
620 685 0.0079
686 685 0.0091
615 686 0.0043
621 686 0.0025
685 686 0.0091
3 687 0.0054
688 687 0.0052
692 687 0.0018
687 688 0.0052
689 688 0.0019
708 688 0.0054
688 689 0.0019
690 689 0.0207
694 689 0.0008
708 689 0.0027
689 690 0.0207
691 690 0.0203
693 690 0.001
690 691 0.0203
687 692 0.0018
690 693 0.001
689 694 0.0008
657 695 0.008
673 695 0.0064
696 695 0.0057
673 696 0.0042
695 696 0.0057
697 696 0.0102
701 696 0.0029
696 697 0.0102
698 697 0.0016
700 697 0.0031
708 697 0.0141
1 698 0.0042
697 698 0.0016
699 698 0.0052
1 699 0.0071
698 699 0.0052
700 699 0.0025
702 699 0.0176
705 699 0.1113
697 700 0.0031
699 700 0.0025
701 700 0.0029
696 701 0.0029
700 701 0.0029
702 701 0.0015
699 702 0.0176
701 702 0.0015
703 702 0.01
702 703 0.01
704 703 0.0216
707 703 0.0162
703 704 0.0216
705 704 0.0371
707 704 0.0277
1 705 0.0042
699 705 0.1113
704 705 0.0371
1 706 0.0039
564 706 0.0119
707 706 0.0031
703 707 0.0162
704 707 0.0277
706 707 0.0031
688 708 0.0054
689 708 0.0027
697 708 0.0141
16 709 0.0014
17 710 0.0027
18 710 0.0138
711 710 0.0009
712 710 0.0063
710 711 0.0009
61 712 0.0027
710 712 0.0063
713 712 0.0015
712 713 0.0015
60 714 0.0004
62 714 0.002
63 714 0.005
32 715 0.001
82 716 0.0004
67 717 0.0009
53 718 0.0024
28 719 0.0046
38 720 0.0014
35 721 0.0049
35 722 0.0018
723 722 0.0022
1120 722 0.0003
722 723 0.0022
724 723 0.0007
725 723 0.0013
723 724 0.0007
723 725 0.0013
187 726 0.0057
203 727 0.0014
728 727 0.0005
732 727 0.0008
727 728 0.0005
1108 729 0.0007
1113 729 0.0014
1492 729 0.0015
209 730 0.0009
195 731 0.0007
727 732 0.0008
280 733 0.0005
475 734 0.0132
735 734 0.0025
737 734 0.0014
734 735 0.0025
736 735 0.0047
737 735 0.0033
457 736 0.0026
735 736 0.0047
945 736 0.002
1593 736 0.0085
456 737 0.0031
734 737 0.0014
735 737 0.0033
1593 737 0.0032
1596 737 0.0053
472 738 0.0019
1589 738 0.002
1592 738 0.0029
576 739 0.0147
1580 739 0.0213
1581 739 0.0126
476 740 0.0055
943 740 0.0035
945 740 0.0015
477 741 0.0046
935 741 0.017
943 741 0.0804
469 742 0.0019
484 742 0.0018
485 742 0.0049
512 743 0.0015
536 743 0.001
744 743 0.001
533 744 0.0047
743 744 0.001
1601 744 0.0114
31 745 0.0012
79 745 0.0012
80 745 0.0019
81 746 0.0027
747 746 0.0017
753 746 0.0001
746 747 0.0017
748 747 0.0003
752 747 0.0001
747 748 0.0003
32 749 0.0003
750 749 0.0005
751 749 0.0008
749 750 0.0005
749 751 0.0008
747 752 0.0001
746 753 0.0001
81 754 0.0035
755 754 0.0009
758 754 0.0001
754 755 0.0009
756 755 0.0021
759 755 0.0004
755 756 0.0021
757 756 0.0003
765 756 0.0001
756 757 0.0003
774 757 0.0002
777 757 0.0001
754 758 0.0001
755 759 0.0004
760 759 0.0005
761 759 0.0007
759 760 0.0005
759 761 0.0007
70 762 0.0004
71 763 0.0056
764 763 0.0066
1494 763 0.0018
71 764 0.0013
763 764 0.0066
765 764 0.0006
766 764 0.0024
756 765 0.0001
764 765 0.0006
774 765 0.0002
764 766 0.0024
72 767 0.0005
74 767 0.0004
768 767 0.0022
51 768 0.0016
767 768 0.0022
769 768 0.0003
768 769 0.0003
795 769 0.0004
812 769 0.0008
820 769 0.0005
52 770 0.0044
771 770 0.0008
794 770 0.0095
770 771 0.0008
50 772 0.0042
53 772 0.0015
773 772 0.0009
772 773 0.0009
48 774 0.0003
757 774 0.0002
765 774 0.0002
47 775 0.0223
48 775 0.0223
776 775 0.0855
785 775 0.0234
775 776 0.0855
777 776 0.0022
778 776 0.0001
780 776 0.0008
757 777 0.0001
776 777 0.0022
779 777 0.0002
776 778 0.0001
777 779 0.0002
776 780 0.0008
781 780 0.0001
784 780 0.0031
780 781 0.0001
782 781 0.002
1495 781 0.0004
781 782 0.002
783 782 0.0003
825 782 0.0096
1136 782 0.0001
782 783 0.0003
784 783 0.0359
792 783 0.0013
793 783 0.0032
811 783 0.0011
780 784 0.0031
783 784 0.0359
785 784 0.0249
775 785 0.0234
784 785 0.0249
786 785 0.0072
785 786 0.0072
787 786 0.0021
804 786 0.0013
786 787 0.0021
788 787 0.0086
799 787 0.0021
787 788 0.0086
789 788 0.0077
800 788 0.0022
788 789 0.0077
790 789 0.0287
800 789 0.0006
789 790 0.0287
791 790 0.014
822 790 0.0032
790 791 0.014
792 791 0.0054
827 791 0.0127
783 792 0.0013
791 792 0.0054
811 792 0.0052
783 793 0.0032
770 794 0.0095
795 794 0.0016
801 794 0.0008
806 794 0.0021
769 795 0.0004
794 795 0.0016
796 795 0.0008
795 796 0.0008
797 796 0.0057
809 796 0.0013
820 796 0.0011
796 797 0.0057
798 797 0.0321
809 797 0.0036
810 797 0.0006
819 797 0.0013
797 798 0.0321
799 798 0.0067
821 798 0.0017
787 799 0.0021
798 799 0.0067
800 799 0.0007
788 800 0.0022
789 800 0.0006
799 800 0.0007
47 801 0.0003
794 801 0.0008
802 801 0.003
47 802 0.0006
801 802 0.003
803 802 0.0028
802 803 0.0028
804 803 0.0007
806 803 0.0007
808 803 0.0034
786 804 0.0013
803 804 0.0007
805 804 0.0029
804 805 0.0029
794 806 0.0021
803 806 0.0007
807 806 0.0023
808 806 0.0011
806 807 0.0023
808 807 0.0007
809 807 0.0005
803 808 0.0034
806 808 0.0011
807 808 0.0007
796 809 0.0013
797 809 0.0036
807 809 0.0005
797 810 0.0006
783 811 0.0011
792 811 0.0052
831 811 0.0326
74 812 0.0022
769 812 0.0008
813 812 0.0071
812 813 0.0071
814 813 0.0092
820 813 0.0032
813 814 0.0092
815 814 0.0026
819 814 0.0031
665 815 0.0027
814 815 0.0026
816 815 0.0025
819 815 0.0038
815 816 0.0025
817 816 0.0047
821 816 0.0114
665 817 0.0037
816 817 0.0047
818 817 0.002
817 818 0.002
821 818 0.0021
822 818 0.0303
797 819 0.0013
814 819 0.0031
815 819 0.0038
820 819 0.0047
769 820 0.0005
796 820 0.0011
813 820 0.0032
819 820 0.0047
798 821 0.0017
816 821 0.0114
818 821 0.0021
664 822 0.012
790 822 0.0032
818 822 0.0303
664 823 0.0005
824 823 0.0002
1497 823 0.0004
823 824 0.0002
782 825 0.0096
1135 825 0.0025
1138 825 0.0038
1496 825 0.0028
1147 826 0.0031
1495 826 0.0036
1496 826 0.0094
791 827 0.0127
828 827 0.0054
1141 827 0.0018
827 828 0.0054
829 828 0.0037
830 828 0.007
1501 828 0.0024
828 829 0.0037
837 829 0.047
1154 829 0.0131
828 830 0.007
1150 830 0.0078
1154 830 0.0112
811 831 0.0326
1136 831 0.0199
1143 831 0.0043
678 832 0.0008
680 832 0.0011
833 832 0.0014
832 833 0.0014
678 834 0.0084
835 834 0.0142
840 834 0.0109
834 835 0.0142
836 835 0.0075
1498 835 0.0002
835 836 0.0075
837 836 0.0022
839 836 0.0025
844 836 0.0032
829 837 0.047
836 837 0.0022
839 837 0.0032
1532 837 0.024
1155 838 0.0003
1169 838 0.019
1173 838 0.0153
1532 838 0.0091
836 839 0.0025
837 839 0.0032
845 839 0.0014
834 840 0.0109
841 840 0.0002
842 840 0.004
843 840 0.0002
848 840 0.0004
840 841 0.0002
840 842 0.004
845 842 0.0071
847 842 0.0029
840 843 0.0002
836 844 0.0032
839 845 0.0014
842 845 0.0071
846 845 0.0167
1179 845 0.0082
845 846 0.0167
1187 846 0.0025
1191 846 0.005
842 847 0.0029
1199 847 0.0054
1205 847 0.0031
840 848 0.0004
649 849 0.0069
850 849 0.004
852 849 0.0031
849 850 0.004
851 850 0.0121
1214 850 0.0048
850 851 0.0121
853 851 0.0143
1209 851 0.0044
849 852 0.0031
1222 852 0.0046
1463 852 0.0018
851 853 0.0143
1210 853 0.0057
1215 853 0.0079
1530 853 0.0006
649 854 0.0022
855 854 0.0028
859 854 0.0012
854 855 0.0028
856 855 0.0138
858 855 0.0047
855 856 0.0138
857 856 0.009
870 856 0.0026
856 857 0.009
858 857 0.0188
870 857 0.0051
855 858 0.0047
857 858 0.0188
871 858 0.0018
854 859 0.0012
860 859 0.0002
870 859 0.0003
647 860 0.0048
859 860 0.0002
861 860 0.0301
863 860 0.0025
647 861 0.0106
860 861 0.0301
862 861 0.0337
861 862 0.0337
863 862 0.0046
866 862 0.0104
860 863 0.0025
862 863 0.0046
864 863 0.001
870 863 0.005
863 864 0.001
865 864 0.0016
871 864 0.0025
873 864 0.003
864 865 0.0016
866 865 0.0015
875 865 0.0023
862 866 0.0104
865 866 0.0015
867 866 0.0142
866 867 0.0142
868 867 0.0156
874 867 0.009
648 868 0.0484
867 868 0.0156
869 868 0.0059
891 868 0.0013
868 869 0.0059
886 869 0.009
890 869 0.0073
856 870 0.0026
857 870 0.0051
859 870 0.0003
863 870 0.005
858 871 0.0018
864 871 0.0025
1226 871 0.0031
873 872 0.0027
864 873 0.003
872 873 0.0027
875 873 0.0015
867 874 0.009
875 874 0.0053
882 874 0.0047
884 874 0.0014
865 875 0.0023
873 875 0.0015
874 875 0.0053
876 875 0.0338
875 876 0.0338
877 876 0.0127
879 876 0.0339
876 877 0.0127
878 877 0.0024
1233 877 0.0003
877 878 0.0024
1230 878 0.0012
1232 878 0.0003
876 879 0.0339
880 879 0.0028
881 879 0.0015
879 880 0.0028
1226 880 0.0018
1228 880 0.0019
879 881 0.0015
874 882 0.0047
883 882 0.0091
1240 882 0.001
882 883 0.0091
1237 883 0.0086
1572 883 0.0036
874 884 0.0014
885 884 0.0013
886 884 0.0069
884 885 0.0013
869 886 0.009
884 886 0.0069
887 886 0.02
886 887 0.02
888 887 0.0136
889 887 0.0159
1239 887 0.0035
887 888 0.0136
1251 888 0.0022
1254 888 0.012
887 889 0.0159
1241 889 0.0342
1250 889 0.0009
869 890 0.0073
1261 890 0.0027
1265 890 0.0026
648 891 0.0007
868 891 0.0013
892 891 0.0022
891 892 0.0022
893 892 0.0004
894 892 0.0011
892 893 0.0004
907 893 0.0019
1265 893 0.0003
1576 893 0.003
892 894 0.0011
895 894 0.001
900 894 0.0004
894 895 0.001
899 895 0.0003
904 895 0.0008
632 896 0.0013
596 897 0.0373
599 897 0.0021
600 897 0.0956
601 898 0.0348
899 898 0.0078
901 898 0.0661
895 899 0.0003
898 899 0.0078
900 899 0.0026
646 900 0.0002
894 900 0.0004
899 900 0.0026
598 901 0.0096
898 901 0.0661
903 901 0.0347
598 902 0.0043
901 903 0.0347
904 903 0.0152
1289 903 0.003
895 904 0.0008
903 904 0.0152
905 904 0.0856
907 904 0.0009
1286 904 0.0114
904 905 0.0856
906 905 0.0057
909 905 0.0137
1275 905 0.0034
905 906 0.0057
907 906 0.0035
908 906 0.0009
893 907 0.0019
904 907 0.0009
906 907 0.0035
1576 907 0.0053
906 908 0.0009
905 909 0.0137
910 909 0.0015
911 909 0.006
909 910 0.0015
1268 910 0.0035
1269 910 0.0033
909 911 0.006
912 911 0.0119
1647 911 0.0034
911 912 0.0119
1263 912 0.0118
1287 912 0.0105
594 913 0.0206
914 913 0.0249
915 913 0.0221
913 914 0.0249
915 914 0.0211
1290 914 0.0187
1291 914 0.0251
913 915 0.0221
914 915 0.0211
1614 915 0.0252
1618 915 0.0119
1620 915 0.033
594 916 0.0192
1612 916 0.0096
1613 916 0.0263
554 917 0.0143
554 918 0.0081
1611 919 0.0075
525 920 0.0097
545 920 0.0139
547 920 0.0051
921 920 0.0036
920 921 0.0036
535 922 0.0029
533 923 0.0041
924 923 0.011
1601 923 0.0055
1653 923 0.0071
923 924 0.011
483 925 0.0063
487 925 0.0132
1653 925 0.0073
481 926 0.0072
927 926 0.0361
931 926 0.0358
926 927 0.0361
928 927 0.0266
929 927 0.0512
927 928 0.0266
929 928 0.0545
1652 928 0.0607
481 929 0.0043
927 929 0.0512
928 929 0.0545
477 930 0.0054
931 930 0.0524
932 930 0.0145
1655 930 0.0406
1656 930 0.037
926 931 0.0358
930 931 0.0524
1294 931 0.0109
930 932 0.0145
1295 932 0.0293
1296 932 0.021
1657 932 0.0207
934 933 0.01
1298 933 0.0079
1833 933 0.0066
933 934 0.01
741 935 0.017
936 935 0.008
938 935 0.0015
940 935 0.0147
943 935 0.0197
1664 935 0.0006
1665 935 0.0078
935 936 0.008
937 936 0.0038
1666 936 0.0277
936 937 0.0038
942 937 0.0164
1304 937 0.0192
935 938 0.0015
939 938 0.005
1658 938 0.0158
1659 938 0.0023
938 939 0.005
940 939 0.001
1658 939 0.0032
935 940 0.0147
939 940 0.001
942 940 0.002
1660 940 0.0045
942 941 0.0173
960 941 0.0494
1660 941 0.0108
937 942 0.0164
940 942 0.002
941 942 0.0173
740 943 0.0035
741 943 0.0804
935 943 0.0197
944 943 0.0066
458 944 0.001
943 944 0.0066
945 944 0.0017
736 945 0.002
740 945 0.0015
944 945 0.0017
458 946 0.0253
969 946 0.0415
1662 946 0.0056
948 947 0.0178
958 947 0.0068
962 947 0.0307
966 947 0.0209
969 947 0.0303
1658 947 0.0039
947 948 0.0178
949 948 0.0108
952 948 0.0073
954 948 0.0017
956 948 0.0222
965 948 0.0005
948 949 0.0108
950 949 0.0105
964 949 0.001
1322 949 0.0031
949 950 0.0105
951 950 0.0084
963 950 0.0077
950 951 0.0084
1332 951 0.0153
1347 951 0.0063
948 952 0.0073
953 952 0.0114
1319 952 0.0011
952 953 0.0114
948 954 0.0017
955 954 0.0025
1311 954 0.0051
954 955 0.0025
948 956 0.0222
957 956 0.002
1309 956 0.0018
956 957 0.002
947 958 0.0068
959 958 0.0028
960 958 0.0034
958 959 0.0028
960 959 0.0226
962 959 0.0306
941 960 0.0494
958 960 0.0034
959 960 0.0226
961 960 0.0022
960 961 0.0022
947 962 0.0307
959 962 0.0306
1830 962 0.0018
950 963 0.0077
1352 963 0.0335
1363 963 0.0014
949 964 0.001
948 965 0.0005
947 966 0.0209
967 966 0.0212
968 966 0.0007
966 967 0.0212
1365 967 0.0038
1377 967 0.001
966 968 0.0007
946 969 0.0415
947 969 0.0303
970 969 0.0002
1659 969 0.0247
969 970 0.0002
456 971 0.0027
972 971 0.0016
974 971 0.002
971 972 0.0016
433 973 0.0023
460 973 0.0006
974 973 0.0025
976 973 0.0025
971 974 0.002
973 974 0.0025
975 974 0.0033
1661 974 0.0011
974 975 0.0033
1662 975 0.0104
1663 975 0.0307
973 976 0.0025
426 977 0.0002
433 977 0.0124
978 977 0.012
977 978 0.012
979 978 0.0191
1663 978 0.008
978 979 0.0191
980 979 0.017
1663 979 0.037
979 980 0.017
981 980 0.0049
1671 980 0.0045
980 981 0.0049
982 981 0.0044
1668 981 0.0016
981 982 0.0044
1587 983 0.0049
1670 983 0.0012
1671 983 0.0086
1672 983 0.012
432 984 0.0016
366 985 0.0006
426 985 0.0093
986 985 0.0005
987 985 0.0003
985 986 0.0005
985 987 0.0003
988 987 0.0012
1587 987 0.0126
987 988 0.0012
989 988 0.0025
1669 988 0.0003
988 989 0.0025
990 989 0.0003
997 989 0.0135
989 990 0.0003
365 991 0.0003
992 991 0.0004
994 991 0.0072
991 992 0.0004
993 992 0.0005
995 992 0.0016
992 993 0.0005
994 993 0.0031
1585 993 0.0006
362 994 0.0011
991 994 0.0072
993 994 0.0031
367 995 0.0016
992 995 0.0016
996 995 0.0017
366 996 0.0008
367 996 0.0017
995 996 0.0017
1586 996 0.0007
361 997 0.0052
989 997 0.0135
998 997 0.0236
1007 997 0.0309
1021 997 0.0006
997 998 0.0236
999 998 0.0041
1002 998 0.0021
998 999 0.0041
1000 999 0.0036
1677 999 0.0007
999 1000 0.0036
1001 1000 0.0039
1409 1000 0.0004
1669 1000 0.0021
1000 1001 0.0039
1410 1001 0.0014
1413 1001 0.0066
1675 1001 0.0362
998 1002 0.0021
1003 1002 0.0129
1005 1002 0.0055
1002 1003 0.0129
1004 1003 0.0112
1011 1003 0.007
1003 1004 0.0112
1414 1004 0.0053
1420 1004 0.0184
1002 1005 0.0055
1006 1005 0.0136
1406 1005 0.0121
1005 1006 0.0136
1395 1006 0.0103
1414 1006 0.005
997 1007 0.0309
1008 1007 0.0094
1012 1007 0.0004
1007 1008 0.0094
1009 1008 0.0037
1013 1008 0.0011
1008 1009 0.0037
1010 1009 0.0039
1011 1009 0.001
1009 1010 0.0039
1019 1010 0.002
1020 1010 0.0225
1003 1011 0.007
1009 1011 0.001
1424 1011 0.0024
1007 1012 0.0004
1008 1013 0.0011
1014 1013 0.0006
1015 1013 0.0016
1013 1014 0.0006
1013 1015 0.0016
1016 1015 0.0003
1021 1015 0.0038
361 1016 0.0006
1015 1016 0.0003
1018 1016 0.0012
1021 1016 0.0004
344 1017 0.0046
361 1017 0.0003
1018 1017 0.0157
1038 1017 0.0006
1016 1018 0.0012
1017 1018 0.0157
1019 1018 0.009
1010 1019 0.002
1018 1019 0.009
1020 1019 0.004
1010 1020 0.0225
1019 1020 0.004
1028 1020 0.0211
997 1021 0.0006
1015 1021 0.0038
1016 1021 0.0004
344 1022 0.0007
343 1023 0.0139
1024 1023 0.0194
1035 1023 0.0008
1023 1024 0.0194
1025 1024 0.0176
1029 1024 0.0114
1024 1025 0.0176
1026 1025 0.0102
1432 1025 0.0005
1025 1026 0.0102
1027 1026 0.0166
1432 1026 0.0084
1026 1027 0.0166
1442 1027 0.0037
1679 1027 0.0162
1020 1028 0.0211
1424 1028 0.0023
1432 1028 0.1046
1433 1028 0.0173
1024 1029 0.0114
1030 1029 0.0067
1452 1029 0.0005
1029 1030 0.0067
1031 1030 0.0125
1032 1030 0.0018
1030 1031 0.0125
1032 1031 0.0068
1445 1031 0.0063
1030 1032 0.0018
1031 1032 0.0068
1449 1032 0.0008
343 1033 0.0126
1034 1033 0.0131
1048 1033 0.0008
1033 1034 0.0131
1035 1034 0.0027
1039 1034 0.0063
1043 1034 0.0297
1023 1035 0.0008
1034 1035 0.0027
1036 1035 0.0065
1037 1035 0.0054
1035 1036 0.0065
1454 1036 0.0024
1461 1036 0.0041
1035 1037 0.0054
1453 1037 0.0013
1454 1037 0.0034
1017 1038 0.0006
1034 1039 0.0063
1040 1039 0.0037
1041 1039 0.011
1039 1040 0.0037
1042 1040 0.0055
1460 1040 0.0019
1462 1040 0.0018
1039 1041 0.011
1042 1041 0.0028
1043 1041 0.0097
1056 1041 0.0012
1040 1042 0.0055
1041 1042 0.0028
1062 1042 0.0008
1034 1043 0.0297
1041 1043 0.0097
1044 1043 0.0009
1043 1044 0.0009
1045 1044 0.0016
1056 1044 0.0087
308 1045 0.0002
338 1045 0.0015
1044 1045 0.0016
1046 1045 0.0011
1047 1045 0.0011
341 1046 0.0003
343 1046 0.003
1045 1046 0.0011
1047 1046 0.0003
1045 1047 0.0011
1046 1047 0.0003
1048 1047 0.0025
1033 1048 0.0008
1047 1048 0.0025
1049 1048 0.0004
1048 1049 0.0004
313 1050 0.0038
336 1050 0.0068
1051 1050 0.0022
315 1051 0.0007
336 1051 0.0009
1050 1051 0.0022
309 1052 0.0003
313 1052 0.0013
335 1052 0.0002
1053 1052 0.0054
338 1053 0.0006
1052 1053 0.0054
1054 1053 0.0006
1053 1054 0.0006
308 1055 0.0023
1056 1055 0.001
1057 1055 0.0011
1058 1055 0.0011
1041 1056 0.0012
1044 1056 0.0087
1055 1056 0.001
308 1057 0.0017
1055 1057 0.0011
1061 1057 0.0031
1062 1057 0.002
1055 1058 0.0011
303 1059 0.0025
1060 1059 0.0008
1562 1059 0.0076
1564 1059 0.0006
1059 1060 0.0008
1057 1061 0.0031
1062 1061 0.0023
1063 1061 0.0006
1042 1062 0.0008
1057 1062 0.002
1061 1062 0.0023
1461 1062 0.0009
307 1063 0.0045
1061 1063 0.0006
1064 1063 0.0022
1063 1064 0.0022
307 1065 0.0032
284 1066 0.0083
1067 1066 0.0141
1077 1066 0.0031
1066 1067 0.0141
1068 1067 0.0149
1073 1067 0.0043
307 1068 0.0004
1067 1068 0.0149
1069 1068 0.0055
1071 1068 0.0023
1565 1068 0.0002
1068 1069 0.0055
1070 1069 0.0028
1072 1069 0.0074
1069 1070 0.0028
1068 1071 0.0023
1069 1072 0.0074
1067 1073 0.0043
1074 1073 0.0017
1075 1073 0.0043
1073 1074 0.0017
1073 1075 0.0043
1076 1075 0.0063
1551 1075 0.0003
1075 1076 0.0063
1084 1076 0.0035
1551 1076 0.0003
284 1077 0.0038
1066 1077 0.0031
1078 1077 0.0011
1077 1078 0.0011
295 1079 0.0024
296 1079 0.0022
311 1079 0.0284
282 1080 0.0014
238 1081 0.0003
235 1082 0.0003
1083 1082 0.002
1559 1082 0.0022
1082 1083 0.002
1076 1084 0.0035
232 1085 0.001
232 1086 0.0086
1087 1086 0.0052
1548 1086 0.0005
1086 1087 0.0052
219 1088 0.0031
1089 1088 0.0009
1090 1088 0.0011
1088 1089 0.0009
1540 1089 0.0006
1541 1089 0.0004
1549 1089 0.0008
226 1090 0.0003
1088 1090 0.0011
1541 1090 0.0003
227 1091 0.0069
1092 1091 0.0031
1097 1091 0.0003
1091 1092 0.0031
1093 1092 0.0022
1486 1092 0.0003
1487 1092 0.0006
1092 1093 0.0022
1095 1094 0.0123
1481 1094 0.0008
1548 1094 0.0125
1094 1095 0.0123
1096 1095 0.0057
1097 1095 0.002
1095 1096 0.0057
1091 1097 0.0003
1095 1097 0.002
1482 1097 0.0004
169 1098 0.0005
169 1099 0.0097
1134 1099 0.003
1478 1099 0.014
1489 1099 0.0114
1101 1100 0.0217
1472 1100 0.0002
1489 1100 0.0115
1100 1101 0.0217
1102 1101 0.0034
1104 1101 0.0005
1101 1102 0.0034
1103 1102 0.0012
1473 1102 0.0009
1102 1103 0.0012
1101 1104 0.0005
172 1105 0.0008
1106 1105 0.0011
1536 1105 0.0095
1105 1106 0.0011
1107 1106 0.0027
1480 1106 0.0016
1106 1107 0.0027
729 1108 0.0007
1110 1108 0.0002
1111 1108 0.0004
1112 1108 0.0005
1475 1108 0.0003
116 1109 0.0011
1110 1109 0.0002
1118 1109 0.0015
1108 1110 0.0002
1109 1110 0.0002
1475 1110 0.0005
1108 1111 0.0004
1108 1112 0.0005
116 1113 0.0005
163 1113 0.0003
729 1113 0.0014
157 1114 0.0016
118 1115 0.001
114 1116 0.0008
114 1117 0.0009
83 1118 0.0001
1109 1118 0.0015
1119 1118 0.0016
1118 1119 0.0016
87 1120 0.0015
722 1120 0.0003
1121 1120 0.0006
1122 1120 0.0009
1120 1121 0.0006
1120 1122 0.0009
1123 1122 0.0016
1127 1122 0.0019
1128 1122 0.001
1122 1123 0.0016
85 1124 0.0001
85 1125 0.002
1126 1125 0.0002
1128 1125 0.0013
1129 1125 0.0004
1125 1126 0.0002
1122 1127 0.0019
87 1128 0.0016
1122 1128 0.001
1125 1128 0.0013
1125 1129 0.0004
52 1130 0.0014
75 1131 0.0005
229 1132 0.0061
1133 1132 0.0004
1134 1132 0.0002
1132 1133 0.0004
1134 1133 0.0008
1465 1133 0.0025
1479 1133 0.0015
1099 1134 0.003
1132 1134 0.0002
1133 1134 0.0008
1478 1134 0.001
825 1135 0.0025
782 1136 0.0001
831 1136 0.0199
1137 1136 0.0089
1136 1137 0.0089
1138 1137 0.0004
1140 1137 0.0009
825 1138 0.0038
1137 1138 0.0004
1139 1138 0.0008
1149 1138 0.0003
1138 1139 0.0008
1149 1139 0.0003
1496 1139 0.0007
1137 1140 0.0009
1145 1140 0.0012
1148 1140 0.0016
1149 1140 0.0018
827 1141 0.0018
1142 1141 0.0085
1143 1141 0.0016
1144 1141 0.0115
1141 1142 0.0085
1146 1142 0.0013
1502 1142 0.0013
831 1143 0.0043
1141 1143 0.0016
1144 1143 0.0039
1141 1144 0.0115
1143 1144 0.0039
1145 1144 0.0017
1140 1145 0.0012
1144 1145 0.0017
1148 1145 0.0009
1142 1146 0.0013
1147 1146 0.0003
1156 1146 0.001
1158 1146 0.0007
1167 1146 0.0005
826 1147 0.0031
1146 1147 0.0003
1160 1147 0.0109
1140 1148 0.0016
1145 1148 0.0009
1149 1148 0.0002
1138 1149 0.0003
1139 1149 0.0003
1140 1149 0.0018
1148 1149 0.0002
830 1150 0.0078
1151 1150 0.0033
1153 1150 0.0004
1500 1150 0.0022
1501 1150 0.0031
1150 1151 0.0033
1152 1151 0.0006
1500 1151 0.0085
1502 1151 0.0012
1151 1152 0.0006
1150 1153 0.0004
829 1154 0.0131
830 1154 0.0112
1155 1154 0.0003
1532 1154 0.0024
838 1155 0.0003
1154 1155 0.0003
1156 1155 0.0005
1168 1155 0.0028
1146 1156 0.001
1155 1156 0.0005
1157 1156 0.0006
1156 1157 0.0006
1158 1157 0.0006
1168 1157 0.0007
1174 1157 0.0006
1146 1158 0.0007
1157 1158 0.0006
1159 1158 0.0003
1167 1158 0.0005
1158 1159 0.0003
1147 1160 0.0109
1161 1160 0.0058
1505 1160 0.0004
1160 1161 0.0058
1162 1161 0.0102
1167 1161 0.0018
1161 1162 0.0102
1163 1162 0.0056
1165 1162 0.0004
1162 1163 0.0056
1164 1163 0.0016
1504 1163 0.0016
1163 1164 0.0016
1504 1164 0.0012
1505 1164 0.0007
1162 1165 0.0004
1166 1165 0.0036
1503 1165 0.0042
1165 1166 0.0036
1170 1166 0.0089
1177 1166 0.0005
1503 1166 0.0072
1504 1166 0.0023
1146 1167 0.0005
1158 1167 0.0005
1161 1167 0.0018
1503 1167 0.0002
1155 1168 0.0028
1157 1168 0.0007
1169 1168 0.0011
838 1169 0.019
1168 1169 0.0011
1170 1169 0.0097
1173 1169 0.0804
1166 1170 0.0089
1169 1170 0.0097
1171 1170 0.0038
1170 1171 0.0038
1172 1171 0.0105
1178 1171 0.0023
1183 1171 0.0026
1171 1172 0.0105
1173 1172 0.0033
1179 1172 0.0057
1185 1172 0.0326
838 1173 0.0153
1169 1173 0.0804
1172 1173 0.0033
1531 1173 0.0008
1157 1174 0.0006
1176 1175 0.0053
1504 1175 0.0053
1506 1175 0.0016
1175 1176 0.0053
1506 1176 0.0054
1507 1176 0.0011
1508 1176 0.0013
1166 1177 0.0005
1171 1178 0.0023
1508 1178 0.002
1510 1178 0.0052
1517 1178 0.0013
845 1179 0.0082
1172 1179 0.0057
1180 1179 0.0009
1179 1180 0.0009
1181 1180 0.0011
1185 1180 0.0011
1180 1181 0.0011
1182 1181 0.0031
1186 1181 0.0009
1181 1182 0.0031
1183 1182 0.0029
1517 1182 0.0003
1171 1183 0.0026
1182 1183 0.0029
1184 1183 0.0007
1186 1183 0.0071
1183 1184 0.0007
1172 1185 0.0326
1180 1185 0.0011
1186 1185 0.0021
1181 1186 0.0009
1183 1186 0.0071
1185 1186 0.0021
846 1187 0.0025
1194 1187 0.001
1196 1187 0.0015
1189 1188 0.0016
1193 1188 0.0012
1196 1188 0.0007
1188 1189 0.0016
1190 1189 0.0032
1524 1189 0.0044
1189 1190 0.0032
1191 1190 0.0019
1198 1190 0.0013
1200 1190 0.0092
1464 1190 0.0011
846 1191 0.005
1190 1191 0.0019
1192 1191 0.0036
1195 1191 0.0012
1191 1192 0.0036
1193 1192 0.0026
1525 1192 0.0021
1188 1193 0.0012
1192 1193 0.0026
1196 1193 0.0022
1187 1194 0.001
1191 1195 0.0012
1187 1196 0.0015
1188 1196 0.0007
1193 1196 0.0022
1197 1196 0.0008
1521 1196 0.0028
1196 1197 0.0008
1190 1198 0.0013
847 1199 0.0054
1200 1199 0.005
1526 1199 0.0099
1190 1200 0.0092
1199 1200 0.005
1201 1200 0.0054
1204 1200 0.0004
1200 1201 0.0054
1202 1201 0.0049
1203 1201 0.0057
1201 1202 0.0049
1201 1203 0.0057
1200 1204 0.0004
847 1205 0.0031
1206 1205 0.0044
1214 1205 0.0004
1205 1206 0.0044
1208 1206 0.0084
1526 1206 0.0028
1527 1206 0.0028
1528 1206 0.004
1527 1207 0.0006
1528 1207 0.003
1529 1207 0.0014
1206 1208 0.0084
1209 1208 0.0033
1214 1208 0.0007
1528 1208 0.0041
851 1209 0.0044
1208 1209 0.0033
1210 1209 0.0054
853 1210 0.0057
1209 1210 0.0054
1211 1210 0.0024
1528 1210 0.0012
1210 1211 0.0024
1212 1211 0.002
1213 1211 0.0007
1211 1212 0.002
1211 1213 0.0007
850 1214 0.0048
1205 1214 0.0004
1208 1214 0.0007
853 1215 0.0079
1216 1215 0.0017
1219 1215 0.0005
1215 1216 0.0017
1217 1216 0.0078
1219 1216 0.0038
1216 1217 0.0078
1218 1217 0.0049
1220 1217 0.0027
1217 1218 0.0049
1215 1219 0.0005
1216 1219 0.0038
1220 1219 0.0028
1217 1220 0.0027
1219 1220 0.0028
1221 1220 0.0028
1220 1221 0.0028
1222 1221 0.0151
1225 1221 0.0005
852 1222 0.0046
1221 1222 0.0151
1223 1222 0.0017
1222 1223 0.0017
1227 1223 0.0006
1229 1223 0.0034
1225 1224 0.0027
1229 1224 0.003
1230 1224 0.0015
1234 1224 0.001
1572 1224 0.0008
1221 1225 0.0005
1224 1225 0.0027
1234 1225 0.0006
871 1226 0.0031
880 1226 0.0018
1227 1226 0.0021
1223 1227 0.0006
1226 1227 0.0021
1228 1227 0.006
880 1228 0.0019
1227 1228 0.006
1229 1228 0.0005
1223 1229 0.0034
1224 1229 0.003
1228 1229 0.0005
878 1230 0.0012
1224 1230 0.0015
1231 1230 0.0015
1230 1231 0.0015
878 1232 0.0003
877 1233 0.0003
1224 1234 0.001
1225 1234 0.0006
1572 1234 0.0032
1236 1235 0.0171
1238 1235 0.0062
1572 1235 0.0034
1574 1235 0.0005
1235 1236 0.0171
883 1237 0.0086
1238 1237 0.0005
1240 1237 0.0037
1235 1238 0.0062
1237 1238 0.0005
1239 1238 0.019
887 1239 0.0035
1238 1239 0.019
1240 1239 0.0029
882 1240 0.001
1237 1240 0.0037
1239 1240 0.0029
889 1241 0.0342
1242 1241 0.0197
1249 1241 0.0005
1241 1242 0.0197
1243 1242 0.0043
1247 1242 0.0011
1242 1243 0.0043
1244 1243 0.012
1629 1243 0.0009
1243 1244 0.012
1245 1244 0.0057
1246 1244 0.0073
1244 1245 0.0057
1244 1246 0.0073
1631 1246 0.022
1636 1246 0.0103
1242 1247 0.0011
1248 1247 0.0017
1573 1247 0.0008
1247 1248 0.0017
1241 1249 0.0005
889 1250 0.0009
888 1251 0.0022
1252 1251 0.0093
1628 1251 0.0057
1629 1251 0.0102
1251 1252 0.0093
1253 1252 0.0035
1271 1252 0.0041
1252 1253 0.0035
888 1254 0.012
1255 1254 0.0016
1628 1254 0.0023
1254 1255 0.0016
1256 1255 0.0038
1628 1255 0.0041
1255 1256 0.0038
1257 1256 0.0075
1264 1256 0.0006
1273 1256 0.0078
1256 1257 0.0075
1258 1257 0.0084
1273 1257 0.0232
1257 1258 0.0084
1259 1258 0.0087
1264 1258 0.0069
1258 1259 0.0087
1260 1259 0.0185
1263 1259 0.0131
1259 1260 0.0185
1645 1260 0.0101
1649 1260 0.0072
890 1261 0.0027
1262 1261 0.0019
1264 1261 0.0052
1261 1262 0.0019
1268 1262 0.002
1575 1262 0.0029
912 1263 0.0118
1259 1263 0.0131
1575 1263 0.0017
1256 1264 0.0006
1258 1264 0.0069
1261 1264 0.0052
890 1265 0.0026
893 1265 0.0003
1266 1265 0.0005
1265 1266 0.0005
1267 1266 0.0055
1270 1266 0.0015
1266 1267 0.0055
1268 1267 0.0024
1270 1267 0.0005
910 1268 0.0035
1262 1268 0.002
1267 1268 0.0024
1269 1268 0.004
910 1269 0.0033
1268 1269 0.004
1575 1269 0.0052
1266 1270 0.0015
1267 1270 0.0005
1576 1270 0.0016
1252 1271 0.0041
1272 1271 0.0046
1628 1271 0.0067
1271 1272 0.0046
1273 1272 0.0115
1641 1272 0.0049
1644 1272 0.0082
1256 1273 0.0078
1257 1273 0.0232
1272 1273 0.0115
1274 1273 0.0048
1273 1274 0.0048
905 1275 0.0034
1277 1275 0.0157
1646 1275 0.0137
1649 1276 0.0142
1275 1277 0.0157
1278 1277 0.0258
1283 1277 0.0106
1286 1277 0.0024
1646 1277 0.041
1277 1278 0.0258
1279 1278 0.013
1281 1278 0.0124
1282 1278 0.0191
1278 1279 0.013
1280 1279 0.0184
1284 1279 0.0134
1285 1279 0.0298
1849 1279 0.006
1279 1280 0.0184
1847 1280 0.0103
1848 1280 0.0097
1278 1281 0.0124
1278 1282 0.0191
1277 1283 0.0106
1279 1284 0.0134
1850 1284 0.0115
1851 1284 0.0211
1279 1285 0.0298
904 1286 0.0114
1277 1286 0.0024
1288 1286 0.0048
912 1287 0.0105
1286 1288 0.0048
1292 1288 0.0253
1623 1288 0.0343
903 1289 0.003
914 1290 0.0187
1625 1290 0.0239
1650 1290 0.0051
914 1291 0.0251
1292 1291 0.0181
1625 1291 0.0321
1288 1292 0.0253
1291 1292 0.0181
1623 1292 0.0217
542 1293 0.0089
931 1294 0.0109
932 1295 0.0293
1837 1295 0.008
1838 1295 0.028
932 1296 0.021
1657 1296 0.0451
1834 1296 0.0137
477 1297 0.0166
1298 1297 0.0281
1665 1297 0.0042
933 1298 0.0079
1297 1298 0.0281
1299 1298 0.0114
1298 1299 0.0114
1306 1299 0.0129
1655 1299 0.0242
1301 1300 0.0321
1656 1300 0.0315
1657 1300 0.0324
1300 1301 0.0321
1302 1301 0.0107
1303 1301 0.0066
1301 1302 0.0107
1301 1303 0.0066
1843 1303 0.035
1846 1303 0.0075
937 1304 0.0192
1305 1304 0.0059
1308 1304 0.0084
1304 1305 0.0059
1299 1306 0.0129
1307 1306 0.0053
1655 1306 0.0416
1656 1306 0.0029
1306 1307 0.0053
1304 1308 0.0084
956 1309 0.0018
1310 1309 0.0078
1311 1309 0.0048
1309 1310 0.0078
1821 1310 0.0134
1828 1310 0.0085
954 1311 0.0051
1309 1311 0.0048
1312 1311 0.0193
1311 1312 0.0193
1316 1312 0.0013
1318 1312 0.0083
1821 1312 0.0052
1314 1313 0.014
1317 1313 0.0028
1823 1313 0.0131
1313 1314 0.014
1315 1314 0.0069
1805 1314 0.0022
1806 1314 0.0062
1825 1314 0.0043
1826 1314 0.0051
1314 1315 0.0069
1811 1315 0.0011
1817 1315 0.0066
1312 1316 0.0013
1317 1316 0.0018
1800 1316 0.0045
1804 1316 0.0051
1313 1317 0.0028
1316 1317 0.0018
1805 1317 0.0011
1312 1318 0.0083
952 1319 0.0011
1320 1319 0.0012
1337 1319 0.0016
1319 1320 0.0012
1321 1320 0.0036
1798 1320 0.0038
1320 1321 0.0036
1325 1321 0.0032
1796 1321 0.0064
1797 1321 0.001
949 1322 0.0031
1323 1322 0.0081
1326 1322 0.0057
1322 1323 0.0081
1324 1323 0.0152
1326 1323 0.0088
1323 1324 0.0152
1325 1324 0.0027
1328 1324 0.0028
1321 1325 0.0032
1324 1325 0.0027
1330 1325 0.0064
1322 1326 0.0057
1323 1326 0.0088
1327 1326 0.0022
1326 1327 0.0022
1324 1328 0.0028
1329 1328 0.0012
1332 1328 0.0074
1328 1329 0.0012
1330 1329 0.0128
1784 1329 0.0008
1325 1330 0.0064
1329 1330 0.0128
1331 1330 0.0067
1795 1330 0.0007
1330 1331 0.0067
1790 1331 0.0111
1792 1331 0.0025
1796 1331 0.0031
951 1332 0.0153
1328 1332 0.0074
1333 1332 0.028
1332 1333 0.028
1334 1333 0.0082
1338 1333 0.0313
1333 1334 0.0082
1335 1334 0.0026
1794 1334 0.0003
1334 1335 0.0026
1336 1335 0.0049
1784 1335 0.0013
1335 1336 0.0049
1781 1336 0.0005
1785 1336 0.0002
1319 1337 0.0016
1333 1338 0.0313
1339 1338 0.0119
1345 1338 0.0067
1338 1339 0.0119
1340 1339 0.0109
1343 1339 0.0067
1339 1340 0.0109
1341 1340 0.0027
1342 1340 0.0013
1340 1341 0.0027
1781 1341 0.0012
1783 1341 0.0007
1340 1342 0.0013
1339 1343 0.0067
1344 1343 0.0071
1777 1343 0.0005
1343 1344 0.0071
1776 1344 0.0017
1780 1344 0.0015
1338 1345 0.0067
1346 1345 0.0073
1764 1345 0.0054
1345 1346 0.0073
951 1347 0.0063
1348 1347 0.0085
1351 1347 0.0018
1347 1348 0.0085
1349 1348 0.0057
1350 1348 0.0057
1745 1348 0.0047
1348 1349 0.0057
1755 1349 0.0023
1756 1349 0.0056
1757 1349 0.005
1348 1350 0.0057
1756 1350 0.0117
1760 1350 0.0034
1347 1351 0.0018
963 1352 0.0335
1353 1352 0.0209
1358 1352 0.0049
1352 1353 0.0209
1354 1353 0.0033
1372 1353 0.001
1353 1354 0.0033
1355 1354 0.0103
1376 1354 0.002
1354 1355 0.0103
1356 1355 0.0055
1357 1355 0.0045
1355 1356 0.0055
1750 1356 0.0021
1753 1356 0.0008
1355 1357 0.0045
1742 1357 0.0029
1754 1357 0.0004
1352 1358 0.0049
1359 1358 0.002
1361 1358 0.0017
1372 1358 0.0022
1358 1359 0.002
1360 1359 0.0014
1372 1359 0.003
1359 1360 0.0014
1358 1361 0.0017
1362 1361 0.0021
1752 1361 0.0009
1361 1362 0.0021
1740 1362 0.004
1741 1362 0.0027
963 1363 0.0014
1364 1363 0.0072
1365 1363 0.0008
1363 1364 0.0072
1366 1364 0.0017
1739 1364 0.0006
967 1365 0.0038
1363 1365 0.0008
1366 1365 0.0598
1364 1366 0.0017
1365 1366 0.0598
1367 1366 0.0284
1366 1367 0.0284
1368 1367 0.0073
1371 1367 0.0017
1367 1368 0.0073
1370 1368 0.0065
1374 1368 0.0079
1370 1369 0.0247
1374 1369 0.0118
1729 1369 0.0135
1368 1370 0.0065
1369 1370 0.0247
1730 1370 0.001
1367 1371 0.0017
1353 1372 0.001
1358 1372 0.0022
1359 1372 0.003
1373 1372 0.0013
1372 1373 0.0013
1368 1374 0.0079
1369 1374 0.0118
1375 1374 0.0004
1374 1375 0.0004
1354 1376 0.002
967 1377 0.001
1378 1377 0.0038
1387 1377 0.0152
1377 1378 0.0038
1379 1378 0.008
1390 1378 0.0069
1378 1379 0.008
1380 1379 0.0227
1390 1379 0.0255
1379 1380 0.0227
1381 1380 0.143
1389 1380 0.0301
1391 1380 0.0214
1380 1381 0.143
1382 1381 0.0046
1389 1381 0.0136
1405 1381 0.0045
1381 1382 0.0046
1383 1382 0.0028
1388 1382 0.0069
1402 1382 0.021
1382 1383 0.0028
1384 1383 0.0013
1401 1383 0.0021
1402 1383 0.0095
1411 1383 0.0018
1383 1384 0.0013
1385 1384 0.0642
1413 1384 0.0073
1384 1385 0.0642
1386 1385 0.0173
1388 1385 0.0321
1385 1386 0.0173
1387 1386 0.051
1413 1386 0.002
1377 1387 0.0152
1386 1387 0.051
1662 1387 0.0048
1382 1388 0.0069
1385 1388 0.0321
1389 1388 0.0195
1380 1389 0.0301
1381 1389 0.0136
1388 1389 0.0195
1378 1390 0.0069
1379 1390 0.0255
1716 1390 0.005
1380 1391 0.0214
1392 1391 0.041
1405 1391 0.0457
1391 1392 0.041
1393 1392 0.011
1717 1392 0.0017
1392 1393 0.011
1394 1393 0.0079
1398 1393 0.0024
1712 1393 0.0014
1393 1394 0.0079
1006 1395 0.0103
1396 1395 0.0112
1401 1395 0.0079
1395 1396 0.0112
1397 1396 0.0034
1403 1396 0.0023
1396 1397 0.0034
1398 1397 0.0059
1399 1397 0.0027
1393 1398 0.0024
1397 1398 0.0059
1399 1398 0.0091
1397 1399 0.0027
1398 1399 0.0091
1400 1399 0.0046
1399 1400 0.0046
1415 1400 0.0036
1711 1400 0.0069
1383 1401 0.0021
1395 1401 0.0079
1402 1401 0.0007
1406 1401 0.0014
1382 1402 0.021
1383 1402 0.0095
1401 1402 0.0007
1403 1402 0.0154
1404 1402 0.0158
1396 1403 0.0023
1402 1403 0.0154
1404 1403 0.0018
1402 1404 0.0158
1403 1404 0.0018
1405 1404 0.0102
1381 1405 0.0045
1391 1405 0.0457
1404 1405 0.0102
1732 1405 0.0023
1005 1406 0.0121
1401 1406 0.0014
1407 1406 0.0062
1406 1407 0.0062
1408 1407 0.0029
1412 1407 0.0012
1407 1408 0.0029
1409 1408 0.0022
1677 1408 0.0007
1000 1409 0.0004
1408 1409 0.0022
1410 1409 0.0008
1412 1409 0.0008
1001 1410 0.0014
1409 1410 0.0008
1411 1410 0.0012
1383 1411 0.0018
1410 1411 0.0012
1412 1411 0.0005
1407 1412 0.0012
1409 1412 0.0008
1411 1412 0.0005
1001 1413 0.0066
1384 1413 0.0073
1386 1413 0.002
1004 1414 0.0053
1006 1414 0.005
1415 1414 0.0126
1400 1415 0.0036
1414 1415 0.0126
1416 1415 0.0384
1415 1416 0.0384
1417 1416 0.0092
1419 1416 0.003
1416 1417 0.0092
1418 1417 0.008
1703 1417 0.0008
1707 1417 0.0004
1417 1418 0.008
1419 1418 0.0106
1441 1418 0.0035
1702 1418 0.0031
1416 1419 0.003
1418 1419 0.0106
1420 1419 0.0034
1004 1420 0.0184
1419 1420 0.0034
1421 1420 0.0301
1420 1421 0.0301
1422 1421 0.0044
1431 1421 0.029
1421 1422 0.0044
1441 1422 0.0019
1685 1422 0.0473
1685 1423 0.0324
1686 1423 0.0329
1688 1423 0.0096
1691 1423 0.0069
1011 1424 0.0024
1028 1424 0.0023
1425 1424 0.0013
1424 1425 0.0013
1426 1425 0.0081
1431 1425 0.0042
1425 1426 0.0081
1427 1426 0.0165
1431 1426 0.0066
1435 1426 0.0064
1682 1426 0.0101
1683 1426 0.0157
1426 1427 0.0165
1428 1427 0.0104
1430 1427 0.0053
1694 1427 0.0084
1427 1428 0.0104
1429 1428 0.0134
1694 1428 0.027
1695 1428 0.0024
1428 1429 0.0134
1684 1429 0.0136
1686 1429 0.0006
1427 1430 0.0053
1431 1430 0.0238
1684 1430 0.0195
1421 1431 0.029
1425 1431 0.0042
1426 1431 0.0066
1430 1431 0.0238
1025 1432 0.0005
1026 1432 0.0084
1028 1432 0.1046
1028 1433 0.0173
1434 1433 0.0163
1435 1433 0.0022
1442 1433 0.0104
1433 1434 0.0163
1435 1434 0.01
1437 1434 0.0295
1426 1435 0.0064
1433 1435 0.0022
1434 1435 0.01
1436 1435 0.0086
1435 1436 0.0086
1437 1436 0.0053
1694 1436 0.0032
1434 1437 0.0295
1436 1437 0.0053
1438 1437 0.0168
1437 1438 0.0168
1439 1438 0.0089
1442 1438 0.0043
1438 1439 0.0089
1440 1439 0.0082
1443 1439 0.0004
1439 1440 0.0082
1418 1441 0.0035
1422 1441 0.0019
1700 1441 0.0157
1027 1442 0.0037
1433 1442 0.0104
1438 1442 0.0043
1439 1443 0.0004
1444 1443 0.0056
1679 1443 0.0112
1443 1444 0.0056
1031 1445 0.0063
1446 1445 0.0012
1447 1445 0.0074
1445 1446 0.0012
1445 1447 0.0074
1448 1447 0.0121
1449 1447 0.0013
1450 1447 0.0253
1681 1447 0.0006
1447 1448 0.0121
1032 1449 0.0008
1447 1449 0.0013
1450 1449 0.0025
1447 1450 0.0253
1449 1450 0.0025
1451 1450 0.0086
1450 1451 0.0086
1029 1452 0.0005
1037 1453 0.0013
1036 1454 0.0024
1037 1454 0.0034
1455 1454 0.0085
1457 1454 0.0049
1454 1455 0.0085
1456 1455 0.0018
1459 1455 0.0019
1455 1456 0.0018
1454 1457 0.0049
1458 1457 0.0025
1461 1457 0.0027
1457 1458 0.0025
1455 1459 0.0019
1040 1460 0.0019
1036 1461 0.0041
1062 1461 0.0009
1457 1461 0.0027
1040 1462 0.0018
852 1463 0.0018
1190 1464 0.0011
1133 1465 0.0025
1466 1465 0.0004
1474 1465 0.0006
1479 1465 0.0004
1465 1466 0.0004
1467 1466 0.0014
1470 1466 0.001
1466 1467 0.0014
1468 1467 0.0004
1469 1467 0.0004
1467 1468 0.0004
1467 1469 0.0004
1466 1470 0.001
1471 1470 0.0008
1473 1470 0.0002
1470 1471 0.0008
1473 1471 0.0004
1488 1471 0.0006
1100 1472 0.0002
1102 1473 0.0009
1470 1473 0.0002
1471 1473 0.0004
1465 1474 0.0006
1483 1474 0.0031
1484 1474 0.0029
1108 1475 0.0003
1110 1475 0.0005
1476 1475 0.0004
1477 1475 0.0003
1475 1476 0.0004
1475 1477 0.0003
1099 1478 0.014
1134 1478 0.001
1479 1478 0.0038
1133 1479 0.0015
1465 1479 0.0004
1478 1479 0.0038
1106 1480 0.0016
1094 1481 0.0008
1097 1482 0.0004
227 1483 0.0016
1474 1483 0.0031
1485 1483 0.0008
1474 1484 0.0029
1483 1485 0.0008
1092 1486 0.0003
1092 1487 0.0006
1471 1488 0.0006
1099 1489 0.0114
1100 1489 0.0115
1490 1489 0.0013
1489 1490 0.0013
161 1491 0.0002
729 1492 0.0015
38 1493 0.0011
763 1494 0.0018
781 1495 0.0004
826 1495 0.0036
1496 1495 0.0008
825 1496 0.0028
826 1496 0.0094
1139 1496 0.0007
1495 1496 0.0008
823 1497 0.0004
835 1498 0.0002
1500 1499 0.0034
1501 1499 0.0007
1502 1499 0.0022
1150 1500 0.0022
1151 1500 0.0085
1499 1500 0.0034
828 1501 0.0024
1150 1501 0.0031
1499 1501 0.0007
1142 1502 0.0013
1151 1502 0.0012
1499 1502 0.0022
1165 1503 0.0042
1166 1503 0.0072
1167 1503 0.0002
1163 1504 0.0016
1164 1504 0.0012
1166 1504 0.0023
1175 1504 0.0053
1160 1505 0.0004
1164 1505 0.0007
1506 1505 0.0028
1175 1506 0.0016
1176 1506 0.0054
1505 1506 0.0028
1176 1507 0.0011
1176 1508 0.0013
1178 1508 0.002
1509 1508 0.0014
1511 1508 0.0007
1512 1508 0.0012
1508 1509 0.0014
1178 1510 0.0052
1511 1510 0.0003
1515 1510 0.001
1508 1511 0.0007
1510 1511 0.0003
1512 1511 0.0006
1508 1512 0.0012
1511 1512 0.0006
1513 1512 0.0013
1512 1513 0.0013
1514 1513 0.0013
1515 1513 0.0003
1513 1514 0.0013
1510 1515 0.001
1513 1515 0.0003
1516 1515 0.0021
1515 1516 0.0021
1178 1517 0.0013
1182 1517 0.0003
1518 1517 0.002
1517 1518 0.002
1519 1518 0.0021
1520 1518 0.0017
1518 1519 0.0021
1518 1520 0.0017
1196 1521 0.0028
1522 1521 0.0095
1523 1521 0.0089
1521 1522 0.0095
1521 1523 0.0089
1189 1524 0.0044
1192 1525 0.0021
1199 1526 0.0099
1206 1526 0.0028
1527 1526 0.0018
1206 1527 0.0028
1207 1527 0.0006
1526 1527 0.0018
1206 1528 0.004
1207 1528 0.003
1208 1528 0.0041
1210 1528 0.0012
1207 1529 0.0014
853 1530 0.0006
1173 1531 0.0008
837 1532 0.024
838 1532 0.0091
1154 1532 0.0024
8 1533 0.0048
663 1533 0.022
664 1533 0.0178
73 1534 0.0112
43 1535 0.0028
170 1536 0.0007
174 1536 0.0002
229 1536 0.0009
1105 1536 0.0095
213 1537 0.0091
212 1538 0.0015
1539 1538 0.0044
1544 1538 0.0013
1538 1539 0.0044
1545 1539 0.0022
1547 1539 0.0052
1089 1540 0.0006
1089 1541 0.0004
1090 1541 0.0003
1542 1541 0.0003
1543 1541 0.0011
1541 1542 0.0003
226 1543 0.0023
1541 1543 0.0011
1544 1543 0.0007
1538 1544 0.0013
1543 1544 0.0007
1545 1544 0.0045
228 1545 0.0006
1539 1545 0.0022
1544 1545 0.0045
1546 1545 0.0004
1545 1546 0.0004
1539 1547 0.0052
228 1548 0.0064
1086 1548 0.0005
1094 1548 0.0125
1089 1549 0.0008
222 1550 0.0018
231 1550 0.0283
234 1550 0.001
1551 1550 0.0006
1075 1551 0.0003
1076 1551 0.0003
1550 1551 0.0006
234 1552 0.0021
1553 1552 0.0004
1557 1552 0.0003
1552 1553 0.0004
1554 1553 0.0034
1557 1553 0.0008
1553 1554 0.0034
233 1555 0.0009
237 1555 0.0028
1556 1555 0.0015
1557 1555 0.0008
1555 1556 0.0015
1552 1557 0.0003
1553 1557 0.0008
1555 1557 0.0008
237 1558 0.0008
236 1559 0.0013
284 1559 0.0003
1082 1559 0.0022
247 1560 0.0313
291 1560 0.0039
292 1560 0.0278
1561 1560 0.0172
286 1561 0.023
291 1561 0.003
1560 1561 0.0172
302 1562 0.0009
303 1562 0.0024
1059 1562 0.0076
1563 1562 0.0007
1562 1563 0.0007
1059 1564 0.0006
306 1565 0.0129
307 1565 0.0681
1068 1565 0.0002
374 1566 0.0044
381 1566 0.0161
1567 1566 0.0013
371 1567 0.0115
373 1567 0.0069
1566 1567 0.0013
1 1568 0.0142
401 1568 0.022
405 1568 0.0232
1 1569 0.0029
381 1569 0.008
401 1569 0.013
524 1570 0.0093
543 1570 0.0254
544 1570 0.0288
589 1571 0.0178
630 1571 0.0527
631 1571 0.0219
883 1572 0.0036
1224 1572 0.0008
1234 1572 0.0032
1235 1572 0.0034
1247 1573 0.0008
1235 1574 0.0005
1262 1575 0.0029
1263 1575 0.0017
1269 1575 0.0052
893 1576 0.003
907 1576 0.0053
1270 1576 0.0016
587 1577 0.0127
596 1577 0.0104
597 1577 0.0267
541 1578 0.0112
542 1578 0.0227
554 1578 0.0126
542 1579 0.0202
577 1580 0.0026
578 1580 0.0007
739 1580 0.0213
587 1581 0.0131
739 1581 0.0126
1582 1581 0.0661
576 1582 0.004
588 1582 0.0241
1581 1582 0.0661
518 1583 0.0112
541 1583 0.0413
547 1583 0.0057
358 1584 0.0022
370 1584 0.0007
424 1584 0.0037
993 1585 0.0006
996 1586 0.0007
983 1587 0.0049
987 1587 0.0126
1588 1587 0.0177
1587 1588 0.0177
449 1589 0.0083
738 1589 0.002
1590 1589 0.0026
450 1590 0.0028
473 1590 0.0017
1589 1590 0.0026
1591 1590 0.0171
451 1591 0.0046
488 1591 0.0047
489 1591 0.0156
1590 1591 0.0171
491 1592 0.004
492 1592 0.004
738 1592 0.0029
456 1593 0.0037
736 1593 0.0085
737 1593 0.0032
474 1594 0.0019
1595 1594 0.0117
1598 1594 0.0063
1594 1595 0.0117
1596 1595 0.0025
1598 1595 0.0034
461 1596 0.0025
737 1596 0.0053
1595 1596 0.0025
1597 1596 0.0043
1596 1597 0.0043
461 1598 0.0065
1594 1598 0.0063
1595 1598 0.0034
472 1599 0.0022
478 1599 0.0032
1600 1599 0.0034
1599 1600 0.0034
744 1601 0.0114
923 1601 0.0055
1602 1601 0.017
1601 1602 0.017
507 1603 0.0009
526 1603 0.0005
1604 1603 0.0028
526 1604 0.0004
546 1604 0.0011
1603 1604 0.0028
549 1605 0.0027
534 1606 0.0031
540 1607 0.0248
542 1607 0.1091
1609 1607 0.0159
1610 1607 0.0326
1610 1608 0.0259
540 1609 0.0216
1607 1609 0.0159
1611 1609 0.0546
1607 1610 0.0326
1608 1610 0.0259
1611 1610 0.017
919 1611 0.0075
1609 1611 0.0546
1610 1611 0.017
916 1612 0.0096
916 1613 0.0263
1614 1613 0.0539
1617 1613 0.0212
915 1614 0.0252
1613 1614 0.0539
1615 1614 0.0382
1618 1614 0.0182
1614 1615 0.0382
1616 1615 0.0388
1618 1615 0.0494
1615 1616 0.0388
1613 1617 0.0212
915 1618 0.0119
1614 1618 0.0182
1615 1618 0.0494
1619 1618 0.0265
1620 1618 0.0253
1618 1619 0.0265
915 1620 0.033
1618 1620 0.0253
1621 1620 0.0517
1622 1620 0.0115
1620 1621 0.0517
1620 1622 0.0115
1288 1623 0.0343
1292 1623 0.0217
1624 1623 0.0206
1626 1623 0.0434
1623 1624 0.0206
1290 1625 0.0239
1291 1625 0.0321
1626 1625 0.012
1623 1626 0.0434
1625 1626 0.012
1627 1626 0.0375
1626 1627 0.0375
1251 1628 0.0057
1254 1628 0.0023
1255 1628 0.0041
1271 1628 0.0067
1243 1629 0.0009
1251 1629 0.0102
1630 1629 0.0019
1629 1630 0.0019
1246 1631 0.022
1632 1631 0.0121
1635 1631 0.0069
1631 1632 0.0121
1633 1632 0.0018
1635 1632 0.0151
1632 1633 0.0018
1634 1633 0.0038
1635 1633 0.0014
1636 1633 0.0047
1633 1634 0.0038
1631 1635 0.0069
1632 1635 0.0151
1633 1635 0.0014
1246 1636 0.0103
1633 1636 0.0047
1637 1636 0.0052
1638 1636 0.0072
1636 1637 0.0052
1636 1638 0.0072
1639 1638 0.0064
1855 1638 0.0074
1638 1639 0.0064
1640 1639 0.028
1854 1639 0.0287
1639 1640 0.028
1272 1641 0.0049
1642 1641 0.0274
1643 1641 0.0213
1641 1642 0.0274
1641 1643 0.0213
1272 1644 0.0082
1260 1645 0.0101
1275 1646 0.0137
1277 1646 0.041
1647 1646 0.0238
911 1647 0.0034
1646 1647 0.0238
1648 1647 0.0085
1649 1647 0.0135
1647 1648 0.0085
1260 1649 0.0072
1276 1649 0.0142
1647 1649 0.0135
1290 1650 0.0051
483 1651 0.0032
928 1652 0.0607
923 1653 0.0071
925 1653 0.0073
1654 1653 0.0108
1653 1654 0.0108
930 1655 0.0406
1299 1655 0.0242
1306 1655 0.0416
1656 1655 0.05
930 1656 0.037
1300 1656 0.0315
1306 1656 0.0029
1655 1656 0.05
932 1657 0.0207
1296 1657 0.0451
1300 1657 0.0324
938 1658 0.0158
939 1658 0.0032
947 1658 0.0039
1659 1658 0.0032
1660 1658 0.0017
938 1659 0.0023
969 1659 0.0247
1658 1659 0.0032
940 1660 0.0045
941 1660 0.0108
1658 1660 0.0017
974 1661 0.0011
946 1662 0.0056
975 1662 0.0104
1387 1662 0.0048
975 1663 0.0307
978 1663 0.008
979 1663 0.037
935 1664 0.0006
935 1665 0.0078
1297 1665 0.0042
1666 1665 0.0032
936 1666 0.0277
1665 1666 0.0032
1667 1666 0.0161
1666 1667 0.0161
981 1668 0.0016
988 1669 0.0003
1000 1669 0.0021
1670 1669 0.0033
983 1670 0.0012
1669 1670 0.0033
1672 1670 0.0092
1675 1670 0.0006
980 1671 0.0045
983 1671 0.0086
1673 1671 0.0022
983 1672 0.012
1670 1672 0.0092
1676 1672 0.0037
1671 1673 0.0022
1674 1673 0.0026
1676 1673 0.001
1673 1674 0.0026
1675 1674 0.0008
1676 1674 0.0012
1001 1675 0.0362
1670 1675 0.0006
1674 1675 0.0008
1672 1676 0.0037
1673 1676 0.001
1674 1676 0.0012
999 1677 0.0007
1408 1677 0.0007
1678 1677 0.0011
1677 1678 0.0011
1027 1679 0.0162
1443 1679 0.0112
1680 1679 0.0025
1679 1680 0.0025
1447 1681 0.0006
1426 1682 0.0101
1426 1683 0.0157
1429 1684 0.0136
1430 1684 0.0195
1685 1684 0.001
1422 1685 0.0473
1423 1685 0.0324
1684 1685 0.001
1423 1686 0.0329
1429 1686 0.0006
1687 1686 0.0053
1686 1687 0.0053
1423 1688 0.0096
1689 1688 0.0055
1690 1688 0.004
1688 1689 0.0055
1688 1690 0.004
1423 1691 0.0069
1692 1691 0.0008
1693 1691 0.0055
1691 1692 0.0008
1691 1693 0.0055
1427 1694 0.0084
1428 1694 0.027
1436 1694 0.0032
1428 1695 0.0024
1696 1695 0.0139
1700 1695 0.0102
1695 1696 0.0139
1697 1696 0.0502
1702 1696 0.024
1696 1697 0.0502
1698 1697 0.0102
1702 1697 0.0132
1697 1698 0.0102
1699 1698 0.0102
1709 1698 0.0025
1698 1699 0.0102
1441 1700 0.0157
1695 1700 0.0102
1701 1700 0.0022
1700 1701 0.0022
1418 1702 0.0031
1696 1702 0.024
1697 1702 0.0132
1417 1703 0.0008
1704 1703 0.002
1705 1703 0.0028
1703 1704 0.002
1703 1705 0.0028
1706 1705 0.0311
1708 1705 0.0015
1705 1706 0.0311
1417 1707 0.0004
1705 1708 0.0015
1698 1709 0.0025
1710 1709 0.0062
1720 1709 0.0191
1709 1710 0.0062
1711 1710 0.0125
1718 1710 0.0019
1721 1710 0.031
1400 1711 0.0069
1710 1711 0.0125
1712 1711 0.0094
1719 1711 0.0007
1393 1712 0.0014
1711 1712 0.0094
1713 1712 0.0092
1712 1713 0.0092
1714 1713 0.0127
1717 1713 0.0064
1713 1714 0.0127
1715 1714 0.0124
1722 1714 0.0266
1727 1714 0.0058
1714 1715 0.0124
1716 1715 0.0051
1723 1715 0.0064
1390 1716 0.005
1715 1716 0.0051
1717 1716 0.0073
1392 1717 0.0017
1713 1717 0.0064
1716 1717 0.0073
1710 1718 0.0019
1711 1719 0.0007
1709 1720 0.0191
1721 1720 0.0161
1726 1720 0.0057
1710 1721 0.031
1720 1721 0.0161
1722 1721 0.0033
1714 1722 0.0266
1721 1722 0.0033
1723 1722 0.0095
1725 1722 0.0047
1726 1722 0.006
1715 1723 0.0064
1722 1723 0.0095
1724 1723 0.0243
1723 1724 0.0243
1725 1724 0.007
1728 1724 0.009
1722 1725 0.0047
1724 1725 0.007
1726 1725 0.0059
1720 1726 0.0057
1722 1726 0.006
1725 1726 0.0059
1714 1727 0.0058
1724 1728 0.009
1369 1729 0.0135
1730 1729 0.001
1733 1729 0.0154
1370 1730 0.001
1729 1730 0.001
1731 1730 0.007
1730 1731 0.007
1405 1732 0.0023
1729 1733 0.0154
1734 1733 0.0018
1735 1733 0.0136
1733 1734 0.0018
1733 1735 0.0136
1736 1735 0.0063
1737 1735 0.0091
1735 1736 0.0063
1735 1737 0.0091
1738 1737 0.0072
1750 1737 0.0106
1737 1738 0.0072
1364 1739 0.0006
1362 1740 0.004
1362 1741 0.0027
1357 1742 0.0029
1743 1742 0.0024
1744 1742 0.0018
1742 1743 0.0024
1742 1744 0.0018
1348 1745 0.0047
1746 1745 0.0022
1747 1745 0.0056
1745 1746 0.0022
1750 1746 0.0022
1751 1746 0.0057
1745 1747 0.0056
1748 1747 0.0039
1749 1747 0.0042
1747 1748 0.0039
1747 1749 0.0042
1356 1750 0.0021
1737 1750 0.0106
1746 1750 0.0022
1746 1751 0.0057
1361 1752 0.0009
1356 1753 0.0008
1357 1754 0.0004
1349 1755 0.0023
1349 1756 0.0056
1350 1756 0.0117
1757 1756 0.0124
1349 1757 0.005
1756 1757 0.0124
1758 1757 0.0027
1757 1758 0.0027
1759 1758 0.0023
1760 1758 0.0029
1758 1759 0.0023
1350 1760 0.0034
1758 1760 0.0029
1761 1760 0.0097
1760 1761 0.0097
1762 1761 0.0026
1763 1761 0.0011
1761 1762 0.0026
1761 1763 0.0011
1345 1764 0.0054
1765 1764 0.011
1771 1764 0.0031
1764 1765 0.011
1766 1765 0.0007
1767 1765 0.0007
1768 1765 0.0099
1765 1766 0.0007
1765 1767 0.0007
1765 1768 0.0099
1769 1768 0.003
1770 1768 0.0033
1768 1769 0.003
1768 1770 0.0033
1764 1771 0.0031
1772 1771 0.0009
1773 1771 0.0028
1771 1772 0.0009
1771 1773 0.0028
1774 1773 0.0062
1775 1773 0.0047
1773 1774 0.0062
1773 1775 0.0047
1344 1776 0.0017
1777 1776 0.0118
1779 1776 0.0003
1343 1777 0.0005
1776 1777 0.0118
1778 1777 0.0013
1777 1778 0.0013
1776 1779 0.0003
1344 1780 0.0015
1336 1781 0.0005
1341 1781 0.0012
1782 1781 0.009
1781 1782 0.009
1341 1783 0.0007
1329 1784 0.0008
1335 1784 0.0013
1785 1784 0.0013
1787 1784 0.0018
1336 1785 0.0002
1784 1785 0.0013
1786 1785 0.0012
1787 1785 0.002
1785 1786 0.0012
1787 1786 0.0003
1789 1786 0.0011
1784 1787 0.0018
1785 1787 0.002
1786 1787 0.0003
1788 1787 0.0011
1795 1787 0.0044
1787 1788 0.0011
1789 1788 0.0025
1791 1788 0.0011
1786 1789 0.0011
1788 1789 0.0025
1793 1789 0.0023
1331 1790 0.0111
1791 1790 0.0011
1795 1790 0.0022
1788 1791 0.0011
1790 1791 0.0011
1792 1791 0.0026
1331 1792 0.0025
1791 1792 0.0026
1793 1792 0.0008
1789 1793 0.0023
1792 1793 0.0008
1796 1793 0.0026
1334 1794 0.0003
1330 1795 0.0007
1787 1795 0.0044
1790 1795 0.0022
1321 1796 0.0064
1331 1796 0.0031
1793 1796 0.0026
1321 1797 0.001
1320 1798 0.0038
1799 1798 0.0007
1800 1798 0.0011
1798 1799 0.0007
1316 1800 0.0045
1798 1800 0.0011
1801 1800 0.0035
1804 1800 0.0076
1800 1801 0.0035
1802 1801 0.0011
1803 1801 0.0018
1801 1802 0.0011
1801 1803 0.0018
1316 1804 0.0051
1800 1804 0.0076
1805 1804 0.0051
1809 1804 0.0003
1314 1805 0.0022
1317 1805 0.0011
1804 1805 0.0051
1314 1806 0.0062
1807 1806 0.0002
1808 1806 0.001
1810 1806 0.001
1806 1807 0.0002
1806 1808 0.001
1809 1808 0.0009
1810 1808 0.0067
1804 1809 0.0003
1808 1809 0.0009
1810 1809 0.0006
1806 1810 0.001
1808 1810 0.0067
1809 1810 0.0006
1811 1810 0.0023
1812 1810 0.0008
1315 1811 0.0011
1810 1811 0.0023
1813 1811 0.0019
1814 1811 0.0007
1810 1812 0.0008
1811 1813 0.0019
1814 1813 0.0013
1816 1813 0.0004
1811 1814 0.0007
1813 1814 0.0013
1815 1814 0.0047
1814 1815 0.0047
1813 1816 0.0004
1315 1817 0.0066
1818 1817 0.0066
1819 1817 0.0128
1820 1817 0.0106
1817 1818 0.0066
1817 1819 0.0128
1817 1820 0.0106
1310 1821 0.0134
1312 1821 0.0052
1822 1821 0.0046
1828 1821 0.0105
1821 1822 0.0046
1823 1822 0.0126
1828 1822 0.0059
1313 1823 0.0131
1822 1823 0.0126
1824 1823 0.011
1827 1823 0.0083
1823 1824 0.011
1314 1825 0.0043
1314 1826 0.0051
1823 1827 0.0083
1310 1828 0.0085
1821 1828 0.0105
1822 1828 0.0059
1829 1828 0.0079
1828 1829 0.0079
962 1830 0.0018
1831 1830 0.0221
1832 1830 0.0234
1830 1831 0.0221
1830 1832 0.0234
933 1833 0.0066
1296 1834 0.0137
1835 1834 0.0149
1836 1834 0.0125
1834 1835 0.0149
1834 1836 0.0125
1295 1837 0.008
1295 1838 0.028
1839 1838 0.0247
1840 1838 0.0269
1841 1838 0.0252
1838 1839 0.0247
1838 1840 0.0269
1838 1841 0.0252
480 1842 0.0048
1303 1843 0.035
1844 1843 0.0307
1845 1843 0.0257
1843 1844 0.0307
1843 1845 0.0257
1303 1846 0.0075
1280 1847 0.0103
1280 1848 0.0097
1279 1849 0.006
1284 1850 0.0115
1284 1851 0.0211
1852 1851 0.0145
1853 1851 0.0166
1851 1852 0.0145
1851 1853 0.0166
1639 1854 0.0287
1638 1855 0.0074
