292 1 0.0001
460 1 0.0002
1319 1 0.0003
1347 1 0.0008
3 2 0.0023
7 2 0.003
17 2 0.0041
34 2 0.0005
35 2 0.0033
48 2 0.0004
53 2 0.0003
95 2 0.0012
108 2 0.0038
196 2 0.0004
204 2 0.0003
271 2 0.0041
325 2 0.0005
326 2 0.0003
423 2 0.0001
453 2 0.0011
528 2 0.0001
2 3 0.0023
4 3 0.0005
457 3 0.0005
3 4 0.0005
5 4 0.0004
6 4 0.0005
4 5 0.0004
296 5 0.0003
298 5 0.0002
661 5 0.0001
4 6 0.0005
2 7 0.003
10 7 0.001
49 7 0.0005
457 7 0.0014
990 7 0.0003
9 8 0.0005
333 8 0.0005
334 8 0.0003
457 8 0.0014
8 9 0.0005
276 9 0.0008
1012 9 0.0004
7 10 0.001
11 10 0.003
336 10 0.0005
10 11 0.003
12 11 0.0009
15 11 0.0015
11 12 0.0009
15 12 0.0009
328 12 0.0018
305 13 0.0003
329 13 0.0006
334 13 0.0002
314 14 0.0009
318 14 0.001
330 14 0.0037
11 15 0.0015
12 15 0.0009
16 15 0.0011
339 15 0.0004
15 16 0.0011
58 16 0.0019
277 16 0.0011
2 17 0.0041
18 17 0.0007
24 17 0.0008
17 18 0.0007
19 18 0.0013
23 18 0.0003
118 18 0.0011
18 19 0.0013
138 19 0.0008
1131 19 0.0004
22 20 0.0002
110 20 0.0001
1191 20 0.0002
153 21 0.0002
1097 21 0.0004
1098 21 0.0012
20 22 0.0002
18 23 0.0003
17 24 0.0008
25 24 0.0007
146 24 0.0003
24 25 0.0007
144 25 0.0003
424 25 0.0004
672 25 0.0001
132 26 0.0006
166 26 0.0001
1193 26 0.0006
1258 26 0.0004
278 27 0.0001
29 28 0.0013
325 28 0.0012
509 28 0.0002
28 29 0.0013
230 30 0.0002
278 30 0.0001
982 30 0.0001
191 31 0.0001
196 31 0.0009
199 31 0.0002
568 31 0.0001
1212 32 0.0001
1212 33 0.0001
2 34 0.0005
157 34 0.0004
169 34 0.0003
2 35 0.0033
39 35 0.0017
45 35 0.0002
105 35 0.0007
264 36 0.0002
826 36 0.0002
949 36 0.0001
90 37 0.0029
93 37 0.0005
1015 37 0.0037
69 38 0.001
212 38 0.0029
235 38 0.0005
242 38 0.0013
35 39 0.0017
40 39 0.0004
95 39 0.0013
39 40 0.0004
42 40 0.0002
1006 40 0.0015
243 41 0.0003
40 42 0.0002
175 43 0.001
960 44 0.0009
1145 44 0.0003
1147 44 0.0001
35 45 0.0002
46 45 0.0026
993 45 0.0004
1006 45 0.0013
45 46 0.0026
265 47 0.0007
2 48 0.0004
49 48 0.0006
51 48 0.0013
7 49 0.0005
48 49 0.0006
50 49 0.0043
101 49 0.0008
49 50 0.0043
58 50 0.0007
101 50 0.0006
48 51 0.0013
52 51 0.0008
98 51 0.0048
51 52 0.0008
2 53 0.0003
54 53 0.0008
149 53 0.0003
53 54 0.0008
55 54 0.0009
505 54 0.0001
54 55 0.0009
152 55 0.0009
355 55 0.0001
66 56 0.0013
371 56 0.0002
1040 56 0.0014
878 57 0.0002
16 58 0.0019
50 58 0.0007
60 58 0.0006
1277 59 0.0004
58 60 0.0006
61 60 0.0005
1040 60 0.0006
60 61 0.0005
63 62 0.0012
98 62 0.0006
100 62 0.0017
62 63 0.0012
64 63 0.0005
99 63 0.0004
366 63 0.0002
63 64 0.0005
365 64 0.0014
366 64 0.0006
375 64 0.0062
1321 65 0.0002
56 66 0.0013
67 66 0.0013
285 66 0.0005
66 67 0.0013
451 67 0.0013
452 67 0.0005
384 68 0.0004
406 68 0.0015
452 68 0.0013
38 69 0.001
228 69 0.0005
1011 69 0.0013
854 70 0.0001
289 71 0.0012
75 72 0.0006
456 72 0.0003
786 72 0.0011
1245 72 0.0002
79 73 0.0005
85 73 0.0004
1188 73 0.0002
1024 74 0.0002
1239 74 0.0004
1241 74 0.0007
72 75 0.0006
109 76 0.0002
621 77 0.0002
624 77 0.0003
1034 77 0.0006
619 78 0.0006
645 78 0.0004
939 78 0.0001
73 79 0.0005
235 80 0.0015
609 80 0.0011
611 80 0.0007
83 81 0.0005
584 81 0.0005
609 81 0.0009
86 82 0.0002
628 82 0.0001
1257 82 0.0002
81 83 0.0005
84 83 0.0009
585 83 0.0005
607 83 0.0012
83 84 0.0009
87 84 0.0002
608 84 0.0008
73 85 0.0004
82 86 0.0002
84 87 0.0002
610 87 0.0009
616 87 0.0002
616 88 0.0007
467 89 0.0005
37 90 0.0029
237 90 0.0022
1014 90 0.0023
212 91 0.0014
213 91 0.0007
237 91 0.0014
94 92 0.0003
96 92 0.0002
491 92 0.0004
539 92 0.0001
37 93 0.0005
245 93 0.0004
1007 93 0.0004
92 94 0.0003
2 95 0.0012
39 95 0.0013
271 95 0.0002
92 96 0.0002
1004 97 0.0001
51 98 0.0048
62 98 0.0006
99 98 0.0016
63 99 0.0004
98 99 0.0016
991 99 0.0006
62 100 0.0017
362 100 0.0014
365 100 0.0007
994 100 0.0011
995 100 0.0012
49 101 0.0008
50 101 0.0006
104 101 0.0004
994 101 0.0007
215 102 0.0004
915 103 0.0005
101 104 0.0004
363 104 0.0003
995 104 0.0012
35 105 0.0007
107 105 0.0007
209 105 0.0025
115 106 0.0005
868 106 0.0002
1280 106 0.0001
105 107 0.0007
2 108 0.0038
112 108 0.0001
116 108 0.0002
271 108 0.0021
76 109 0.0002
117 109 0.0003
583 109 0.0002
1280 109 0.0002
20 110 0.0001
1279 111 0.0001
108 112 0.0001
151 113 0.0002
684 113 0.0004
980 113 0.0001
1277 113 0.0004
1298 113 0.0005
848 114 0.0002
106 115 0.0005
108 116 0.0002
109 117 0.0003
18 118 0.0011
129 118 0.0006
673 118 0.0002
124 119 0.0003
129 119 0.0047
458 119 0.0002
827 120 0.0003
1060 121 0.0003
1061 122 0.0001
1061 123 0.0002
119 124 0.0003
493 124 0.0003
499 124 0.0001
674 124 0.0002
1066 125 0.0001
127 126 0.0008
240 126 0.0001
1090 126 0.0002
126 127 0.0008
128 127 0.0002
658 127 0.0004
127 128 0.0002
118 129 0.0006
119 129 0.0047
130 129 0.0011
129 130 0.0011
131 130 0.0025
135 130 0.0006
130 131 0.0025
458 131 0.0003
986 131 0.0001
26 132 0.0006
1196 132 0.0002
1258 132 0.0003
134 133 0.0003
680 133 0.0006
1086 133 0.0001
133 134 0.0003
130 135 0.0006
136 135 0.0027
137 135 0.0009
135 136 0.0027
135 137 0.0009
19 138 0.0008
139 138 0.0009
1135 138 0.0006
138 139 0.0009
140 139 0.0014
1136 139 0.0027
139 140 0.0014
475 140 0.0003
1136 140 0.0028
516 141 0.0003
1180 141 0.0006
1283 141 0.0003
143 142 0.0002
702 142 0.0004
778 142 0.0002
1307 142 0.0003
142 143 0.0002
25 144 0.0003
627 145 0.0005
630 145 0.0005
702 145 0.0008
24 146 0.0003
700 147 0.0003
250 148 0.0003
1305 148 0.0001
1331 148 0.0016
53 149 0.0003
164 150 0.0005
1037 150 0.0013
1194 150 0.0004
113 151 0.0002
301 151 0.0008
664 151 0.0007
55 152 0.0009
21 153 0.0002
482 153 0.0003
691 153 0.0005
1208 154 0.0001
971 155 0.0003
1108 155 0.0003
1271 155 0.0002
1193 156 0.0001
34 157 0.0004
158 157 0.0009
171 157 0.0006
157 158 0.0009
161 158 0.0004
162 158 0.0009
176 158 0.0004
160 159 0.0013
392 159 0.0008
401 159 0.0006
570 159 0.0006
159 160 0.0013
178 160 0.0013
206 160 0.0013
570 160 0.002
158 161 0.0004
158 162 0.0009
164 163 0.0012
175 163 0.0006
570 163 0.0005
150 164 0.0005
163 164 0.0012
165 164 0.0014
187 164 0.0012
164 165 0.0014
187 165 0.0008
668 165 0.0013
26 166 0.0001
170 166 0.0008
964 166 0.0005
1206 166 0.0005
168 167 0.0005
394 167 0.0016
698 167 0.0018
850 167 0.0012
167 168 0.0005
809 168 0.0018
850 168 0.0007
34 169 0.0003
166 170 0.0008
157 171 0.0006
507 171 0.0001
512 171 0.0001
809 172 0.0004
652 173 0.0005
175 174 0.0011
393 174 0.0003
850 174 0.0007
43 175 0.001
163 175 0.0006
174 175 0.0011
158 176 0.0004
177 176 0.001
791 176 0.0002
176 177 0.001
160 178 0.0013
182 178 0.0012
1037 178 0.0016
180 179 0.0013
325 179 0.0002
508 179 0.0017
179 180 0.0013
1232 181 0.0003
178 182 0.0012
184 182 0.0021
200 182 0.0004
1196 183 0.0004
182 184 0.0021
287 184 0.0009
1037 184 0.0024
186 185 0.0008
189 185 0.0002
326 185 0.0004
185 186 0.0008
164 187 0.0012
165 187 0.0008
1194 187 0.001
371 188 0.0004
384 188 0.0004
449 188 0.0005
185 189 0.0002
855 189 0.0001
859 189 0.0001
282 190 0.0017
283 190 0.0021
349 190 0.0012
417 190 0.0006
31 191 0.0001
193 191 0.0004
203 191 0.0004
747 192 0.0002
191 193 0.0004
1314 194 0.0004
326 195 0.0001
2 196 0.0004
31 196 0.0009
201 196 0.0003
747 197 0.0002
967 198 0.0001
31 199 0.0002
182 200 0.0004
981 200 0.0005
985 200 0.0023
196 201 0.0003
287 202 0.001
668 202 0.0004
985 202 0.0007
191 203 0.0004
2 204 0.0003
205 204 0.0002
207 204 0.0008
204 205 0.0002
160 206 0.0013
401 206 0.0008
402 206 0.0008
204 207 0.0008
665 208 0.0008
666 208 0.0009
1059 208 0.0002
105 209 0.0025
210 209 0.0002
1015 209 0.0031
209 210 0.0002
211 210 0.0019
214 210 0.0005
210 211 0.0019
38 212 0.0029
91 212 0.0014
1014 212 0.0003
91 213 0.0007
210 214 0.0005
216 214 0.003
233 214 0.0002
102 215 0.0004
527 215 0.0002
1265 215 0.0004
214 216 0.003
217 216 0.0008
219 216 0.0004
216 217 0.0008
764 218 0.0008
1047 218 0.0008
1094 218 0.0012
216 219 0.0004
221 220 0.0001
222 220 0.0002
711 220 0.0001
220 221 0.0001
220 222 0.0002
224 223 0.0006
557 223 0.0002
1101 223 0.0011
223 224 0.0006
556 225 0.0002
1101 225 0.0009
1112 225 0.0002
228 226 0.0004
255 226 0.0011
257 226 0.0016
620 226 0.0006
621 226 0.0008
658 227 0.0004
69 228 0.0005
226 228 0.0004
231 228 0.0003
658 229 0.0001
1083 229 0.0001
1146 229 0.0002
30 230 0.0002
228 231 0.0003
232 231 0.0003
620 231 0.001
231 232 0.0003
214 233 0.0002
571 233 0.0001
576 233 0.0001
1146 234 0.0005
38 235 0.0005
80 235 0.0015
611 235 0.0006
1146 236 0.0005
90 237 0.0022
91 237 0.0014
238 237 0.0049
237 238 0.0049
242 238 0.0005
244 238 0.0009
752 239 0.0001
126 240 0.0001
241 240 0.0002
573 240 0.0002
240 241 0.0002
38 242 0.0013
238 242 0.0005
244 242 0.0021
1011 242 0.003
41 243 0.0003
260 243 0.0001
821 243 0.0005
238 244 0.0009
242 244 0.0021
245 244 0.0019
93 245 0.0004
244 245 0.0019
246 245 0.0014
248 245 0.0006
245 246 0.0014
255 246 0.0005
261 246 0.0003
1011 246 0.0048
249 247 0.0005
477 247 0.0003
805 247 0.0005
245 248 0.0006
252 248 0.0003
993 248 0.0003
247 249 0.0005
148 250 0.0003
477 251 0.0002
248 252 0.0003
254 252 0.0003
266 252 0.001
1262 253 0.0001
252 254 0.0003
226 255 0.0011
246 255 0.0005
257 255 0.0005
295 256 0.0003
226 257 0.0016
255 257 0.0005
258 257 0.0007
257 258 0.0007
428 258 0.0012
692 258 0.0002
942 259 0.0001
1213 259 0.0001
1232 259 0.0002
243 260 0.0001
246 261 0.0003
262 261 0.0007
263 261 0.0007
261 262 0.0007
261 263 0.0007
36 264 0.0002
47 265 0.0007
1216 265 0.0009
1256 265 0.0004
1284 265 0.0002
252 266 0.001
267 266 0.0005
268 266 0.0006
266 267 0.0005
266 268 0.0006
269 268 0.0006
270 268 0.0008
268 269 0.0006
268 270 0.0008
2 271 0.0041
95 271 0.0002
108 271 0.0021
272 271 0.0009
271 272 0.0009
273 272 0.0004
274 272 0.0002
275 272 0.0005
272 273 0.0004
272 274 0.0002
272 275 0.0005
9 276 0.0008
299 276 0.0003
718 276 0.0002
16 277 0.0011
279 277 0.0025
1040 277 0.0005
27 278 0.0001
30 278 0.0001
927 278 0.0001
277 279 0.0025
280 279 0.0014
281 279 0.0009
279 280 0.0014
282 280 0.0009
285 280 0.0014
998 280 0.0012
279 281 0.0009
282 281 0.0023
283 281 0.0034
284 281 0.0027
190 282 0.0017
280 282 0.0009
281 282 0.0023
451 282 0.0003
998 282 0.0037
190 283 0.0021
281 283 0.0034
349 283 0.001
281 284 0.0027
66 285 0.0005
280 285 0.0014
1040 285 0.0038
1062 286 0.0004
184 287 0.0009
202 287 0.001
1194 287 0.0015
1062 288 0.0002
71 289 0.0012
291 289 0.0015
1277 289 0.0001
295 290 0.0006
833 290 0.0001
1021 290 0.0001
1237 290 0.0005
289 291 0.0015
1 292 0.0001
293 292 0.0002
294 292 0.0003
321 292 0.0004
292 293 0.0002
292 294 0.0003
256 295 0.0003
290 295 0.0006
883 295 0.0001
5 296 0.0003
684 297 0.0001
5 298 0.0002
276 299 0.0003
302 300 0.0005
151 301 0.0008
300 302 0.0005
303 302 0.0013
665 302 0.0003
667 302 0.0003
1012 302 0.0007
302 303 0.0013
684 304 0.0001
13 305 0.0003
306 305 0.0003
314 305 0.0005
666 305 0.0003
305 306 0.0003
307 306 0.0004
309 306 0.0003
315 306 0.0003
306 307 0.0004
308 307 0.0008
662 307 0.0002
307 308 0.0008
306 309 0.0003
310 309 0.0009
313 309 0.0004
309 310 0.0009
550 311 0.0002
1026 312 0.0005
309 313 0.0004
14 314 0.0009
305 314 0.0005
315 314 0.0007
306 315 0.0003
314 315 0.0007
320 315 0.0005
548 316 0.0001
841 316 0.0001
878 316 0.0005
335 317 0.0001
934 317 0.0001
983 317 0.0001
14 318 0.001
319 318 0.0014
354 318 0.0013
318 319 0.0014
315 320 0.0005
322 320 0.0008
324 320 0.0002
292 321 0.0004
320 322 0.0008
469 323 0.0003
320 324 0.0002
2 325 0.0005
28 325 0.0012
179 325 0.0002
2 326 0.0003
185 326 0.0004
195 326 0.0001
867 327 0.0002
876 327 0.0001
1242 327 0.0004
12 328 0.0018
329 328 0.0034
331 328 0.0014
13 329 0.0006
328 329 0.0034
330 329 0.0016
14 330 0.0037
329 330 0.0016
354 330 0.0009
328 331 0.0014
332 331 0.0011
348 331 0.0002
331 332 0.0011
8 333 0.0005
8 334 0.0003
13 334 0.0002
336 334 0.0003
317 335 0.0001
10 336 0.0005
334 336 0.0003
337 336 0.0017
338 336 0.001
336 337 0.0017
336 338 0.001
15 339 0.0004
340 339 0.0004
1000 339 0.0006
339 340 0.0004
341 340 0.0015
342 340 0.001
340 341 0.0015
340 342 0.001
343 342 0.0007
344 342 0.001
342 343 0.0007
342 344 0.001
345 344 0.001
348 344 0.0004
344 345 0.001
1339 346 0.0003
1149 347 0.0004
331 348 0.0002
344 348 0.0004
349 348 0.0014
351 348 0.0016
190 349 0.0012
283 349 0.001
348 349 0.0014
351 349 0.0013
395 349 0.0018
417 349 0.0019
1152 350 0.0001
1172 350 0.0002
1344 350 0.0018
348 351 0.0016
349 351 0.0013
353 351 0.0006
486 352 0.0005
351 353 0.0006
388 353 0.0023
395 353 0.0012
318 354 0.0013
330 354 0.0009
356 354 0.0004
55 355 0.0001
354 356 0.0004
357 356 0.0011
359 356 0.0006
356 357 0.0011
360 358 0.0002
389 358 0.0002
521 358 0.0005
1337 358 0.0002
356 359 0.0006
361 359 0.0003
703 359 0.0003
358 360 0.0002
359 361 0.0003
647 361 0.0004
703 361 0.0006
100 362 0.0014
363 362 0.0007
365 362 0.0145
995 362 0.0006
104 363 0.0003
362 363 0.0007
364 363 0.0014
375 363 0.001
363 364 0.0014
368 364 0.0003
373 364 0.0006
64 365 0.0014
100 365 0.0007
362 365 0.0145
63 366 0.0002
64 366 0.0006
434 366 0.0005
437 366 0.0002
382 367 0.0001
438 367 0.0031
444 367 0.0007
1041 367 0.0013
364 368 0.0003
370 368 0.0007
380 368 0.0072
546 369 0.0002
549 369 0.0005
1309 369 0.0002
368 370 0.0007
56 371 0.0002
188 371 0.0004
372 371 0.0013
371 372 0.0013
387 372 0.0001
436 372 0.0007
364 373 0.0006
374 373 0.0035
379 373 0.0024
373 374 0.0035
64 375 0.0062
363 375 0.001
376 375 0.0005
375 376 0.0005
377 376 0.0009
379 376 0.0056
376 377 0.0009
380 377 0.0013
434 377 0.0015
1130 378 0.0002
373 379 0.0024
376 379 0.0056
380 379 0.0015
368 380 0.0072
377 380 0.0013
379 380 0.0015
444 381 0.0002
367 382 0.0001
749 383 0.0004
770 383 0.0002
816 383 0.0003
1330 383 0.0002
68 384 0.0004
188 384 0.0004
449 384 0.0002
1334 385 0.0001
1334 386 0.0002
372 387 0.0001
353 388 0.0023
390 388 0.0083
697 388 0.0006
358 389 0.0002
388 390 0.0083
391 390 0.0013
397 390 0.0007
390 391 0.0013
392 391 0.0016
393 391 0.0004
397 391 0.0015
697 391 0.0004
901 391 0.0038
159 392 0.0008
391 392 0.0016
393 392 0.0009
901 392 0.0019
174 393 0.0003
391 393 0.0004
392 393 0.0009
394 393 0.001
167 394 0.0016
393 394 0.001
650 394 0.0003
349 395 0.0018
353 395 0.0012
396 395 0.0015
417 395 0.0014
395 396 0.0015
397 396 0.0042
417 396 0.0011
390 397 0.0007
391 397 0.0015
396 397 0.0042
398 397 0.0018
397 398 0.0018
399 398 0.0019
418 398 0.0027
901 398 0.0021
398 399 0.0019
401 399 0.0005
1018 399 0.0011
922 400 0.0003
159 401 0.0006
206 401 0.0008
399 401 0.0005
402 401 0.0005
1018 401 0.0008
206 402 0.0008
401 402 0.0005
403 402 0.0012
402 403 0.0012
404 403 0.0013
1018 403 0.0003
403 404 0.0013
463 405 0.0001
566 405 0.0001
1320 405 0.0004
68 406 0.0015
407 406 0.0003
408 406 0.0011
406 407 0.0003
406 408 0.0011
409 408 0.001
411 408 0.0001
412 408 0.0004
408 409 0.001
1327 410 0.0001
408 411 0.0001
408 412 0.0004
416 413 0.0002
420 413 0.0014
451 413 0.0015
518 414 0.0002
520 415 0.0006
413 416 0.0002
190 417 0.0006
349 417 0.0019
395 417 0.0014
396 417 0.0011
418 417 0.0004
398 418 0.0027
417 418 0.0004
420 418 0.0008
420 419 0.0011
413 420 0.0014
418 420 0.0008
419 420 0.0011
738 421 0.0006
569 422 0.0003
2 423 0.0001
25 424 0.0004
425 424 0.0012
426 424 0.0004
424 425 0.0012
424 426 0.0004
627 427 0.0002
648 427 0.0002
657 427 0.0009
258 428 0.0012
429 428 0.0005
430 428 0.0013
428 429 0.0005
428 430 0.0013
431 430 0.0006
432 430 0.004
989 430 0.0006
430 431 0.0006
430 432 0.004
433 432 0.0006
668 432 0.0002
432 433 0.0006
678 433 0.0002
679 433 0.0006
366 434 0.0005
377 434 0.0015
435 434 0.0012
448 434 0.0005
434 435 0.0012
436 435 0.0008
447 435 0.0009
448 435 0.0006
372 436 0.0007
435 436 0.0008
441 436 0.0002
366 437 0.0002
438 437 0.0018
448 437 0.001
367 438 0.0031
437 438 0.0018
439 438 0.0004
438 439 0.0004
441 439 0.0003
447 439 0.0003
842 440 0.0001
436 441 0.0002
439 441 0.0003
442 441 0.0006
441 442 0.0006
443 442 0.0004
967 442 0.0002
442 443 0.0004
367 444 0.0007
381 444 0.0002
445 444 0.0003
444 445 0.0003
565 446 0.0001
435 447 0.0009
439 447 0.0003
448 447 0.0013
434 448 0.0005
435 448 0.0006
437 448 0.001
447 448 0.0013
188 449 0.0005
384 449 0.0002
981 449 0.0004
452 450 0.0009
67 451 0.0013
282 451 0.0003
413 451 0.0015
998 451 0.0004
67 452 0.0005
68 452 0.0013
450 452 0.0009
2 453 0.0011
454 453 0.0008
455 453 0.0009
453 454 0.0008
453 455 0.0009
72 456 0.0003
3 457 0.0005
7 457 0.0014
8 457 0.0014
119 458 0.0002
131 458 0.0003
459 458 0.0005
458 459 0.0005
461 459 0.0003
669 459 0.0002
1177 459 0.0002
1 460 0.0002
459 461 0.0003
462 461 0.0006
468 461 0.0002
984 461 0.0001
461 462 0.0006
465 462 0.0001
1176 462 0.0003
405 463 0.0001
614 463 0.0006
1323 463 0.0002
520 464 0.0003
462 465 0.0001
1314 466 0.0003
89 467 0.0005
477 467 0.0007
1262 467 0.0002
461 468 0.0002
470 468 0.0004
753 468 0.0001
323 469 0.0003
471 469 0.0003
997 469 0.0004
1132 469 0.0017
1138 469 0.0002
468 470 0.0004
472 470 0.0004
473 470 0.0007
982 470 0.0001
469 471 0.0003
470 472 0.0004
757 472 0.0002
759 472 0.0003
470 473 0.0007
887 474 0.0002
140 475 0.0003
476 475 0.0013
478 475 0.0014
475 476 0.0013
247 477 0.0003
251 477 0.0002
467 477 0.0007
689 477 0.0001
475 478 0.0014
481 478 0.0002
483 478 0.0006
487 478 0.0014
614 479 0.0001
614 480 0.0003
478 481 0.0002
153 482 0.0003
478 483 0.0006
739 483 0.0002
774 483 0.0002
1122 484 0.0001
1186 484 0.0002
1195 484 0.0001
907 485 0.0005
352 486 0.0005
907 486 0.0004
1344 486 0.0001
478 487 0.0014
488 487 0.0003
725 487 0.0004
487 488 0.0003
489 488 0.001
490 488 0.0002
488 489 0.001
488 490 0.0002
723 490 0.0002
730 490 0.0011
92 491 0.0004
1122 492 0.001
1233 492 0.0002
1320 492 0.0002
124 493 0.0003
494 493 0.0004
674 493 0.001
493 494 0.0004
495 494 0.0004
775 494 0.0001
494 495 0.0004
510 496 0.0002
615 496 0.0
1310 496 0.0003
1313 496 0.0001
498 497 0.0003
649 497 0.0002
1267 497 0.0003
1308 497 0.0006
497 498 0.0003
124 499 0.0001
767 499 0.0007
768 499 0.0004
501 500 0.0008
504 500 0.0004
1135 500 0.0008
1136 500 0.0023
500 501 0.0008
502 501 0.0003
503 501 0.0008
501 502 0.0003
501 503 0.0008
500 504 0.0004
54 505 0.0001
776 505 0.0001
777 505 0.0001
1215 506 0.0001
171 507 0.0001
784 507 0.0001
785 507 0.0015
179 508 0.0017
509 508 0.0007
519 508 0.0003
28 509 0.0002
508 509 0.0007
512 509 0.0001
496 510 0.0002
511 510 0.0004
1311 510 0.0004
1346 510 0.0002
510 511 0.0004
171 512 0.0001
509 512 0.0001
514 512 0.0002
1342 513 0.0001
512 514 0.0002
515 514 0.0002
518 514 0.0002
514 515 0.0002
779 515 0.0001
782 515 0.0001
141 516 0.0003
877 517 0.0001
1249 517 0.0003
1252 517 0.0011
414 518 0.0002
514 518 0.0002
996 518 0.0003
508 519 0.0003
523 519 0.0004
524 519 0.0002
415 520 0.0006
464 520 0.0003
1245 520 0.0001
358 521 0.0005
569 522 0.0005
519 523 0.0004
524 523 0.0007
794 523 0.0003
519 524 0.0002
523 524 0.0007
793 524 0.0021
526 525 0.0009
531 525 0.0003
533 525 0.0007
534 525 0.0012
792 525 0.0015
525 526 0.0009
534 526 0.003
795 526 0.0013
800 526 0.0001
215 527 0.0002
2 528 0.0001
529 528 0.0007
551 528 0.0004
553 528 0.0005
528 529 0.0007
530 529 0.0005
548 529 0.0001
794 529 0.0002
529 530 0.0005
531 530 0.0007
792 530 0.0002
525 531 0.0003
530 531 0.0007
543 531 0.001
537 532 0.0002
542 532 0.0003
543 532 0.0012
525 533 0.0007
525 534 0.0012
526 534 0.003
535 534 0.0002
534 535 0.0002
538 535 0.0009
1234 535 0.0002
1264 536 0.0001
532 537 0.0002
538 537 0.0004
818 537 0.0002
535 538 0.0009
537 538 0.0004
807 538 0.0002
92 539 0.0001
1016 539 0.0018
1019 539 0.0003
569 540 0.0003
1279 541 0.0001
532 542 0.0003
545 542 0.0007
840 542 0.0002
531 543 0.001
532 543 0.0012
544 543 0.0002
543 544 0.0002
545 544 0.0006
832 544 0.0002
542 545 0.0007
544 545 0.0006
838 545 0.0001
369 546 0.0002
547 546 0.0002
813 546 0.0002
546 547 0.0002
316 548 0.0001
529 548 0.0001
841 548 0.0005
369 549 0.0005
550 549 0.0005
554 549 0.0004
311 550 0.0002
549 550 0.0005
552 550 0.0002
554 550 0.0028
528 551 0.0004
550 552 0.0002
528 553 0.0005
558 553 0.0004
852 553 0.0001
549 554 0.0004
550 554 0.0028
555 554 0.0004
554 555 0.0004
225 556 0.0002
223 557 0.0002
553 558 0.0004
559 558 0.0002
560 558 0.0001
558 559 0.0002
558 560 0.0001
849 560 0.0015
851 560 0.0001
691 561 0.0002
835 561 0.0003
887 561 0.0002
563 562 0.0003
564 562 0.0004
580 562 0.0001
691 562 0.0008
562 563 0.0003
562 564 0.0004
565 564 0.0006
1098 564 0.0001
446 565 0.0001
564 565 0.0006
575 565 0.0001
405 566 0.0001
855 567 0.0003
31 568 0.0001
422 569 0.0003
522 569 0.0005
540 569 0.0003
588 569 0.0001
1105 569 0.0001
159 570 0.0006
160 570 0.002
163 570 0.0005
233 571 0.0001
572 571 0.0001
574 571 0.0001
571 572 0.0001
240 573 0.0002
571 574 0.0001
565 575 0.0001
233 576 0.0001
577 576 0.001
578 576 0.0006
581 576 0.0006
576 577 0.001
576 578 0.0006
579 578 0.0005
860 578 0.0
578 579 0.0005
562 580 0.0001
576 581 0.0006
1198 582 0.0001
109 583 0.0002
81 584 0.0005
585 584 0.0007
606 584 0.0001
83 585 0.0005
584 585 0.0007
586 585 0.0012
585 586 0.0012
587 586 0.0009
861 586 0.0
586 587 0.0009
593 587 0.0002
1044 587 0.0001
569 588 0.0001
1130 589 0.0002
591 590 0.0004
1010 590 0.0003
1105 590 0.0002
590 591 0.0004
1029 592 0.0001
587 593 0.0002
596 593 0.0008
1043 593 0.0008
595 594 0.0003
873 594 0.0001
1043 594 0.0002
594 595 0.0003
865 595 0.0004
869 595 0.0005
593 596 0.0008
597 596 0.0002
601 596 0.0004
596 597 0.0002
598 597 0.0003
1043 597 0.0003
597 598 0.0003
599 598 0.0003
886 598 0.0002
598 599 0.0003
600 599 0.0002
884 599 0.0003
599 600 0.0002
898 600 0.0006
899 600 0.0003
596 601 0.0004
602 601 0.0001
613 601 0.0001
601 602 0.0001
895 602 0.0002
906 602 0.0003
910 602 0.0001
604 603 0.0005
605 603 0.0001
1098 603 0.0001
603 604 0.0005
603 605 0.0001
584 606 0.0001
83 607 0.0012
608 607 0.0012
609 607 0.0007
1017 607 0.0007
84 608 0.0008
607 608 0.0012
612 608 0.0007
80 609 0.0011
81 609 0.0009
607 609 0.0007
87 610 0.0009
80 611 0.0007
235 611 0.0006
1017 611 0.0012
608 612 0.0007
613 612 0.0001
629 612 0.0001
1017 612 0.0014
601 613 0.0001
612 613 0.0001
921 613 0.0001
463 614 0.0006
479 614 0.0001
480 614 0.0003
496 615 0.0
87 616 0.0002
88 616 0.0007
617 616 0.001
616 617 0.001
914 617 0.0001
1084 617 0.0002
786 618 0.0001
894 618 0.0003
1129 618 0.0002
78 619 0.0006
643 619 0.0012
1034 619 0.0013
226 620 0.0006
231 620 0.001
621 620 0.0007
622 620 0.0002
77 621 0.0002
226 621 0.0008
620 621 0.0007
620 622 0.0002
624 622 0.0001
631 622 0.0002
1278 623 0.0002
77 624 0.0003
622 624 0.0001
642 624 0.0003
1033 624 0.0007
626 625 0.0003
643 625 0.001
1033 625 0.0006
625 626 0.0003
930 626 0.0001
945 626 0.0003
145 627 0.0005
427 627 0.0002
653 627 0.0001
856 627 0.0002
82 628 0.0001
612 629 0.0001
145 630 0.0005
637 630 0.0002
638 630 0.0001
702 630 0.0002
622 631 0.0002
632 631 0.0005
1080 631 0.0001
631 632 0.0005
947 633 0.0001
1204 633 0.0001
1223 633 0.0002
646 634 0.0002
778 634 0.0006
1325 634 0.0001
639 635 0.0003
1080 635 0.0003
1085 635 0.0001
656 636 0.0002
882 636 0.0003
1031 636 0.0005
1260 636 0.0001
630 637 0.0002
630 638 0.0001
640 638 0.0002
1290 638 0.0003
635 639 0.0003
917 639 0.0005
919 639 0.0003
638 640 0.0002
641 640 0.0006
822 640 0.0003
640 641 0.0006
624 642 0.0003
619 643 0.0012
625 643 0.001
645 643 0.0002
945 643 0.0002
807 644 0.0002
78 645 0.0004
643 645 0.0002
945 645 0.0003
634 646 0.0002
361 647 0.0004
705 647 0.0005
706 647 0.0003
427 648 0.0002
497 649 0.0002
394 650 0.0003
651 650 0.0004
654 650 0.001
701 650 0.0016
650 651 0.0004
173 652 0.0005
654 652 0.0008
668 652 0.0007
809 652 0.0005
627 653 0.0001
650 654 0.001
652 654 0.0008
655 654 0.0006
654 655 0.0006
659 655 0.0004
1306 655 0.0001
636 656 0.0002
1257 656 0.0004
1263 656 0.0002
427 657 0.0009
660 657 0.0002
682 657 0.0002
127 658 0.0004
227 658 0.0004
229 658 0.0001
655 659 0.0004
657 660 0.0002
5 661 0.0001
307 662 0.0002
663 662 0.0003
1064 662 0.0008
662 663 0.0003
714 663 0.0007
1093 663 0.0002
151 664 0.0007
208 665 0.0008
302 665 0.0003
667 665 0.001
208 666 0.0009
305 666 0.0003
1059 666 0.0004
302 667 0.0003
665 667 0.001
1115 667 0.0001
165 668 0.0013
202 668 0.0004
432 668 0.0002
652 668 0.0007
736 668 0.0002
967 668 0.0002
985 668 0.0003
1026 668 0.0002
1035 668 0.0014
459 669 0.0002
670 669 0.0006
671 669 0.0006
669 670 0.0006
669 671 0.0006
25 672 0.0001
118 673 0.0002
124 674 0.0002
493 674 0.001
675 674 0.0005
674 675 0.0005
907 676 0.0002
688 677 0.0002
897 677 0.0003
1042 677 0.0002
433 678 0.0002
433 679 0.0006
681 679 0.0002
685 679 0.0003
133 680 0.0006
679 681 0.0002
683 681 0.0002
693 681 0.0004
657 682 0.0002
681 683 0.0002
113 684 0.0004
297 684 0.0001
304 684 0.0001
679 685 0.0003
686 685 0.0005
687 685 0.0002
685 686 0.0005
685 687 0.0002
677 688 0.0002
477 689 0.0001
902 690 0.0001
153 691 0.0005
561 691 0.0002
562 691 0.0008
258 692 0.0002
681 693 0.0004
694 693 0.0003
695 693 0.0003
696 693 0.0002
693 694 0.0003
693 695 0.0003
693 696 0.0002
388 697 0.0006
391 697 0.0004
698 697 0.0003
699 697 0.001
167 698 0.0018
697 698 0.0003
699 698 0.0007
697 699 0.001
698 699 0.0007
701 699 0.0005
147 700 0.0003
801 700 0.0008
1307 700 0.0001
650 701 0.0016
699 701 0.0005
948 701 0.0001
142 702 0.0004
145 702 0.0008
630 702 0.0002
359 703 0.0003
361 703 0.0006
704 703 0.0006
703 704 0.0006
647 705 0.0005
706 705 0.0008
709 705 0.0004
647 706 0.0003
705 706 0.0008
707 706 0.0006
708 706 0.0009
706 707 0.0006
711 707 0.0009
712 707 0.0012
706 708 0.0009
709 708 0.006
712 708 0.0004
705 709 0.0004
708 709 0.006
710 709 0.0018
709 710 0.0018
220 711 0.0001
707 711 0.0009
712 711 0.0008
707 712 0.0012
708 712 0.0004
711 712 0.0008
713 712 0.0011
712 713 0.0011
663 714 0.0007
715 714 0.0006
1092 714 0.0007
714 715 0.0006
716 715 0.0002
717 715 0.0002
1081 715 0.0001
1108 715 0.0001
715 716 0.0002
715 717 0.0002
276 718 0.0002
1048 719 0.0012
1281 719 0.0007
1282 719 0.0007
721 720 0.0004
722 720 0.0011
725 720 0.0002
950 720 0.0002
720 721 0.0004
723 721 0.0011
953 721 0.0002
1144 721 0.0003
720 722 0.0011
723 722 0.0009
724 722 0.001
490 723 0.0002
721 723 0.0011
722 723 0.0009
954 723 0.0005
722 724 0.001
487 725 0.0004
720 725 0.0002
726 725 0.0003
729 725 0.0006
725 726 0.0003
727 726 0.0002
728 726 0.0002
726 727 0.0002
726 728 0.0002
725 729 0.0006
490 730 0.0011
732 730 0.0003
733 730 0.0004
1328 731 0.0002
730 732 0.0003
730 733 0.0004
735 734 0.0003
739 734 0.0006
742 734 0.0001
734 735 0.0003
737 735 0.0003
957 735 0.0005
668 736 0.0002
738 736 0.0001
1003 736 0.0004
735 737 0.0003
966 737 0.0002
970 737 0.0003
421 738 0.0006
736 738 0.0001
740 738 0.0002
483 739 0.0002
734 739 0.0006
745 739 0.0002
738 740 0.0002
1144 741 0.0001
734 742 0.0001
974 742 0.0001
975 742 0.0003
752 743 0.0001
766 743 0.0001
783 743 0.0002
1003 743 0.0004
1148 744 0.0001
739 745 0.0002
746 745 0.0006
751 745 0.0002
745 746 0.0006
748 746 0.0003
750 746 0.0003
192 747 0.0002
197 747 0.0002
1003 747 0.0005
746 748 0.0003
383 749 0.0004
773 749 0.0003
903 749 0.0009
746 750 0.0003
1162 750 0.0002
1163 750 0.0002
745 751 0.0002
239 752 0.0001
743 752 0.0001
1094 752 0.0005
468 753 0.0001
754 753 0.0002
755 753 0.0002
753 754 0.0002
753 755 0.0002
763 756 0.0004
1032 756 0.0015
1047 756 0.0011
472 757 0.0002
1032 758 0.0002
472 759 0.0003
760 759 0.0002
761 759 0.0012
759 760 0.0002
759 761 0.0012
765 761 0.0004
1164 761 0.0001
1171 761 0.0001
1238 762 0.0002
756 763 0.0004
218 764 0.0008
1094 764 0.0005
1238 764 0.0007
761 765 0.0004
980 765 0.0001
1168 765 0.0002
743 766 0.0001
499 767 0.0007
499 768 0.0004
769 768 0.0005
771 768 0.0002
768 769 0.0005
383 770 0.0002
768 771 0.0002
772 771 0.0003
1178 771 0.0002
771 772 0.0003
749 773 0.0003
483 774 0.0002
494 775 0.0001
505 776 0.0001
505 777 0.0001
142 778 0.0002
634 778 0.0006
1307 778 0.0001
515 779 0.0001
780 779 0.001
781 779 0.0004
779 780 0.001
779 781 0.0004
515 782 0.0001
743 783 0.0002
507 784 0.0001
507 785 0.0015
787 785 0.0002
992 785 0.0001
72 786 0.0011
618 786 0.0001
1130 786 0.0002
785 787 0.0002
788 787 0.0003
789 787 0.0005
787 788 0.0003
787 789 0.0005
816 790 0.0001
176 791 0.0002
525 792 0.0015
530 792 0.0002
793 792 0.0021
795 792 0.0008
524 793 0.0021
792 793 0.0021
794 793 0.0005
523 794 0.0003
529 794 0.0002
793 794 0.0005
526 795 0.0013
792 795 0.0008
796 795 0.0001
795 796 0.0001
797 796 0.0003
804 796 0.0001
796 797 0.0003
1149 798 0.0004
887 799 0.0003
526 800 0.0001
802 800 0.0001
1196 800 0.0
700 801 0.0008
800 802 0.0001
803 802 0.0003
1187 802 0.0001
802 803 0.0003
1183 803 0.0001
1184 803 0.0006
1185 803 0.0004
796 804 0.0001
247 805 0.0005
867 806 0.0004
538 807 0.0002
644 807 0.0002
808 807 0.0017
810 807 0.0004
807 808 0.0017
168 809 0.0018
172 809 0.0004
652 809 0.0005
807 810 0.0004
811 810 0.001
812 810 0.0005
810 811 0.001
810 812 0.0005
814 812 0.001
1200 812 0.0003
546 813 0.0002
812 814 0.001
815 814 0.0006
1197 814 0.0001
814 815 0.0006
848 815 0.0004
1198 815 0.0002
1200 815 0.001
383 816 0.0003
790 816 0.0001
828 816 0.0001
1257 817 0.0004
537 818 0.0002
819 818 0.0003
843 818 0.0005
818 819 0.0003
820 819 0.0025
830 819 0.0001
819 820 0.0025
821 820 0.0006
823 820 0.0003
243 821 0.0005
820 821 0.0006
1222 821 0.0005
640 822 0.0003
820 823 0.0003
824 823 0.0003
1030 823 0.0001
823 824 0.0003
825 824 0.0004
826 824 0.0011
951 824 0.0003
824 825 0.0004
36 826 0.0002
824 826 0.0011
1207 826 0.0005
120 827 0.0003
1058 827 0.0011
1060 827 0.0006
816 828 0.0001
831 829 0.0002
932 829 0.0001
973 829 0.0002
819 830 0.0001
829 831 0.0002
544 832 0.0002
833 832 0.0004
843 832 0.0002
845 832 0.0004
290 833 0.0001
832 833 0.0004
834 833 0.0001
875 833 0.0001
833 834 0.0001
561 835 0.0003
837 836 0.0006
839 836 0.0001
940 836 0.0
836 837 0.0006
545 838 0.0001
836 839 0.0001
542 840 0.0002
316 841 0.0001
548 841 0.0005
842 841 0.0002
440 842 0.0001
841 842 0.0002
999 842 0.0001
818 843 0.0005
832 843 0.0002
844 843 0.0003
1227 843 0.0002
843 844 0.0003
832 845 0.0004
846 845 0.0007
1229 845 0.0015
845 846 0.0007
847 846 0.0002
1229 846 0.0014
846 847 0.0002
1214 847 0.0004
1215 847 0.0003
114 848 0.0002
815 848 0.0004
1201 848 0.0004
560 849 0.0015
1235 849 0.0002
1236 849 0.0002
167 850 0.0012
168 850 0.0007
174 850 0.0007
560 851 0.0001
553 852 0.0001
853 852 0.0005
1001 852 0.0001
852 853 0.0005
1002 853 0.0003
1004 853 0.0003
70 854 0.0001
855 854 0.0002
857 854 0.0001
189 855 0.0001
567 855 0.0003
854 855 0.0002
627 856 0.0002
854 857 0.0001
1066 858 0.0004
189 859 0.0001
578 860 0.0
586 861 0.0
863 861 0.0002
864 861 0.0003
1291 862 0.0002
861 863 0.0002
861 864 0.0003
595 865 0.0004
866 865 0.0002
1005 865 0.0001
865 866 0.0002
327 867 0.0002
806 867 0.0004
870 867 0.0003
890 867 0.0001
106 868 0.0002
595 869 0.0005
867 870 0.0003
1239 871 0.0001
1004 872 0.0001
594 873 0.0001
877 873 0.0001
879 873 0.0002
1213 874 0.0004
833 875 0.0001
327 876 0.0001
892 876 0.0003
1121 876 0.0005
517 877 0.0001
873 877 0.0001
1008 877 0.0002
57 878 0.0002
316 878 0.0005
999 878 0.0002
873 879 0.0002
880 879 0.0009
882 879 0.0003
879 880 0.0009
881 880 0.0004
1028 880 0.0002
880 881 0.0004
1013 881 0.0018
1070 881 0.0008
636 882 0.0003
879 882 0.0003
1029 882 0.0002
295 883 0.0001
599 884 0.0003
1331 885 0.0002
598 886 0.0002
474 887 0.0002
561 887 0.0002
799 887 0.0003
891 888 0.0001
893 888 0.0001
898 888 0.0012
999 889 0.0002
867 890 0.0001
888 891 0.0001
876 892 0.0003
888 893 0.0001
618 894 0.0003
602 895 0.0002
896 895 0.0002
902 895 0.0002
895 896 0.0002
897 896 0.0004
904 896 0.0002
677 897 0.0003
896 897 0.0004
1045 897 0.0003
1046 897 0.0003
600 898 0.0006
888 898 0.0012
900 898 0.0001
600 899 0.0003
898 900 0.0001
391 901 0.0038
392 901 0.0019
398 901 0.0021
690 902 0.0001
895 902 0.0002
904 902 0.0004
1048 902 0.0001
749 903 0.0009
922 903 0.0005
1300 903 0.0002
896 904 0.0002
902 904 0.0004
905 904 0.0004
904 905 0.0004
602 906 0.0003
908 906 0.0001
911 906 0.0002
485 907 0.0005
486 907 0.0004
676 907 0.0002
906 908 0.0001
909 908 0.0008
1285 908 0.0001
908 909 0.0008
1051 909 0.0005
1175 909 0.0001
602 910 0.0001
906 911 0.0002
912 911 0.0003
913 911 0.0002
911 912 0.0003
911 913 0.0002
1066 913 0.0001
1287 913 0.0001
617 914 0.0001
916 914 0.0002
1068 914 0.0001
103 915 0.0005
918 915 0.0001
924 915 0.0005
1256 915 0.0006
914 916 0.0002
639 917 0.0005
915 918 0.0001
639 919 0.0003
920 919 0.0002
1071 919 0.0001
919 920 0.0002
936 920 0.0003
1077 920 0.0002
1078 920 0.0002
613 921 0.0001
928 921 0.0001
929 921 0.0001
400 922 0.0003
903 922 0.0005
1117 922 0.0003
1292 923 0.0001
915 924 0.0005
926 925 0.0008
1218 925 0.0009
1315 925 0.0001
925 926 0.0008
278 927 0.0001
921 928 0.0001
921 929 0.0001
626 930 0.0001
931 930 0.0006
932 930 0.0003
930 931 0.0006
932 931 0.0008
936 931 0.0002
829 932 0.0001
930 932 0.0003
931 932 0.0008
933 932 0.0004
1086 932 0.0003
932 933 0.0004
935 933 0.0001
1088 933 0.0002
317 934 0.0001
976 934 0.0004
1158 934 0.0005
933 935 0.0001
1072 935 0.0003
1079 935 0.0001
1295 935 0.0008
920 936 0.0003
931 936 0.0002
937 936 0.0003
936 937 0.0003
1035 938 0.0007
78 939 0.0001
940 939 0.0009
943 939 0.0002
836 940 0.0
939 940 0.0009
941 940 0.0009
940 941 0.0009
259 942 0.0001
939 943 0.0002
1196 944 0.0001
626 945 0.0003
643 945 0.0002
645 945 0.0003
946 945 0.0002
945 946 0.0002
633 947 0.0001
701 948 0.0001
1099 948 0.0003
1104 948 0.0008
1106 948 0.0005
36 949 0.0001
720 950 0.0002
1137 950 0.0003
1139 950 0.0002
824 951 0.0003
952 951 0.0004
1200 951 0.0002
1207 951 0.0008
951 952 0.0004
721 953 0.0002
723 954 0.0005
955 954 0.0002
956 954 0.0004
954 955 0.0002
954 956 0.0004
735 957 0.0005
958 957 0.0004
960 957 0.0004
965 957 0.0004
957 958 0.0004
959 958 0.0002
963 958 0.0004
958 959 0.0002
44 960 0.0009
957 960 0.0004
961 960 0.0005
960 961 0.0005
962 961 0.0014
968 961 0.0028
961 962 0.0014
958 963 0.0004
969 963 0.0006
1150 963 0.0001
166 964 0.0005
957 965 0.0004
737 966 0.0002
198 967 0.0001
442 967 0.0002
668 967 0.0002
961 968 0.0028
963 969 0.0006
737 970 0.0003
972 970 0.0002
1151 970 0.0002
155 971 0.0003
970 972 0.0002
1152 972 0.0001
1154 972 0.0001
1342 972 0.0001
829 973 0.0002
742 974 0.0001
742 975 0.0003
977 975 0.0006
1155 975 0.0001
1159 975 0.0003
934 976 0.0004
975 977 0.0006
1156 977 0.0002
1157 977 0.0002
1202 978 0.0001
1169 979 0.0002
113 980 0.0001
765 980 0.0001
1166 980 0.0002
1167 980 0.0005
1304 980 0.0002
200 981 0.0005
449 981 0.0004
1026 981 0.0018
30 982 0.0001
470 982 0.0001
983 982 0.0007
317 983 0.0001
982 983 0.0007
1173 983 0.0004
461 984 0.0001
200 985 0.0023
202 985 0.0007
668 985 0.0003
131 986 0.0001
987 986 0.0006
988 986 0.0002
986 987 0.0006
986 988 0.0002
430 989 0.0006
7 990 0.0003
99 991 0.0006
785 992 0.0001
45 993 0.0004
248 993 0.0003
1007 993 0.0003
100 994 0.0011
101 994 0.0007
995 994 0.0012
100 995 0.0012
104 995 0.0012
362 995 0.0006
994 995 0.0012
518 996 0.0003
469 997 0.0004
280 998 0.0012
282 998 0.0037
451 998 0.0004
842 999 0.0001
878 999 0.0002
889 999 0.0002
339 1000 0.0006
852 1001 0.0001
853 1002 0.0003
736 1003 0.0004
743 1003 0.0004
747 1003 0.0005
97 1004 0.0001
853 1004 0.0003
872 1004 0.0001
865 1005 0.0001
40 1006 0.0015
45 1006 0.0013
1007 1006 0.0009
93 1007 0.0004
993 1007 0.0003
1006 1007 0.0009
877 1008 0.0002
1009 1008 0.0002
1246 1008 0.0002
1008 1009 0.0002
590 1010 0.0003
69 1011 0.0013
242 1011 0.003
246 1011 0.0048
9 1012 0.0004
302 1012 0.0007
1052 1012 0.0004
881 1013 0.0018
1016 1013 0.0008
1049 1013 0.0003
90 1014 0.0023
212 1014 0.0003
1015 1014 0.002
37 1015 0.0037
209 1015 0.0031
1014 1015 0.002
539 1016 0.0018
1013 1016 0.0008
1019 1016 0.0003
607 1017 0.0007
611 1017 0.0012
612 1017 0.0014
399 1018 0.0011
401 1018 0.0008
403 1018 0.0003
539 1019 0.0003
1016 1019 0.0003
1020 1019 0.0026
1019 1020 0.0026
1022 1020 0.0004
1023 1020 0.0006
290 1021 0.0001
1020 1022 0.0004
1020 1023 0.0006
1024 1023 0.0007
1027 1023 0.0007
74 1024 0.0002
1023 1024 0.0007
1025 1024 0.0023
1024 1025 0.0023
312 1026 0.0005
668 1026 0.0002
981 1026 0.0018
1023 1027 0.0007
1243 1027 0.0003
1255 1027 0.0005
880 1028 0.0002
592 1029 0.0001
882 1029 0.0002
1038 1029 0.0004
1274 1029 0.0002
1278 1029 0.0001
823 1030 0.0001
636 1031 0.0005
756 1032 0.0015
758 1032 0.0002
1076 1032 0.0002
624 1033 0.0007
625 1033 0.0006
1034 1033 0.0003
77 1034 0.0006
619 1034 0.0013
1033 1034 0.0003
668 1035 0.0014
938 1035 0.0007
1036 1035 0.0002
1035 1036 0.0002
150 1037 0.0013
178 1037 0.0016
184 1037 0.0024
1029 1038 0.0004
1039 1038 0.0005
1275 1038 0.0006
1038 1039 0.0005
56 1040 0.0014
60 1040 0.0006
277 1040 0.0005
285 1040 0.0038
367 1041 0.0013
677 1042 0.0002
593 1043 0.0008
594 1043 0.0002
597 1043 0.0003
587 1044 0.0001
897 1045 0.0003
897 1046 0.0003
218 1047 0.0008
756 1047 0.0011
1238 1047 0.0007
719 1048 0.0012
902 1048 0.0001
1050 1048 0.0002
1054 1048 0.0001
1013 1049 0.0003
1048 1050 0.0002
909 1051 0.0005
1053 1051 0.0002
1056 1051 0.0002
1012 1052 0.0004
1051 1053 0.0002
1054 1053 0.0004
1055 1053 0.0003
1048 1054 0.0001
1053 1054 0.0004
1272 1054 0.0004
1053 1055 0.0003
1051 1056 0.0002
1057 1056 0.0002
1058 1056 0.0005
1056 1057 0.0002
827 1058 0.0011
1056 1058 0.0005
1063 1058 0.0002
208 1059 0.0002
666 1059 0.0004
1064 1059 0.0009
121 1060 0.0003
827 1060 0.0006
1061 1060 0.0003
122 1061 0.0001
123 1061 0.0002
1060 1061 0.0003
286 1062 0.0004
288 1062 0.0002
1169 1062 0.0001
1058 1063 0.0002
662 1064 0.0008
1059 1064 0.0009
1114 1064 0.0001
1283 1065 0.0002
125 1066 0.0001
858 1066 0.0004
913 1066 0.0001
1110 1067 0.0002
1174 1067 0.0004
1310 1067 0.0002
914 1068 0.0001
1069 1068 0.0002
1266 1068 0.0002
1068 1069 0.0002
881 1070 0.0008
919 1071 0.0001
935 1072 0.0003
1073 1072 0.0013
1089 1072 0.0004
1072 1073 0.0013
1074 1073 0.0033
1089 1073 0.0003
1073 1074 0.0033
1075 1074 0.0003
1294 1074 0.0003
1074 1075 0.0003
1032 1076 0.0002
920 1077 0.0002
920 1078 0.0002
935 1079 0.0001
1302 1079 0.0002
1303 1079 0.0005
631 1080 0.0001
635 1080 0.0003
1082 1080 0.0001
715 1081 0.0001
1080 1082 0.0001
229 1083 0.0001
617 1084 0.0002
635 1085 0.0001
133 1086 0.0001
932 1086 0.0003
1087 1086 0.0001
1086 1087 0.0001
933 1088 0.0002
1072 1089 0.0004
1073 1089 0.0003
1090 1089 0.0004
1091 1089 0.0003
126 1090 0.0002
1089 1090 0.0004
1291 1090 0.0002
1089 1091 0.0003
714 1092 0.0007
1110 1092 0.0001
1308 1092 0.0001
663 1093 0.0002
1110 1093 0.0002
1111 1093 0.0004
218 1094 0.0012
752 1094 0.0005
764 1094 0.0005
1115 1095 0.0002
1120 1095 0.0005
1124 1095 0.0006
1126 1095 0.0006
1097 1096 0.0013
1101 1096 0.0003
1104 1096 0.0007
21 1097 0.0004
1096 1097 0.0013
1102 1097 0.0004
1103 1097 0.0003
21 1098 0.0012
564 1098 0.0001
603 1098 0.0001
948 1099 0.0003
1100 1099 0.0005
1306 1099 0.0002
1099 1100 0.0005
223 1101 0.0011
225 1101 0.0009
1096 1101 0.0003
1097 1102 0.0004
1097 1103 0.0003
948 1104 0.0008
1096 1104 0.0007
1105 1104 0.0003
1107 1104 0.0007
569 1105 0.0001
590 1105 0.0002
1104 1105 0.0003
948 1106 0.0005
1104 1107 0.0007
155 1108 0.0003
715 1108 0.0001
1109 1108 0.0007
1108 1109 0.0007
1067 1110 0.0002
1092 1110 0.0001
1093 1110 0.0002
1093 1111 0.0004
1113 1111 0.0002
1310 1111 0.0002
225 1112 0.0002
1111 1113 0.0002
1064 1114 0.0001
667 1115 0.0001
1095 1115 0.0002
1116 1115 0.0002
1115 1116 0.0002
1118 1116 0.0003
1119 1116 0.0002
922 1117 0.0003
1116 1118 0.0003
1316 1118 0.0003
1317 1118 0.0005
1318 1118 0.0002
1116 1119 0.0002
1095 1120 0.0005
1122 1120 0.0002
1123 1120 0.0003
876 1121 0.0005
484 1122 0.0001
492 1122 0.001
1120 1122 0.0002
1320 1122 0.0002
1120 1123 0.0003
1095 1124 0.0006
1125 1124 0.0004
1127 1124 0.0008
1124 1125 0.0004
1095 1126 0.0006
1124 1127 0.0008
1128 1127 0.0005
1314 1127 0.0001
1127 1128 0.0005
618 1129 0.0002
378 1130 0.0002
589 1130 0.0002
786 1130 0.0002
19 1131 0.0004
1133 1131 0.0001
1134 1131 0.0002
469 1132 0.0017
1153 1132 0.0002
1320 1132 0.0004
1131 1133 0.0001
1131 1134 0.0002
138 1135 0.0006
500 1135 0.0008
1136 1135 0.001
139 1136 0.0027
140 1136 0.0028
500 1136 0.0023
1135 1136 0.001
950 1137 0.0003
1321 1137 0.0001
1323 1137 0.0001
469 1138 0.0002
950 1139 0.0002
1230 1139 0.0
1326 1139 0.0001
1327 1139 0.0003
1141 1140 0.0003
1142 1140 0.0006
1144 1140 0.0004
1140 1141 0.0003
1140 1142 0.0006
1143 1142 0.0003
1328 1142 0.0003
1142 1143 0.0003
721 1144 0.0003
741 1144 0.0001
1140 1144 0.0004
44 1145 0.0003
229 1146 0.0002
234 1146 0.0005
236 1146 0.0005
44 1147 0.0001
1148 1147 0.0006
1149 1147 0.0004
1337 1147 0.0002
744 1148 0.0001
1147 1148 0.0006
1339 1148 0.0003
347 1149 0.0004
798 1149 0.0004
1147 1149 0.0004
963 1150 0.0001
1332 1150 0.0003
1336 1150 0.0001
970 1151 0.0002
350 1152 0.0001
972 1152 0.0001
1329 1152 0.0002
1132 1153 0.0002
972 1154 0.0001
975 1155 0.0001
977 1156 0.0002
977 1157 0.0002
934 1158 0.0005
975 1159 0.0003
1160 1159 0.0003
1161 1159 0.0003
1159 1160 0.0003
1159 1161 0.0003
750 1162 0.0002
750 1163 0.0002
761 1164 0.0001
1165 1164 0.0001
1172 1164 0.0001
1164 1165 0.0001
980 1166 0.0002
980 1167 0.0005
765 1168 0.0002
1169 1168 0.0005
1170 1168 0.0009
979 1169 0.0002
1062 1169 0.0001
1168 1169 0.0005
1226 1169 0.0001
1168 1170 0.0009
761 1171 0.0001
350 1172 0.0002
1164 1172 0.0001
1347 1172 0.0002
983 1173 0.0004
1067 1174 0.0004
909 1175 0.0001
462 1176 0.0003
459 1177 0.0002
771 1178 0.0002
1179 1178 0.0002
1181 1178 0.0001
1182 1178 0.0003
1178 1179 0.0002
141 1180 0.0006
1178 1181 0.0001
1178 1182 0.0003
803 1183 0.0001
803 1184 0.0006
803 1185 0.0004
484 1186 0.0002
802 1187 0.0001
1188 1187 0.0003
1190 1187 0.0004
73 1188 0.0002
1187 1188 0.0003
1189 1188 0.0004
1188 1189 0.0004
1187 1190 0.0004
1191 1190 0.0005
1258 1190 0.0002
20 1191 0.0002
1190 1191 0.0005
1192 1191 0.0004
1193 1191 0.0006
1191 1192 0.0004
26 1193 0.0006
156 1193 0.0001
1191 1193 0.0006
150 1194 0.0004
187 1194 0.001
287 1194 0.0015
484 1195 0.0001
132 1196 0.0002
183 1196 0.0004
800 1196 0.0
944 1196 0.0001
814 1197 0.0001
582 1198 0.0001
815 1198 0.0002
1199 1198 0.0002
1198 1199 0.0002
812 1200 0.0003
815 1200 0.001
951 1200 0.0002
848 1201 0.0004
1202 1201 0.0002
1204 1201 0.001
978 1202 0.0001
1201 1202 0.0002
1203 1202 0.0002
1211 1202 0.001
1202 1203 0.0002
633 1204 0.0001
1201 1204 0.001
1205 1204 0.0001
1204 1205 0.0001
166 1206 0.0005
826 1207 0.0005
951 1207 0.0008
1208 1207 0.0003
154 1208 0.0001
1207 1208 0.0003
1209 1208 0.0003
1208 1209 0.0003
1210 1209 0.0007
1212 1209 0.0005
1209 1210 0.0007
1202 1211 0.001
32 1212 0.0001
33 1212 0.0001
1209 1212 0.0005
1213 1212 0.0004
259 1213 0.0001
874 1213 0.0004
1212 1213 0.0004
847 1214 0.0004
506 1215 0.0001
847 1215 0.0003
1216 1215 0.0003
1221 1215 0.0004
265 1216 0.0009
1215 1216 0.0003
1217 1216 0.0011
1216 1217 0.0011
1218 1217 0.0009
1220 1217 0.0011
925 1218 0.0009
1217 1218 0.0009
1219 1218 0.0003
1218 1219 0.0003
1217 1220 0.0011
1215 1221 0.0004
821 1222 0.0005
1224 1222 0.0002
1225 1222 0.0012
633 1223 0.0002
1222 1224 0.0002
1222 1225 0.0012
1169 1226 0.0001
843 1227 0.0002
1228 1227 0.0005
1229 1227 0.0001
1227 1228 0.0005
845 1229 0.0015
846 1229 0.0014
1227 1229 0.0001
1231 1229 0.0004
1139 1230 0.0
1229 1231 0.0004
181 1232 0.0003
259 1232 0.0002
1312 1232 0.0006
492 1233 0.0002
535 1234 0.0002
849 1235 0.0002
849 1236 0.0002
290 1237 0.0005
762 1238 0.0002
764 1238 0.0007
1047 1238 0.0007
1335 1238 0.0004
74 1239 0.0004
871 1239 0.0001
1240 1239 0.0002
1241 1239 0.0007
1239 1240 0.0002
74 1241 0.0007
1239 1241 0.0007
1242 1241 0.0002
327 1242 0.0004
1241 1242 0.0002
1331 1242 0.0011
1027 1243 0.0003
1244 1243 0.0005
1245 1243 0.0009
1243 1244 0.0005
72 1245 0.0002
520 1245 0.0001
1243 1245 0.0009
1008 1246 0.0002
1247 1246 0.0003
1248 1246 0.0002
1246 1247 0.0003
1246 1248 0.0002
517 1249 0.0003
1250 1249 0.0007
1251 1249 0.0009
1249 1250 0.0007
1249 1251 0.0009
517 1252 0.0011
1253 1252 0.0002
1254 1252 0.0002
1252 1253 0.0002
1252 1254 0.0002
1027 1255 0.0005
265 1256 0.0004
915 1256 0.0006
1286 1256 0.0002
82 1257 0.0002
656 1257 0.0004
817 1257 0.0004
1259 1257 0.0002
26 1258 0.0004
132 1258 0.0003
1190 1258 0.0002
1257 1259 0.0002
636 1260 0.0001
1261 1260 0.0003
1262 1260 0.0005
1260 1261 0.0003
253 1262 0.0001
467 1262 0.0002
1260 1262 0.0005
656 1263 0.0002
536 1264 0.0001
1265 1264 0.0007
1269 1264 0.0004
1275 1264 0.0003
215 1265 0.0004
1264 1265 0.0007
1268 1265 0.0002
1068 1266 0.0002
497 1267 0.0003
1265 1268 0.0002
1264 1269 0.0004
1270 1269 0.0003
1273 1269 0.0001
1269 1270 0.0003
155 1271 0.0002
1054 1272 0.0004
1269 1273 0.0001
1029 1274 0.0002
1038 1275 0.0006
1264 1275 0.0003
1276 1275 0.0002
1275 1276 0.0002
59 1277 0.0004
113 1277 0.0004
289 1277 0.0001
623 1278 0.0002
1029 1278 0.0001
1279 1278 0.0014
111 1279 0.0001
541 1279 0.0001
1278 1279 0.0014
1280 1279 0.0017
106 1280 0.0001
109 1280 0.0002
1279 1280 0.0017
719 1281 0.0007
719 1282 0.0007
141 1283 0.0003
1065 1283 0.0002
1309 1283 0.0001
265 1284 0.0002
908 1285 0.0001
1256 1286 0.0002
913 1287 0.0001
1288 1287 0.0003
1289 1287 0.0002
1287 1288 0.0003
1287 1289 0.0002
638 1290 0.0003
862 1291 0.0002
1090 1291 0.0002
1292 1291 0.0003
923 1292 0.0001
1291 1292 0.0003
1293 1292 0.0004
1292 1293 0.0004
1074 1294 0.0003
935 1295 0.0008
1296 1295 0.0009
1297 1295 0.0008
1295 1296 0.0009
1295 1297 0.0008
1299 1297 0.0003
1301 1297 0.0003
113 1298 0.0005
1297 1299 0.0003
903 1300 0.0002
1297 1301 0.0003
1079 1302 0.0002
1079 1303 0.0005
980 1304 0.0002
148 1305 0.0001
655 1306 0.0001
1099 1306 0.0002
1307 1306 0.0011
142 1307 0.0003
700 1307 0.0001
778 1307 0.0001
1306 1307 0.0011
497 1308 0.0006
1092 1308 0.0001
1309 1308 0.0014
369 1309 0.0002
1283 1309 0.0001
1308 1309 0.0014
496 1310 0.0003
1067 1310 0.0002
1111 1310 0.0002
510 1311 0.0004
1232 1312 0.0006
496 1313 0.0001
194 1314 0.0004
466 1314 0.0003
1127 1314 0.0001
925 1315 0.0001
1118 1316 0.0003
1118 1317 0.0005
1118 1318 0.0002
1 1319 0.0003
405 1320 0.0004
492 1320 0.0002
1122 1320 0.0002
1132 1320 0.0004
65 1321 0.0002
1137 1321 0.0001
1322 1321 0.0005
1321 1322 0.0005
463 1323 0.0002
1137 1323 0.0001
1324 1323 0.0003
1323 1324 0.0003
634 1325 0.0001
1139 1326 0.0001
410 1327 0.0001
1139 1327 0.0003
1330 1327 0.0001
731 1328 0.0002
1142 1328 0.0003
1330 1328 0.0003
1152 1329 0.0002
383 1330 0.0002
1327 1330 0.0001
1328 1330 0.0003
148 1331 0.0016
885 1331 0.0002
1242 1331 0.0011
1150 1332 0.0003
1333 1332 0.0002
1334 1332 0.0004
1332 1333 0.0002
385 1334 0.0001
386 1334 0.0002
1332 1334 0.0004
1238 1335 0.0004
1150 1336 0.0001
358 1337 0.0002
1147 1337 0.0002
1338 1337 0.0005
1337 1338 0.0005
346 1339 0.0003
1148 1339 0.0003
1340 1339 0.0001
1341 1339 0.0003
1339 1340 0.0001
1339 1341 0.0003
513 1342 0.0001
972 1342 0.0001
1343 1342 0.0002
1342 1343 0.0002
350 1344 0.0018
486 1344 0.0001
1345 1344 0.0003
1344 1345 0.0003
510 1346 0.0002
1 1347 0.0008
1172 1347 0.0002
1348 1347 0.0004
1347 1348 0.0004
