2 1 0.0
9 1 0.0
10 1 0.0
12 1 0.0
14 1 0.0
18 1 0.0
27 1 0.0
29 1 0.0
32 1 0.0
33 1 0.0
36 1 0.0
40 1 0.0
44 1 0.0
46 1 0.0
49 1 0.0
50 1 0.0
51 1 0.0
58 1 0.0
62 1 0.0
66 1 0.0
69 1 0.0
72 1 0.0
76 1 0.0
80 1 0.0
86 1 0.0
88 1 0.0
89 1 0.0
90 1 0.0
93 1 0.0
97 1 0.0
99 1 0.0
103 1 0.0
106 1 0.0
111 1 0.0
114 1 0.0
116 1 0.0
117 1 0.0
120 1 0.0
127 1 0.0
133 1 0.0
135 1 0.0
136 1 0.0
140 1 0.0
527 1 0.0
573 1 0.0
1 2 0.0
3 2 0.0105
141 2 0.0081
2 3 0.0105
4 3 0.0278
146 3 0.0067
149 3 0.0064
3 4 0.0278
5 4 0.0174
153 4 0.0275
4 5 0.0174
6 5 0.0056
162 5 0.0235
5 6 0.0056
7 6 0.0777
162 6 0.0305
6 7 0.0777
8 7 0.0517
157 7 0.0031
7 8 0.0517
1125 8 0.05
1126 8 0.0486
1 9 0.0
150 9 0.0229
1126 9 0.0231
1 10 0.0
11 10 0.0021
573 10 0.0082
10 11 0.0021
1 12 0.0
13 12 0.0064
572 12 0.0095
12 13 0.0064
1 14 0.0
15 14 0.0695
532 14 0.0058
14 15 0.0695
16 15 0.085
569 15 0.0021
15 16 0.085
17 16 0.0108
21 16 0.0593
239 16 0.0911
16 17 0.0108
159 17 0.0052
534 17 0.028
1 18 0.0
19 18 0.0102
21 18 0.0425
22 18 0.0106
32 18 0.0107
236 18 0.002
18 19 0.0102
20 19 0.0137
23 19 0.0182
19 20 0.0137
233 20 0.0032
234 20 0.056
1360 20 0.0172
16 21 0.0593
18 21 0.0425
237 21 0.1573
18 22 0.0106
23 22 0.0077
32 22 0.0132
19 23 0.0182
22 23 0.0077
24 23 0.0318
28 23 0.0056
234 23 0.0129
23 24 0.0318
25 24 0.0689
234 24 0.0741
24 25 0.0689
26 25 0.0276
30 25 0.0306
25 26 0.0276
27 26 0.0261
230 26 0.0252
243 26 0.0166
244 26 0.0052
1 27 0.0
26 27 0.0261
243 27 0.0208
23 28 0.0056
29 28 0.025
30 28 0.0193
31 28 0.0789
1 29 0.0
28 29 0.025
243 29 0.016
25 30 0.0306
28 30 0.0193
31 30 0.0173
28 31 0.0789
30 31 0.0173
243 31 0.0199
1 32 0.0
18 32 0.0107
22 32 0.0132
1 33 0.0
34 33 0.0039
223 33 0.0075
225 33 0.0071
33 34 0.0039
35 34 0.0034
229 34 0.0042
34 35 0.0034
1 36 0.0
37 36 0.0253
43 36 0.0228
36 37 0.0253
38 37 0.0799
226 37 0.0446
37 38 0.0799
39 38 0.0107
43 38 0.0431
38 39 0.0107
570 39 0.0019
571 39 0.0026
1 40 0.0
41 40 0.0175
43 40 0.0073
40 41 0.0175
42 41 0.0075
45 41 0.0103
247 41 0.0135
41 42 0.0075
775 42 0.0313
824 42 0.0025
36 43 0.0228
38 43 0.0431
40 43 0.0073
1 44 0.0
45 44 0.0246
251 44 0.0011
41 45 0.0103
44 45 0.0246
251 45 0.0026
1 46 0.0
47 46 0.0155
252 46 0.0024
46 47 0.0155
48 47 0.0141
254 47 0.0023
47 48 0.0141
1 49 0.0
1 50 0.0
1 51 0.0
52 51 0.0199
261 51 0.002
51 52 0.0199
53 52 0.0043
256 52 0.0571
52 53 0.0043
54 53 0.0097
751 53 0.0008
53 54 0.0097
55 54 0.0113
722 54 0.005
750 54 0.0023
54 55 0.0113
56 55 0.0102
749 55 0.0028
1404 55 0.0004
55 56 0.0102
748 56 0.0014
1137 56 0.0127
745 57 0.0011
746 57 0.0002
747 57 0.0025
1056 57 0.0159
1 58 0.0
59 58 0.0736
708 58 0.0021
58 59 0.0736
60 59 0.0054
63 59 0.0072
709 59 0.0195
59 60 0.0054
61 60 0.0095
710 60 0.0102
60 61 0.0095
64 61 0.0071
266 61 0.0031
1 62 0.0
63 62 0.0044
66 62 0.0064
59 63 0.0072
62 63 0.0044
64 63 0.0025
61 64 0.0071
63 64 0.0025
65 64 0.0209
279 64 0.0089
64 65 0.0209
271 65 0.0019
1423 65 0.0107
1 66 0.0
62 66 0.0064
67 66 0.0354
707 66 0.0043
66 67 0.0354
68 67 0.0229
279 67 0.0107
67 68 0.0229
71 68 0.0083
279 68 0.0234
287 68 0.0056
299 68 0.0013
1 69 0.0
70 69 0.0095
315 69 0.003
69 70 0.0095
71 70 0.005
315 70 0.0141
68 71 0.0083
70 71 0.005
305 71 0.0227
1 72 0.0
73 72 0.0073
706 72 0.0164
72 73 0.0073
74 73 0.0408
316 73 0.0033
73 74 0.0408
75 74 0.0198
706 74 0.0122
74 75 0.0198
319 75 0.0048
706 75 0.0059
1 76 0.0
77 76 0.0249
705 76 0.0023
76 77 0.0249
78 77 0.0216
81 77 0.0064
82 77 0.009
704 77 0.0027
77 78 0.0216
79 78 0.0016
700 78 0.0011
78 79 0.0016
314 79 0.0249
324 79 0.0021
1 80 0.0
81 80 0.0067
367 80 0.0043
77 81 0.0064
80 81 0.0067
82 81 0.0461
337 81 0.0008
77 82 0.009
81 82 0.0461
83 82 0.0109
334 82 0.0088
82 83 0.0109
84 83 0.0034
338 83 0.002
83 84 0.0034
85 84 0.006
692 84 0.0004
84 85 0.006
313 85 0.0012
696 85 0.0004
1 86 0.0
87 86 0.0185
384 86 0.0047
86 87 0.0185
370 87 0.002
1122 87 0.0053
1 88 0.0
384 88 0.0097
385 88 0.0061
386 88 0.0014
1 89 0.0
1 90 0.0
91 90 0.0183
421 90 0.0044
90 91 0.0183
92 91 0.0055
387 91 0.0115
91 92 0.0055
389 92 0.0082
391 92 0.0011
1 93 0.0
94 93 0.0277
426 93 0.0064
93 94 0.0277
95 94 0.0026
425 94 0.0022
94 95 0.0026
96 95 0.0029
426 95 0.0028
95 96 0.0029
1 97 0.0
98 97 0.0154
426 97 0.0139
97 98 0.0154
1 99 0.0
100 99 0.0062
103 99 0.0082
99 100 0.0062
101 100 0.0169
425 100 0.0019
100 101 0.0169
102 101 0.0047
436 101 0.0015
101 102 0.0047
428 102 0.0122
431 102 0.0018
1 103 0.0
99 103 0.0082
104 103 0.0048
103 104 0.0048
105 104 0.0137
673 104 0.0017
104 105 0.0137
1 106 0.0
107 106 0.0158
109 106 0.017
106 107 0.0158
108 107 0.0011
437 107 0.0299
107 108 0.0011
106 109 0.017
110 109 0.0263
667 109 0.0035
109 110 0.0263
444 110 0.0413
445 110 0.0142
669 110 0.0074
1 111 0.0
112 111 0.0077
444 111 0.0254
111 112 0.0077
113 112 0.0031
444 112 0.0063
1148 112 0.0107
112 113 0.0031
119 113 0.0027
475 113 0.0091
491 113 0.0054
1 114 0.0
115 114 0.0107
665 114 0.004
114 115 0.0107
119 115 0.0019
665 115 0.0048
1 116 0.0
117 116 0.0057
665 116 0.0017
1 117 0.0
116 117 0.0057
118 117 0.0164
117 118 0.0164
119 118 0.0122
490 118 0.0098
113 119 0.0027
115 119 0.0019
118 119 0.0122
1 120 0.0
121 120 0.0247
531 120 0.0029
120 121 0.0247
122 121 0.0226
130 121 0.0013
121 122 0.0226
123 122 0.0163
660 122 0.0189
122 123 0.0163
124 123 0.0615
658 123 0.0017
123 124 0.0615
125 124 0.0247
658 124 0.0054
124 125 0.0247
126 125 0.0259
524 125 0.0011
659 125 0.0008
125 126 0.0259
502 126 0.0102
657 126 0.0016
1 127 0.0
128 127 0.0007
140 127 0.0084
127 128 0.0007
129 128 0.0436
140 128 0.0139
128 129 0.0436
130 129 0.0387
528 129 0.0092
529 129 0.0507
121 130 0.0013
129 130 0.0387
131 130 0.0163
528 130 0.0093
130 131 0.0163
132 131 0.0113
1149 131 0.0095
131 132 0.0113
221 132 0.003
633 132 0.0127
1149 132 0.0008
1 133 0.0
134 133 0.0081
151 133 0.0066
133 134 0.0081
195 134 0.0133
207 134 0.0176
1 135 0.0
136 135 0.0136
207 135 0.0052
213 135 0.0078
1 136 0.0
135 136 0.0136
137 136 0.0063
529 136 0.0027
136 137 0.0063
138 137 0.0186
213 137 0.0052
137 138 0.0186
218 138 0.0053
530 138 0.0066
1150 139 0.0052
1 140 0.0
127 140 0.0084
128 140 0.0139
2 141 0.0081
142 141 0.004
147 141 0.0086
141 142 0.004
143 142 0.0048
144 142 0.0107
142 143 0.0048
142 144 0.0107
145 144 0.0056
147 144 0.003
144 145 0.0056
3 146 0.0067
141 147 0.0086
144 147 0.003
148 147 0.0035
147 148 0.0035
3 149 0.0064
9 150 0.0229
133 151 0.0066
152 151 0.0321
188 151 0.0061
151 152 0.0321
169 152 0.0082
170 152 0.0212
183 152 0.0022
4 153 0.0275
154 153 0.01
156 153 0.0083
153 154 0.01
155 154 0.002
169 154 0.0023
154 155 0.002
153 156 0.0083
166 156 0.0604
168 156 0.0046
7 157 0.0031
158 157 0.0084
532 157 0.0005
157 158 0.0084
159 158 0.0087
161 158 0.0043
17 159 0.0052
158 159 0.0087
160 159 0.0025
161 159 0.0471
1713 159 0.0025
159 160 0.0025
158 161 0.0043
159 161 0.0471
1357 161 0.034
1714 161 0.009
5 162 0.0235
6 162 0.0305
1358 162 0.0119
164 163 0.037
540 163 0.0095
1358 163 0.044
163 164 0.037
165 164 0.0504
540 164 0.0215
562 164 0.0493
164 165 0.0504
166 165 0.0206
938 165 0.0069
156 166 0.0604
165 166 0.0206
167 166 0.0146
166 167 0.0146
575 167 0.0364
958 167 0.0034
156 168 0.0046
152 169 0.0082
154 169 0.0023
170 169 0.0018
152 170 0.0212
169 170 0.0018
171 170 0.046
170 171 0.046
172 171 0.0131
174 171 0.0062
178 171 0.0032
171 172 0.0131
173 172 0.014
175 172 0.0077
172 173 0.014
1202 173 0.0096
1641 173 0.0119
171 174 0.0062
605 174 0.0011
959 174 0.0014
172 175 0.0077
176 175 0.0151
952 175 0.0047
175 176 0.0151
177 176 0.0094
952 176 0.007
176 177 0.0094
960 177 0.0096
961 177 0.0131
171 178 0.0032
179 178 0.0069
182 178 0.0023
187 178 0.0016
178 179 0.0069
180 179 0.004
187 179 0.0091
580 179 0.0129
179 180 0.004
181 180 0.0081
580 180 0.0241
180 181 0.0081
178 182 0.0023
152 183 0.0022
184 183 0.0083
189 183 0.0175
183 184 0.0083
185 184 0.0072
187 184 0.0018
184 185 0.0072
186 185 0.0071
584 185 0.0025
185 186 0.0071
579 186 0.0091
580 186 0.0072
584 186 0.006
178 187 0.0016
179 187 0.0091
184 187 0.0018
151 188 0.0061
189 188 0.0393
603 188 0.0041
183 189 0.0175
188 189 0.0393
190 189 0.015
603 189 0.0087
604 189 0.0033
189 190 0.015
191 190 0.0429
604 190 0.0051
190 191 0.0429
192 191 0.0418
602 191 0.0317
191 192 0.0418
193 192 0.0428
194 192 0.0212
601 192 0.0184
192 193 0.0428
194 193 0.0415
601 193 0.0033
192 194 0.0212
193 194 0.0415
581 194 0.076
599 194 0.0037
134 195 0.0133
196 195 0.0249
209 195 0.0334
603 195 0.0046
195 196 0.0249
197 196 0.0134
210 196 0.0027
603 196 0.0025
196 197 0.0134
198 197 0.0058
600 197 0.0053
602 197 0.0197
197 198 0.0058
199 198 0.0047
204 198 0.0134
198 199 0.0047
200 199 0.0275
595 199 0.044
597 199 0.0034
199 200 0.0275
201 200 0.0042
592 200 0.0023
200 201 0.0042
202 201 0.0118
206 201 0.0038
594 201 0.0015
928 201 0.0053
201 202 0.0118
203 202 0.0081
974 202 0.0032
202 203 0.0081
973 203 0.007
1246 203 0.0151
1249 203 0.0004
198 204 0.0134
205 204 0.0033
606 204 0.0103
204 205 0.0033
206 205 0.0125
930 205 0.0044
201 206 0.0038
205 206 0.0125
928 206 0.0015
134 207 0.0176
135 207 0.0052
208 207 0.0167
207 208 0.0167
209 208 0.0066
211 208 0.0106
195 209 0.0334
208 209 0.0066
210 209 0.0101
212 209 0.0016
196 210 0.0027
209 210 0.0101
606 210 0.0073
610 210 0.0046
208 211 0.0106
212 211 0.0012
216 211 0.0027
209 212 0.0016
211 212 0.0012
622 212 0.0017
135 213 0.0078
137 213 0.0052
214 213 0.0258
213 214 0.0258
215 214 0.0021
218 214 0.0231
214 215 0.0021
216 215 0.0012
219 215 0.0156
211 216 0.0027
215 216 0.0012
217 216 0.0131
222 216 0.004
623 216 0.001
216 217 0.0131
222 217 0.0046
624 217 0.002
138 218 0.0053
214 218 0.0231
1151 218 0.0122
215 219 0.0156
220 219 0.0047
1151 219 0.0343
219 220 0.0047
221 220 0.0144
222 220 0.0584
528 220 0.0103
132 221 0.003
220 221 0.0144
627 221 0.0029
216 222 0.004
217 222 0.0046
220 222 0.0584
33 223 0.0075
224 223 0.0038
225 223 0.0361
223 224 0.0038
225 224 0.0025
232 224 0.0066
33 225 0.0071
223 225 0.0361
224 225 0.0025
226 225 0.0109
37 226 0.0446
225 226 0.0109
227 226 0.0149
226 227 0.0149
228 227 0.0112
825 227 0.0021
227 228 0.0112
830 228 0.0029
836 228 0.0053
848 228 0.0006
34 229 0.0042
26 230 0.0252
231 230 0.0157
233 230 0.0022
230 231 0.0157
233 231 0.0011
853 231 0.0025
224 232 0.0066
840 232 0.0146
856 232 0.0021
20 233 0.0032
230 233 0.0022
231 233 0.0011
20 234 0.056
23 234 0.0129
24 234 0.0741
235 234 0.0438
234 235 0.0438
18 236 0.002
21 237 0.1573
238 237 0.0026
240 237 0.0055
237 238 0.0026
16 239 0.0911
240 239 0.0128
541 239 0.0139
237 240 0.0055
239 240 0.0128
241 240 0.0069
541 240 0.009
240 241 0.0069
542 241 0.0081
1362 241 0.0568
910 242 0.0684
1360 242 0.0127
1362 242 0.0974
1363 242 0.0028
26 243 0.0166
27 243 0.0208
29 243 0.016
31 243 0.0199
26 244 0.0052
245 244 0.0059
246 244 0.0068
244 245 0.0059
244 246 0.0068
41 247 0.0135
248 247 0.0057
249 247 0.0055
247 248 0.0057
250 248 0.0013
756 248 0.002
762 248 0.0332
247 249 0.0055
250 249 0.0125
251 249 0.0125
248 250 0.0013
249 250 0.0125
755 250 0.0016
44 251 0.0011
45 251 0.0026
249 251 0.0125
46 252 0.0024
253 252 0.0038
760 252 0.0006
252 253 0.0038
47 254 0.0023
255 254 0.0021
753 254 0.0007
254 255 0.0021
752 255 0.0012
753 255 0.0069
52 256 0.0571
257 256 0.0203
261 256 0.0044
256 257 0.0203
258 257 0.0035
262 257 0.0034
257 258 0.0035
259 258 0.0042
719 258 0.0064
258 259 0.0042
260 259 0.0009
263 259 0.0003
259 260 0.0009
51 261 0.002
256 261 0.0044
262 261 0.0115
257 262 0.0034
261 262 0.0115
263 262 0.0096
713 262 0.0065
259 263 0.0003
262 263 0.0096
713 263 0.0158
738 263 0.0008
739 263 0.0069
265 264 0.0016
714 264 0.0041
715 264 0.0021
739 264 0.0107
264 265 0.0016
61 266 0.0031
267 266 0.0116
733 266 0.0009
266 267 0.0116
268 267 0.0171
732 267 0.0004
267 268 0.0171
269 268 0.002
734 268 0.0005
268 269 0.002
270 269 0.0015
735 269 0.0011
736 269 0.0005
269 270 0.0015
65 271 0.0019
272 271 0.0079
1423 271 0.008
271 272 0.0079
273 272 0.0259
285 272 0.0018
272 273 0.0259
274 273 0.0123
277 273 0.0017
273 274 0.0123
275 274 0.0253
283 274 0.0004
274 275 0.0253
276 275 0.0009
278 275 0.0007
275 276 0.0009
273 277 0.0017
275 278 0.0007
64 279 0.0089
67 279 0.0107
68 279 0.0234
280 279 0.0047
279 280 0.0047
281 280 0.004
1422 280 0.0043
280 281 0.004
282 281 0.005
287 281 0.0043
1421 281 0.0054
1422 281 0.0077
281 282 0.005
283 282 0.0055
291 282 0.0007
274 283 0.0004
282 283 0.0055
284 283 0.0009
283 284 0.0009
272 285 0.0018
1047 286 0.0029
1048 286 0.0064
1422 286 0.004
68 287 0.0056
281 287 0.0043
1421 287 0.004
289 288 0.0088
290 288 0.0017
295 288 0.0137
1421 288 0.0052
288 289 0.0088
290 289 0.0026
293 289 0.0022
288 290 0.0017
289 290 0.0026
292 290 0.0025
293 290 0.0011
282 291 0.0007
290 292 0.0025
289 293 0.0022
290 293 0.0011
294 293 0.0033
297 293 0.007
293 294 0.0033
288 295 0.0137
296 295 0.0009
297 295 0.0074
295 296 0.0009
293 297 0.007
295 297 0.0074
298 297 0.0022
297 298 0.0022
68 299 0.0013
300 299 0.0062
303 299 0.0156
1117 299 0.0082
1421 299 0.0075
299 300 0.0062
301 300 0.0036
305 300 0.0165
306 300 0.0065
300 301 0.0036
302 301 0.0013
303 301 0.0031
301 302 0.0013
698 302 0.0006
1405 302 0.0028
299 303 0.0156
301 303 0.0031
304 303 0.0005
303 304 0.0005
71 305 0.0227
300 305 0.0165
317 305 0.005
318 305 0.0015
300 306 0.0065
307 306 0.0045
308 306 0.0045
306 307 0.0045
308 307 0.0134
333 307 0.0058
306 308 0.0045
307 308 0.0134
309 308 0.0042
698 308 0.0003
308 309 0.0042
310 309 0.0121
311 309 0.0097
309 310 0.0121
311 310 0.0308
326 310 0.009
332 310 0.0003
309 311 0.0097
310 311 0.0308
312 311 0.0017
698 311 0.0004
311 312 0.0017
85 313 0.0012
314 313 0.0025
696 313 0.0009
79 314 0.0249
313 314 0.0025
325 314 0.0058
327 314 0.0045
69 315 0.003
70 315 0.0141
316 315 0.0107
73 316 0.0033
315 316 0.0107
317 316 0.0016
305 317 0.005
316 317 0.0016
320 317 0.0095
1425 317 0.0024
305 318 0.0015
75 319 0.0048
320 319 0.0033
321 319 0.0129
700 319 0.0019
317 320 0.0095
319 320 0.0033
1424 320 0.0085
319 321 0.0129
322 321 0.0083
701 321 0.0054
1424 321 0.0027
321 322 0.0083
323 322 0.0102
328 322 0.0137
322 323 0.0102
324 323 0.0054
333 323 0.0034
79 324 0.0021
323 324 0.0054
325 324 0.0057
314 325 0.0058
324 325 0.0057
326 325 0.0091
310 326 0.009
325 326 0.0091
327 326 0.0043
329 326 0.0015
333 326 0.0056
314 327 0.0045
326 327 0.0043
694 327 0.0012
322 328 0.0137
326 329 0.0015
330 329 0.0012
331 329 0.0004
329 330 0.0012
694 330 0.0004
695 330 0.0005
329 331 0.0004
310 332 0.0003
307 333 0.0058
323 333 0.0034
326 333 0.0056
1425 333 0.0086
82 334 0.0088
335 334 0.005
703 334 0.0008
334 335 0.005
336 335 0.007
339 335 0.0057
335 336 0.007
341 336 0.0379
377 336 0.0009
697 336 0.0003
81 337 0.0008
83 338 0.002
339 338 0.0008
340 338 0.0037
335 339 0.0057
338 339 0.0008
692 339 0.0033
338 340 0.0037
336 341 0.0379
342 341 0.0412
352 341 0.0069
341 342 0.0412
343 342 0.0196
358 342 0.001
361 342 0.001
342 343 0.0196
344 343 0.01
354 343 0.0028
343 344 0.01
345 344 0.004
348 344 0.0024
355 344 0.0014
344 345 0.004
346 345 0.0099
349 345 0.0005
356 345 0.0103
345 346 0.0099
347 346 0.0008
1044 346 0.0002
346 347 0.0008
344 348 0.0024
349 348 0.0033
350 348 0.0006
351 348 0.0024
345 349 0.0005
348 349 0.0033
350 349 0.0045
1043 349 0.0028
1044 349 0.0046
348 350 0.0006
349 350 0.0045
1042 350 0.0022
1043 350 0.0079
348 351 0.0024
341 352 0.0069
353 352 0.0006
689 352 0.0007
697 352 0.0005
352 353 0.0006
695 353 0.0016
699 353 0.0009
1046 353 0.0022
343 354 0.0028
355 354 0.0001
689 354 0.001
344 355 0.0014
354 355 0.0001
356 355 0.0002
345 356 0.0103
355 356 0.0002
357 356 0.0005
356 357 0.0005
342 358 0.001
359 358 0.0011
362 358 0.0004
377 358 0.0014
358 359 0.0011
360 359 0.0005
691 359 0.0007
359 360 0.0005
342 361 0.001
358 362 0.0004
364 363 0.0086
1122 363 0.0028
1123 363 0.0119
363 364 0.0086
365 364 0.0033
370 364 0.0009
364 365 0.0033
366 365 0.0063
379 365 0.0073
365 366 0.0063
398 366 0.0038
399 366 0.0072
1040 366 0.0017
80 367 0.0043
368 367 0.0007
376 367 0.0007
367 368 0.0007
369 368 0.0054
378 368 0.0012
368 369 0.0054
375 369 0.0034
377 369 0.0022
87 370 0.002
364 370 0.0009
371 370 0.0023
370 371 0.0023
372 371 0.001
373 371 0.0098
371 372 0.001
371 373 0.0098
374 373 0.0022
375 373 0.0014
691 373 0.0014
373 374 0.0022
369 375 0.0034
373 375 0.0014
691 375 0.003
367 376 0.0007
336 377 0.0009
358 377 0.0014
369 377 0.0022
368 378 0.0012
365 379 0.0073
380 379 0.004
383 379 0.0004
379 380 0.004
381 380 0.0025
1042 380 0.0009
380 381 0.0025
382 381 0.0015
1336 381 0.0007
381 382 0.0015
379 383 0.0004
86 384 0.0047
88 384 0.0097
1119 384 0.0049
88 385 0.0061
1123 385 0.0011
1341 385 0.0031
88 386 0.0014
91 387 0.0115
388 387 0.0036
393 387 0.0009
387 388 0.0036
92 389 0.0082
390 389 0.029
427 389 0.0007
389 390 0.029
391 390 0.0092
407 390 0.0049
409 390 0.0103
92 391 0.0011
390 391 0.0092
392 391 0.005
407 391 0.0077
391 392 0.005
393 392 0.0036
406 392 0.0008
387 393 0.0009
392 393 0.0036
420 393 0.002
1341 393 0.0043
395 394 0.0067
420 394 0.0003
1341 394 0.0283
394 395 0.0067
396 395 0.0035
401 395 0.003
687 395 0.0003
1040 395 0.0003
395 396 0.0035
397 396 0.0028
1032 396 0.0003
396 397 0.0028
1028 397 0.0106
1033 397 0.0018
1034 397 0.0007
366 398 0.0038
1028 398 0.0009
1035 398 0.0137
366 399 0.0072
400 399 0.0052
1036 399 0.0021
399 400 0.0052
1037 400 0.0094
1038 400 0.0024
1039 400 0.0053
395 401 0.003
402 401 0.0043
404 401 0.0005
401 402 0.0043
403 402 0.0005
404 402 0.0012
405 402 0.0006
402 403 0.0005
405 403 0.0006
1030 403 0.0041
401 404 0.0005
402 404 0.0012
1031 404 0.0042
402 405 0.0006
403 405 0.0006
1029 405 0.0007
392 406 0.0008
390 407 0.0049
391 407 0.0077
408 407 0.0019
407 408 0.0019
390 409 0.0103
410 409 0.0039
427 409 0.0026
409 410 0.0039
411 410 0.008
420 410 0.0007
410 411 0.008
412 411 0.0056
676 411 0.0005
411 412 0.0056
413 412 0.002
415 412 0.0117
412 413 0.002
414 413 0.0017
420 413 0.0015
687 413 0.0016
413 414 0.0017
412 415 0.0117
416 415 0.0017
419 415 0.0022
415 416 0.0017
417 416 0.0016
418 416 0.0012
416 417 0.0016
416 418 0.0012
415 419 0.0022
686 419 0.0016
1407 419 0.0005
393 420 0.002
394 420 0.0003
410 420 0.0007
413 420 0.0015
90 421 0.0044
422 421 0.0011
425 421 0.0084
421 422 0.0011
423 422 0.0029
424 422 0.0009
422 423 0.0029
422 424 0.0009
94 425 0.0022
100 425 0.0019
421 425 0.0084
93 426 0.0064
95 426 0.0028
97 426 0.0139
389 427 0.0007
409 427 0.0026
674 427 0.0002
1124 427 0.0015
102 428 0.0122
429 428 0.0005
432 428 0.0004
428 429 0.0005
430 429 0.0025
682 429 0.0014
429 430 0.0025
674 430 0.0023
678 430 0.0013
102 431 0.0018
432 431 0.0008
435 431 0.0011
428 432 0.0004
431 432 0.0008
433 432 0.0046
432 433 0.0046
434 433 0.007
682 433 0.001
683 433 0.0011
433 434 0.007
435 434 0.0024
440 434 0.0101
431 435 0.0011
434 435 0.0024
439 435 0.0047
101 436 0.0015
107 437 0.0299
438 437 0.0025
441 437 0.001
437 438 0.0025
439 438 0.0332
442 438 0.0027
435 439 0.0047
438 439 0.0332
440 439 0.0132
434 440 0.0101
439 440 0.0132
684 440 0.0008
437 441 0.001
438 442 0.0027
443 442 0.0029
684 442 0.0013
685 442 0.0005
442 443 0.0029
110 444 0.0413
111 444 0.0254
112 444 0.0063
110 445 0.0142
446 445 0.015
669 445 0.0098
670 445 0.0026
445 446 0.015
447 446 0.019
666 446 0.0089
671 446 0.0072
672 446 0.0072
446 447 0.019
448 447 0.0095
449 447 0.0039
447 448 0.0095
450 448 0.0122
455 448 0.0208
447 449 0.0039
448 450 0.0122
451 450 0.0259
1709 450 0.0039
450 451 0.0259
452 451 0.0187
472 451 0.0362
451 452 0.0187
453 452 0.014
468 452 0.0018
1410 452 0.0041
452 453 0.014
454 453 0.0099
474 453 0.0005
453 454 0.0099
458 454 0.0086
460 454 0.0078
461 454 0.0016
463 454 0.0094
474 454 0.0026
448 455 0.0208
456 455 0.0029
1709 455 0.0034
455 456 0.0029
457 456 0.0011
1022 456 0.0002
456 457 0.0011
454 458 0.0086
459 458 0.0039
465 458 0.0039
458 459 0.0039
454 460 0.0078
489 460 0.0011
1012 460 0.0005
1344 460 0.0013
454 461 0.0016
462 461 0.0004
1010 461 0.0002
1011 461 0.0022
461 462 0.0004
454 463 0.0094
464 463 0.0066
474 463 0.0014
463 464 0.0066
1015 464 0.0012
1016 464 0.0013
458 465 0.0039
466 465 0.0033
467 465 0.0051
465 466 0.0033
1013 466 0.0012
1014 466 0.002
465 467 0.0051
452 468 0.0018
469 468 0.0025
470 468 0.0011
468 469 0.0025
1017 469 0.0045
1020 469 0.0022
1021 469 0.0011
468 470 0.0011
471 470 0.0026
1019 470 0.002
1410 470 0.0012
470 471 0.0026
1408 471 0.001
1410 471 0.0051
451 472 0.0362
473 472 0.0008
1410 472 0.0023
472 473 0.0008
453 474 0.0005
454 474 0.0026
463 474 0.0014
113 475 0.0091
476 475 0.0105
485 475 0.0012
475 476 0.0105
477 476 0.0025
494 476 0.0012
476 477 0.0025
478 477 0.0036
480 477 0.0007
477 478 0.0036
479 478 0.0007
483 478 0.0004
484 478 0.0006
478 479 0.0007
477 480 0.0007
481 480 0.0003
482 480 0.0007
480 481 0.0003
480 482 0.0007
478 483 0.0004
478 484 0.0006
475 485 0.0012
486 485 0.001
487 485 0.0009
488 485 0.0004
485 486 0.001
485 487 0.0009
485 488 0.0004
460 489 0.0011
118 490 0.0098
499 490 0.0018
656 490 0.0017
113 491 0.0054
492 491 0.0029
504 491 0.0007
491 492 0.0029
493 492 0.0003
495 492 0.0023
492 493 0.0003
476 494 0.0012
1008 494 0.0072
1009 494 0.0014
1334 494 0.0007
492 495 0.0023
496 495 0.0097
498 495 0.005
500 495 0.0013
495 496 0.0097
497 496 0.0004
1006 496 0.0013
496 497 0.0004
495 498 0.005
505 498 0.0026
1005 498 0.0025
490 499 0.0018
500 499 0.007
503 499 0.0016
495 500 0.0013
499 500 0.007
501 500 0.0064
503 500 0.0031
500 501 0.0064
505 501 0.0048
1327 501 0.0005
126 502 0.0102
503 502 0.0019
508 502 0.0058
499 503 0.0016
500 503 0.0031
502 503 0.0019
491 504 0.0007
498 505 0.0026
501 505 0.0048
506 505 0.0037
507 505 0.0051
505 506 0.0037
1002 506 0.015
1004 506 0.0194
505 507 0.0051
502 508 0.0058
509 508 0.0064
523 508 0.0017
508 509 0.0064
510 509 0.0094
514 509 0.005
523 509 0.0002
509 510 0.0094
511 510 0.0025
514 510 0.0014
1324 510 0.0011
510 511 0.0025
512 511 0.0008
513 511 0.0004
511 512 0.0008
511 513 0.0004
509 514 0.005
510 514 0.0014
515 514 0.0061
516 514 0.0042
517 514 0.0075
521 514 0.0023
522 514 0.0004
514 515 0.0061
651 515 0.0009
997 515 0.0301
998 515 0.0266
514 516 0.0042
514 517 0.0075
518 517 0.0008
519 517 0.0007
517 518 0.0008
519 518 0.0015
520 518 0.0027
1322 518 0.0024
517 519 0.0007
518 519 0.0015
520 519 0.0045
518 520 0.0027
519 520 0.0045
999 520 0.0052
1322 520 0.0052
1324 520 0.0143
514 521 0.0023
514 522 0.0004
508 523 0.0017
509 523 0.0002
632 523 0.0004
1147 523 0.0006
125 524 0.0011
525 524 0.0005
526 524 0.0012
1147 524 0.0012
524 525 0.0005
524 526 0.0012
1 527 0.0
129 528 0.0092
130 528 0.0093
220 528 0.0103
530 528 0.0075
129 529 0.0507
136 529 0.0027
530 529 0.0404
138 530 0.0066
528 530 0.0075
529 530 0.0404
1150 530 0.0404
120 531 0.0029
14 532 0.0058
157 532 0.0005
533 532 0.0004
1125 532 0.0079
532 533 0.0004
17 534 0.028
535 534 0.0681
550 534 0.0066
534 535 0.0681
536 535 0.0353
551 535 0.0011
535 536 0.0353
537 536 0.0228
549 536 0.0012
552 536 0.0083
536 537 0.0228
538 537 0.0241
547 537 0.0037
537 538 0.0241
539 538 0.0352
927 538 0.0003
538 539 0.0352
1712 539 0.0601
1716 539 0.0049
163 540 0.0095
164 540 0.0215
1715 540 0.0565
239 541 0.0139
240 541 0.009
542 541 0.0179
241 542 0.0081
541 542 0.0179
543 542 0.0517
542 543 0.0517
924 543 0.0271
1364 543 0.0654
545 544 0.0577
913 544 0.0551
915 544 0.048
1364 544 0.0307
544 545 0.0577
546 545 0.0235
555 545 0.0093
924 545 0.0176
925 545 0.002
545 546 0.0235
558 546 0.0191
560 546 0.0412
957 546 0.0016
537 547 0.0037
548 547 0.0024
925 547 0.0008
547 548 0.0024
957 548 0.003
1359 548 0.0005
536 549 0.0012
534 550 0.0066
535 551 0.0011
536 552 0.0083
553 552 0.0045
554 552 0.0017
552 553 0.0045
552 554 0.0017
545 555 0.0093
556 555 0.0315
1186 555 0.0029
555 556 0.0315
557 556 0.0197
1108 556 0.022
1200 556 0.0167
556 557 0.0197
1114 557 0.0118
1193 557 0.0041
1382 557 0.0047
1383 557 0.0045
1419 557 0.0137
546 558 0.0191
559 558 0.0123
560 558 0.0118
955 558 0.0054
558 559 0.0123
1115 559 0.0096
1199 559 0.01
546 560 0.0412
558 560 0.0118
926 560 0.001
954 560 0.0067
956 560 0.0103
957 560 0.0021
568 561 0.0091
939 561 0.0079
956 561 0.0688
164 562 0.0493
563 562 0.0231
566 562 0.0133
936 562 0.0254
937 562 0.0214
562 563 0.0231
564 563 0.0068
954 563 0.0006
563 564 0.0068
565 564 0.0158
566 564 0.0111
954 564 0.0212
564 565 0.0158
562 566 0.0133
564 566 0.0111
567 566 0.0355
936 566 0.0303
944 566 0.0282
566 567 0.0355
568 567 0.043
943 567 0.0061
561 568 0.0091
567 568 0.043
939 568 0.0079
942 568 0.0436
15 569 0.0021
39 570 0.0019
39 571 0.0026
12 572 0.0095
1 573 0.0
10 573 0.0082
574 573 0.0045
573 574 0.0045
167 575 0.0364
576 575 0.0124
937 575 0.005
575 576 0.0124
577 576 0.0307
937 576 0.007
953 576 0.0145
1202 576 0.023
576 577 0.0307
578 577 0.0239
952 577 0.0069
953 577 0.0171
577 578 0.0239
951 578 0.0229
952 578 0.0125
1201 578 0.0334
186 579 0.0091
580 579 0.0142
584 579 0.0339
962 579 0.0082
179 580 0.0129
180 580 0.0241
186 580 0.0072
579 580 0.0142
194 581 0.076
582 581 0.0332
587 581 0.0085
581 582 0.0332
583 582 0.006
586 582 0.0128
588 582 0.0048
1347 582 0.002
582 583 0.006
963 583 0.0118
1346 583 0.0123
185 584 0.0025
186 584 0.006
579 584 0.0339
585 584 0.0032
584 585 0.0032
582 586 0.0128
965 586 0.0194
969 586 0.0096
1346 586 0.0202
581 587 0.0085
588 587 0.0023
596 587 0.0013
582 588 0.0048
587 588 0.0023
589 588 0.0018
590 588 0.008
588 589 0.0018
588 590 0.008
591 590 0.007
596 590 0.0043
590 591 0.007
200 592 0.0023
594 592 0.0077
970 592 0.003
594 593 0.0051
971 593 0.0017
1245 593 0.0037
201 594 0.0015
592 594 0.0077
593 594 0.0051
199 595 0.044
596 595 0.0005
597 595 0.0088
587 596 0.0013
590 596 0.0043
595 596 0.0005
199 597 0.0034
595 597 0.0088
598 597 0.0093
597 598 0.0093
599 598 0.0112
600 598 0.0008
194 599 0.0037
598 599 0.0112
601 599 0.0006
197 600 0.0053
598 600 0.0008
601 600 0.008
192 601 0.0184
193 601 0.0033
599 601 0.0006
600 601 0.008
191 602 0.0317
197 602 0.0197
604 602 0.1214
188 603 0.0041
189 603 0.0087
195 603 0.0046
196 603 0.0025
189 604 0.0033
190 604 0.0051
602 604 0.1214
174 605 0.0011
958 605 0.0005
959 605 0.0005
204 606 0.0103
210 606 0.0073
607 606 0.0183
606 607 0.0183
608 607 0.001
609 607 0.0004
607 608 0.001
607 609 0.0004
210 610 0.0046
611 610 0.0073
613 610 0.0008
618 610 0.0051
610 611 0.0073
612 611 0.0127
621 611 0.003
935 611 0.0014
611 612 0.0127
614 612 0.0152
616 612 0.0009
617 612 0.0025
980 612 0.0008
610 613 0.0008
612 614 0.0152
615 614 0.0095
980 614 0.0046
614 615 0.0095
979 615 0.0028
981 615 0.0185
982 615 0.0044
612 616 0.0009
612 617 0.0025
610 618 0.0051
619 618 0.0301
621 618 0.0009
618 619 0.0301
620 619 0.0085
642 619 0.0031
619 620 0.0085
611 621 0.003
618 621 0.0009
642 621 0.0067
212 622 0.0017
216 623 0.001
217 624 0.002
625 624 0.0093
645 624 0.0045
624 625 0.0093
626 625 0.0077
628 625 0.013
640 625 0.0064
642 625 0.0084
625 626 0.0077
221 627 0.0029
633 627 0.0014
645 627 0.0033
625 628 0.013
629 628 0.0056
634 628 0.0093
645 628 0.0055
628 629 0.0056
630 629 0.0079
645 629 0.0009
629 630 0.0079
631 630 0.0077
633 630 0.013
630 631 0.0077
632 631 0.0092
1147 631 0.0013
523 632 0.0004
631 632 0.0092
646 632 0.0038
649 632 0.0183
132 633 0.0127
627 633 0.0014
630 633 0.013
1147 633 0.0005
628 634 0.0093
635 634 0.0056
637 634 0.0056
634 635 0.0056
636 635 0.0071
637 635 0.0117
638 635 0.0007
639 635 0.0038
635 636 0.0071
643 636 0.0021
654 636 0.0006
983 636 0.0227
634 637 0.0056
635 637 0.0117
643 637 0.0027
635 638 0.0007
635 639 0.0038
625 640 0.0064
641 640 0.0004
642 640 0.0011
643 640 0.0013
640 641 0.0004
619 642 0.0031
621 642 0.0067
625 642 0.0084
640 642 0.0011
636 643 0.0021
637 643 0.0027
640 643 0.0013
644 643 0.001
643 644 0.001
624 645 0.0045
627 645 0.0033
628 645 0.0055
629 645 0.0009
632 646 0.0038
647 646 0.0011
648 646 0.0012
646 647 0.0011
646 648 0.0012
632 649 0.0183
650 649 0.0089
652 649 0.004
649 650 0.0089
651 650 0.0114
990 650 0.0043
515 651 0.0009
650 651 0.0114
993 651 0.0067
994 651 0.0137
649 652 0.004
653 652 0.0015
654 652 0.0016
652 653 0.0015
655 653 0.0013
992 653 0.0018
636 654 0.0006
652 654 0.0016
988 654 0.0022
989 654 0.0017
653 655 0.0013
490 656 0.0017
126 657 0.0016
123 658 0.0017
124 658 0.0054
1149 658 0.0023
125 659 0.0008
122 660 0.0189
661 660 0.0025
663 660 0.002
660 661 0.0025
662 661 0.0008
663 661 0.0045
661 662 0.0008
660 663 0.002
661 663 0.0045
664 663 0.0005
663 664 0.0005
114 665 0.004
115 665 0.0048
116 665 0.0017
446 666 0.0089
109 667 0.0035
668 667 0.0042
669 667 0.0014
667 668 0.0042
110 669 0.0074
445 669 0.0098
667 669 0.0014
445 670 0.0026
446 671 0.0072
446 672 0.0072
104 673 0.0017
427 674 0.0002
430 674 0.0023
675 674 0.0011
677 674 0.0015
1025 674 0.0004
674 675 0.0011
411 676 0.0005
674 677 0.0015
430 678 0.0013
679 678 0.0009
682 678 0.0007
678 679 0.0009
680 679 0.0004
681 679 0.0004
1024 679 0.0007
679 680 0.0004
679 681 0.0004
429 682 0.0014
433 682 0.001
678 682 0.0007
433 683 0.0011
684 683 0.0008
1022 683 0.0004
440 684 0.0008
442 684 0.0013
683 684 0.0008
442 685 0.0005
419 686 0.0016
1026 686 0.0009
1027 686 0.0028
395 687 0.0003
413 687 0.0016
688 687 0.0016
687 688 0.0016
352 689 0.0007
354 689 0.001
690 689 0.0014
689 690 0.0014
359 691 0.0007
373 691 0.0014
375 691 0.003
84 692 0.0004
339 692 0.0033
693 692 0.002
692 693 0.002
327 694 0.0012
330 694 0.0004
695 694 0.0005
330 695 0.0005
353 695 0.0016
694 695 0.0005
1046 695 0.004
85 696 0.0004
313 696 0.0009
697 696 0.0013
336 697 0.0003
352 697 0.0005
696 697 0.0013
1046 697 0.002
302 698 0.0006
308 698 0.0003
311 698 0.0004
353 699 0.0009
78 700 0.0011
319 700 0.0019
701 700 0.0015
321 701 0.0054
700 701 0.0015
702 701 0.0043
701 702 0.0043
334 703 0.0008
77 704 0.0027
76 705 0.0023
72 706 0.0164
74 706 0.0122
75 706 0.0059
66 707 0.0043
58 708 0.0021
59 709 0.0195
710 709 0.0019
712 709 0.0012
60 710 0.0102
709 710 0.0019
711 710 0.0018
712 710 0.0027
710 711 0.0018
709 712 0.0012
710 712 0.0027
713 712 0.0029
262 713 0.0065
263 713 0.0158
712 713 0.0029
264 714 0.0041
715 714 0.0077
717 714 0.0021
264 715 0.0021
714 715 0.0077
716 715 0.0015
715 716 0.0015
714 717 0.0021
718 717 0.0018
737 717 0.0011
717 718 0.0018
258 719 0.0064
720 719 0.011
729 719 0.0018
719 720 0.011
721 720 0.0107
730 720 0.0023
720 721 0.0107
722 721 0.0129
731 721 0.0021
54 722 0.005
721 722 0.0129
723 722 0.0069
727 722 0.0007
732 722 0.0012
722 723 0.0069
724 723 0.0031
732 723 0.0012
742 723 0.0126
723 724 0.0031
725 724 0.002
726 724 0.0002
727 724 0.0014
724 725 0.002
724 726 0.0002
722 727 0.0007
724 727 0.0014
728 727 0.001
727 728 0.001
719 729 0.0018
720 730 0.0023
721 731 0.0021
267 732 0.0004
722 732 0.0012
723 732 0.0012
266 733 0.0009
268 734 0.0005
269 735 0.0011
269 736 0.0005
717 737 0.0011
263 738 0.0008
263 739 0.0069
264 739 0.0107
740 739 0.0015
741 739 0.0005
739 740 0.0015
739 741 0.0005
723 742 0.0126
743 742 0.0058
1118 742 0.0005
742 743 0.0058
744 743 0.0002
1137 743 0.0087
743 744 0.0002
57 745 0.0011
57 746 0.0002
1059 746 0.0047
1062 746 0.0023
57 747 0.0025
56 748 0.0014
1054 748 0.0027
1132 748 0.009
1134 748 0.002
55 749 0.0028
1049 749 0.0043
1051 749 0.001
1052 749 0.0069
1058 749 0.0011
1404 749 0.001
54 750 0.0023
53 751 0.0008
752 751 0.0011
1057 751 0.0054
255 752 0.0012
751 752 0.0011
1057 752 0.0009
254 753 0.0007
255 753 0.0069
754 753 0.0012
760 753 0.0011
753 754 0.0012
250 755 0.0016
248 756 0.002
757 756 0.0015
758 756 0.0009
759 756 0.0012
1066 756 0.0014
756 757 0.0015
756 758 0.0009
756 759 0.0012
252 760 0.0006
753 760 0.0011
761 760 0.0005
760 761 0.0005
248 762 0.0332
763 762 0.0087
768 762 0.0077
762 763 0.0087
764 763 0.0082
765 763 0.0034
763 764 0.0082
767 764 0.0011
773 764 0.0018
800 764 0.0013
763 765 0.0034
766 765 0.0054
767 765 0.0058
765 766 0.0054
1402 766 0.0012
1403 766 0.0031
764 767 0.0011
765 767 0.0058
795 767 0.0027
1401 767 0.0004
762 768 0.0077
769 768 0.0027
770 768 0.0064
768 769 0.0027
768 770 0.0064
771 770 0.0081
777 770 0.0053
770 771 0.0081
772 771 0.0135
777 771 0.0243
771 772 0.0135
773 772 0.0072
796 772 0.0018
764 773 0.0018
772 773 0.0072
778 773 0.0014
793 773 0.0015
800 773 0.0064
798 774 0.0017
799 774 0.0016
800 774 0.0017
42 775 0.0313
776 775 0.0144
827 775 0.0149
775 776 0.0144
777 776 0.0043
779 776 0.0184
770 777 0.0053
771 777 0.0243
776 777 0.0043
773 778 0.0014
776 779 0.0184
780 779 0.0295
827 779 0.0096
779 780 0.0295
792 780 0.014
813 780 0.0036
829 780 0.0097
782 781 0.021
787 781 0.0022
792 781 0.0366
781 782 0.021
783 782 0.0063
784 782 0.0004
789 782 0.002
801 782 0.008
782 783 0.0063
784 783 0.0119
789 783 0.0003
1074 783 0.0007
782 784 0.0004
783 784 0.0119
785 784 0.0036
786 784 0.0009
784 785 0.0036
1076 785 0.0035
1077 785 0.0037
1078 785 0.0011
1079 785 0.001
1146 785 0.003
784 786 0.0009
781 787 0.0022
788 787 0.0074
797 787 0.001
1070 787 0.0056
787 788 0.0074
791 788 0.0032
1072 788 0.002
782 789 0.002
783 789 0.0003
790 789 0.0006
789 790 0.0006
788 791 0.0032
1073 791 0.0038
1143 791 0.0019
780 792 0.014
781 792 0.0366
793 792 0.0008
821 792 0.0109
773 793 0.0015
792 793 0.0008
794 793 0.0067
793 794 0.0067
767 795 0.0027
772 796 0.0018
787 797 0.001
1069 797 0.0019
1139 797 0.0056
1442 797 0.0017
774 798 0.0017
1138 798 0.0024
1142 798 0.0059
774 799 0.0016
764 800 0.0013
773 800 0.0064
774 800 0.0017
782 801 0.008
802 801 0.0243
807 801 0.0007
808 801 0.0051
801 802 0.0243
803 802 0.0025
804 802 0.0124
806 802 0.0018
802 803 0.0025
1156 803 0.0027
1356 803 0.0019
802 804 0.0124
805 804 0.0087
1082 804 0.0013
804 805 0.0087
857 805 0.0011
1083 805 0.0056
1085 805 0.0064
802 806 0.0018
1080 806 0.0008
1081 806 0.0004
801 807 0.0007
801 808 0.0051
809 808 0.0043
812 808 0.0014
808 809 0.0043
810 809 0.0008
811 809 0.0009
809 810 0.0008
809 811 0.0009
808 812 0.0014
780 813 0.0036
814 813 0.005
819 813 0.002
820 813 0.0006
813 814 0.005
815 814 0.0139
834 814 0.0007
814 815 0.0139
816 815 0.0087
835 815 0.0014
815 816 0.0087
817 816 0.0019
833 816 0.0177
835 816 0.0033
816 817 0.0019
818 817 0.0007
832 817 0.0003
833 817 0.0014
817 818 0.0007
813 819 0.002
820 819 0.0016
821 819 0.0011
813 820 0.0006
819 820 0.0016
823 820 0.001
792 821 0.0109
819 821 0.0011
822 821 0.0013
821 822 0.0013
820 823 0.001
42 824 0.0025
227 825 0.0021
826 825 0.0032
828 825 0.0014
825 826 0.0032
828 826 0.0022
830 826 0.037
834 826 0.0035
775 827 0.0149
779 827 0.0096
828 827 0.0078
829 827 0.0051
825 828 0.0014
826 828 0.0022
827 828 0.0078
829 828 0.0019
780 829 0.0097
827 829 0.0051
828 829 0.0019
228 830 0.0029
826 830 0.037
831 830 0.0043
830 831 0.0043
832 831 0.0016
833 831 0.0009
838 831 0.0018
817 832 0.0003
831 832 0.0016
857 832 0.0055
816 833 0.0177
817 833 0.0014
831 833 0.0009
814 834 0.0007
826 834 0.0035
835 834 0.0026
815 835 0.0014
816 835 0.0033
834 835 0.0026
228 836 0.0053
837 836 0.0085
848 836 0.0117
836 837 0.0085
838 837 0.0065
851 837 0.0088
861 837 0.002
831 838 0.0018
837 838 0.0065
839 838 0.0026
838 839 0.0026
857 839 0.0017
860 839 0.0026
232 840 0.0146
841 840 0.0028
844 840 0.0077
840 841 0.0028
842 841 0.0192
849 841 0.0053
874 841 0.0041
841 842 0.0192
843 842 0.0172
874 842 0.004
877 842 0.0014
842 843 0.0172
873 843 0.0011
875 843 0.0048
876 843 0.0047
1089 843 0.0021
1355 843 0.0011
840 844 0.0077
845 844 0.0083
878 844 0.0036
844 845 0.0083
846 845 0.0098
874 845 0.0009
845 846 0.0098
847 846 0.0074
875 846 0.005
846 847 0.0074
879 847 0.0045
880 847 0.0024
228 848 0.0006
836 848 0.0117
849 848 0.0098
841 849 0.0053
848 849 0.0098
850 849 0.0025
849 850 0.0025
851 850 0.0036
867 850 0.0049
871 850 0.0031
837 851 0.0088
850 851 0.0036
852 851 0.0017
851 852 0.0017
866 852 0.0012
868 852 0.0038
231 853 0.0025
854 853 0.0028
855 853 0.006
853 854 0.0028
853 855 0.006
232 856 0.0021
805 857 0.0011
832 857 0.0055
839 857 0.0017
858 857 0.0039
859 857 0.0036
1085 857 0.0018
857 858 0.0039
857 859 0.0036
839 860 0.0026
1086 860 0.0044
1087 860 0.004
837 861 0.002
862 861 0.0007
863 861 0.001
864 861 0.0023
865 861 0.0035
861 862 0.0007
861 863 0.001
861 864 0.0023
1088 864 0.0032
1157 864 0.0022
1444 864 0.0009
861 865 0.0035
852 866 0.0012
850 867 0.0049
868 867 0.0062
871 867 0.005
852 868 0.0038
867 868 0.0062
869 868 0.0137
868 869 0.0137
870 869 0.0087
873 869 0.0029
869 870 0.0087
873 870 0.0023
879 870 0.0006
850 871 0.0031
867 871 0.005
872 871 0.0032
871 872 0.0032
843 873 0.0011
869 873 0.0029
870 873 0.0023
841 874 0.0041
842 874 0.004
845 874 0.0009
875 874 0.0031
843 875 0.0048
846 875 0.005
874 875 0.0031
843 876 0.0047
1089 876 0.0209
1355 876 0.006
842 877 0.0014
844 878 0.0036
847 879 0.0045
870 879 0.0006
1093 879 0.0067
1164 879 0.0051
1355 879 0.0051
847 880 0.0024
882 881 0.0033
884 881 0.0191
900 881 0.0186
1361 881 0.0563
881 882 0.0033
883 882 0.0104
1159 882 0.0339
882 883 0.0104
881 884 0.0191
885 884 0.0138
900 884 0.0128
884 885 0.0138
886 885 0.0133
897 885 0.001
901 885 0.0064
885 886 0.0133
887 886 0.0059
893 886 0.0037
898 886 0.0009
886 887 0.0059
888 887 0.0073
1129 887 0.0088
887 888 0.0073
1162 888 0.011
1163 888 0.0047
1354 889 0.0015
891 890 0.0132
1130 890 0.0062
1161 890 0.0274
1163 890 0.0359
890 891 0.0132
1095 891 0.0195
1097 891 0.0397
1101 891 0.0097
1354 891 0.0042
1397 891 0.0027
895 892 0.0019
1102 892 0.014
1130 892 0.0101
1179 892 0.002
886 893 0.0037
894 893 0.0043
1129 893 0.0016
893 894 0.0043
902 894 0.0083
906 894 0.0148
1131 894 0.0237
892 895 0.0019
896 895 0.0047
1102 895 0.0027
1131 895 0.0091
895 896 0.0047
1102 896 0.0046
1103 896 0.003
885 897 0.001
886 898 0.0009
1159 899 0.0105
881 900 0.0186
884 900 0.0128
901 900 0.0313
910 900 0.0233
911 900 0.0186
885 901 0.0064
900 901 0.0313
902 901 0.0069
903 901 0.0016
894 902 0.0083
901 902 0.0069
904 902 0.0047
901 903 0.0016
902 904 0.0047
905 904 0.0048
908 904 0.0053
904 905 0.0048
1186 905 0.0053
1189 905 0.0047
894 906 0.0148
907 906 0.0066
908 906 0.0122
906 907 0.0066
1104 907 0.0086
1106 907 0.012
904 908 0.0053
906 908 0.0122
909 908 0.006
908 909 0.006
242 910 0.0684
900 910 0.0233
911 910 0.0282
1361 910 0.0231
900 911 0.0186
910 911 0.0282
913 911 0.0069
1127 911 0.0108
922 912 0.0032
923 912 0.0031
1127 912 0.0033
544 913 0.0551
911 913 0.0069
914 913 0.002
1127 913 0.0005
913 914 0.002
544 915 0.048
916 915 0.0014
917 915 0.0038
915 916 0.0014
915 917 0.0038
918 917 0.0024
919 917 0.0082
920 917 0.0037
917 918 0.0024
917 919 0.0082
923 919 0.0014
1128 919 0.0097
917 920 0.0037
921 920 0.0014
923 920 0.0008
920 921 0.0014
912 922 0.0032
912 923 0.0031
919 923 0.0014
920 923 0.0008
543 924 0.0271
545 924 0.0176
925 924 0.0047
545 925 0.002
547 925 0.0008
924 925 0.0047
560 926 0.001
538 927 0.0003
201 928 0.0053
206 928 0.0015
929 928 0.0078
928 929 0.0078
205 930 0.0044
931 930 0.0083
933 930 0.0006
934 930 0.0009
930 931 0.0083
932 931 0.0093
976 931 0.0056
931 932 0.0093
930 933 0.0006
930 934 0.0009
611 935 0.0014
562 936 0.0254
566 936 0.0303
944 936 0.0058
562 937 0.0214
575 937 0.005
576 937 0.007
165 938 0.0069
561 939 0.0079
568 939 0.0079
940 939 0.016
942 939 0.008
939 940 0.016
941 940 0.0317
942 940 0.0053
1199 940 0.0093
940 941 0.0317
942 941 0.0027
1199 941 0.0141
1381 941 0.0048
568 942 0.0436
939 942 0.008
940 942 0.0053
941 942 0.0027
943 942 0.0095
567 943 0.0061
942 943 0.0095
1353 943 0.0112
566 944 0.0282
936 944 0.0058
945 944 0.0208
953 944 0.0216
944 945 0.0208
946 945 0.014
947 945 0.0108
949 945 0.0108
1201 945 0.0786
945 946 0.014
945 947 0.0108
948 947 0.0188
1348 947 0.0099
1350 947 0.0075
947 948 0.0188
945 949 0.0108
950 949 0.0146
951 949 0.0096
949 950 0.0146
578 951 0.0229
949 951 0.0096
952 951 0.0051
1416 951 0.0065
175 952 0.0047
176 952 0.007
577 952 0.0069
578 952 0.0125
951 952 0.0051
960 952 0.0052
1203 952 0.0092
576 953 0.0145
577 953 0.0171
944 953 0.0216
1201 953 0.0358
560 954 0.0067
563 954 0.0006
564 954 0.0212
558 955 0.0054
956 955 0.005
1199 955 0.0039
560 956 0.0103
561 956 0.0688
955 956 0.005
546 957 0.0016
548 957 0.003
560 957 0.0021
167 958 0.0034
605 958 0.0005
959 958 0.0007
174 959 0.0014
605 959 0.0005
958 959 0.0007
177 960 0.0096
952 960 0.0052
1418 960 0.0296
177 961 0.0131
579 962 0.0082
1415 962 0.0069
1417 962 0.0065
583 963 0.0118
964 963 0.0122
1346 963 0.0405
963 964 0.0122
967 964 0.0565
1206 964 0.0097
1211 964 0.0112
586 965 0.0194
966 965 0.0123
1226 965 0.0025
1346 965 0.0645
965 966 0.0123
967 966 0.0161
1226 966 0.0085
964 967 0.0565
966 967 0.0161
968 967 0.0293
1222 967 0.0072
967 968 0.0293
1215 968 0.0062
1218 968 0.01
1230 968 0.0073
586 969 0.0096
592 970 0.003
1228 970 0.0014
1345 970 0.0089
593 971 0.0017
1240 971 0.0024
1245 971 0.0013
1246 971 0.0025
1239 972 0.0047
1246 972 0.003
1413 972 0.0013
203 973 0.007
1247 973 0.0018
1248 973 0.0011
1249 973 0.0046
202 974 0.0032
975 974 0.0015
976 974 0.0099
974 975 0.0015
931 976 0.0056
974 976 0.0099
977 976 0.0069
1253 976 0.0012
976 977 0.0069
1252 977 0.0017
1253 977 0.008
980 978 0.0024
1256 978 0.004
1263 978 0.0031
1279 978 0.001
615 979 0.0028
612 980 0.0008
614 980 0.0046
978 980 0.0024
981 980 0.0049
615 981 0.0185
980 981 0.0049
1266 981 0.0027
1279 981 0.0045
1282 981 0.0148
615 982 0.0044
1271 982 0.0009
1272 982 0.0018
636 983 0.0227
984 983 0.002
985 983 0.0223
983 984 0.002
983 985 0.0223
986 985 0.0028
987 985 0.0017
1274 985 0.0018
985 986 0.0028
1272 986 0.0025
1274 986 0.0075
985 987 0.0017
654 988 0.0022
654 989 0.0017
650 990 0.0043
991 990 0.002
992 990 0.011
990 991 0.002
993 991 0.009
1286 991 0.0091
653 992 0.0018
990 992 0.011
1276 992 0.0008
1286 992 0.0016
651 993 0.0067
991 993 0.009
1295 993 0.0222
651 994 0.0137
995 994 0.0042
1297 994 0.0497
1305 994 0.0011
994 995 0.0042
1298 995 0.0085
1303 995 0.0024
997 996 0.0352
1297 996 0.0659
1312 996 0.0017
515 997 0.0301
996 997 0.0352
1316 997 0.0015
515 998 0.0266
1317 998 0.002
1322 998 0.0016
520 999 0.0052
1000 999 0.005
1001 999 0.0022
1318 999 0.0012
999 1000 0.005
1319 1000 0.0018
1320 1000 0.0021
999 1001 0.0022
1320 1001 0.0006
1323 1001 0.0005
506 1002 0.015
1003 1002 0.0111
1006 1002 0.0003
1002 1003 0.0111
1330 1003 0.0007
1695 1003 0.0041
506 1004 0.0194
1328 1004 0.0014
1686 1004 0.0032
498 1005 0.0025
496 1006 0.0013
1002 1006 0.0003
1007 1006 0.0028
1006 1007 0.0028
1331 1007 0.0004
1332 1007 0.0005
494 1008 0.0072
1333 1008 0.0046
1698 1008 0.0055
494 1009 0.0014
461 1010 0.0002
461 1011 0.0022
460 1012 0.0005
466 1013 0.0012
466 1014 0.002
464 1015 0.0012
464 1016 0.0013
469 1017 0.0045
1018 1017 0.0016
1019 1017 0.002
1343 1017 0.0014
1017 1018 0.0016
470 1019 0.002
1017 1019 0.002
1408 1019 0.0015
469 1020 0.0022
469 1021 0.0011
456 1022 0.0002
683 1022 0.0004
1023 1022 0.0014
1022 1023 0.0014
679 1024 0.0007
1342 1024 0.0026
1409 1024 0.0013
674 1025 0.0004
686 1026 0.0009
686 1027 0.0028
397 1028 0.0106
398 1028 0.0009
1406 1028 0.014
405 1029 0.0007
403 1030 0.0041
404 1031 0.0042
396 1032 0.0003
397 1033 0.0018
397 1034 0.0007
398 1035 0.0137
1339 1035 0.0074
1340 1035 0.0128
399 1036 0.0021
400 1037 0.0094
1336 1037 0.0018
1337 1037 0.0212
400 1038 0.0024
400 1039 0.0053
1336 1039 0.0006
1338 1039 0.0019
366 1040 0.0017
395 1040 0.0003
1041 1040 0.0003
1040 1041 0.0003
350 1042 0.0022
380 1042 0.0009
1336 1042 0.0027
349 1043 0.0028
350 1043 0.0079
1335 1043 0.0011
346 1044 0.0002
349 1044 0.0046
1045 1044 0.0036
1335 1044 0.0029
1044 1045 0.0036
353 1046 0.0022
695 1046 0.004
697 1046 0.002
286 1047 0.0029
286 1048 0.0064
749 1049 0.0043
1050 1049 0.0033
1052 1049 0.0141
1058 1049 0.0052
1049 1050 0.0033
749 1051 0.001
749 1052 0.0069
1049 1052 0.0141
1053 1052 0.003
1052 1053 0.003
748 1054 0.0027
1135 1054 0.0098
1428 1054 0.002
1132 1055 0.0038
57 1056 0.0159
1132 1056 0.001
1136 1056 0.0005
1137 1056 0.0262
751 1057 0.0054
752 1057 0.0009
1058 1057 0.0066
1404 1057 0.0018
749 1058 0.0011
1049 1058 0.0052
1057 1058 0.0066
746 1059 0.0047
1060 1059 0.0019
1061 1059 0.0015
1426 1059 0.0007
1059 1060 0.0019
1059 1061 0.0015
746 1062 0.0023
1063 1062 0.0067
1426 1062 0.0004
1062 1063 0.0067
1064 1063 0.0089
1065 1063 0.0032
1133 1063 0.0027
1139 1063 0.001
1063 1064 0.0089
1399 1064 0.0046
1400 1064 0.0016
1442 1064 0.0015
1063 1065 0.0032
756 1066 0.0014
1067 1066 0.0048
1068 1066 0.0023
1066 1067 0.0048
1066 1068 0.0023
797 1069 0.0019
787 1070 0.0056
1071 1070 0.0011
1072 1070 0.0007
1070 1071 0.0011
788 1072 0.002
1070 1072 0.0007
1143 1072 0.0038
791 1073 0.0038
783 1074 0.0007
1075 1074 0.0016
1145 1074 0.0007
1074 1075 0.0016
785 1076 0.0035
785 1077 0.0037
785 1078 0.0011
785 1079 0.001
806 1080 0.0008
806 1081 0.0004
804 1082 0.0013
805 1083 0.0056
1084 1083 0.0081
1153 1083 0.0005
1083 1084 0.0081
1152 1084 0.0059
1153 1084 0.0042
805 1085 0.0064
857 1085 0.0018
1152 1085 0.0083
860 1086 0.0044
1155 1086 0.0035
1445 1086 0.0053
860 1087 0.004
864 1088 0.0032
1157 1088 0.0072
1158 1088 0.0156
1398 1088 0.0103
843 1089 0.0021
876 1089 0.0209
1090 1089 0.0102
1091 1089 0.0028
1092 1089 0.0067
1089 1090 0.0102
1089 1091 0.0028
1089 1092 0.0067
879 1093 0.0067
1354 1093 0.0188
1395 1093 0.0112
1462 1093 0.0024
1095 1094 0.0045
891 1095 0.0195
1094 1095 0.0045
1096 1095 0.0045
1165 1095 0.0221
1095 1096 0.0045
1166 1096 0.0127
1393 1096 0.0043
891 1097 0.0397
1098 1097 0.0174
1100 1097 0.007
1097 1098 0.0174
1099 1098 0.0225
1165 1098 0.0258
1173 1098 0.0072
1098 1099 0.0225
1170 1099 0.0089
1472 1099 0.0019
1097 1100 0.007
891 1101 0.0097
892 1102 0.014
895 1102 0.0027
896 1102 0.0046
1177 1102 0.0035
896 1103 0.003
907 1104 0.0086
1105 1104 0.0054
1176 1104 0.0038
1104 1105 0.0054
907 1106 0.012
1107 1106 0.0115
1718 1106 0.016
1106 1107 0.0115
1174 1107 0.0103
1176 1107 0.0036
1190 1107 0.0195
556 1108 0.022
1109 1108 0.0395
1188 1108 0.0235
1108 1109 0.0395
1110 1109 0.0205
1112 1109 0.049
1109 1110 0.0205
1111 1110 0.0403
1190 1110 0.02
1110 1111 0.0403
1180 1111 0.0196
1192 1111 0.0096
1109 1112 0.049
1113 1112 0.013
1190 1112 0.0166
1718 1112 0.0149
1112 1113 0.013
557 1114 0.0118
1194 1114 0.0192
1374 1114 0.0053
559 1115 0.0096
1200 1115 0.029
1384 1115 0.0359
1380 1116 0.0041
1386 1116 0.0491
1640 1116 0.0253
299 1117 0.0082
742 1118 0.0005
384 1119 0.0049
1120 1119 0.0341
1123 1119 0.0032
1119 1120 0.0341
1121 1120 0.0288
1122 1120 0.0093
1120 1121 0.0288
87 1122 0.0053
363 1122 0.0028
1120 1122 0.0093
363 1123 0.0119
385 1123 0.0011
1119 1123 0.0032
427 1124 0.0015
8 1125 0.05
532 1125 0.0079
1126 1125 0.0148
8 1126 0.0486
9 1126 0.0231
1125 1126 0.0148
911 1127 0.0108
912 1127 0.0033
913 1127 0.0005
919 1128 0.0097
887 1129 0.0088
893 1129 0.0016
1130 1129 0.002
1131 1129 0.0029
890 1130 0.0062
892 1130 0.0101
1129 1130 0.002
894 1131 0.0237
895 1131 0.0091
1129 1131 0.0029
748 1132 0.009
1055 1132 0.0038
1056 1132 0.001
1063 1133 0.0027
748 1134 0.002
1054 1135 0.0098
1056 1136 0.0005
56 1137 0.0127
743 1137 0.0087
1056 1137 0.0262
798 1138 0.0024
1426 1138 0.0007
1427 1138 0.0048
797 1139 0.0056
1063 1139 0.001
1140 1139 0.0039
1141 1139 0.0023
1139 1140 0.0039
1139 1141 0.0023
798 1142 0.0059
791 1143 0.0019
1072 1143 0.0038
1144 1143 0.0042
1143 1144 0.0042
1429 1144 0.0018
1441 1144 0.005
1074 1145 0.0007
1435 1145 0.0023
1440 1145 0.0012
785 1146 0.003
523 1147 0.0006
524 1147 0.0012
631 1147 0.0013
633 1147 0.0005
112 1148 0.0107
131 1149 0.0095
132 1149 0.0008
658 1149 0.0023
139 1150 0.0052
530 1150 0.0404
1151 1150 0.0306
218 1151 0.0122
219 1151 0.0343
1150 1151 0.0306
1084 1152 0.0059
1085 1152 0.0083
1153 1152 0.0177
1083 1153 0.0005
1084 1153 0.0042
1152 1153 0.0177
1154 1153 0.0107
1153 1154 0.0107
1445 1154 0.0115
1448 1154 0.0163
1086 1155 0.0035
803 1156 0.0027
864 1157 0.0022
1088 1157 0.0072
1444 1157 0.0068
1088 1158 0.0156
882 1159 0.0339
899 1159 0.0105
1160 1159 0.0705
1162 1159 0.0339
1159 1160 0.0705
1161 1160 0.0476
1162 1160 0.0675
890 1161 0.0274
1160 1161 0.0476
1163 1161 0.0215
888 1162 0.011
1159 1162 0.0339
1160 1162 0.0675
1163 1162 0.0181
888 1163 0.0047
890 1163 0.0359
1161 1163 0.0215
1162 1163 0.0181
879 1164 0.0051
1095 1165 0.0221
1098 1165 0.0258
1166 1165 0.0075
1096 1166 0.0127
1165 1166 0.0075
1167 1166 0.0039
1392 1166 0.0025
1394 1166 0.008
1166 1167 0.0039
1168 1167 0.005
1169 1167 0.0043
1167 1168 0.005
1167 1169 0.0043
1099 1170 0.0089
1171 1170 0.0229
1476 1170 0.0043
1170 1171 0.0229
1172 1171 0.0089
1477 1171 0.0112
1171 1172 0.0089
1474 1172 0.0164
1475 1172 0.0602
1098 1173 0.0072
1174 1173 0.0045
1181 1173 0.0026
1107 1174 0.0103
1173 1174 0.0045
1175 1174 0.0205
1174 1175 0.0205
1104 1176 0.0038
1107 1176 0.0036
1177 1176 0.0048
1102 1177 0.0035
1176 1177 0.0048
1178 1177 0.0031
1396 1177 0.004
1177 1178 0.0031
892 1179 0.002
1111 1180 0.0196
1181 1180 0.027
1183 1180 0.0231
1173 1181 0.0026
1180 1181 0.027
1182 1181 0.0123
1387 1181 0.0101
1181 1182 0.0123
1374 1182 0.0152
1388 1182 0.0114
1391 1182 0.0096
1180 1183 0.0231
1184 1183 0.008
1185 1183 0.008
1183 1184 0.008
1183 1185 0.008
555 1186 0.0029
905 1186 0.0053
1187 1186 0.0049
1188 1186 0.015
1186 1187 0.0049
1188 1187 0.0159
1718 1187 0.011
1108 1188 0.0235
1186 1188 0.015
1187 1188 0.0159
905 1189 0.0047
1107 1190 0.0195
1110 1190 0.02
1112 1190 0.0166
1191 1190 0.0121
1190 1191 0.0121
1111 1192 0.0096
557 1193 0.0041
1114 1194 0.0192
1195 1194 0.0156
1198 1194 0.0039
1378 1194 0.0049
1194 1195 0.0156
1196 1195 0.0083
1197 1195 0.0062
1376 1195 0.006
1379 1195 0.0062
1195 1196 0.0083
1377 1196 0.0344
1524 1196 0.0156
1195 1197 0.0062
1194 1198 0.0039
559 1199 0.01
940 1199 0.0093
941 1199 0.0141
955 1199 0.0039
556 1200 0.0167
1115 1200 0.029
1384 1200 0.0505
578 1201 0.0334
945 1201 0.0786
953 1201 0.0358
173 1202 0.0096
576 1202 0.023
1641 1202 0.023
952 1203 0.0092
1639 1204 0.0073
1414 1205 0.0441
964 1206 0.0097
1207 1206 0.0101
1209 1206 0.0096
1211 1206 0.0132
1414 1206 0.0212
1206 1207 0.0101
1208 1207 0.0106
1369 1207 0.0138
1207 1208 0.0106
1206 1209 0.0096
1210 1209 0.0251
1214 1209 0.0215
1209 1210 0.0251
1211 1210 0.0094
1233 1210 0.021
1234 1210 0.0185
964 1211 0.0112
1206 1211 0.0132
1210 1211 0.0094
1212 1211 0.0135
1211 1212 0.0135
1213 1212 0.016
1235 1212 0.0094
1212 1213 0.016
1232 1213 0.024
1368 1213 0.0049
1209 1214 0.0215
968 1215 0.0062
1216 1215 0.0072
1236 1215 0.0151
1367 1215 0.0072
1215 1216 0.0072
1643 1216 0.0044
1711 1216 0.0064
1711 1217 0.0015
968 1218 0.01
1219 1218 0.0036
1220 1218 0.0067
1231 1218 0.0088
1237 1218 0.0201
1711 1218 0.0043
1218 1219 0.0036
1218 1220 0.0067
1231 1220 0.0181
1702 1220 0.0295
1650 1221 0.0061
1653 1221 0.0018
1702 1221 0.0104
967 1222 0.0072
1223 1222 0.0055
1224 1222 0.0132
1222 1223 0.0055
1657 1223 0.0287
1658 1223 0.0026
1222 1224 0.0132
1225 1224 0.0109
1230 1224 0.009
1224 1225 0.0109
965 1226 0.0025
966 1226 0.0085
1227 1226 0.0192
1226 1227 0.0192
1228 1227 0.0055
1657 1227 0.0038
970 1228 0.0014
1227 1228 0.0055
1229 1228 0.0077
1228 1229 0.0077
968 1230 0.0073
1224 1230 0.009
1231 1230 0.0205
1218 1231 0.0088
1220 1231 0.0181
1230 1231 0.0205
1244 1231 0.0055
1213 1232 0.024
1366 1232 0.006
1581 1232 0.0379
1210 1233 0.021
1210 1234 0.0185
1212 1235 0.0094
1215 1236 0.0151
1627 1236 0.0049
1634 1236 0.0026
1646 1236 0.0014
1218 1237 0.0201
1238 1237 0.0038
1702 1237 0.0069
1237 1238 0.0038
972 1239 0.0047
1243 1239 0.0033
1657 1239 0.0035
971 1240 0.0024
1241 1240 0.0033
1242 1240 0.0036
1240 1241 0.0033
1240 1242 0.0036
1239 1243 0.0033
1231 1244 0.0055
1654 1244 0.0088
1702 1244 0.0077
593 1245 0.0037
971 1245 0.0013
1246 1245 0.0046
203 1246 0.0151
971 1246 0.0025
972 1246 0.003
1245 1246 0.0046
973 1247 0.0018
973 1248 0.0011
203 1249 0.0004
973 1249 0.0046
1250 1249 0.0033
1251 1249 0.0022
1249 1250 0.0033
1249 1251 0.0022
977 1252 0.0017
976 1253 0.0012
977 1253 0.008
1254 1253 0.0045
1255 1253 0.0025
1253 1254 0.0045
1660 1254 0.0064
1661 1254 0.0081
1253 1255 0.0025
978 1256 0.004
1257 1256 0.0069
1263 1256 0.0069
1256 1257 0.0069
1258 1257 0.0085
1260 1257 0.0017
1257 1258 0.0085
1259 1258 0.0019
1285 1258 0.0018
1258 1259 0.0019
1257 1260 0.0017
1261 1260 0.001
1262 1260 0.0013
1260 1261 0.001
1260 1262 0.0013
978 1263 0.0031
1256 1263 0.0069
1264 1263 0.0029
1265 1263 0.0017
1263 1264 0.0029
1263 1265 0.0017
981 1266 0.0027
1267 1266 0.0017
1270 1266 0.0009
1266 1267 0.0017
1268 1267 0.0041
1269 1267 0.0033
1267 1268 0.0041
1267 1269 0.0033
1266 1270 0.0009
982 1271 0.0009
982 1272 0.0018
986 1272 0.0025
1273 1272 0.0018
1274 1272 0.0083
1272 1273 0.0018
985 1274 0.0018
986 1274 0.0075
1272 1274 0.0083
1275 1274 0.0046
1278 1274 0.0007
1274 1275 0.0046
1276 1275 0.0043
1277 1275 0.0006
992 1276 0.0008
1275 1276 0.0043
1287 1276 0.0018
1275 1277 0.0006
1274 1278 0.0007
978 1279 0.001
981 1279 0.0045
1280 1279 0.0011
1281 1279 0.0003
1279 1280 0.0011
1279 1281 0.0003
981 1282 0.0148
1283 1282 0.0008
1284 1282 0.0033
1282 1283 0.0008
1282 1284 0.0033
1258 1285 0.0018
991 1286 0.0091
992 1286 0.0016
1287 1286 0.0041
1289 1286 0.0015
1276 1287 0.0018
1286 1287 0.0041
1288 1287 0.0012
1287 1288 0.0012
1286 1289 0.0015
1290 1289 0.0014
1294 1289 0.0018
1289 1290 0.0014
1291 1290 0.0133
1294 1290 0.0204
1295 1290 0.0087
1290 1291 0.0133
1292 1291 0.0231
1300 1291 0.0048
1291 1292 0.0231
1293 1292 0.0106
1294 1292 0.0129
1302 1292 0.0143
1411 1292 0.0097
1292 1293 0.0106
1289 1294 0.0018
1290 1294 0.0204
1292 1294 0.0129
993 1295 0.0222
1290 1295 0.0087
1296 1295 0.0074
1295 1296 0.0074
994 1297 0.0497
996 1297 0.0659
1311 1297 0.0134
995 1298 0.0085
1299 1298 0.0029
1303 1298 0.0078
1304 1298 0.004
1298 1299 0.0029
1305 1299 0.0008
1677 1299 0.0183
1291 1300 0.0048
1301 1300 0.0047
1304 1300 0.0026
1300 1301 0.0047
1292 1302 0.0143
995 1303 0.0024
1298 1303 0.0078
1304 1303 0.0022
1298 1304 0.004
1300 1304 0.0026
1303 1304 0.0022
994 1305 0.0011
1299 1305 0.0008
1306 1305 0.0055
1305 1306 0.0055
1307 1306 0.0108
1308 1306 0.0063
1310 1306 0.011
1306 1307 0.0108
1308 1307 0.0212
1412 1307 0.0907
1306 1308 0.0063
1307 1308 0.0212
1309 1308 0.0176
1308 1309 0.0176
1310 1309 0.0103
1313 1309 0.014
1306 1310 0.011
1309 1310 0.0103
1311 1310 0.0078
1297 1311 0.0134
1310 1311 0.0078
1312 1311 0.0017
996 1312 0.0017
1311 1312 0.0017
1313 1312 0.0051
1309 1313 0.014
1312 1313 0.0051
1314 1313 0.0044
1315 1313 0.005
1313 1314 0.0044
1313 1315 0.005
997 1316 0.0015
998 1317 0.002
999 1318 0.0012
1000 1319 0.0018
1000 1320 0.0021
1001 1320 0.0006
1321 1320 0.0013
1320 1321 0.0013
518 1322 0.0024
520 1322 0.0052
998 1322 0.0016
1001 1323 0.0005
510 1324 0.0011
520 1324 0.0143
1325 1324 0.0025
1326 1324 0.0031
1324 1325 0.0025
1324 1326 0.0031
501 1327 0.0005
1004 1328 0.0014
1329 1328 0.0015
1720 1328 0.002
1328 1329 0.0015
1003 1330 0.0007
1007 1331 0.0004
1007 1332 0.0005
1008 1333 0.0046
494 1334 0.0007
1043 1335 0.0011
1044 1335 0.0029
1336 1335 0.0016
381 1336 0.0007
1037 1336 0.0018
1039 1336 0.0006
1042 1336 0.0027
1335 1336 0.0016
1420 1336 0.0029
1037 1337 0.0212
1039 1338 0.0019
1035 1339 0.0074
1035 1340 0.0128
385 1341 0.0031
393 1341 0.0043
394 1341 0.0283
1024 1342 0.0026
1017 1343 0.0014
460 1344 0.0013
970 1345 0.0089
583 1346 0.0123
586 1346 0.0202
963 1346 0.0405
965 1346 0.0645
582 1347 0.002
947 1348 0.0099
1349 1348 0.0114
1639 1348 0.0198
1348 1349 0.0114
1586 1349 0.0106
1590 1349 0.0123
947 1350 0.0075
1351 1350 0.0062
1352 1350 0.0052
1373 1350 0.0102
1576 1350 0.0019
1350 1351 0.0062
1350 1352 0.0052
1370 1352 0.01
1371 1352 0.0158
1372 1352 0.0067
943 1353 0.0112
889 1354 0.0015
891 1354 0.0042
1093 1354 0.0188
843 1355 0.0011
876 1355 0.006
879 1355 0.0051
803 1356 0.0019
161 1357 0.034
1358 1357 0.0962
1714 1357 0.0351
162 1358 0.0119
163 1358 0.044
1357 1358 0.0962
548 1359 0.0005
20 1360 0.0172
242 1360 0.0127
1361 1360 0.1418
881 1361 0.0563
910 1361 0.0231
1360 1361 0.1418
241 1362 0.0568
242 1362 0.0974
1363 1362 0.0041
242 1363 0.0028
1362 1363 0.0041
1364 1363 0.0046
543 1364 0.0654
544 1364 0.0307
1363 1364 0.0046
1612 1365 0.0847
1619 1365 0.0514
1633 1365 0.0665
1232 1366 0.006
1628 1366 0.0058
1632 1366 0.013
1633 1366 0.0054
1215 1367 0.0072
1213 1368 0.0049
1207 1369 0.0138
1352 1370 0.01
1352 1371 0.0158
1352 1372 0.0067
1350 1373 0.0102
1114 1374 0.0053
1182 1374 0.0152
1375 1374 0.0129
1374 1375 0.0129
1512 1375 0.0081
1513 1375 0.0654
1521 1375 0.0193
1195 1376 0.006
1196 1377 0.0344
1194 1378 0.0049
1195 1379 0.0062
1116 1380 0.0041
941 1381 0.0048
557 1382 0.0047
557 1383 0.0045
1115 1384 0.0359
1200 1384 0.0505
1385 1384 0.0293
1384 1385 0.0293
1386 1385 0.0492
1419 1385 0.0819
1116 1386 0.0491
1385 1386 0.0492
1419 1386 0.0485
1640 1386 0.0537
1181 1387 0.0101
1473 1387 0.0361
1476 1387 0.0223
1182 1388 0.0114
1389 1388 0.0166
1474 1388 0.0317
1475 1388 0.0191
1388 1389 0.0166
1489 1389 0.0193
1494 1389 0.0138
1512 1389 0.0086
1475 1390 0.0285
1477 1390 0.0194
1478 1390 0.0114
1182 1391 0.0096
1166 1392 0.0025
1463 1392 0.01
1472 1392 0.0048
1707 1392 0.0029
1096 1393 0.0043
1166 1394 0.008
1093 1395 0.0112
1177 1396 0.004
891 1397 0.0027
1088 1398 0.0103
1064 1399 0.0046
1400 1399 0.0067
1442 1399 0.0013
1064 1400 0.0016
1399 1400 0.0067
1429 1400 0.0138
767 1401 0.0004
1427 1401 0.0078
1428 1401 0.0031
766 1402 0.0012
766 1403 0.0031
55 1404 0.0004
749 1404 0.001
1057 1404 0.0018
302 1405 0.0028
1028 1406 0.014
419 1407 0.0005
471 1408 0.001
1019 1408 0.0015
1708 1408 0.0022
1024 1409 0.0013
452 1410 0.0041
470 1410 0.0012
471 1410 0.0051
472 1410 0.0023
1292 1411 0.0097
1662 1411 0.0015
1663 1411 0.0134
1668 1411 0.0306
1307 1412 0.0907
1676 1412 0.0347
1677 1412 0.0143
972 1413 0.0013
1205 1414 0.0441
1206 1414 0.0212
1415 1414 0.0129
1639 1414 0.0141
962 1415 0.0069
1414 1415 0.0129
1416 1415 0.0069
951 1416 0.0065
1415 1416 0.0069
1639 1416 0.029
962 1417 0.0065
960 1418 0.0296
557 1419 0.0137
1385 1419 0.0819
1386 1419 0.0485
1640 1419 0.0392
1336 1420 0.0029
281 1421 0.0054
287 1421 0.004
288 1421 0.0052
299 1421 0.0075
280 1422 0.0043
281 1422 0.0077
286 1422 0.004
1423 1422 0.0082
65 1423 0.0107
271 1423 0.008
1422 1423 0.0082
320 1424 0.0085
321 1424 0.0027
1425 1424 0.0052
317 1425 0.0024
333 1425 0.0086
1424 1425 0.0052
1059 1426 0.0007
1062 1426 0.0004
1138 1426 0.0007
1138 1427 0.0048
1401 1427 0.0078
1428 1427 0.0013
1054 1428 0.002
1401 1428 0.0031
1427 1428 0.0013
1144 1429 0.0018
1400 1429 0.0138
1430 1429 0.0005
1431 1429 0.0006
1432 1429 0.0107
1435 1429 0.0038
1429 1430 0.0005
1429 1431 0.0006
1429 1432 0.0107
1433 1432 0.0044
1435 1432 0.0048
1443 1432 0.0009
1432 1433 0.0044
1434 1433 0.0013
1435 1433 0.006
1436 1433 0.0055
1438 1433 0.0014
1433 1434 0.0013
1145 1435 0.0023
1429 1435 0.0038
1432 1435 0.0048
1433 1435 0.006
1433 1436 0.0055
1437 1436 0.0017
1439 1436 0.0012
1436 1437 0.0017
1433 1438 0.0014
1436 1439 0.0012
1145 1440 0.0012
1144 1441 0.005
797 1442 0.0017
1064 1442 0.0015
1399 1442 0.0013
1432 1443 0.0009
864 1444 0.0009
1157 1444 0.0068
1445 1444 0.0154
1086 1445 0.0053
1154 1445 0.0115
1444 1445 0.0154
1446 1445 0.0078
1451 1445 0.0038
1452 1445 0.0068
1456 1445 0.0081
1445 1446 0.0078
1447 1446 0.0103
1448 1446 0.0043
1446 1447 0.0103
1154 1448 0.0163
1446 1448 0.0043
1449 1448 0.0024
1450 1448 0.0012
1448 1449 0.0024
1448 1450 0.0012
1445 1451 0.0038
1445 1452 0.0068
1453 1452 0.0044
1454 1452 0.0069
1455 1452 0.0075
1452 1453 0.0044
1452 1454 0.0069
1452 1455 0.0075
1445 1456 0.0081
1457 1456 0.0033
1460 1456 0.0018
1461 1456 0.0018
1456 1457 0.0033
1458 1457 0.005
1459 1457 0.0049
1457 1458 0.005
1457 1459 0.0049
1456 1460 0.0018
1456 1461 0.0018
1093 1462 0.0024
1392 1463 0.01
1464 1463 0.0132
1467 1463 0.0221
1472 1463 0.0132
1463 1464 0.0132
1465 1464 0.007
1466 1464 0.0045
1464 1465 0.007
1464 1466 0.0045
1463 1467 0.0221
1468 1467 0.0069
1469 1467 0.0051
1470 1467 0.0099
1484 1467 0.004
1467 1468 0.0069
1467 1469 0.0051
1467 1470 0.0099
1471 1470 0.0173
1478 1470 0.0064
1470 1471 0.0173
1099 1472 0.0019
1392 1472 0.0048
1463 1472 0.0132
1387 1473 0.0361
1474 1473 0.0879
1476 1473 0.0357
1172 1474 0.0164
1388 1474 0.0317
1473 1474 0.0879
1172 1475 0.0602
1388 1475 0.0191
1390 1475 0.0285
1477 1475 0.0758
1170 1476 0.0043
1387 1476 0.0223
1473 1476 0.0357
1171 1477 0.0112
1390 1477 0.0194
1475 1477 0.0758
1390 1478 0.0114
1470 1478 0.0064
1479 1478 0.0164
1478 1479 0.0164
1480 1479 0.0161
1487 1479 0.0048
1479 1480 0.0161
1481 1480 0.0053
1482 1480 0.0096
1480 1481 0.0053
1482 1481 0.0048
1485 1481 0.0024
1486 1481 0.0116
1480 1482 0.0096
1481 1482 0.0048
1483 1482 0.0049
1482 1483 0.0049
1467 1484 0.004
1481 1485 0.0024
1481 1486 0.0116
1479 1487 0.0048
1488 1487 0.0083
1501 1487 0.0119
1487 1488 0.0083
1389 1489 0.0193
1490 1489 0.0267
1501 1489 0.0616
1489 1490 0.0267
1491 1490 0.0675
1515 1490 0.0074
1490 1491 0.0675
1492 1491 0.0344
1501 1491 0.0221
1491 1492 0.0344
1493 1492 0.0086
1502 1492 0.0064
1492 1493 0.0086
1389 1494 0.0138
1495 1494 0.0221
1503 1494 0.0331
1505 1494 0.0039
1494 1495 0.0221
1496 1495 0.017
1515 1495 0.0269
1495 1496 0.017
1497 1496 0.0074
1498 1496 0.0195
1496 1497 0.0074
1496 1498 0.0195
1499 1498 0.0164
1500 1498 0.018
1498 1499 0.0164
1498 1500 0.018
1487 1501 0.0119
1489 1501 0.0616
1491 1501 0.0221
1492 1502 0.0064
1494 1503 0.0331
1504 1503 0.0078
1514 1503 0.0169
1503 1504 0.0078
1505 1504 0.0117
1513 1504 0.0203
1514 1504 0.023
1517 1504 0.0164
1494 1505 0.0039
1504 1505 0.0117
1506 1505 0.0177
1505 1506 0.0177
1507 1506 0.0097
1509 1506 0.0097
1506 1507 0.0097
1508 1507 0.011
1703 1507 0.0066
1507 1508 0.011
1506 1509 0.0097
1510 1509 0.0124
1511 1509 0.0127
1509 1510 0.0124
1509 1511 0.0127
1375 1512 0.0081
1389 1512 0.0086
1513 1512 0.0096
1375 1513 0.0654
1504 1513 0.0203
1512 1513 0.0096
1514 1513 0.0117
1503 1514 0.0169
1504 1514 0.023
1513 1514 0.0117
1490 1515 0.0074
1495 1515 0.0269
1516 1515 0.0075
1705 1515 0.0055
1515 1516 0.0075
1704 1516 0.0021
1706 1516 0.0125
1504 1517 0.0164
1518 1517 0.0057
1527 1517 0.0057
1531 1517 0.0093
1517 1518 0.0057
1519 1518 0.0108
1520 1518 0.0074
1518 1519 0.0108
1518 1520 0.0074
1375 1521 0.0193
1522 1521 0.0188
1526 1521 0.0336
1533 1521 0.0347
1555 1521 0.0174
1521 1522 0.0188
1523 1522 0.0181
1533 1522 0.0365
1571 1522 0.0234
1522 1523 0.0181
1543 1523 0.03
1552 1523 0.0475
1608 1523 0.0028
1196 1524 0.0156
1525 1524 0.0142
1567 1524 0.0116
1524 1525 0.0142
1526 1525 0.0187
1566 1525 0.0419
1521 1526 0.0336
1525 1526 0.0187
1563 1526 0.0057
1517 1527 0.0057
1528 1527 0.0399
1531 1527 0.0111
1527 1528 0.0399
1529 1528 0.0151
1532 1528 0.0201
1528 1529 0.0151
1530 1529 0.0082
1534 1529 0.008
1529 1530 0.0082
1517 1531 0.0093
1527 1531 0.0111
1532 1531 0.0148
1533 1531 0.0095
1528 1532 0.0201
1531 1532 0.0148
1534 1532 0.0062
1536 1532 0.0042
1538 1532 0.0065
1543 1532 0.0149
1521 1533 0.0347
1522 1533 0.0365
1531 1533 0.0095
1529 1534 0.008
1532 1534 0.0062
1535 1534 0.0075
1536 1534 0.0181
1534 1535 0.0075
1532 1536 0.0042
1534 1536 0.0181
1537 1536 0.0209
1536 1537 0.0209
1532 1538 0.0065
1539 1538 0.0121
1542 1538 0.0049
1550 1538 0.0045
1538 1539 0.0121
1540 1539 0.0138
1541 1539 0.0104
1539 1540 0.0138
1539 1541 0.0104
1538 1542 0.0049
1523 1543 0.03
1532 1543 0.0149
1544 1543 0.0137
1548 1543 0.0023
1551 1543 0.0118
1543 1544 0.0137
1545 1544 0.0053
1546 1544 0.0112
1544 1545 0.0053
1544 1546 0.0112
1547 1546 0.009
1549 1546 0.0052
1546 1547 0.009
1543 1548 0.0023
1546 1549 0.0052
1538 1550 0.0045
1543 1551 0.0118
1554 1551 0.0035
1606 1551 0.0054
1523 1552 0.0475
1553 1552 0.0207
1571 1552 0.0323
1552 1553 0.0207
1572 1553 0.0349
1610 1553 0.0028
1551 1554 0.0035
1521 1555 0.0174
1556 1555 0.018
1560 1555 0.0075
1555 1556 0.018
1557 1556 0.0149
1571 1556 0.0775
1572 1556 0.0262
1573 1556 0.0126
1575 1556 0.0135
1556 1557 0.0149
1558 1557 0.0129
1576 1557 0.0157
1578 1557 0.0119
1585 1557 0.0033
1587 1557 0.0033
1557 1558 0.0129
1559 1558 0.0076
1562 1558 0.0218
1558 1559 0.0076
1555 1560 0.0075
1561 1560 0.0135
1562 1560 0.0342
1560 1561 0.0135
1558 1562 0.0218
1560 1562 0.0342
1564 1562 0.009
1526 1563 0.0057
1564 1563 0.0067
1569 1563 0.0246
1562 1564 0.009
1563 1564 0.0067
1565 1564 0.022
1564 1565 0.022
1525 1566 0.0419
1567 1566 0.0354
1569 1566 0.0241
1524 1567 0.0116
1566 1567 0.0354
1568 1567 0.0153
1569 1567 0.04
1567 1568 0.0153
1563 1569 0.0246
1566 1569 0.0241
1567 1569 0.04
1570 1569 0.0085
1569 1570 0.0085
1522 1571 0.0234
1552 1571 0.0323
1556 1571 0.0775
1553 1572 0.0349
1556 1572 0.0262
1573 1572 0.0022
1556 1573 0.0126
1572 1573 0.0022
1574 1573 0.0112
1573 1574 0.0112
1575 1574 0.0122
1591 1574 0.0114
1556 1575 0.0135
1574 1575 0.0122
1592 1575 0.0048
1350 1576 0.0019
1557 1576 0.0157
1577 1576 0.0061
1576 1577 0.0061
1557 1578 0.0119
1579 1578 0.0096
1580 1578 0.0062
1587 1578 0.0044
1578 1579 0.0096
1578 1580 0.0062
1232 1581 0.0379
1582 1581 0.0266
1633 1581 0.0678
1581 1582 0.0266
1583 1582 0.0183
1600 1582 0.0279
1609 1582 0.0328
1582 1583 0.0183
1584 1583 0.0111
1593 1583 0.0384
1583 1584 0.0111
1557 1585 0.0033
1586 1585 0.0136
1588 1585 0.015
1349 1586 0.0106
1585 1586 0.0136
1587 1586 0.0126
1589 1586 0.0084
1557 1587 0.0033
1578 1587 0.0044
1586 1587 0.0126
1585 1588 0.015
1586 1589 0.0084
1349 1590 0.0123
1574 1591 0.0114
1575 1592 0.0048
1583 1593 0.0384
1594 1593 0.0174
1595 1593 0.0277
1593 1594 0.0174
1593 1595 0.0277
1596 1595 0.0061
1597 1595 0.0221
1595 1596 0.0061
1595 1597 0.0221
1598 1597 0.0264
1599 1597 0.034
1597 1598 0.0264
1597 1599 0.034
1582 1600 0.0279
1601 1600 0.0175
1608 1600 0.0203
1600 1601 0.0175
1602 1601 0.0265
1605 1601 0.0184
1601 1602 0.0265
1603 1602 0.0074
1604 1602 0.0146
1602 1603 0.0074
1602 1604 0.0146
1601 1605 0.0184
1606 1605 0.0194
1608 1605 0.017
1551 1606 0.0054
1605 1606 0.0194
1607 1606 0.0141
1606 1607 0.0141
1523 1608 0.0028
1600 1608 0.0203
1605 1608 0.017
1609 1608 0.0187
1582 1609 0.0328
1608 1609 0.0187
1610 1609 0.0272
1553 1610 0.0028
1609 1610 0.0272
1611 1610 0.0181
1610 1611 0.0181
1365 1612 0.0847
1613 1612 0.0163
1617 1612 0.0177
1612 1613 0.0163
1614 1613 0.0048
1615 1613 0.0172
1616 1613 0.0159
1613 1614 0.0048
1613 1615 0.0172
1613 1616 0.0159
1612 1617 0.0177
1618 1617 0.0192
1625 1617 0.0057
1617 1618 0.0192
1365 1619 0.0514
1620 1619 0.0288
1632 1619 0.0091
1619 1620 0.0288
1621 1620 0.0077
1629 1620 0.0127
1620 1621 0.0077
1622 1621 0.0151
1625 1621 0.0431
1621 1622 0.0151
1623 1622 0.0194
1624 1622 0.0076
1622 1623 0.0194
1622 1624 0.0076
1617 1625 0.0057
1621 1625 0.0431
1626 1625 0.0037
1625 1626 0.0037
1236 1627 0.0049
1628 1627 0.0239
1630 1627 0.0106
1366 1628 0.0058
1627 1628 0.0239
1629 1628 0.0107
1632 1628 0.0068
1620 1629 0.0127
1628 1629 0.0107
1630 1629 0.0138
1627 1630 0.0106
1629 1630 0.0138
1631 1630 0.0029
1630 1631 0.0029
1366 1632 0.013
1619 1632 0.0091
1628 1632 0.0068
1365 1633 0.0665
1366 1633 0.0054
1581 1633 0.0678
1236 1634 0.0026
1635 1634 0.0033
1636 1634 0.0072
1634 1635 0.0033
1634 1636 0.0072
1637 1636 0.0082
1638 1636 0.0044
1636 1637 0.0082
1636 1638 0.0044
1204 1639 0.0073
1348 1639 0.0198
1414 1639 0.0141
1416 1639 0.029
1116 1640 0.0253
1386 1640 0.0537
1419 1640 0.0392
173 1641 0.0119
1202 1641 0.023
1642 1641 0.0149
1641 1642 0.0149
1216 1643 0.0044
1644 1643 0.0018
1645 1643 0.0047
1643 1644 0.0018
1643 1645 0.0047
1236 1646 0.0014
1648 1647 0.0097
1649 1647 0.0111
1711 1647 0.0068
1647 1648 0.0097
1647 1649 0.0111
1221 1650 0.0061
1651 1650 0.0057
1652 1650 0.008
1650 1651 0.0057
1650 1652 0.008
1221 1653 0.0018
1244 1654 0.0088
1655 1654 0.0183
1656 1654 0.0034
1654 1655 0.0183
1654 1656 0.0034
1223 1657 0.0287
1227 1657 0.0038
1239 1657 0.0035
1658 1657 0.0084
1223 1658 0.0026
1657 1658 0.0084
1659 1658 0.0112
1658 1659 0.0112
1254 1660 0.0064
1254 1661 0.0081
1411 1662 0.0015
1411 1663 0.0134
1664 1663 0.0067
1665 1663 0.0138
1667 1663 0.01
1670 1663 0.1454
1663 1664 0.0067
1663 1665 0.0138
1666 1665 0.0089
1674 1665 0.0035
1665 1666 0.0089
1663 1667 0.01
1411 1668 0.0306
1669 1668 0.0232
1672 1668 0.017
1668 1669 0.0232
1670 1669 0.0294
1673 1669 0.0022
1663 1670 0.1454
1669 1670 0.0294
1671 1670 0.0046
1670 1671 0.0046
1668 1672 0.017
1673 1672 0.007
1677 1672 0.0338
1669 1673 0.0022
1672 1673 0.007
1674 1673 0.0394
1676 1673 0.0391
1678 1673 0.0375
1665 1674 0.0035
1673 1674 0.0394
1675 1674 0.0069
1674 1675 0.0069
1412 1676 0.0347
1673 1676 0.0391
1684 1676 0.0041
1299 1677 0.0183
1412 1677 0.0143
1672 1677 0.0338
1673 1678 0.0375
1679 1678 0.0115
1681 1678 0.012
1684 1678 0.0133
1678 1679 0.0115
1680 1679 0.0132
1681 1679 0.0029
1679 1680 0.0132
1678 1681 0.012
1679 1681 0.0029
1682 1681 0.0194
1683 1681 0.0114
1681 1682 0.0194
1681 1683 0.0114
1676 1684 0.0041
1678 1684 0.0133
1685 1684 0.0045
1684 1685 0.0045
1004 1686 0.0032
1687 1686 0.0102
1688 1686 0.1091
1693 1686 0.0026
1694 1686 0.0049
1695 1686 0.0022
1686 1687 0.0102
1686 1688 0.1091
1689 1688 0.0072
1690 1688 0.0191
1719 1688 0.0011
1688 1689 0.0072
1688 1690 0.0191
1691 1690 0.0043
1692 1690 0.0048
1690 1691 0.0043
1690 1692 0.0048
1686 1693 0.0026
1686 1694 0.0049
1003 1695 0.0041
1686 1695 0.0022
1696 1695 0.0065
1697 1695 0.004
1695 1696 0.0065
1695 1697 0.004
1008 1698 0.0055
1699 1698 0.0079
1700 1698 0.0088
1701 1698 0.0056
1698 1699 0.0079
1698 1700 0.0088
1698 1701 0.0056
1220 1702 0.0295
1221 1702 0.0104
1237 1702 0.0069
1244 1702 0.0077
1507 1703 0.0066
1516 1704 0.0021
1515 1705 0.0055
1516 1706 0.0125
1392 1707 0.0029
1408 1708 0.0022
450 1709 0.0039
455 1709 0.0034
1710 1709 0.0047
1709 1710 0.0047
1216 1711 0.0064
1217 1711 0.0015
1218 1711 0.0043
1647 1711 0.0068
539 1712 0.0601
1713 1712 0.0046
1715 1712 0.0473
159 1713 0.0025
1712 1713 0.0046
1714 1713 0.0034
161 1714 0.009
1357 1714 0.0351
1713 1714 0.0034
540 1715 0.0565
1712 1715 0.0473
1716 1715 0.0063
539 1716 0.0049
1715 1716 0.0063
1717 1716 0.0047
1716 1717 0.0047
1106 1718 0.016
1112 1718 0.0149
1187 1718 0.011
1688 1719 0.0011
1328 1720 0.002
