3 1 0.0039
82 1 0.008
106 1 0.0083
259 1 0.0075
263 1 0.0039
284 1 0.0051
322 1 0.0041
358 1 0.004
365 1 0.004
7 2 0.0021
304 2 0.0074
305 2 0.0067
311 2 0.0051
313 2 0.0042
314 2 0.0033
534 2 0.002
535 2 0.0021
733 2 0.0028
735 2 0.002
795 2 0.0026
796 2 0.0032
830 2 0.002
835 2 0.0032
874 2 0.0021
1 3 0.0039
27 3 0.0035
31 3 0.0013
161 3 0.002
649 3 0.0013
5 4 0.0015
729 4 0.0011
731 4 0.001
738 4 0.0003
4 5 0.0015
6 5 0.0045
726 5 0.0033
5 6 0.0045
653 6 0.0011
731 6 0.0054
2 7 0.0021
10 7 0.0001
618 7 0.0
9 8 0.0036
26 8 0.0
31 8 0.0068
8 9 0.0036
12 9 0.0126
645 9 0.0006
7 10 0.0001
11 10 0.0009
13 10 0.0008
10 11 0.0009
16 11 0.0019
17 11 0.0003
9 12 0.0126
15 12 0.0003
23 12 0.0003
31 12 0.0008
10 13 0.0008
14 13 0.0016
94 13 0.0006
13 14 0.0016
12 15 0.0003
649 15 0.0002
650 15 0.0006
11 16 0.0019
18 16 0.0012
20 16 0.0004
11 17 0.0003
16 18 0.0012
19 18 0.0002
21 18 0.0004
18 19 0.0002
16 20 0.0004
18 21 0.0004
22 21 0.0004
138 21 0.0006
21 22 0.0004
12 23 0.0003
646 23 0.0015
827 23 0.001
138 24 0.0002
138 25 0.0003
8 26 0.0
218 26 0.0001
645 26 0.0001
3 27 0.0035
29 27 0.0035
59 27 0.0001
662 28 0.0015
860 28 0.0005
867 28 0.0003
27 29 0.0035
30 29 0.0104
57 29 0.0002
29 30 0.0104
57 30 0.002
218 30 0.0006
3 31 0.0013
8 31 0.0068
12 31 0.0008
182 32 0.0009
187 32 0.0007
821 32 0.0007
928 32 0.0029
38 33 0.0007
218 33 0.0019
891 33 0.0002
35 34 0.0001
36 34 0.0005
894 34 0.0003
34 35 0.0001
34 36 0.0005
37 36 0.001
79 36 0.0001
36 37 0.001
250 37 0.0017
406 37 0.0001
33 38 0.0007
42 38 0.001
708 38 0.0003
824 38 0.0003
250 39 0.0003
250 40 0.0003
43 41 0.0003
895 41 0.0013
896 41 0.0014
38 42 0.001
44 42 0.0017
73 42 0.0005
708 42 0.0036
41 43 0.0003
42 44 0.0017
47 44 0.0007
49 44 0.0019
896 45 0.0001
48 46 0.0002
50 46 0.0002
896 46 0.0021
44 47 0.0007
111 47 0.0005
121 47 0.0002
46 48 0.0002
44 49 0.0019
53 49 0.0002
54 49 0.0001
46 50 0.0002
52 51 0.0024
56 51 0.0003
72 51 0.0003
650 51 0.0008
651 51 0.0068
51 52 0.0024
80 52 0.0009
287 52 0.0012
49 53 0.0002
49 54 0.0001
287 55 0.0002
51 56 0.0003
60 56 0.0001
674 56 0.0004
29 57 0.0002
30 57 0.002
59 57 0.0049
218 57 0.0014
674 58 0.0003
27 59 0.0001
57 59 0.0049
61 59 0.0026
62 59 0.0001
56 60 0.0001
59 61 0.0026
62 61 0.0042
76 61 0.0039
59 62 0.0001
61 62 0.0042
66 62 0.0004
431 63 0.0003
431 64 0.0001
67 65 0.0001
68 65 0.0003
321 65 0.0007
62 66 0.0004
69 66 0.0006
124 66 0.0001
65 67 0.0001
65 68 0.0003
66 69 0.0006
73 69 0.0002
124 69 0.0003
822 69 0.0003
303 70 0.0003
303 71 0.0002
51 72 0.0003
74 72 0.0003
370 72 0.0001
42 73 0.0005
69 73 0.0002
121 73 0.0001
822 73 0.0003
72 74 0.0003
75 74 0.0002
643 74 0.0002
74 75 0.0002
61 76 0.0039
78 76 0.0005
707 76 0.0001
287 77 0.0001
76 78 0.0005
122 78 0.0004
124 78 0.0016
820 78 0.0004
36 79 0.0001
52 80 0.0009
81 80 0.0002
415 80 0.0001
80 81 0.0002
1 82 0.008
83 82 0.0005
377 82 0.0116
82 83 0.0005
89 83 0.0003
102 83 0.0003
787 84 0.0001
936 85 0.0002
87 86 0.0004
88 86 0.0002
936 86 0.0013
86 87 0.0004
86 88 0.0002
83 89 0.0003
91 89 0.0009
102 89 0.0003
934 90 0.0001
89 91 0.0009
122 91 0.0006
707 91 0.0003
902 91 0.0003
441 92 0.0003
441 93 0.0005
13 94 0.0006
441 95 0.0003
97 96 0.0004
98 96 0.0004
441 96 0.0019
96 97 0.0004
96 98 0.0004
100 99 0.0002
101 99 0.0004
179 99 0.0003
99 100 0.0002
99 101 0.0004
83 102 0.0003
89 102 0.0003
103 102 0.0017
102 103 0.0017
497 103 0.0021
825 103 0.0003
105 104 0.0004
297 104 0.0002
396 104 0.0007
104 105 0.0004
1 106 0.0083
107 106 0.0032
378 106 0.0492
106 107 0.0032
108 107 0.0015
159 107 0.0002
107 108 0.0015
109 108 0.003
131 108 0.0092
108 109 0.003
110 109 0.0019
123 109 0.0002
109 110 0.0019
112 110 0.0033
135 110 0.0001
47 111 0.0005
113 111 0.0003
116 111 0.0002
110 112 0.0033
125 112 0.0009
137 112 0.0002
111 113 0.0003
114 113 0.0003
115 113 0.0002
113 114 0.0003
113 115 0.0002
111 116 0.0002
117 116 0.0008
118 116 0.0005
119 116 0.0002
116 117 0.0008
116 118 0.0005
116 119 0.0002
820 120 0.0003
47 121 0.0002
73 121 0.0001
820 121 0.0002
78 122 0.0004
91 122 0.0006
707 122 0.0002
109 123 0.0002
497 123 0.0003
498 123 0.0001
66 124 0.0001
69 124 0.0003
78 124 0.0016
112 125 0.0009
127 125 0.0018
498 125 0.0003
128 126 0.0006
870 126 0.0002
924 126 0.0018
125 127 0.0018
130 127 0.0011
499 127 0.0002
126 128 0.0006
129 128 0.0011
132 128 0.001
128 129 0.0011
127 130 0.0011
142 130 0.0002
143 130 0.0002
145 130 0.0007
108 131 0.0092
135 131 0.0004
146 131 0.0111
128 132 0.001
133 132 0.0003
134 132 0.001
132 133 0.0003
132 134 0.001
110 135 0.0001
131 135 0.0004
136 135 0.003
135 136 0.003
137 136 0.0004
635 136 0.0008
639 136 0.0001
112 137 0.0002
136 137 0.0004
139 137 0.0005
21 138 0.0006
24 138 0.0002
25 138 0.0003
137 139 0.0005
140 139 0.0003
142 139 0.0002
139 140 0.0003
142 140 0.0001
639 140 0.0008
661 141 0.0002
130 142 0.0002
139 142 0.0002
140 142 0.0001
130 143 0.0002
627 144 0.0007
631 144 0.0002
923 144 0.0029
130 145 0.0007
131 146 0.0111
147 146 0.0045
151 146 0.0022
146 147 0.0045
148 147 0.0008
151 147 0.002
147 148 0.0008
627 149 0.0007
152 150 0.0008
482 150 0.0003
661 150 0.0006
146 151 0.0022
147 151 0.002
159 151 0.0015
637 151 0.0007
150 152 0.0008
926 153 0.0003
155 154 0.0006
156 154 0.0008
926 154 0.0007
154 155 0.0006
154 156 0.0008
174 157 0.0002
175 157 0.0003
882 157 0.001
882 158 0.0021
107 159 0.0002
151 159 0.0015
448 159 0.0015
860 160 0.0004
3 161 0.002
163 161 0.0028
230 161 0.0006
164 162 0.0004
166 162 0.0012
439 162 0.0011
161 163 0.0028
165 163 0.0038
185 163 0.0037
230 163 0.0012
162 164 0.0004
163 165 0.0038
167 165 0.003
649 165 0.0003
162 166 0.0012
168 166 0.0006
169 166 0.0008
671 166 0.0007
165 167 0.003
173 167 0.0013
786 167 0.0002
166 168 0.0006
166 169 0.0008
863 170 0.0002
865 171 0.0008
865 172 0.0015
167 173 0.0013
177 173 0.0003
712 173 0.0003
157 174 0.0002
157 175 0.0003
178 176 0.0012
600 176 0.0003
632 176 0.0003
767 176 0.0004
173 177 0.0003
179 177 0.0007
711 177 0.0002
176 178 0.0012
730 178 0.0007
879 178 0.0006
99 179 0.0003
177 179 0.0007
180 179 0.0025
179 180 0.0025
181 180 0.0007
183 180 0.0002
180 181 0.0007
32 182 0.0009
193 182 0.0003
769 182 0.0014
802 182 0.0004
180 183 0.0002
880 184 0.0004
163 185 0.0037
188 185 0.0005
205 185 0.016
769 186 0.0004
32 187 0.0007
189 187 0.0005
769 187 0.0002
185 188 0.0005
191 188 0.0015
208 188 0.0014
187 189 0.0005
190 189 0.0005
197 189 0.0005
189 190 0.0005
188 191 0.0015
192 191 0.0035
202 191 0.0015
191 192 0.0035
194 192 0.0004
201 192 0.0005
182 193 0.0003
192 194 0.0004
195 194 0.0004
196 194 0.0013
194 195 0.0004
194 196 0.0013
189 197 0.0005
199 198 0.0013
200 198 0.0009
439 198 0.0006
198 199 0.0013
198 200 0.0009
192 201 0.0005
217 201 0.0031
220 201 0.0082
717 201 0.0001
191 202 0.0015
203 202 0.0004
204 202 0.0002
202 203 0.0004
202 204 0.0002
214 204 0.0054
215 204 0.003
185 205 0.016
206 205 0.0034
230 205 0.0008
205 206 0.0034
208 206 0.0019
245 206 0.0016
860 207 0.0003
188 208 0.0014
206 208 0.0019
212 208 0.0028
214 208 0.0004
210 209 0.0009
881 209 0.0004
889 209 0.0004
209 210 0.0009
211 210 0.0011
213 210 0.0004
210 211 0.0011
208 212 0.0028
214 212 0.0026
246 212 0.0005
210 213 0.0004
204 214 0.0054
208 214 0.0004
212 214 0.0026
716 214 0.0001
204 215 0.003
216 215 0.0024
217 215 0.0097
215 216 0.0024
227 216 0.0005
723 216 0.0001
201 217 0.0031
215 217 0.0097
219 217 0.0025
26 218 0.0001
30 218 0.0006
33 218 0.0019
57 218 0.0014
217 219 0.0025
220 219 0.0133
227 219 0.0067
201 220 0.0082
219 220 0.0133
221 220 0.0026
220 221 0.0026
222 221 0.0004
224 221 0.0019
221 222 0.0004
223 222 0.0011
772 222 0.0003
222 223 0.0011
221 224 0.0019
225 224 0.0063
757 224 0.0008
224 225 0.0063
226 225 0.0062
758 225 0.0005
780 225 0.0002
225 226 0.0062
758 226 0.0026
782 226 0.0007
216 227 0.0005
219 227 0.0067
228 227 0.0025
227 228 0.0025
229 228 0.0003
756 228 0.0014
228 229 0.0003
161 230 0.0006
163 230 0.0012
205 230 0.0008
231 230 0.0017
230 231 0.0017
232 231 0.0008
267 231 0.0007
231 232 0.0008
233 232 0.0009
288 232 0.0012
232 233 0.0009
234 233 0.0059
235 233 0.0013
233 234 0.0059
235 234 0.001
289 234 0.0002
233 235 0.0013
234 235 0.001
236 235 0.0017
235 236 0.0017
237 236 0.0067
269 236 0.0018
236 237 0.0067
238 237 0.0277
290 237 0.0041
237 238 0.0277
239 238 0.0028
269 238 0.0061
238 239 0.0028
240 239 0.0032
242 239 0.0018
239 240 0.0032
241 240 0.0034
720 240 0.0078
240 241 0.0034
291 241 0.0006
292 241 0.004
239 242 0.0018
243 242 0.0097
654 242 0.0002
656 242 0.0005
242 243 0.0097
244 243 0.0058
655 243 0.0003
243 244 0.0058
741 244 0.0004
743 244 0.0003
206 245 0.0016
246 245 0.0136
288 245 0.0065
212 246 0.0005
245 246 0.0136
247 246 0.0033
246 247 0.0033
248 247 0.0014
718 247 0.0005
247 248 0.0014
249 248 0.0096
763 248 0.0156
248 249 0.0096
251 249 0.0026
725 249 0.0
763 249 0.0012
37 250 0.0017
39 250 0.0003
40 250 0.0003
249 251 0.0026
252 251 0.0019
256 251 0.0004
251 252 0.0019
253 252 0.0063
747 252 0.0011
252 253 0.0063
254 253 0.0045
658 253 0.0007
253 254 0.0045
255 254 0.0045
748 254 0.0028
254 255 0.0045
751 255 0.0008
752 255 0.0049
877 255 0.0007
251 256 0.0004
257 256 0.0005
258 256 0.0004
256 257 0.0005
658 257 0.0004
746 257 0.0001
256 258 0.0004
1 259 0.0075
260 259 0.0011
381 259 0.0517
259 260 0.0011
261 260 0.0104
326 260 0.009
260 261 0.0104
262 261 0.0046
327 261 0.0238
330 261 0.0037
527 261 0.0001
261 262 0.0046
294 262 0.005
306 262 0.0046
1 263 0.0039
264 263 0.0054
276 263 0.0016
379 263 0.0701
263 264 0.0054
265 264 0.0065
710 264 0.005
264 265 0.0065
266 265 0.0171
710 265 0.0048
265 266 0.0171
267 266 0.0036
270 266 0.0028
275 266 0.0064
231 267 0.0007
266 267 0.0036
268 267 0.0081
731 267 0.0001
267 268 0.0081
269 268 0.0079
653 268 0.0004
236 269 0.0018
238 269 0.0061
268 269 0.0079
266 270 0.0028
271 270 0.0023
275 270 0.0051
270 271 0.0023
272 271 0.0025
275 271 0.0003
271 272 0.0025
273 272 0.0119
736 272 0.0003
272 273 0.0119
274 273 0.0024
732 273 0.0017
273 274 0.0024
733 274 0.0003
736 274 0.0012
266 275 0.0064
270 275 0.0051
271 275 0.0003
263 276 0.0016
277 276 0.0002
710 276 0.0076
276 277 0.0002
278 277 0.0007
280 277 0.0036
277 278 0.0007
279 278 0.0003
736 278 0.0008
278 279 0.0003
277 280 0.0036
281 280 0.0014
286 280 0.0001
280 281 0.0014
282 281 0.0005
283 281 0.0002
281 282 0.0005
281 283 0.0002
1 284 0.0051
285 284 0.0011
380 284 0.0332
284 285 0.0011
286 285 0.0005
528 285 0.0002
280 286 0.0001
285 286 0.0005
532 286 0.0001
52 287 0.0012
55 287 0.0002
77 287 0.0001
894 287 0.0001
232 288 0.0012
245 288 0.0065
289 288 0.0006
234 289 0.0002
288 289 0.0006
290 289 0.0002
237 290 0.0041
289 290 0.0002
719 290 0.0029
241 291 0.0006
753 291 0.0028
877 291 0.0004
241 292 0.004
293 292 0.0019
657 292 0.0002
292 293 0.0019
745 293 0.0008
875 293 0.0001
876 293 0.0007
262 294 0.005
295 294 0.0019
537 294 0.0005
294 295 0.0019
296 295 0.0061
563 295 0.0009
295 296 0.0061
298 296 0.0021
306 296 0.0043
104 297 0.0002
296 298 0.0021
299 298 0.0037
561 298 0.0003
298 299 0.0037
300 299 0.012
301 299 0.0052
302 299 0.0008
299 300 0.012
301 300 0.0064
539 300 0.0049
540 300 0.0153
564 300 0.0013
299 301 0.0052
300 301 0.0064
302 301 0.0061
299 302 0.0008
301 302 0.0061
304 302 0.0011
305 302 0.0026
70 303 0.0003
71 303 0.0002
651 303 0.0028
2 304 0.0074
302 304 0.0011
387 304 0.0026
2 305 0.0067
302 305 0.0026
386 305 0.0285
262 306 0.0046
296 306 0.0043
307 306 0.0132
306 307 0.0132
308 307 0.0067
315 307 0.0129
333 307 0.0073
307 308 0.0067
309 308 0.0069
562 308 0.001
308 309 0.0069
310 309 0.0109
314 309 0.0004
675 309 0.0007
309 310 0.0109
311 310 0.0024
313 310 0.0062
2 311 0.0051
310 311 0.0024
388 311 0.006
674 312 0.0001
2 313 0.0042
310 313 0.0062
389 313 0.0331
2 314 0.0033
309 314 0.0004
390 314 0.0009
307 315 0.0129
316 315 0.0038
675 315 0.0006
676 315 0.0007
315 316 0.0038
317 316 0.0052
335 316 0.0007
316 317 0.0052
318 317 0.0102
676 317 0.019
317 318 0.0102
319 318 0.005
796 318 0.0
318 319 0.005
344 319 0.0014
795 319 0.0001
892 320 0.0001
65 321 0.0007
431 321 0.0005
651 321 0.0015
1 322 0.0041
323 322 0.0029
346 322 0.002
322 323 0.0029
324 323 0.0109
328 323 0.0064
323 324 0.0109
325 324 0.0083
329 324 0.0043
324 325 0.0083
326 325 0.0214
327 325 0.0117
260 326 0.009
325 326 0.0214
327 326 0.0243
261 327 0.0238
325 327 0.0117
326 327 0.0243
323 328 0.0064
329 328 0.0183
336 328 0.0039
324 329 0.0043
328 329 0.0183
330 329 0.0197
261 330 0.0037
329 330 0.0197
331 330 0.0101
336 330 0.0081
330 331 0.0101
332 331 0.0092
761 331 0.0022
331 332 0.0092
333 332 0.0095
334 332 0.0021
307 333 0.0073
332 333 0.0095
335 333 0.0004
332 334 0.0021
335 334 0.0054
343 334 0.0005
316 335 0.0007
333 335 0.0004
334 335 0.0054
344 335 0.0019
328 336 0.0039
330 336 0.0081
337 336 0.0064
761 336 0.0047
336 337 0.0064
338 337 0.0022
761 337 0.0132
337 338 0.0022
339 338 0.0047
350 338 0.0055
357 338 0.0056
338 339 0.0047
340 339 0.0054
342 339 0.0018
356 339 0.0069
339 340 0.0054
341 340 0.0137
356 340 0.0082
677 340 0.0015
340 341 0.0137
345 341 0.0029
533 341 0.006
678 341 0.0074
339 342 0.0018
343 342 0.0004
677 342 0.0018
334 343 0.0005
342 343 0.0004
344 343 0.0021
319 344 0.0014
335 344 0.0019
343 344 0.0021
341 345 0.0029
536 345 0.0013
677 345 0.0002
322 346 0.002
347 346 0.0063
360 346 0.0053
346 347 0.0063
348 347 0.0129
501 347 0.0046
513 347 0.0016
347 348 0.0129
349 348 0.0238
524 348 0.0018
348 349 0.0238
350 349 0.0048
351 349 0.0058
338 350 0.0055
349 350 0.0048
353 350 0.0015
349 351 0.0058
352 351 0.0092
545 351 0.0042
351 352 0.0092
353 352 0.0045
544 352 0.0007
350 353 0.0015
352 353 0.0045
354 353 0.0186
543 353 0.0008
353 354 0.0186
355 354 0.026
357 354 0.0073
354 355 0.026
356 355 0.0164
357 355 0.0085
678 355 0.0022
339 356 0.0069
340 356 0.0082
355 356 0.0164
338 357 0.0056
354 357 0.0073
355 357 0.0085
1 358 0.004
359 358 0.0032
382 358 0.0599
358 359 0.0032
360 359 0.0086
363 359 0.01
346 360 0.0053
359 360 0.0086
361 360 0.0037
360 361 0.0037
362 361 0.0019
364 361 0.008
680 361 0.0002
361 362 0.0019
420 362 0.0019
510 362 0.0051
359 363 0.01
364 363 0.0078
366 363 0.0058
361 364 0.008
363 364 0.0078
371 364 0.0025
1 365 0.004
366 365 0.0034
367 365 0.0022
363 366 0.0058
365 366 0.0034
369 366 0.0008
365 367 0.0022
368 367 0.0023
369 367 0.0006
367 368 0.0023
397 368 0.0005
399 368 0.0018
400 368 0.0056
366 369 0.0008
367 369 0.0006
419 369 0.0002
72 370 0.0001
364 371 0.0025
372 371 0.0154
375 371 0.001
371 372 0.0154
373 372 0.0065
913 372 0.0012
372 373 0.0065
375 373 0.0006
937 373 0.001
933 374 0.0002
938 374 0.0002
939 374 0.0003
371 375 0.001
373 375 0.0006
376 375 0.0013
375 376 0.0013
427 376 0.0004
428 376 0.0001
82 377 0.0116
106 378 0.0492
263 379 0.0701
284 380 0.0332
259 381 0.0517
358 382 0.0599
733 383 0.0053
830 384 0.0145
437 385 0.0021
440 385 0.0001
913 385 0.0023
305 386 0.0285
304 387 0.0026
311 388 0.006
313 389 0.0331
314 390 0.0009
796 391 0.0786
795 392 0.0207
535 393 0.014
534 394 0.0107
874 395 0.0351
104 396 0.0007
487 396 0.0003
892 396 0.0037
368 397 0.0005
398 397 0.0025
489 397 0.0007
490 397 0.0033
397 398 0.0025
473 398 0.0037
494 398 0.0004
368 399 0.0018
405 399 0.0018
413 399 0.0013
368 400 0.0056
401 400 0.0026
403 400 0.0024
400 401 0.0026
402 401 0.0081
404 401 0.002
630 401 0.0006
401 402 0.0081
403 402 0.0004
488 402 0.0076
400 403 0.0024
402 403 0.0004
489 403 0.0003
401 404 0.002
405 404 0.0041
630 404 0.001
399 405 0.0018
404 405 0.0041
407 405 0.0009
37 406 0.0001
405 407 0.0009
408 407 0.0034
492 407 0.0003
407 408 0.0034
409 408 0.0016
411 408 0.0007
408 409 0.0016
410 409 0.0006
610 409 0.0006
409 410 0.0006
411 410 0.0002
412 410 0.0005
408 411 0.0007
410 411 0.0002
412 411 0.0002
410 412 0.0005
411 412 0.0002
815 412 0.0006
399 413 0.0013
414 413 0.0003
416 413 0.0011
413 414 0.0003
610 414 0.0006
612 414 0.0011
80 415 0.0001
413 416 0.0011
417 416 0.0016
496 416 0.0013
416 417 0.0016
418 417 0.0006
612 417 0.0002
616 417 0.0003
417 418 0.0006
617 418 0.0012
909 418 0.0003
369 419 0.0002
496 419 0.0007
704 419 0.0004
362 420 0.0019
422 420 0.0046
523 420 0.0002
627 421 0.0006
420 422 0.0046
423 422 0.0016
522 422 0.0004
422 423 0.0016
424 423 0.0011
425 423 0.0005
423 424 0.0011
425 424 0.0015
594 424 0.0005
595 424 0.0006
423 425 0.0005
424 425 0.0015
426 425 0.0004
596 425 0.0022
425 426 0.0004
376 427 0.0004
598 427 0.0008
808 427 0.0005
376 428 0.0001
429 428 0.0014
435 428 0.0004
428 429 0.0014
434 429 0.0005
937 429 0.0004
432 430 0.0004
434 430 0.0001
937 430 0.0005
63 431 0.0003
64 431 0.0001
321 431 0.0005
430 432 0.0004
433 432 0.006
434 432 0.0017
432 433 0.006
438 433 0.0005
442 433 0.0006
429 434 0.0005
430 434 0.0001
432 434 0.0017
428 435 0.0004
436 435 0.0011
606 435 0.0001
435 436 0.0011
442 436 0.0096
598 436 0.0006
385 437 0.0021
438 437 0.0004
608 437 0.0004
433 438 0.0005
437 438 0.0004
699 438 0.001
162 439 0.0011
198 439 0.0006
843 439 0.0024
385 440 0.0001
92 441 0.0003
93 441 0.0005
95 441 0.0003
96 441 0.0019
774 441 0.0003
433 442 0.0006
436 442 0.0096
443 442 0.0002
442 443 0.0002
445 444 0.0009
444 445 0.0009
446 445 0.0005
465 445 0.0035
445 446 0.0005
447 446 0.0018
469 446 0.0004
472 446 0.0013
633 446 0.0045
446 447 0.0018
450 447 0.0014
626 447 0.0005
159 448 0.0015
449 448 0.0063
633 448 0.0016
448 449 0.0063
450 449 0.0019
633 449 0.0155
447 450 0.0014
449 450 0.0019
451 450 0.0048
633 450 0.0006
637 450 0.0046
450 451 0.0048
452 451 0.0008
455 451 0.0003
636 451 0.0053
451 452 0.0008
453 452 0.0009
455 452 0.0003
452 453 0.0009
454 453 0.0008
640 453 0.0015
453 454 0.0008
644 454 0.0002
816 454 0.0004
451 455 0.0003
452 455 0.0003
456 455 0.0013
461 455 0.0001
455 456 0.0013
457 456 0.0007
460 456 0.0007
456 457 0.0007
458 457 0.0002
459 457 0.0002
457 458 0.0002
457 459 0.0002
456 460 0.0007
455 461 0.0001
463 462 0.0003
464 462 0.0003
626 462 0.0052
462 463 0.0003
462 464 0.0003
481 464 0.0004
622 464 0.0017
445 465 0.0035
466 465 0.0021
486 465 0.0001
465 466 0.0021
467 466 0.0017
485 466 0.0001
466 467 0.0017
468 467 0.0044
472 467 0.0146
467 468 0.0044
469 468 0.0043
472 468 0.0049
446 469 0.0004
468 469 0.0043
470 469 0.0055
469 470 0.0055
471 470 0.0015
626 470 0.0001
470 471 0.0015
481 471 0.0009
483 471 0.0001
485 471 0.0018
446 472 0.0013
467 472 0.0146
468 472 0.0049
398 473 0.0037
474 473 0.0081
494 473 0.0001
473 474 0.0081
475 474 0.0037
906 474 0.0002
474 475 0.0037
476 475 0.0005
477 475 0.0118
475 476 0.0005
479 476 0.0009
621 476 0.0004
625 476 0.0003
475 477 0.0118
478 477 0.0004
486 477 0.0001
477 478 0.0004
479 478 0.0054
484 478 0.0011
476 479 0.0009
478 479 0.0054
480 479 0.0002
479 480 0.0002
464 481 0.0004
471 481 0.0009
484 481 0.0009
150 482 0.0003
471 483 0.0001
478 484 0.0011
481 484 0.0009
486 484 0.0003
466 485 0.0001
471 485 0.0018
486 485 0.0008
465 486 0.0001
477 486 0.0001
484 486 0.0003
485 486 0.0008
396 487 0.0003
402 488 0.0076
489 488 0.0074
490 488 0.0024
397 489 0.0007
403 489 0.0003
488 489 0.0074
397 490 0.0033
488 490 0.0024
491 490 0.0059
493 490 0.0116
490 491 0.0059
493 491 0.0119
619 491 0.0006
407 492 0.0003
490 493 0.0116
491 493 0.0119
628 493 0.0001
630 493 0.0007
398 494 0.0004
473 494 0.0001
495 494 0.0004
629 494 0.0002
494 495 0.0004
416 496 0.0013
419 496 0.0007
702 496 0.0003
103 497 0.0021
123 497 0.0003
819 497 0.0001
123 498 0.0001
125 498 0.0003
499 498 0.0007
127 499 0.0002
498 499 0.0007
500 499 0.0006
499 500 0.0006
347 501 0.0046
503 501 0.0013
504 501 0.0019
623 501 0.0097
891 502 0.0001
501 503 0.0013
505 503 0.0031
570 503 0.0023
575 503 0.0007
501 504 0.0019
505 504 0.001
623 504 0.0035
503 505 0.0031
504 505 0.001
506 505 0.0009
505 506 0.0009
507 506 0.0015
566 506 0.0009
573 506 0.0006
506 507 0.0015
508 507 0.0079
568 507 0.0017
507 508 0.0079
509 508 0.0097
573 508 0.0001
508 509 0.0097
571 509 0.0024
574 509 0.0027
362 510 0.0051
511 510 0.0011
516 510 0.0006
594 510 0.0004
510 511 0.0011
512 511 0.0029
547 511 0.0049
511 512 0.0029
519 512 0.0018
578 512 0.0002
347 513 0.0016
514 513 0.0015
623 513 0.0045
513 514 0.0015
515 514 0.0031
680 514 0.0012
514 515 0.0031
547 515 0.0016
680 515 0.0015
510 516 0.0006
517 516 0.0001
518 516 0.0003
516 517 0.0001
518 517 0.0013
591 517 0.0023
516 518 0.0003
517 518 0.0013
597 518 0.0018
512 519 0.0018
520 519 0.0005
590 519 0.0015
519 520 0.0005
521 520 0.0008
578 520 0.0011
520 521 0.0008
691 521 0.0002
692 521 0.0004
422 522 0.0004
523 522 0.0006
607 522 0.0002
420 523 0.0002
522 523 0.0006
601 523 0.0003
602 523 0.0016
604 523 0.0001
348 524 0.0018
525 524 0.0007
679 524 0.0031
524 525 0.0007
526 525 0.0013
575 525 0.0017
576 525 0.0009
525 526 0.0013
577 526 0.0007
665 526 0.0047
261 527 0.0001
528 527 0.0022
529 527 0.0004
285 528 0.0002
527 528 0.0022
532 528 0.0004
527 529 0.0004
530 529 0.0018
538 529 0.0012
529 530 0.0018
531 530 0.0005
532 530 0.0003
660 530 0.0008
530 531 0.0005
286 532 0.0001
528 532 0.0004
530 532 0.0003
341 533 0.006
534 533 0.0005
535 533 0.0004
543 533 0.0045
2 534 0.002
394 534 0.0107
533 534 0.0005
2 535 0.0021
393 535 0.014
533 535 0.0004
345 536 0.0013
294 537 0.0005
538 537 0.0018
563 537 0.0026
529 538 0.0012
537 538 0.0018
539 538 0.0017
564 538 0.0023
300 539 0.0049
538 539 0.0017
540 539 0.0034
300 540 0.0153
539 540 0.0034
541 540 0.001
542 540 0.0015
540 541 0.001
540 542 0.0015
353 543 0.0008
533 543 0.0045
678 543 0.0027
352 544 0.0007
351 545 0.0042
546 545 0.0067
553 545 0.0006
545 546 0.0067
548 546 0.0069
552 546 0.0016
511 547 0.0049
515 547 0.0016
566 547 0.0007
546 548 0.0069
549 548 0.0099
552 548 0.0049
548 549 0.0099
550 549 0.0011
557 549 0.0007
663 549 0.0002
549 550 0.0011
551 550 0.0008
552 550 0.0393
550 551 0.0008
661 551 0.0005
686 551 0.0001
546 552 0.0016
548 552 0.0049
550 552 0.0393
560 552 0.0007
545 553 0.0006
554 553 0.0031
679 553 0.0033
553 554 0.0031
555 554 0.0043
556 554 0.0006
554 555 0.0043
679 555 0.0002
681 555 0.0003
554 556 0.0006
557 556 0.0041
672 556 0.0002
549 557 0.0007
556 557 0.0041
666 557 0.0006
669 557 0.0085
559 558 0.0022
664 558 0.0017
669 558 0.0004
558 559 0.0022
664 559 0.0018
672 559 0.0004
552 560 0.0007
684 560 0.002
685 560 0.0002
298 561 0.0003
308 562 0.001
295 563 0.0009
537 563 0.0026
564 563 0.0006
300 564 0.0013
538 564 0.0023
563 564 0.0006
924 565 0.0004
506 566 0.0009
547 566 0.0007
567 566 0.0004
566 567 0.0004
568 567 0.0013
578 567 0.0003
507 568 0.0017
567 568 0.0013
569 568 0.001
568 569 0.001
579 569 0.0007
584 569 0.0009
690 569 0.0002
503 570 0.0023
571 570 0.001
573 570 0.0015
509 571 0.0024
570 571 0.001
572 571 0.0002
571 572 0.0002
574 572 0.0029
589 572 0.0009
506 573 0.0006
508 573 0.0001
570 573 0.0015
509 574 0.0027
572 574 0.0029
584 574 0.0007
585 574 0.0012
503 575 0.0007
525 575 0.0017
576 575 0.0014
673 575 0.0015
525 576 0.0009
575 576 0.0014
577 576 0.0004
673 576 0.0057
526 577 0.0007
576 577 0.0004
587 577 0.0013
804 577 0.0002
512 578 0.0002
520 578 0.0011
567 578 0.0003
569 579 0.0007
580 579 0.0014
689 579 0.0007
579 580 0.0014
581 580 0.0007
584 580 0.001
580 581 0.0007
582 581 0.0002
583 581 0.0005
581 582 0.0002
581 583 0.0005
569 584 0.0009
574 584 0.0007
580 584 0.001
574 585 0.0012
687 585 0.0003
927 585 0.0107
588 586 0.0022
688 586 0.0018
805 586 0.0012
927 586 0.0016
577 587 0.0013
588 587 0.0012
682 587 0.0012
586 588 0.0022
587 588 0.0012
589 588 0.0002
572 589 0.0009
588 589 0.0002
673 589 0.0001
927 589 0.0017
519 590 0.0015
591 590 0.002
592 590 0.0002
517 591 0.0023
590 591 0.002
592 591 0.0035
695 591 0.001
697 591 0.0002
590 592 0.0002
591 592 0.0035
593 592 0.0014
592 593 0.0014
693 593 0.0009
694 593 0.0003
424 594 0.0005
510 594 0.0004
595 594 0.0004
424 595 0.0006
594 595 0.0004
596 595 0.0005
425 596 0.0022
595 596 0.0005
698 596 0.0003
518 597 0.0018
427 598 0.0008
436 598 0.0006
599 598 0.0003
598 599 0.0003
176 600 0.0003
523 601 0.0003
523 602 0.0016
603 602 0.0006
605 602 0.0002
602 603 0.0006
523 604 0.0001
602 605 0.0002
435 606 0.0001
522 607 0.0002
437 608 0.0004
699 608 0.0003
913 608 0.0002
914 609 0.0005
409 610 0.0006
414 610 0.0006
611 610 0.0011
610 611 0.0011
414 612 0.0011
417 612 0.0002
613 612 0.0021
612 613 0.0021
615 613 0.0003
616 613 0.0004
863 614 0.0002
613 615 0.0003
417 616 0.0003
613 616 0.0004
617 616 0.0003
418 617 0.0012
616 617 0.0003
907 617 0.0001
7 618 0.0
491 619 0.0006
620 619 0.0006
812 619 0.0012
619 620 0.0006
476 621 0.0004
464 622 0.0017
624 622 0.0006
901 622 0.0009
501 623 0.0097
504 623 0.0035
513 623 0.0045
622 624 0.0006
476 625 0.0003
447 626 0.0005
462 626 0.0052
470 626 0.0001
144 627 0.0007
149 627 0.0007
421 627 0.0006
493 628 0.0001
494 629 0.0002
401 630 0.0006
404 630 0.001
493 630 0.0007
144 631 0.0002
176 632 0.0003
446 633 0.0045
448 633 0.0016
449 633 0.0155
450 633 0.0006
833 634 0.0006
136 635 0.0008
636 635 0.0002
638 635 0.0007
451 636 0.0053
635 636 0.0002
637 636 0.0019
151 637 0.0007
450 637 0.0046
636 637 0.0019
635 638 0.0007
639 638 0.0002
640 638 0.0003
136 639 0.0001
140 639 0.0008
638 639 0.0002
453 640 0.0015
638 640 0.0003
641 640 0.0002
640 641 0.0002
825 642 0.0006
74 643 0.0002
454 644 0.0002
9 645 0.0006
26 645 0.0001
646 645 0.0006
23 646 0.0015
645 646 0.0006
647 646 0.0009
646 647 0.0009
648 647 0.0001
827 647 0.0001
647 648 0.0001
3 649 0.0013
15 649 0.0002
165 649 0.0003
15 650 0.0006
51 650 0.0008
652 650 0.0001
51 651 0.0068
303 651 0.0028
321 651 0.0015
650 652 0.0001
6 653 0.0011
268 653 0.0004
654 653 0.0033
242 654 0.0002
653 654 0.0033
655 654 0.0044
243 655 0.0003
654 655 0.0044
726 655 0.0029
242 656 0.0005
292 657 0.0002
253 658 0.0007
257 658 0.0004
659 658 0.0001
658 659 0.0001
530 660 0.0008
141 661 0.0002
150 661 0.0006
551 661 0.0005
28 662 0.0015
549 663 0.0002
558 664 0.0017
559 664 0.0018
797 664 0.0018
526 665 0.0047
557 666 0.0006
667 666 0.0027
669 666 0.0013
666 667 0.0027
668 667 0.0005
670 667 0.0004
667 668 0.0005
557 669 0.0085
558 669 0.0004
666 669 0.0013
667 670 0.0004
166 671 0.0007
556 672 0.0002
559 672 0.0004
799 672 0.0016
575 673 0.0015
576 673 0.0057
589 673 0.0001
56 674 0.0004
58 674 0.0003
312 674 0.0001
309 675 0.0007
315 675 0.0006
676 675 0.0019
315 676 0.0007
317 676 0.019
675 676 0.0019
340 677 0.0015
342 677 0.0018
345 677 0.0002
341 678 0.0074
355 678 0.0022
543 678 0.0027
524 679 0.0031
553 679 0.0033
555 679 0.0002
361 680 0.0002
514 680 0.0012
515 680 0.0015
555 681 0.0003
682 681 0.0011
683 681 0.0019
799 681 0.0005
587 682 0.0012
681 682 0.0011
803 682 0.0002
681 683 0.0019
560 684 0.002
560 685 0.0002
551 686 0.0001
585 687 0.0003
586 688 0.0018
579 689 0.0007
569 690 0.0002
521 691 0.0002
521 692 0.0004
593 693 0.0009
593 694 0.0003
695 694 0.0004
911 694 0.0016
591 695 0.001
694 695 0.0004
696 695 0.0002
695 696 0.0002
591 697 0.0002
596 698 0.0003
438 699 0.001
608 699 0.0003
700 699 0.0005
810 699 0.0013
699 700 0.0005
702 700 0.0002
908 700 0.0006
809 701 0.0008
908 701 0.0046
910 701 0.0002
496 702 0.0003
700 702 0.0002
703 702 0.0001
908 702 0.0012
702 703 0.0001
419 704 0.0004
705 704 0.0007
706 704 0.0003
704 705 0.0007
704 706 0.0003
76 707 0.0001
91 707 0.0003
122 707 0.0002
38 708 0.0003
42 708 0.0036
709 708 0.0003
708 709 0.0003
264 710 0.005
265 710 0.0048
276 710 0.0076
177 711 0.0002
173 712 0.0003
713 712 0.0
715 712 0.0
712 713 0.0
807 714 0.0007
712 715 0.0
214 716 0.0001
201 717 0.0001
247 718 0.0005
719 718 0.0007
721 718 0.0004
290 719 0.0029
718 719 0.0007
720 719 0.0001
721 719 0.0149
240 720 0.0078
719 720 0.0001
722 720 0.0003
718 721 0.0004
719 721 0.0149
722 721 0.0001
763 721 0.0339
720 722 0.0003
721 722 0.0001
724 722 0.0003
216 723 0.0001
722 724 0.0003
249 725 0.0
5 726 0.0033
655 726 0.0029
727 726 0.0015
726 727 0.0015
728 727 0.0003
729 727 0.0009
727 728 0.0003
4 729 0.0011
727 729 0.0009
737 729 0.0006
740 729 0.0004
178 730 0.0007
4 731 0.001
6 731 0.0054
267 731 0.0001
273 732 0.0017
2 733 0.0028
274 733 0.0003
383 733 0.0053
735 734 0.001
740 734 0.0004
742 734 0.0006
2 735 0.002
734 735 0.001
743 735 0.0002
272 736 0.0003
274 736 0.0012
278 736 0.0008
729 737 0.0006
738 737 0.0003
740 737 0.0011
4 738 0.0003
737 738 0.0003
739 738 0.0063
738 739 0.0063
729 740 0.0004
734 740 0.0004
737 740 0.0011
741 740 0.0009
244 741 0.0004
740 741 0.0009
742 741 0.0053
734 742 0.0006
741 742 0.0053
743 742 0.0002
244 743 0.0003
735 743 0.0002
742 743 0.0002
771 744 0.0006
875 744 0.0167
876 744 0.0139
293 745 0.0008
257 746 0.0001
252 747 0.0011
254 748 0.0028
749 748 0.0003
750 748 0.0005
748 749 0.0003
748 750 0.0005
255 751 0.0008
255 752 0.0049
291 753 0.0028
754 753 0.0022
755 753 0.0017
753 754 0.0022
765 754 0.0017
768 754 0.0008
883 754 0.0005
753 755 0.0017
764 755 0.0027
876 755 0.0015
228 756 0.0014
759 756 0.0003
789 756 0.0021
791 756 0.0003
224 757 0.0008
773 757 0.0017
776 757 0.001
785 757 0.0003
225 758 0.0005
226 758 0.0026
759 758 0.0017
760 758 0.0007
756 759 0.0003
758 759 0.0017
783 759 0.0021
758 760 0.0007
331 761 0.0022
336 761 0.0047
337 761 0.0132
928 762 0.0002
248 763 0.0156
249 763 0.0012
721 763 0.0339
755 764 0.0027
869 764 0.0003
873 764 0.0011
754 765 0.0017
766 765 0.0021
768 765 0.0092
877 765 0.0053
765 766 0.0021
767 766 0.0029
886 766 0.0004
176 767 0.0004
766 767 0.0029
928 767 0.0035
754 768 0.0008
765 768 0.0092
770 768 0.0011
879 768 0.0004
182 769 0.0014
186 769 0.0004
187 769 0.0002
811 769 0.0003
768 770 0.0011
880 770 0.0013
884 770 0.0006
744 771 0.0006
222 772 0.0003
757 773 0.0017
774 773 0.0004
779 773 0.0002
441 774 0.0003
773 774 0.0004
775 774 0.0012
774 775 0.0012
757 776 0.001
777 776 0.0004
778 776 0.0003
776 777 0.0004
776 778 0.0003
773 779 0.0002
225 780 0.0002
781 780 0.0004
932 780 0.0002
780 781 0.0004
226 782 0.0007
759 783 0.0021
784 783 0.0007
931 783 0.0005
783 784 0.0007
757 785 0.0003
938 785 0.0011
939 785 0.0003
167 786 0.0002
787 786 0.0016
788 786 0.0002
844 786 0.0001
84 787 0.0001
786 787 0.0016
933 787 0.0016
786 788 0.0002
756 789 0.0021
790 789 0.0012
791 789 0.0006
793 789 0.0035
789 790 0.0012
756 791 0.0003
789 791 0.0006
792 791 0.0003
794 791 0.0006
791 792 0.0003
789 793 0.0035
929 793 0.0008
930 793 0.0002
791 794 0.0006
2 795 0.0026
319 795 0.0001
392 795 0.0207
2 796 0.0032
318 796 0.0
391 796 0.0786
664 797 0.0018
798 797 0.0065
925 797 0.0039
797 798 0.0065
870 798 0.0002
924 798 0.0026
672 799 0.0016
681 799 0.0005
800 799 0.0002
801 799 0.0006
799 800 0.0002
799 801 0.0006
182 802 0.0004
682 803 0.0002
577 804 0.0002
586 805 0.0012
806 805 0.0009
807 805 0.0012
922 805 0.0001
805 806 0.0009
914 806 0.0005
916 806 0.0005
919 806 0.0001
714 807 0.0007
805 807 0.0012
912 807 0.0003
427 808 0.0005
701 809 0.0008
699 810 0.0013
769 811 0.0003
619 812 0.0012
813 812 0.0013
814 812 0.0013
812 813 0.0013
812 814 0.0013
412 815 0.0006
454 816 0.0004
817 816 0.0013
818 816 0.0004
816 817 0.0013
816 818 0.0004
497 819 0.0001
78 820 0.0004
120 820 0.0003
121 820 0.0002
32 821 0.0007
69 822 0.0003
73 822 0.0003
823 822 0.0002
822 823 0.0002
38 824 0.0003
103 825 0.0003
642 825 0.0006
826 825 0.0003
825 826 0.0003
23 827 0.001
647 827 0.0001
828 827 0.0028
827 828 0.0028
829 828 0.0003
893 828 0.0038
897 828 0.0003
900 828 0.0001
828 829 0.0003
2 830 0.002
384 830 0.0145
831 830 0.0019
839 830 0.0002
830 831 0.0019
840 831 0.0004
872 831 0.0038
834 832 0.002
850 832 0.0005
868 832 0.0005
872 832 0.0067
634 833 0.0006
837 833 0.0004
851 833 0.0005
832 834 0.002
854 834 0.0045
887 834 0.0006
2 835 0.0032
836 835 0.0017
839 835 0.0002
903 835 0.0499
835 836 0.0017
838 836 0.0009
889 836 0.0003
833 837 0.0004
836 838 0.0009
865 838 0.0005
866 838 0.0003
830 839 0.0002
835 839 0.0002
864 839 0.0037
831 840 0.0004
841 840 0.0013
861 840 0.0016
840 841 0.0013
842 841 0.0018
848 841 0.0019
841 842 0.0018
843 842 0.0028
845 842 0.0019
439 843 0.0024
842 843 0.0028
849 843 0.0031
786 844 0.0001
842 845 0.0019
846 845 0.0007
847 845 0.0006
845 846 0.0007
845 847 0.0006
841 848 0.0019
849 848 0.0009
851 848 0.0006
843 849 0.0031
848 849 0.0009
851 849 0.0005
832 850 0.0005
851 850 0.0016
853 850 0.0003
833 851 0.0005
848 851 0.0006
849 851 0.0005
850 851 0.0016
852 851 0.0005
851 852 0.0005
850 853 0.0003
834 854 0.0045
855 854 0.0011
856 854 0.0028
854 855 0.0011
859 855 0.0006
860 855 0.0016
854 856 0.0028
857 856 0.0011
858 856 0.0003
856 857 0.0011
856 858 0.0003
855 859 0.0006
28 860 0.0005
160 860 0.0004
207 860 0.0003
855 860 0.0016
840 861 0.0016
862 861 0.0008
864 861 0.001
861 862 0.0008
863 862 0.0059
864 862 0.0014
170 863 0.0002
614 863 0.0002
862 863 0.0059
839 864 0.0037
861 864 0.001
862 864 0.0014
171 865 0.0008
172 865 0.0015
838 865 0.0005
838 866 0.0003
28 867 0.0003
832 868 0.0005
869 868 0.0005
871 868 0.0005
764 869 0.0003
868 869 0.0005
871 869 0.0037
873 869 0.0005
126 870 0.0002
798 870 0.0002
925 870 0.0002
868 871 0.0005
869 871 0.0037
887 871 0.0005
888 871 0.0012
831 872 0.0038
832 872 0.0067
873 872 0.0001
764 873 0.0011
869 873 0.0005
872 873 0.0001
2 874 0.0021
395 874 0.0351
875 874 0.0002
293 875 0.0001
744 875 0.0167
874 875 0.0002
876 875 0.0651
293 876 0.0007
744 876 0.0139
755 876 0.0015
875 876 0.0651
878 876 0.0005
255 877 0.0007
291 877 0.0004
765 877 0.0053
876 878 0.0005
178 879 0.0006
768 879 0.0004
880 879 0.0008
184 880 0.0004
770 880 0.0013
879 880 0.0008
882 880 0.0015
209 881 0.0004
157 882 0.001
158 882 0.0021
880 882 0.0015
754 883 0.0005
884 883 0.0004
885 883 0.0004
770 884 0.0006
883 884 0.0004
888 884 0.0007
883 885 0.0004
766 886 0.0004
834 887 0.0006
871 887 0.0005
888 887 0.0004
871 888 0.0012
884 888 0.0007
887 888 0.0004
209 889 0.0004
836 889 0.0003
890 889 0.0005
889 890 0.0005
33 891 0.0002
502 891 0.0001
892 891 0.001
320 892 0.0001
396 892 0.0037
891 892 0.001
828 893 0.0038
894 893 0.0007
895 893 0.0004
34 894 0.0003
287 894 0.0001
893 894 0.0007
41 895 0.0013
893 895 0.0004
896 895 0.0008
41 896 0.0014
45 896 0.0001
46 896 0.0021
895 896 0.0008
828 897 0.0003
898 897 0.0002
899 897 0.0003
897 898 0.0002
897 899 0.0003
828 900 0.0001
622 901 0.0009
91 902 0.0003
904 902 0.0002
905 902 0.0004
835 903 0.0499
902 904 0.0002
902 905 0.0004
474 906 0.0002
617 907 0.0001
700 908 0.0006
701 908 0.0046
702 908 0.0012
418 909 0.0003
701 910 0.0002
694 911 0.0016
807 912 0.0003
372 913 0.0012
385 913 0.0023
608 913 0.0002
609 914 0.0005
806 914 0.0005
915 914 0.0017
914 915 0.0017
806 916 0.0005
917 916 0.0002
918 916 0.0002
916 917 0.0002
916 918 0.0002
806 919 0.0001
920 919 0.0005
922 919 0.0005
919 920 0.0005
921 920 0.0001
923 920 0.0004
920 921 0.0001
805 922 0.0001
919 922 0.0005
923 922 0.0024
144 923 0.0029
920 923 0.0004
922 923 0.0024
126 924 0.0018
565 924 0.0004
798 924 0.0026
797 925 0.0039
870 925 0.0002
926 925 0.0006
153 926 0.0003
154 926 0.0007
925 926 0.0006
585 927 0.0107
586 927 0.0016
589 927 0.0017
32 928 0.0029
762 928 0.0002
767 928 0.0035
793 929 0.0008
793 930 0.0002
783 931 0.0005
780 932 0.0002
374 933 0.0002
787 933 0.0016
934 933 0.0015
936 933 0.0007
90 934 0.0001
933 934 0.0015
935 934 0.0006
934 935 0.0006
85 936 0.0002
86 936 0.0013
933 936 0.0007
373 937 0.001
429 937 0.0004
430 937 0.0005
374 938 0.0002
785 938 0.0011
939 938 0.0015
374 939 0.0003
785 939 0.0003
938 939 0.0015
940 939 0.0004
939 940 0.0004
