2 1 0.0029
7 1 0.0132
19 1 0.0021
1 2 0.0029
3 2 0.0051
72 2 0.0036
2 3 0.0051
4 3 0.0035
5 3 0.0086
3 4 0.0035
233 4 0.007
1694 4 0.0087
3 5 0.0086
6 5 0.0079
11 5 0.0073
5 6 0.0079
1 7 0.0132
8 7 0.01
10 7 0.0049
19 7 0.0026
7 8 0.01
9 8 0.0015
10 8 0.0082
12 8 0.0071
8 9 0.0015
7 10 0.0049
8 10 0.0082
11 10 0.0036
5 11 0.0073
10 11 0.0036
1694 11 0.0026
8 12 0.0071
13 12 0.008
17 12 0.0176
1710 12 0.0794
12 13 0.008
70 13 0.0026
1704 13 0.0042
373 14 0.01
374 14 0.0221
1703 14 0.0672
17 15 0.0157
19 15 0.0121
20 15 0.0021
19 16 0.0484
26 16 0.0623
43 16 0.0487
12 17 0.0176
15 17 0.0157
1710 17 0.0165
31 18 0.003
34 18 0.0074
373 18 0.0222
1702 18 0.0342
1 19 0.0021
7 19 0.0026
15 19 0.0121
16 19 0.0484
87 19 0.0552
15 20 0.0021
21 20 0.0111
24 20 0.0167
20 21 0.0111
22 21 0.0098
1710 21 0.0131
21 22 0.0098
23 22 0.0032
24 22 0.002
22 23 0.0032
20 24 0.0167
22 24 0.002
25 24 0.0101
24 25 0.0101
16 26 0.0623
43 26 0.0457
45 26 0.0086
1706 26 0.0157
28 27 0.0147
32 27 0.0028
1706 27 0.0674
1707 27 0.0532
27 28 0.0147
29 28 0.0552
1670 28 0.0055
1707 28 0.0947
28 29 0.0552
30 29 0.0551
46 29 0.0591
29 30 0.0551
31 30 0.0453
46 30 0.0169
1670 30 0.0348
1708 30 0.0705
1709 30 0.0766
18 31 0.003
30 31 0.0453
32 31 0.0065
33 31 0.007
1670 31 0.0409
27 32 0.0028
31 32 0.0065
33 32 0.0071
31 33 0.007
32 33 0.0071
34 33 0.0071
18 34 0.0074
33 34 0.0071
373 34 0.0168
387 34 0.0081
389 34 0.0568
54 35 0.0133
266 35 0.0103
1672 35 0.0056
51 36 0.0065
264 36 0.0152
1672 36 0.0066
38 37 0.0101
43 37 0.0049
264 37 0.0048
37 38 0.0101
39 38 0.016
44 38 0.0113
1711 38 0.0084
38 39 0.016
40 39 0.0071
46 39 0.0025
39 40 0.0071
41 40 0.0042
45 40 0.0046
49 40 0.0083
1711 40 0.009
40 41 0.0042
42 41 0.0039
47 41 0.0026
41 42 0.0039
46 42 0.0087
1708 42 0.0073
16 43 0.0487
26 43 0.0457
37 43 0.0049
44 43 0.0029
38 44 0.0113
43 44 0.0029
45 44 0.0186
26 45 0.0086
40 45 0.0046
44 45 0.0186
29 46 0.0591
30 46 0.0169
39 46 0.0025
42 46 0.0087
41 47 0.0026
48 47 0.0148
50 47 0.0123
881 47 0.0173
47 48 0.0148
40 49 0.0083
50 49 0.002
52 49 0.0141
47 50 0.0123
49 50 0.002
60 50 0.0104
61 50 0.0106
879 50 0.0147
36 51 0.0065
52 51 0.0701
59 51 0.0275
1711 51 0.0317
49 52 0.0141
51 52 0.0701
53 52 0.0045
52 53 0.0045
859 53 0.0145
863 53 0.032
880 53 0.0622
35 54 0.0133
55 54 0.0031
58 54 0.0037
54 55 0.0031
56 55 0.0041
62 55 0.0068
55 56 0.0041
57 56 0.0037
62 56 0.0084
56 57 0.0037
54 58 0.0037
59 58 0.0056
64 58 0.0157
51 59 0.0275
58 59 0.0056
60 59 0.0091
50 60 0.0104
59 60 0.0091
61 60 0.0308
50 61 0.0106
60 61 0.0308
880 61 0.0368
55 62 0.0068
56 62 0.0084
63 62 0.0042
62 63 0.0042
861 63 0.0057
862 63 0.0036
58 64 0.0157
65 64 0.0025
859 64 0.0013
64 65 0.0025
250 66 0.002
1688 66 0.0581
1696 66 0.1059
1698 66 0.0152
68 67 0.0067
375 67 0.0049
381 67 0.0088
1703 67 0.0084
1704 67 0.0262
67 68 0.0067
69 68 0.0013
381 68 0.0259
68 69 0.0013
253 69 0.0045
370 69 0.0069
377 69 0.0015
13 70 0.0026
71 70 0.0542
1700 70 0.0139
1701 70 0.0213
1704 70 0.153
70 71 0.0542
253 71 0.0032
1705 71 0.0445
2 72 0.0036
73 72 0.0048
76 72 0.0027
72 73 0.0048
74 73 0.0335
82 73 0.0103
233 73 0.0384
73 74 0.0335
77 74 0.0321
236 74 0.002
1680 74 0.0343
76 75 0.006
79 75 0.0084
264 75 0.0026
72 76 0.0027
75 76 0.006
77 76 0.0025
74 77 0.0321
76 77 0.0025
78 77 0.0334
82 77 0.1268
83 77 0.0329
77 78 0.0334
220 78 0.0041
236 78 0.0033
75 79 0.0084
80 79 0.0039
84 79 0.0036
79 80 0.0039
81 80 0.0047
82 80 0.0073
80 81 0.0047
73 82 0.0103
77 82 0.1268
80 82 0.0073
77 83 0.0329
218 83 0.0047
232 83 0.0197
248 83 0.0097
79 84 0.0036
85 84 0.0034
135 84 0.0279
232 84 0.0129
84 85 0.0034
86 85 0.0238
232 85 0.0204
85 86 0.0238
201 86 0.0032
204 86 0.0025
247 86 0.0044
19 87 0.0552
88 87 0.0068
264 87 0.0283
87 88 0.0068
89 88 0.0021
92 88 0.0059
88 89 0.0021
90 89 0.0113
91 89 0.0028
89 90 0.0113
89 91 0.0028
88 92 0.0059
94 93 0.015
98 93 0.0118
1672 93 0.012
93 94 0.015
95 94 0.032
98 94 0.0106
103 94 0.073
94 95 0.032
96 95 0.0925
99 95 0.0238
95 96 0.0925
97 96 0.0256
99 96 0.0167
104 96 0.0022
96 97 0.0256
101 97 0.0183
105 97 0.0095
180 97 0.002
93 98 0.0118
94 98 0.0106
99 98 0.0129
95 99 0.0238
96 99 0.0167
98 99 0.0129
101 100 0.0215
97 101 0.0183
100 101 0.0215
102 101 0.0091
101 102 0.0091
94 103 0.073
96 104 0.0022
97 105 0.0095
106 105 0.0065
170 105 0.0012
105 106 0.0065
108 107 0.0172
407 107 0.0036
1672 107 0.0135
107 108 0.0172
110 109 0.0041
109 110 0.0041
111 110 0.092
177 110 0.0026
110 111 0.092
112 111 0.0065
178 111 0.0155
111 112 0.0065
119 113 0.0056
122 114 0.0103
129 114 0.0017
130 114 0.004
168 114 0.002
116 115 0.0009
163 115 0.0497
166 115 0.0013
167 115 0.0006
1672 115 0.0125
115 116 0.0009
119 117 0.0035
121 118 0.0066
125 118 0.0034
1672 118 0.0158
113 119 0.0056
117 119 0.0035
120 119 0.0185
126 119 0.0023
175 119 0.0027
119 120 0.0185
118 121 0.0066
114 122 0.0103
123 122 0.0155
126 122 0.0021
122 123 0.0155
125 123 0.0105
130 123 0.0056
1672 124 0.0038
118 125 0.0034
123 125 0.0105
126 125 0.0024
119 126 0.0023
122 126 0.0021
125 126 0.0024
127 126 0.0022
126 127 0.0022
129 128 0.0271
114 129 0.0017
128 129 0.0271
130 129 0.0176
114 130 0.004
123 130 0.0056
129 130 0.0176
132 131 0.0242
158 131 0.014
265 131 0.0838
131 132 0.0242
133 132 0.0057
1683 132 0.0388
132 133 0.0057
134 133 0.0023
1681 133 0.0039
133 134 0.0023
135 134 0.0342
265 134 0.0013
84 135 0.0279
134 135 0.0342
136 135 0.0039
1686 135 0.0237
135 136 0.0039
137 136 0.0139
161 136 0.0027
136 137 0.0139
161 137 0.0023
201 137 0.0262
154 138 0.016
231 138 0.0133
1681 138 0.0194
1684 138 0.0097
1685 138 0.0168
140 139 0.0117
155 139 0.0076
161 139 0.0085
139 140 0.0117
141 140 0.0043
231 140 0.0319
140 141 0.0043
143 142 0.0126
146 142 0.0047
162 142 0.0073
1735 142 0.0236
142 143 0.0126
144 143 0.0049
146 143 0.007
163 143 0.0054
143 144 0.0049
145 144 0.0037
164 144 0.0037
165 144 0.0018
144 145 0.0037
147 145 0.0114
191 145 0.0084
142 146 0.0047
143 146 0.007
147 146 0.0037
145 147 0.0114
146 147 0.0037
148 147 0.0136
200 147 0.0127
147 148 0.0136
149 148 0.0129
150 148 0.021
148 149 0.0129
196 149 0.0141
199 149 0.0026
148 150 0.021
151 150 0.0043
206 150 0.0033
150 151 0.0043
152 151 0.0048
153 151 0.0016
161 151 0.0026
151 152 0.0048
202 152 0.008
205 152 0.006
151 153 0.0016
247 153 0.0028
248 153 0.0014
138 154 0.016
155 154 0.0062
231 154 0.0069
1683 154 0.0326
139 155 0.0076
154 155 0.0062
156 155 0.0094
155 156 0.0094
157 156 0.0094
161 156 0.005
156 157 0.0094
131 158 0.014
159 158 0.0548
1735 158 0.0386
158 159 0.0548
160 159 0.0208
1735 159 0.0659
1736 159 0.0551
159 160 0.0208
191 160 0.0008
200 160 0.0239
1736 160 0.0353
136 161 0.0027
137 161 0.0023
139 161 0.0085
151 161 0.0026
156 161 0.005
142 162 0.0073
1671 162 0.0452
1735 162 0.0189
115 163 0.0497
143 163 0.0054
1671 163 0.0493
144 164 0.0037
144 165 0.0018
115 166 0.0013
115 167 0.0006
114 168 0.002
169 168 0.0046
277 168 0.0005
168 169 0.0046
170 169 0.0079
171 169 0.0777
105 170 0.0012
169 170 0.0079
186 170 0.0022
169 171 0.0777
172 171 0.0017
187 171 0.0026
171 172 0.0017
183 172 0.007
187 172 0.0036
174 173 0.0151
176 173 0.0136
1672 173 0.0062
173 174 0.0151
175 174 0.0061
176 174 0.012
119 175 0.0027
174 175 0.0061
176 175 0.007
173 176 0.0136
174 176 0.012
175 176 0.007
1672 176 0.0151
110 177 0.0026
111 178 0.0155
179 178 0.0064
180 178 0.0095
178 179 0.0064
97 180 0.002
178 180 0.0095
181 180 0.0072
271 180 0.002
180 181 0.0072
182 181 0.0045
1732 181 0.0358
181 182 0.0045
271 182 0.006
479 182 0.0024
172 183 0.007
184 183 0.0101
187 183 0.0045
183 184 0.0101
185 184 0.0033
187 184 0.0032
184 185 0.0033
187 185 0.003
190 185 0.0026
170 186 0.0022
268 186 0.0073
273 186 0.0023
171 187 0.0026
172 187 0.0036
183 187 0.0045
184 187 0.0032
185 187 0.003
188 187 0.0072
273 187 0.014
187 188 0.0072
189 188 0.0048
273 188 0.0048
188 189 0.0048
190 189 0.0105
1418 189 0.0013
185 190 0.0026
189 190 0.0105
275 190 0.0026
145 191 0.0084
160 191 0.0008
192 191 0.0115
278 191 0.0016
191 192 0.0115
193 192 0.0087
278 192 0.0027
192 193 0.0087
194 193 0.016
1734 193 0.0114
193 194 0.016
195 194 0.0052
281 194 0.0031
194 195 0.0052
149 196 0.0141
197 196 0.0163
206 196 0.0098
196 197 0.0163
198 197 0.0087
208 197 0.0126
197 198 0.0087
208 198 0.0088
281 198 0.0009
1734 198 0.0022
149 199 0.0026
147 200 0.0127
160 200 0.0239
1736 200 0.0121
86 201 0.0032
137 201 0.0262
204 201 0.0076
152 202 0.008
205 203 0.0031
206 203 0.0047
207 203 0.0039
212 203 0.0008
219 203 0.0016
86 204 0.0025
201 204 0.0076
205 204 0.007
152 205 0.006
203 205 0.0031
204 205 0.007
150 206 0.0033
196 206 0.0098
203 206 0.0047
203 207 0.0039
208 207 0.0192
209 207 0.0075
197 208 0.0126
198 208 0.0088
207 208 0.0192
210 208 0.0166
207 209 0.0075
210 209 0.0079
212 209 0.001
208 210 0.0166
209 210 0.0079
211 210 0.0028
210 211 0.0028
285 211 0.0064
289 211 0.0198
203 212 0.0008
209 212 0.001
213 212 0.0022
215 212 0.001
212 213 0.0022
214 213 0.0058
295 213 0.0063
213 214 0.0058
295 214 0.0152
296 214 0.002
212 215 0.001
216 215 0.0126
241 215 0.0115
291 215 0.0074
1397 215 0.0061
215 216 0.0126
217 216 0.0139
228 216 0.0043
216 217 0.0139
227 217 0.0058
239 217 0.0167
83 218 0.0047
229 218 0.0184
239 218 0.0237
203 219 0.0016
78 220 0.0041
221 220 0.0188
243 220 0.0053
220 221 0.0188
222 221 0.0025
225 221 0.0087
229 221 0.0123
221 222 0.0025
223 222 0.0032
224 222 0.0039
222 223 0.0032
222 224 0.0039
298 224 0.0029
306 224 0.0166
221 225 0.0087
226 225 0.0017
243 225 0.0157
225 226 0.0017
217 227 0.0058
216 228 0.0043
218 229 0.0184
221 229 0.0123
230 229 0.0015
229 230 0.0015
138 231 0.0133
140 231 0.0319
154 231 0.0069
1686 231 0.0527
83 232 0.0197
84 232 0.0129
85 232 0.0204
4 233 0.007
73 233 0.0384
1680 233 0.0475
1687 233 0.0481
1691 233 0.0197
235 234 0.006
244 234 0.0026
1692 234 0.0111
1693 234 0.062
234 235 0.006
254 235 0.003
257 235 0.0055
74 236 0.002
78 236 0.0033
237 236 0.0078
236 237 0.0078
238 237 0.0088
242 237 0.0061
1680 237 0.004
237 238 0.0088
1687 238 0.0056
1689 238 0.0075
1692 238 0.0086
217 239 0.0167
218 239 0.0237
240 239 0.0129
239 240 0.0129
241 240 0.0086
1396 240 0.0025
215 241 0.0115
240 241 0.0086
1397 241 0.0071
237 242 0.0061
243 242 0.002
1692 242 0.0111
220 243 0.0053
225 243 0.0157
242 243 0.002
234 244 0.0026
245 244 0.005
246 244 0.0034
244 245 0.005
244 246 0.0034
86 247 0.0044
153 247 0.0028
248 247 0.0065
83 248 0.0097
153 248 0.0014
247 248 0.0065
252 249 0.001
254 249 0.0026
1693 249 0.0048
66 250 0.002
252 251 0.0077
253 251 0.0419
1705 251 0.0022
249 252 0.001
251 252 0.0077
253 252 0.0154
356 252 0.0016
69 253 0.0045
71 253 0.0032
251 253 0.0419
252 253 0.0154
235 254 0.003
249 254 0.0026
255 254 0.0049
254 255 0.0049
256 255 0.0048
258 255 0.003
337 255 0.028
255 256 0.0048
235 257 0.0055
258 257 0.0329
261 257 0.0064
255 258 0.003
257 258 0.0329
259 258 0.01
258 259 0.01
260 259 0.0078
328 259 0.015
335 259 0.0057
259 260 0.0078
257 261 0.0064
262 261 0.0203
263 261 0.0094
308 261 0.0026
261 262 0.0203
313 262 0.0091
316 262 0.0074
261 263 0.0094
36 264 0.0152
37 264 0.0048
75 264 0.0026
87 264 0.0283
1672 264 0.0127
131 265 0.0838
134 265 0.0013
1672 265 0.0116
35 266 0.0103
587 266 0.0148
1672 266 0.0158
579 267 0.0131
604 267 0.0049
1672 267 0.0157
186 268 0.0073
269 268 0.0021
1649 268 0.0011
268 269 0.0021
270 269 0.0045
272 269 0.0017
269 270 0.0045
271 270 0.0036
272 270 0.0019
180 271 0.002
182 271 0.006
270 271 0.0036
269 272 0.0017
270 272 0.0019
1424 272 0.0057
186 273 0.0023
187 273 0.014
188 273 0.0048
274 273 0.0029
273 274 0.0029
1418 274 0.0121
1649 274 0.0101
190 275 0.0026
276 275 0.0096
1416 275 0.0047
275 276 0.0096
168 277 0.0005
280 277 0.0113
1411 277 0.0037
1416 277 0.0039
191 278 0.0016
192 278 0.0027
279 278 0.0012
278 279 0.0012
280 279 0.009
282 279 0.0087
277 280 0.0113
279 280 0.009
1407 280 0.0029
194 281 0.0031
198 281 0.0009
282 281 0.0047
1734 281 0.0111
279 282 0.0087
281 282 0.0047
283 282 0.0136
287 282 0.0054
288 282 0.0041
282 283 0.0136
284 283 0.0065
1407 283 0.0076
283 284 0.0065
211 285 0.0064
286 285 0.0057
288 285 0.004
290 285 0.0133
285 286 0.0057
287 286 0.0043
290 286 0.0122
282 287 0.0054
286 287 0.0043
288 287 0.0034
1407 287 0.031
1646 287 0.0028
282 288 0.0041
285 288 0.004
287 288 0.0034
211 289 0.0198
290 289 0.0037
1401 289 0.0141
285 290 0.0133
286 290 0.0122
289 290 0.0037
1402 290 0.0023
215 291 0.0074
292 291 0.0149
293 291 0.0028
291 292 0.0149
291 293 0.0028
294 293 0.0058
297 293 0.0042
293 294 0.0058
295 294 0.0047
299 294 0.002
213 295 0.0063
214 295 0.0152
294 295 0.0047
214 296 0.002
293 297 0.0042
224 298 0.0029
294 299 0.002
300 299 0.0053
302 299 0.0065
299 300 0.0053
301 300 0.0122
1393 300 0.0093
1394 300 0.013
300 301 0.0122
311 301 0.0025
1383 301 0.0167
1393 301 0.0083
299 302 0.0065
303 302 0.0102
305 302 0.0073
1394 302 0.0119
302 303 0.0102
304 303 0.0055
1393 303 0.0142
1394 303 0.0084
1395 303 0.0016
303 304 0.0055
302 305 0.0073
224 306 0.0166
307 306 0.0046
308 306 0.0062
306 307 0.0046
261 308 0.0026
306 308 0.0062
309 308 0.0091
316 308 0.0121
308 309 0.0091
310 309 0.0059
317 309 0.0084
309 310 0.0059
311 310 0.002
312 310 0.0175
301 311 0.0025
310 311 0.002
1378 311 0.0019
310 312 0.0175
262 313 0.0091
314 313 0.0173
324 313 0.0035
313 314 0.0173
315 314 0.0032
321 314 0.0018
314 315 0.0032
262 316 0.0074
308 316 0.0121
317 316 0.0107
309 317 0.0084
316 317 0.0107
318 317 0.0065
317 318 0.0065
319 318 0.0045
322 318 0.0019
318 319 0.0045
320 319 0.0117
325 319 0.0117
319 320 0.0117
325 320 0.0122
340 320 0.0156
1361 320 0.021
1377 320 0.0016
314 321 0.0018
318 322 0.0019
323 322 0.0052
1377 322 0.0113
322 323 0.0052
1377 323 0.0064
1380 323 0.0145
1381 323 0.0168
313 324 0.0035
319 325 0.0117
320 325 0.0122
326 325 0.0093
325 326 0.0093
327 326 0.0269
1361 326 0.0223
326 327 0.0269
333 327 0.0055
1347 327 0.005
1355 327 0.0258
1360 327 0.0103
1361 327 0.0097
259 328 0.015
329 328 0.0073
334 328 0.0046
328 329 0.0073
330 329 0.0022
333 329 0.0015
329 330 0.0022
331 330 0.0035
332 330 0.0029
330 331 0.0035
330 332 0.0029
327 333 0.0055
329 333 0.0015
1347 333 0.0103
1353 333 0.0052
328 334 0.0046
259 335 0.0057
336 335 0.0062
337 335 0.0003
335 336 0.0062
339 336 0.0037
342 336 0.0509
255 337 0.028
335 337 0.0003
338 337 0.0215
351 337 0.0071
337 338 0.0215
339 338 0.0273
349 338 0.0049
336 339 0.0037
338 339 0.0273
355 339 0.0019
320 340 0.0156
341 340 0.0028
1365 340 0.0345
340 341 0.0028
1360 341 0.0303
1362 341 0.006
336 342 0.0509
343 342 0.0171
345 342 0.0064
347 342 0.0026
342 343 0.0171
344 343 0.0135
345 343 0.0174
347 343 0.0047
343 344 0.0135
348 344 0.0099
1321 344 0.0604
342 345 0.0064
343 345 0.0174
346 345 0.0009
345 346 0.0009
342 347 0.0026
343 347 0.0047
348 347 0.0077
344 348 0.0099
347 348 0.0077
1321 348 0.0084
1323 348 0.0036
338 349 0.0049
350 349 0.0017
352 349 0.0045
349 350 0.0017
355 350 0.0041
361 350 0.0007
337 351 0.0071
352 351 0.0201
353 351 0.0123
349 352 0.0045
351 352 0.0201
353 352 0.0147
351 353 0.0123
352 353 0.0147
354 353 0.0012
353 354 0.0012
339 355 0.0019
350 355 0.0041
1309 355 0.0028
252 356 0.0016
357 356 0.0025
364 356 0.0038
356 357 0.0025
358 357 0.0086
361 357 0.0073
357 358 0.0086
359 358 0.0042
362 358 0.0096
364 358 0.0021
358 359 0.0042
360 359 0.0024
362 359 0.0032
363 359 0.0023
359 360 0.0024
350 361 0.0007
357 361 0.0073
362 361 0.0106
358 362 0.0096
359 362 0.0032
361 362 0.0106
359 363 0.0023
356 364 0.0038
358 364 0.0021
365 364 0.0053
364 365 0.0053
366 365 0.0044
368 365 0.0033
365 366 0.0044
367 366 0.0045
368 366 0.0063
366 367 0.0045
365 368 0.0033
366 368 0.0063
369 368 0.006
368 369 0.006
69 370 0.0069
371 370 0.0042
372 370 0.0118
370 371 0.0042
370 372 0.0118
14 373 0.01
18 373 0.0222
34 373 0.0168
387 373 0.0103
14 374 0.0221
375 374 0.0049
382 374 0.0096
67 375 0.0049
374 375 0.0049
376 375 0.015
375 376 0.015
377 376 0.0172
382 376 0.0037
386 376 0.013
69 377 0.0015
376 377 0.0172
378 377 0.0057
381 377 0.0039
386 377 0.0143
377 378 0.0057
379 378 0.0037
384 378 0.0046
386 378 0.0078
378 379 0.0037
380 379 0.0044
954 379 0.0083
379 380 0.0044
399 380 0.006
919 380 0.004
920 380 0.0133
955 380 0.0188
1679 380 0.0324
67 381 0.0088
68 381 0.0259
377 381 0.0039
374 382 0.0096
376 382 0.0037
383 382 0.0207
382 383 0.0207
384 383 0.0131
385 383 0.0042
378 384 0.0046
383 384 0.0131
385 384 0.0203
388 384 0.0136
899 384 0.011
383 385 0.0042
384 385 0.0203
386 385 0.0052
376 386 0.013
377 386 0.0143
378 386 0.0078
385 386 0.0052
34 387 0.0081
373 387 0.0103
388 387 0.0034
384 388 0.0136
387 388 0.0034
402 388 0.0158
34 389 0.0568
390 389 0.0043
394 389 0.0186
389 390 0.0043
391 390 0.0205
400 390 0.0176
390 391 0.0205
392 391 0.0166
401 391 0.0085
391 392 0.0166
393 392 0.0197
398 392 0.0091
392 393 0.0197
398 393 0.0097
399 393 0.0057
389 394 0.0186
395 394 0.0109
396 394 0.0033
394 395 0.0109
397 395 0.0988
864 395 0.0227
394 396 0.0033
397 396 0.0156
398 396 0.0105
395 397 0.0988
396 397 0.0156
911 397 0.007
392 398 0.0091
393 398 0.0097
396 398 0.0105
399 398 0.0159
380 399 0.006
393 399 0.0057
398 399 0.0159
918 399 0.0169
955 399 0.0111
390 400 0.0176
401 400 0.0109
402 400 0.0069
391 401 0.0085
400 401 0.0109
402 401 0.009
899 401 0.0088
388 402 0.0158
400 402 0.0069
401 402 0.009
414 403 0.0432
452 403 0.0011
458 403 0.0318
465 403 0.0354
528 403 0.0132
1672 403 0.0117
475 404 0.0034
476 404 0.0114
1672 404 0.0152
409 405 0.0172
473 405 0.0136
474 405 0.0082
1672 405 0.0156
407 406 0.0036
466 406 0.0018
468 406 0.0022
107 407 0.0036
406 407 0.0036
466 407 0.0053
409 408 0.0444
472 408 0.0036
1672 408 0.0096
405 409 0.0172
408 409 0.0444
416 409 0.0041
411 410 0.004
418 410 0.0026
420 410 0.0071
410 411 0.004
413 412 0.0145
612 412 0.008
613 412 0.019
412 413 0.0145
414 413 0.0054
426 413 0.0017
403 414 0.0432
413 414 0.0054
609 414 0.0058
611 414 0.0009
1672 415 0.0031
409 416 0.0041
426 417 0.0063
410 418 0.0026
419 418 0.0024
421 418 0.0036
418 419 0.0024
615 419 0.0149
619 419 0.0053
410 420 0.0071
421 420 0.034
422 420 0.0233
429 420 0.0027
418 421 0.0036
420 421 0.034
427 421 0.0074
420 422 0.0233
423 422 0.0098
484 422 0.0536
422 423 0.0098
424 423 0.0126
436 423 0.0317
484 423 0.0168
614 423 0.0055
423 424 0.0126
612 424 0.0054
613 424 0.0056
614 424 0.0074
426 425 0.0051
413 426 0.0017
417 426 0.0063
425 426 0.0051
421 427 0.0074
428 427 0.0035
1427 427 0.0032
427 428 0.0035
420 429 0.0027
430 429 0.0037
437 429 0.0016
429 430 0.0037
431 430 0.0033
432 430 0.0038
490 430 0.0029
430 431 0.0033
430 432 0.0038
434 433 0.002
436 433 0.0207
437 433 0.0252
439 433 0.0049
433 434 0.002
435 434 0.0055
440 434 0.0033
434 435 0.0055
423 436 0.0317
433 436 0.0207
437 436 0.016
429 437 0.0016
433 437 0.0252
436 437 0.016
438 437 0.005
485 437 0.002
437 438 0.005
485 438 0.0066
486 438 0.0049
433 439 0.0049
434 440 0.0033
441 440 0.002
623 440 0.0039
440 441 0.002
443 442 0.0048
450 442 0.0044
451 442 0.001
442 443 0.0048
444 443 0.0341
622 443 0.0078
443 444 0.0341
447 444 0.0189
622 444 0.0056
624 444 0.0122
446 445 0.0024
622 445 0.0044
624 445 0.0104
445 446 0.0024
620 446 0.0067
1435 446 0.0024
1436 446 0.0012
1437 446 0.0034
444 447 0.0189
448 447 0.0104
1730 447 0.0083
447 448 0.0104
459 448 0.0038
625 448 0.0028
450 449 0.0091
454 449 0.0036
621 449 0.0087
1730 449 0.0163
442 450 0.0044
449 450 0.0091
453 450 0.003
442 451 0.001
452 451 0.0016
609 451 0.001
403 452 0.0011
451 452 0.0016
453 452 0.0012
450 453 0.003
452 453 0.0012
454 453 0.0033
449 454 0.0036
453 454 0.0033
455 454 0.0085
454 455 0.0085
456 455 0.0355
457 455 0.0066
459 455 0.0034
621 455 0.0052
455 456 0.0355
457 456 0.016
497 456 0.001
1729 456 0.024
455 457 0.0066
456 457 0.016
458 457 0.0045
403 458 0.0318
457 458 0.0045
465 458 0.035
1729 458 0.0017
448 459 0.0038
455 459 0.0034
621 459 0.0095
1729 460 0.0025
462 461 0.0298
498 461 0.0187
627 461 0.0237
461 462 0.0298
500 462 0.0107
628 462 0.0126
1715 462 0.0284
501 463 0.0075
628 463 0.0172
1712 463 0.0261
1715 463 0.0489
1717 463 0.0519
465 464 0.0437
500 464 0.0019
509 464 0.018
532 464 0.0284
1712 464 0.0239
403 465 0.0354
458 465 0.035
464 465 0.0437
527 465 0.041
406 466 0.0018
407 466 0.0053
467 466 0.0029
466 467 0.0029
468 467 0.0017
469 467 0.003
406 468 0.0022
467 468 0.0017
469 468 0.0066
467 469 0.003
468 469 0.0066
470 469 0.0068
469 470 0.0068
471 470 0.0055
1731 470 0.0116
470 471 0.0055
408 472 0.0036
405 473 0.0136
405 474 0.0082
404 475 0.0034
607 475 0.0014
608 475 0.0049
1672 475 0.0035
404 476 0.0114
478 477 0.0009
480 477 0.0019
482 477 0.0016
1731 477 0.0195
1732 477 0.0238
477 478 0.0009
182 479 0.0024
477 480 0.0019
481 480 0.0034
482 480 0.0071
480 481 0.0034
477 482 0.0016
480 482 0.0071
483 482 0.0011
482 483 0.0011
422 484 0.0536
423 484 0.0168
614 484 0.0439
437 485 0.002
438 485 0.0066
486 485 0.0053
438 486 0.0049
485 486 0.0053
487 486 0.0087
486 487 0.0087
488 487 0.0071
494 487 0.0133
487 488 0.0071
489 488 0.0015
491 488 0.002
488 489 0.0015
430 490 0.0029
491 490 0.0059
493 490 0.0026
488 491 0.002
490 491 0.0059
492 491 0.0033
491 492 0.0033
490 493 0.0026
487 494 0.0133
495 494 0.0059
1435 494 0.0008
494 495 0.0059
496 495 0.002
1431 495 0.0017
495 496 0.002
456 497 0.001
461 498 0.0187
499 498 0.0076
627 498 0.0212
498 499 0.0076
631 499 0.0051
639 499 0.0427
668 499 0.0246
462 500 0.0107
464 500 0.0019
1729 500 0.0139
463 501 0.0075
502 501 0.0052
503 501 0.0081
504 501 0.0052
627 501 0.0098
501 502 0.0052
501 503 0.0081
504 503 0.0031
1717 503 0.0109
501 504 0.0052
503 504 0.0031
505 504 0.0029
1724 504 0.0103
1725 504 0.0147
504 505 0.0029
506 505 0.0016
629 505 0.0043
505 506 0.0016
708 506 0.0092
712 506 0.0008
750 506 0.0018
513 507 0.0058
514 507 0.0016
683 507 0.0069
1718 507 0.0026
1718 508 0.0038
464 509 0.018
510 509 0.0093
532 509 0.0136
509 510 0.0093
511 510 0.0032
531 510 0.004
510 511 0.0032
1720 511 0.0085
1723 511 0.0418
1726 511 0.0482
513 512 0.008
520 512 0.0035
525 512 0.0148
1720 512 0.0558
507 513 0.0058
512 513 0.008
514 513 0.0043
515 513 0.0293
520 513 0.0086
507 514 0.0016
513 514 0.0043
569 514 0.0472
684 514 0.0019
712 514 0.0561
761 514 0.0042
768 514 0.0046
513 515 0.0293
544 515 0.0633
569 515 0.0191
533 516 0.016
558 516 0.0224
566 516 0.0457
590 516 0.0653
1672 516 0.0123
518 517 0.0213
522 517 0.0293
525 517 0.003
529 517 0.0137
557 517 0.0198
1672 517 0.0086
517 518 0.0213
519 518 0.0053
521 518 0.0035
557 518 0.014
518 519 0.0053
520 519 0.0024
547 519 0.0087
554 519 0.0085
556 519 0.0127
512 520 0.0035
513 520 0.0086
519 520 0.0024
518 521 0.0035
517 522 0.0293
523 522 0.0136
526 522 0.0121
1672 522 0.0058
522 523 0.0136
524 523 0.0105
526 523 0.0081
523 524 0.0105
525 524 0.0044
531 524 0.0013
512 525 0.0148
517 525 0.003
524 525 0.0044
1720 525 0.0136
522 526 0.0121
523 526 0.0081
528 526 0.0498
1672 526 0.0067
465 527 0.041
528 527 0.0468
530 527 0.0282
532 527 0.0663
403 528 0.0132
526 528 0.0498
527 528 0.0468
517 529 0.0137
541 529 0.0161
557 529 0.0214
1672 529 0.0094
527 530 0.0282
531 530 0.0137
532 530 0.0129
510 531 0.004
524 531 0.0013
530 531 0.0137
464 532 0.0284
509 532 0.0136
527 532 0.0663
530 532 0.0129
516 533 0.016
534 533 0.0447
541 533 0.0347
553 533 0.0317
555 533 0.0265
533 534 0.0447
535 534 0.0145
541 534 0.0323
551 534 0.005
534 535 0.0145
536 535 0.0099
549 535 0.0055
535 536 0.0099
537 536 0.0059
539 536 0.007
536 537 0.0059
543 537 0.0101
995 537 0.0105
539 538 0.0039
540 538 0.0078
802 538 0.004
803 538 0.0044
995 538 0.009
536 539 0.007
538 539 0.0039
540 539 0.0032
988 539 0.0051
995 539 0.0085
538 540 0.0078
539 540 0.0032
550 540 0.011
529 541 0.0161
533 541 0.0347
534 541 0.0323
542 541 0.0311
548 541 0.0015
541 542 0.0311
543 542 0.013
546 542 0.0141
537 543 0.0101
542 543 0.013
544 543 0.0229
995 543 0.0044
515 544 0.0633
543 544 0.0229
545 544 0.0014
569 544 0.0196
544 545 0.0014
546 545 0.0179
992 545 0.0047
993 545 0.0081
994 545 0.0137
542 546 0.0141
545 546 0.0179
547 546 0.0065
555 546 0.0034
519 547 0.0087
546 547 0.0065
556 547 0.0107
541 548 0.0015
569 548 0.0037
995 548 0.0064
535 549 0.0055
551 549 0.0174
988 549 0.0055
540 550 0.011
764 550 0.0153
801 550 0.0292
802 550 0.009
988 550 0.012
534 551 0.005
549 551 0.0174
552 551 0.0136
560 551 0.013
1675 551 0.0684
551 552 0.0136
800 552 0.0221
801 552 0.0195
1675 552 0.0359
533 553 0.0317
554 553 0.0017
557 553 0.0197
519 554 0.0085
553 554 0.0017
557 554 0.0032
533 555 0.0265
546 555 0.0034
556 555 0.024
519 556 0.0127
547 556 0.0107
555 556 0.024
517 557 0.0198
518 557 0.014
529 557 0.0214
553 557 0.0197
554 557 0.0032
516 558 0.0224
559 558 0.0312
567 558 0.021
558 559 0.0312
560 559 0.021
567 559 0.0333
551 560 0.013
559 560 0.021
568 560 0.0218
562 561 0.0111
799 561 0.0075
800 561 0.0124
814 561 0.0051
987 561 0.0052
1675 561 0.0281
561 562 0.0111
563 562 0.007
814 562 0.0083
562 563 0.007
564 563 0.0049
804 563 0.0047
815 563 0.0076
563 564 0.0049
565 564 0.0259
567 564 0.0174
568 564 0.0103
570 564 0.0149
574 564 0.0333
815 564 0.0057
987 564 0.0065
564 565 0.0259
566 565 0.0326
573 565 0.0511
516 566 0.0457
565 566 0.0326
572 566 0.0666
595 566 0.0831
558 567 0.021
559 567 0.0333
564 567 0.0174
568 567 0.0132
560 568 0.0218
564 568 0.0103
567 568 0.0132
514 569 0.0472
515 569 0.0191
544 569 0.0196
548 569 0.0037
762 569 0.0176
768 569 0.0053
564 570 0.0149
571 570 0.0122
574 570 0.0142
805 570 0.0043
806 570 0.0078
570 571 0.0122
576 571 0.0265
806 571 0.0259
990 571 0.0125
566 572 0.0666
573 572 0.0274
577 572 0.0193
595 572 0.0524
565 573 0.0511
572 573 0.0274
574 573 0.0521
564 574 0.0333
570 574 0.0142
573 574 0.0521
575 574 0.0051
574 575 0.0051
576 575 0.0204
989 575 0.0159
571 576 0.0265
575 576 0.0204
989 576 0.0182
572 577 0.0193
578 577 0.0213
595 577 0.0136
577 578 0.0213
267 579 0.0131
580 579 0.0341
589 579 0.0131
579 580 0.0341
581 580 0.0082
584 580 0.0076
589 580 0.0228
580 581 0.0082
582 581 0.008
584 581 0.0576
597 581 0.0335
600 581 0.0407
581 582 0.008
583 582 0.0284
584 582 0.0118
597 582 0.0267
582 583 0.0284
585 583 0.0088
601 583 0.0047
580 584 0.0076
581 584 0.0576
582 584 0.0118
585 584 0.044
583 585 0.0088
584 585 0.044
586 585 0.0271
585 586 0.0271
588 586 0.002
822 586 0.015
266 587 0.0148
588 587 0.0151
589 587 0.0186
586 588 0.002
587 588 0.0151
589 588 0.0145
579 589 0.0131
580 589 0.0228
587 589 0.0186
588 589 0.0145
1672 589 0.0093
516 590 0.0653
591 590 0.0499
595 590 0.055
1672 590 0.0119
590 591 0.0499
592 591 0.0213
595 591 0.0887
596 591 0.0279
598 591 0.0661
606 591 0.089
591 592 0.0213
593 592 0.0065
603 592 0.0222
592 593 0.0065
594 593 0.0048
602 593 0.0187
603 593 0.0169
989 593 0.0136
593 594 0.0048
810 594 0.0021
989 594 0.0064
990 594 0.0054
566 595 0.0831
572 595 0.0524
577 595 0.0136
590 595 0.055
591 595 0.0887
591 596 0.0279
597 596 0.058
602 596 0.0216
581 597 0.0335
582 597 0.0267
596 597 0.058
602 597 0.0201
591 598 0.0661
599 598 0.0539
606 598 0.0878
598 599 0.0539
600 599 0.0434
604 599 0.006
605 599 0.0217
581 600 0.0407
599 600 0.0434
604 600 0.0057
583 601 0.0047
603 601 0.0014
810 601 0.0049
593 602 0.0187
596 602 0.0216
597 602 0.0201
603 602 0.0208
592 603 0.0222
593 603 0.0169
601 603 0.0014
602 603 0.0208
267 604 0.0049
599 604 0.006
600 604 0.0057
599 605 0.0217
606 605 0.0402
1672 605 0.0103
591 606 0.089
598 606 0.0878
605 606 0.0402
475 607 0.0014
475 608 0.0049
414 609 0.0058
451 609 0.001
610 609 0.0012
609 610 0.0012
414 611 0.0009
412 612 0.008
424 612 0.0054
613 612 0.0057
412 613 0.019
424 613 0.0056
612 613 0.0057
614 613 0.0332
423 614 0.0055
424 614 0.0074
484 614 0.0439
613 614 0.0332
419 615 0.0149
616 615 0.006
617 615 0.0019
618 615 0.0034
615 616 0.006
615 617 0.0019
615 618 0.0034
419 619 0.0053
446 620 0.0067
1437 620 0.0052
1440 620 0.0044
449 621 0.0087
455 621 0.0052
459 621 0.0095
1730 621 0.0105
443 622 0.0078
444 622 0.0056
445 622 0.0044
623 622 0.0037
1434 622 0.0052
440 623 0.0039
622 623 0.0037
1434 623 0.0051
444 624 0.0122
445 624 0.0104
625 624 0.0087
448 625 0.0028
624 625 0.0087
626 625 0.0064
625 626 0.0064
461 627 0.0237
498 627 0.0212
501 627 0.0098
628 627 0.0079
462 628 0.0126
463 628 0.0172
627 628 0.0079
1715 628 0.0091
505 629 0.0043
1719 629 0.0043
1725 629 0.0037
631 630 0.0126
499 631 0.0051
630 631 0.0126
632 631 0.0084
631 632 0.0084
633 632 0.0027
635 632 0.0085
632 633 0.0027
634 633 0.0036
996 633 0.0045
633 634 0.0036
632 635 0.0085
636 635 0.004
637 635 0.003
635 636 0.004
635 637 0.003
638 637 0.004
996 637 0.0024
637 638 0.004
499 639 0.0427
640 639 0.0354
641 639 0.0138
639 640 0.0354
641 640 0.0198
643 640 0.0195
639 641 0.0138
640 641 0.0198
642 641 0.0017
641 642 0.0017
651 642 0.0052
999 642 0.0003
640 643 0.0195
644 643 0.0325
680 643 0.0048
681 643 0.0051
643 644 0.0325
645 644 0.0185
653 644 0.0155
644 645 0.0185
646 645 0.0068
649 645 0.0124
645 646 0.0068
649 646 0.0223
651 646 0.0024
1001 646 0.0049
648 647 0.0042
685 647 0.008
1001 647 0.0192
647 648 0.0042
645 649 0.0124
646 649 0.0223
650 649 0.0027
649 650 0.0027
642 651 0.0052
646 651 0.0024
1000 651 0.0034
1002 652 0.0092
644 653 0.0155
654 653 0.0224
661 653 0.0121
691 653 0.0131
653 654 0.0224
655 654 0.012
664 654 0.0238
694 654 0.0093
654 655 0.012
656 655 0.0218
663 655 0.0114
664 655 0.0154
667 655 0.011
655 656 0.0218
657 656 0.0174
695 656 0.0188
656 657 0.0174
658 657 0.0126
695 657 0.018
696 657 0.0068
657 658 0.0126
659 658 0.0055
690 658 0.0025
1011 658 0.0034
658 659 0.0055
660 659 0.005
666 659 0.0102
659 660 0.005
666 660 0.0081
687 660 0.0063
1004 660 0.0126
653 661 0.0121
662 661 0.0087
664 661 0.0092
661 662 0.0087
663 662 0.0069
664 662 0.0119
655 663 0.0114
662 663 0.0069
665 663 0.0043
667 663 0.0084
654 664 0.0238
655 664 0.0154
661 664 0.0092
662 664 0.0119
663 665 0.0043
666 665 0.0038
667 665 0.0134
659 666 0.0102
660 666 0.0081
665 666 0.0038
655 667 0.011
663 667 0.0084
665 667 0.0134
499 668 0.0246
669 668 0.032
681 668 0.0038
668 669 0.032
670 669 0.0044
672 669 0.0032
675 669 0.0046
681 669 0.0053
669 670 0.0044
671 670 0.0064
708 670 0.0217
713 670 0.0034
670 671 0.0064
672 671 0.0046
721 671 0.0117
669 672 0.0032
671 672 0.0046
673 672 0.0044
682 672 0.0117
722 672 0.0198
672 673 0.0044
674 673 0.004
704 673 0.0041
673 674 0.004
705 674 0.0019
706 674 0.0022
717 674 0.0118
669 675 0.0046
676 675 0.0025
682 675 0.0113
703 675 0.0032
675 676 0.0025
677 676 0.0093
680 676 0.0065
703 676 0.0202
676 677 0.0093
680 677 0.0026
699 677 0.0251
703 677 0.0087
698 678 0.0154
699 678 0.0213
702 678 0.0191
692 679 0.0019
700 679 0.0055
702 679 0.0124
643 680 0.0048
676 680 0.0065
677 680 0.0026
681 680 0.0033
643 681 0.0051
668 681 0.0038
669 681 0.0053
680 681 0.0033
672 682 0.0117
675 682 0.0113
704 682 0.0039
507 683 0.0069
514 684 0.0019
647 685 0.008
686 685 0.0041
689 685 0.0035
685 686 0.0041
687 686 0.0116
1004 686 0.0146
660 687 0.0063
686 687 0.0116
688 687 0.007
1004 687 0.0114
687 688 0.007
685 689 0.0035
658 690 0.0025
653 691 0.0131
692 691 0.0093
694 691 0.0094
698 691 0.0279
679 692 0.0019
691 692 0.0093
693 692 0.0024
696 692 0.004
692 693 0.0024
654 694 0.0093
691 694 0.0094
695 694 0.0054
696 694 0.0037
656 695 0.0188
657 695 0.018
694 695 0.0054
657 696 0.0068
692 696 0.004
694 696 0.0037
697 696 0.0025
696 697 0.0025
678 698 0.0154
691 698 0.0279
699 698 0.0161
677 699 0.0251
678 699 0.0213
698 699 0.0161
700 699 0.0115
679 700 0.0055
699 700 0.0115
701 700 0.0098
702 700 0.0063
704 700 0.0071
700 701 0.0098
678 702 0.0191
679 702 0.0124
700 702 0.0063
675 703 0.0032
676 703 0.0202
677 703 0.0087
704 703 0.0262
673 704 0.0041
682 704 0.0039
700 704 0.0071
703 704 0.0262
674 705 0.0019
1008 705 0.0029
1009 705 0.0067
674 706 0.0022
730 706 0.0058
1737 706 0.0621
731 707 0.0228
1005 707 0.003
1737 707 0.0186
506 708 0.0092
670 708 0.0217
709 708 0.0088
708 709 0.0088
710 709 0.0103
726 709 0.0138
750 709 0.0109
709 710 0.0103
711 710 0.018
726 710 0.0188
750 710 0.0103
710 711 0.018
712 711 0.0364
728 711 0.0089
750 711 0.0034
506 712 0.0008
514 712 0.0561
711 712 0.0364
750 712 0.0026
751 712 0.0097
670 713 0.0034
714 713 0.0111
724 713 0.007
725 713 0.0045
726 713 0.0048
713 714 0.0111
715 714 0.0103
725 714 0.0066
714 715 0.0103
716 715 0.0119
725 715 0.0087
727 715 0.007
737 715 0.0065
715 716 0.0119
717 716 0.0205
725 716 0.0073
674 717 0.0118
716 717 0.0205
718 717 0.0096
717 718 0.0096
719 718 0.0063
725 718 0.0064
718 719 0.0063
720 719 0.0148
722 719 0.0055
719 720 0.0148
721 720 0.006
722 720 0.0084
724 720 0.01
671 721 0.0117
720 721 0.006
722 721 0.008
672 722 0.0198
719 722 0.0055
720 722 0.0084
721 722 0.008
724 723 0.0069
713 724 0.007
720 724 0.01
723 724 0.0069
725 724 0.0089
713 725 0.0045
714 725 0.0066
715 725 0.0087
716 725 0.0073
718 725 0.0064
724 725 0.0089
709 726 0.0138
710 726 0.0188
713 726 0.0048
727 726 0.0115
715 727 0.007
726 727 0.0115
737 727 0.005
711 728 0.0089
729 728 0.0057
733 728 0.018
728 729 0.0057
730 729 0.0026
737 729 0.0056
706 730 0.0058
729 730 0.0026
731 730 0.0089
1737 730 0.0069
707 731 0.0228
730 731 0.0089
732 731 0.0056
739 731 0.0149
731 732 0.0056
728 733 0.018
734 733 0.0532
743 733 0.0057
752 733 0.0073
733 734 0.0532
735 734 0.0172
747 734 0.019
734 735 0.0172
736 735 0.0017
738 735 0.0046
735 736 0.0017
715 737 0.0065
727 737 0.005
729 737 0.0056
735 738 0.0046
739 738 0.0066
740 738 0.0109
731 739 0.0149
738 739 0.0066
740 739 0.009
738 740 0.0109
739 740 0.009
1738 740 0.0062
742 741 0.0135
1005 741 0.0048
1738 741 0.0287
741 742 0.0135
1017 742 0.0084
1029 742 0.0033
733 743 0.0057
744 743 0.0043
745 743 0.0038
746 743 0.0043
752 743 0.0021
743 744 0.0043
743 745 0.0038
743 746 0.0043
734 747 0.019
748 747 0.005
1738 747 0.0039
747 748 0.005
749 748 0.0019
1472 748 0.0007
748 749 0.0019
506 750 0.0018
709 750 0.0109
710 750 0.0103
711 750 0.0034
712 750 0.0026
712 751 0.0097
752 751 0.0092
753 751 0.0059
733 752 0.0073
743 752 0.0021
751 752 0.0092
751 753 0.0059
754 753 0.0058
761 753 0.0021
753 754 0.0058
755 754 0.0042
757 754 0.0062
769 754 0.0031
754 755 0.0042
758 755 0.0184
769 755 0.013
761 756 0.0061
768 756 0.0045
769 756 0.0082
775 756 0.0027
754 757 0.0062
758 757 0.0058
759 757 0.0021
781 757 0.0075
755 758 0.0184
757 758 0.0058
759 758 0.0029
781 758 0.0047
757 759 0.0021
758 759 0.0029
760 759 0.0006
759 760 0.0006
514 761 0.0042
753 761 0.0021
756 761 0.0061
569 762 0.0176
763 762 0.0054
803 762 0.0017
762 763 0.0054
764 763 0.0125
768 763 0.0036
770 763 0.0155
803 763 0.009
550 764 0.0153
763 764 0.0125
765 764 0.0216
764 765 0.0216
766 765 0.0259
774 765 0.0099
791 765 0.0253
801 765 0.0166
765 766 0.0259
767 766 0.0182
791 766 0.0156
800 766 0.0178
766 767 0.0182
796 767 0.0104
799 767 0.0062
813 767 0.0025
514 768 0.0046
569 768 0.0053
756 768 0.0045
763 768 0.0036
754 769 0.0031
755 769 0.013
756 769 0.0082
763 770 0.0155
771 770 0.002
802 770 0.0097
770 771 0.002
772 771 0.0026
774 771 0.0046
775 771 0.0013
771 772 0.0026
773 772 0.0018
777 772 0.0061
772 773 0.0018
774 773 0.0082
782 773 0.0073
765 774 0.0099
771 774 0.0046
773 774 0.0082
756 775 0.0027
771 775 0.0013
776 775 0.0055
775 776 0.0055
772 777 0.0061
778 777 0.0028
816 777 0.0031
777 778 0.0028
779 778 0.0036
816 778 0.0015
778 779 0.0036
780 779 0.0014
781 779 0.0003
779 780 0.0014
757 781 0.0075
758 781 0.0047
779 781 0.0003
773 782 0.0073
783 782 0.0104
816 782 0.0041
782 783 0.0104
784 783 0.0093
792 783 0.0162
796 783 0.0027
817 783 0.0089
783 784 0.0093
785 784 0.0012
788 784 0.0147
784 785 0.0012
786 785 0.0027
787 785 0.0017
785 786 0.0027
785 787 0.0017
784 788 0.0147
789 788 0.0033
790 788 0.0015
817 788 0.0023
788 789 0.0033
788 790 0.0015
765 791 0.0253
766 791 0.0156
792 791 0.0053
783 792 0.0162
791 792 0.0053
793 792 0.0048
792 793 0.0048
826 793 0.0027
1674 793 0.0067
795 794 0.0103
827 794 0.0027
1674 794 0.0145
794 795 0.0103
827 795 0.0078
1674 795 0.0143
767 796 0.0104
783 796 0.0027
797 796 0.0035
813 796 0.003
796 797 0.0035
798 797 0.0027
809 797 0.0014
821 797 0.002
797 798 0.0027
811 798 0.0025
813 798 0.0021
561 799 0.0075
767 799 0.0062
800 799 0.011
812 799 0.0025
814 799 0.003
552 800 0.0221
561 800 0.0124
766 800 0.0178
799 800 0.011
801 800 0.0339
550 801 0.0292
552 801 0.0195
765 801 0.0166
800 801 0.0339
538 802 0.004
550 802 0.009
770 802 0.0097
803 802 0.0079
538 803 0.0044
762 803 0.0017
763 803 0.009
802 803 0.0079
563 804 0.0047
805 804 0.0099
814 804 0.0031
815 804 0.0051
570 805 0.0043
804 805 0.0099
806 805 0.035
811 805 0.0062
570 806 0.0078
571 806 0.0259
805 806 0.035
807 806 0.0032
991 806 0.0078
806 807 0.0032
808 807 0.0027
991 807 0.0037
807 808 0.0027
809 808 0.0012
810 808 0.0068
811 808 0.0014
797 809 0.0014
808 809 0.0012
825 809 0.0043
594 810 0.0021
601 810 0.0049
808 810 0.0068
990 810 0.0021
798 811 0.0025
805 811 0.0062
808 811 0.0014
812 811 0.0013
799 812 0.0025
811 812 0.0013
813 812 0.0026
814 812 0.0033
767 813 0.0025
796 813 0.003
798 813 0.0021
812 813 0.0026
561 814 0.0051
562 814 0.0083
799 814 0.003
804 814 0.0031
812 814 0.0033
563 815 0.0076
564 815 0.0057
804 815 0.0051
777 816 0.0031
778 816 0.0015
782 816 0.0041
783 817 0.0089
788 817 0.0023
818 817 0.0043
817 818 0.0043
819 818 0.0049
1674 818 0.0058
818 819 0.0049
820 819 0.002
979 819 0.0057
819 820 0.002
797 821 0.002
586 822 0.015
823 822 0.0031
846 822 0.0162
861 822 0.0031
978 822 0.0115
822 823 0.0031
824 823 0.0141
833 823 0.0018
978 823 0.0071
823 824 0.0141
825 824 0.0081
829 824 0.0086
833 824 0.0036
809 825 0.0043
824 825 0.0081
826 825 0.0066
793 826 0.0027
825 826 0.0066
827 826 0.0121
829 826 0.0052
794 827 0.0027
795 827 0.0078
826 827 0.0121
828 827 0.0008
827 828 0.0008
824 829 0.0086
826 829 0.0052
830 829 0.0016
829 830 0.0016
831 830 0.0077
834 830 0.003
842 830 0.0405
830 831 0.0077
832 831 0.0368
842 831 0.008
831 832 0.0368
833 832 0.0015
978 832 0.0509
823 833 0.0018
824 833 0.0036
832 833 0.0015
830 834 0.003
835 834 0.0111
838 834 0.0068
834 835 0.0111
836 835 0.0015
837 835 0.0017
835 836 0.0015
980 836 0.0019
981 836 0.0022
1497 836 0.0029
835 837 0.0017
844 837 0.0046
1069 837 0.0007
1497 837 0.0009
834 838 0.0068
841 838 0.0018
1676 838 0.0057
1676 839 0.0046
1676 840 0.0055
838 841 0.0018
830 842 0.0405
831 842 0.008
843 842 0.0019
851 842 0.0119
842 843 0.0019
844 843 0.0042
977 843 0.0028
837 844 0.0046
843 844 0.0042
845 844 0.0011
844 845 0.0011
822 846 0.0162
847 846 0.0311
860 846 0.0075
846 847 0.0311
875 847 0.003
878 847 0.01
849 848 0.011
878 848 0.0982
901 848 0.1002
848 849 0.011
850 849 0.0116
910 849 0.0047
849 850 0.0116
857 850 0.0047
910 850 0.0052
1075 850 0.0028
1079 850 0.0049
842 851 0.0119
852 851 0.0089
856 851 0.0023
878 851 0.0029
851 852 0.0089
853 852 0.0026
857 852 0.0024
958 852 0.0015
852 853 0.0026
854 853 0.004
857 853 0.001
853 854 0.004
855 854 0.0016
1075 854 0.0035
854 855 0.0016
851 856 0.0023
850 857 0.0047
852 857 0.0024
853 857 0.001
858 857 0.0015
857 858 0.0015
53 859 0.0145
64 859 0.0013
860 859 0.0048
875 859 0.0147
846 860 0.0075
859 860 0.0048
862 860 0.0144
63 861 0.0057
822 861 0.0031
862 861 0.0056
63 862 0.0036
860 862 0.0144
861 862 0.0056
53 863 0.032
875 863 0.0058
876 863 0.0179
880 863 0.0394
882 863 0.0193
395 864 0.0227
865 864 0.0016
1709 864 0.0446
864 865 0.0016
866 865 0.031
891 865 0.0073
957 865 0.0382
865 866 0.031
914 866 0.0386
1673 866 0.0055
868 867 0.0094
876 867 0.0095
885 867 0.0148
907 867 0.0132
867 868 0.0094
869 868 0.0327
907 868 0.0156
868 869 0.0327
870 869 0.0107
871 869 0.0122
894 869 0.0141
895 869 0.0077
869 870 0.0107
871 870 0.0792
905 870 0.0228
869 871 0.0122
870 871 0.0792
872 871 0.0196
871 872 0.0196
873 872 0.0573
905 872 0.0211
872 873 0.0573
874 873 0.0391
1673 873 0.0106
873 874 0.0391
903 874 0.0265
976 874 0.0286
1673 874 0.0142
847 875 0.003
859 875 0.0147
863 875 0.0058
876 875 0.0037
863 876 0.0179
867 876 0.0095
875 876 0.0037
877 876 0.0013
882 876 0.0342
883 876 0.0157
876 877 0.0013
878 877 0.0074
904 877 0.0578
847 878 0.01
848 878 0.0982
851 878 0.0029
877 878 0.0074
50 879 0.0147
880 879 0.0434
1708 879 0.0038
53 880 0.0622
61 880 0.0368
863 880 0.0394
879 880 0.0434
882 880 0.0059
47 881 0.0173
863 882 0.0193
876 882 0.0342
880 882 0.0059
883 882 0.0069
876 883 0.0157
882 883 0.0069
884 883 0.0055
883 884 0.0055
867 885 0.0148
886 885 0.0257
892 885 0.0047
894 885 0.0105
907 885 0.0326
885 886 0.0257
887 886 0.0083
891 886 0.0028
886 887 0.0083
888 887 0.0223
891 887 0.0039
887 888 0.0223
889 888 0.0061
890 888 0.0047
888 889 0.0061
888 890 0.0047
865 891 0.0073
886 891 0.0028
887 891 0.0039
885 892 0.0047
895 892 0.0099
975 892 0.0388
898 893 0.02
975 893 0.0146
1673 893 0.0185
869 894 0.0141
885 894 0.0105
895 894 0.0333
907 894 0.0236
869 895 0.0077
892 895 0.0099
894 895 0.0333
896 895 0.0213
975 895 0.0076
895 896 0.0213
897 896 0.0028
898 896 0.0057
896 897 0.0028
898 897 0.0095
1673 897 0.017
893 898 0.02
896 898 0.0057
897 898 0.0095
384 899 0.011
401 899 0.0088
900 899 0.0052
899 900 0.0052
848 901 0.1002
902 901 0.0202
904 901 0.0248
906 901 0.0109
901 902 0.0202
903 902 0.0139
908 902 0.0125
874 903 0.0265
902 903 0.0139
906 903 0.0364
976 903 0.0692
877 904 0.0578
901 904 0.0248
905 904 0.0296
870 905 0.0228
872 905 0.0211
904 905 0.0296
906 905 0.0469
901 906 0.0109
903 906 0.0364
905 906 0.0469
867 907 0.0132
868 907 0.0156
885 907 0.0326
894 907 0.0236
902 908 0.0125
909 908 0.0288
976 908 0.0692
908 909 0.0288
976 909 0.0584
1673 909 0.0135
849 910 0.0047
850 910 0.0052
1079 910 0.0056
1673 910 0.0052
397 911 0.007
912 911 0.0642
914 911 0.0336
918 911 0.0257
956 911 0.0242
957 911 0.1009
911 912 0.0642
913 912 0.0124
916 912 0.0797
957 912 0.0674
912 913 0.0124
918 913 0.0087
920 913 0.0092
922 913 0.0096
959 913 0.0339
974 913 0.0415
1673 913 0.0135
866 914 0.0386
911 914 0.0336
915 914 0.0276
957 914 0.046
1673 914 0.0045
914 915 0.0276
916 915 0.091
917 915 0.0268
1673 915 0.0162
912 916 0.0797
915 916 0.091
917 916 0.03
1673 916 0.0097
915 917 0.0268
916 917 0.03
1673 917 0.0172
399 918 0.0169
911 918 0.0257
913 918 0.0087
955 918 0.0189
956 918 0.019
380 919 0.004
380 920 0.0133
913 920 0.0092
1677 920 0.0255
1678 920 0.0229
1504 921 0.017
1505 921 0.0036
1678 921 0.0039
913 922 0.0096
956 922 0.0106
1677 922 0.0142
1679 922 0.013
929 923 0.0102
930 923 0.0212
1272 923 0.0077
1275 923 0.005
1673 923 0.0133
925 924 0.0038
927 924 0.0164
930 924 0.0103
1504 924 0.0106
924 925 0.0038
926 925 0.0102
1308 925 0.0031
925 926 0.0102
928 926 0.0102
1499 926 0.0026
1502 926 0.0011
1507 926 0.0141
924 927 0.0164
928 927 0.0211
1504 927 0.0634
926 928 0.0102
927 928 0.0211
1504 928 0.0337
1507 928 0.0055
923 929 0.0102
1275 929 0.024
1294 929 0.0063
923 930 0.0212
924 930 0.0103
931 930 0.0039
1286 930 0.0354
1293 930 0.002
930 931 0.0039
1307 931 0.0065
1308 931 0.0113
933 932 0.0153
1271 932 0.018
1284 932 0.0025
1285 932 0.0039
1673 932 0.0043
932 933 0.0153
934 933 0.0086
935 933 0.0058
1282 933 0.0016
933 934 0.0086
933 935 0.0058
1205 935 0.0208
1219 935 0.0225
1267 935 0.0135
943 936 0.0008
1283 936 0.0021
1673 936 0.0067
938 937 0.0698
1066 937 0.0108
1673 937 0.009
937 938 0.0698
939 938 0.01
941 938 0.0168
952 938 0.0082
938 939 0.01
940 939 0.0008
953 939 0.0039
939 940 0.0008
1129 940 0.0192
1131 940 0.0027
938 941 0.0168
942 941 0.0144
945 941 0.0144
948 941 0.0042
941 942 0.0144
943 942 0.0051
945 942 0.0233
936 943 0.0008
942 943 0.0051
944 943 0.0049
943 944 0.0049
1205 944 0.0106
1266 944 0.0127
941 945 0.0144
942 945 0.0233
946 945 0.0075
945 946 0.0075
947 946 0.0023
1125 946 0.0028
1178 946 0.0012
946 947 0.0023
1179 947 0.0037
1181 947 0.0018
941 948 0.0042
949 948 0.0186
1124 948 0.0027
948 949 0.0186
950 949 0.0041
1124 949 0.0172
949 950 0.0041
1124 951 0.0037
938 952 0.0082
953 952 0.0165
1067 952 0.006
939 953 0.0039
952 953 0.0165
1067 953 0.003
1090 953 0.0013
1092 953 0.0084
379 954 0.0083
380 955 0.0188
399 955 0.0111
918 955 0.0189
1679 955 0.0269
911 956 0.0242
918 956 0.019
922 956 0.0106
865 957 0.0382
911 957 0.1009
912 957 0.0674
914 957 0.046
852 958 0.0015
913 959 0.0339
965 959 0.075
973 959 0.0461
974 959 0.043
961 960 0.0182
972 960 0.0587
973 960 0.0464
1673 960 0.0253
960 961 0.0182
962 961 0.0778
972 961 0.0634
961 962 0.0778
963 962 0.0282
964 962 0.0456
962 963 0.0282
1503 963 0.0018
1673 963 0.0152
962 964 0.0456
959 965 0.075
966 965 0.0654
968 965 0.0311
971 965 0.0615
965 966 0.0654
967 966 0.0372
968 966 0.0412
966 967 0.0372
965 968 0.0311
966 968 0.0412
969 968 0.0237
970 968 0.0181
968 969 0.0237
968 970 0.0181
965 971 0.0615
972 971 0.0517
973 971 0.0401
960 972 0.0587
961 972 0.0634
971 972 0.0517
959 973 0.0461
960 973 0.0464
971 973 0.0401
913 974 0.0415
959 974 0.043
1678 974 0.0209
892 975 0.0388
893 975 0.0146
895 975 0.0076
874 976 0.0286
903 976 0.0692
908 976 0.0692
909 976 0.0584
843 977 0.0028
822 978 0.0115
823 978 0.0071
832 978 0.0509
819 979 0.0057
980 979 0.0042
982 979 0.0075
836 980 0.0019
979 980 0.0042
981 980 0.0129
836 981 0.0022
980 981 0.0129
1498 981 0.0041
979 982 0.0075
983 982 0.0126
985 982 0.0044
982 983 0.0126
984 983 0.0046
985 983 0.0122
983 984 0.0046
1452 984 0.0039
1453 984 0.003
982 985 0.0044
983 985 0.0122
986 985 0.001
985 986 0.001
561 987 0.0052
564 987 0.0065
1675 987 0.0157
539 988 0.0051
549 988 0.0055
550 988 0.012
575 989 0.0159
576 989 0.0182
593 989 0.0136
594 989 0.0064
990 989 0.0115
571 990 0.0125
594 990 0.0054
810 990 0.0021
989 990 0.0115
991 990 0.0151
806 991 0.0078
807 991 0.0037
990 991 0.0151
545 992 0.0047
545 993 0.0081
545 994 0.0137
537 995 0.0105
538 995 0.009
539 995 0.0085
543 995 0.0044
548 995 0.0064
633 996 0.0045
637 996 0.0024
997 996 0.0039
998 996 0.0012
996 997 0.0039
996 998 0.0012
642 999 0.0003
651 1000 0.0034
646 1001 0.0049
647 1001 0.0192
1002 1001 0.0162
652 1002 0.0092
1001 1002 0.0162
1003 1002 0.0058
1002 1003 0.0058
660 1004 0.0126
686 1004 0.0146
687 1004 0.0114
707 1005 0.003
741 1005 0.0048
1006 1005 0.0043
1005 1006 0.0043
1007 1006 0.0026
1008 1006 0.0074
1029 1006 0.0016
1006 1007 0.0026
1009 1007 0.0037
1011 1007 0.0024
705 1008 0.0029
1006 1008 0.0074
1009 1008 0.0055
1010 1008 0.0066
705 1009 0.0067
1007 1009 0.0037
1008 1009 0.0055
1008 1010 0.0066
658 1011 0.0034
1007 1011 0.0024
1012 1011 0.0416
1013 1011 0.0221
1011 1012 0.0416
1013 1012 0.0086
1014 1012 0.0136
1016 1012 0.0031
1011 1013 0.0221
1012 1013 0.0086
1015 1013 0.0129
1012 1014 0.0136
1013 1015 0.0129
1031 1015 0.0032
1032 1015 0.0007
1012 1016 0.0031
742 1017 0.0084
1018 1017 0.0186
1020 1017 0.017
1017 1018 0.0186
1019 1018 0.0017
1020 1018 0.0141
1442 1018 0.0012
1018 1019 0.0017
1442 1019 0.0022
1447 1019 0.0075
1017 1020 0.017
1018 1020 0.0141
1021 1020 0.0347
1441 1020 0.0072
1020 1021 0.0347
1022 1021 0.0061
1026 1021 0.0029
1021 1022 0.0061
1023 1022 0.0074
1025 1022 0.0083
1035 1022 0.0033
1022 1023 0.0074
1024 1023 0.0033
1044 1023 0.0032
1023 1024 0.0033
1043 1024 0.0036
1044 1024 0.0054
1022 1025 0.0083
1021 1026 0.0029
1027 1026 0.007
1052 1026 0.0056
1459 1026 0.0054
1026 1027 0.007
1028 1027 0.0213
1443 1027 0.0048
1027 1028 0.0213
1444 1028 0.0022
1449 1028 0.0107
1467 1028 0.0013
742 1029 0.0033
1006 1029 0.0016
1030 1029 0.0018
1029 1030 0.0018
1015 1031 0.0032
1015 1032 0.0007
1033 1032 0.0168
1660 1032 0.0023
1032 1033 0.0168
1034 1033 0.0197
1661 1033 0.0002
1663 1033 0.003
1668 1033 0.0243
1033 1034 0.0197
1035 1034 0.0039
1668 1034 0.0141
1022 1035 0.0033
1034 1035 0.0039
1667 1035 0.0052
1037 1036 0.0103
1040 1036 0.0071
1043 1036 0.0082
1036 1037 0.0103
1038 1037 0.0039
1039 1037 0.0043
1514 1037 0.0037
1037 1038 0.0039
1037 1039 0.0043
1048 1039 0.0003
1514 1039 0.0086
1036 1040 0.0071
1041 1040 0.005
1042 1040 0.0142
1040 1041 0.005
1040 1042 0.0142
1024 1043 0.0036
1036 1043 0.0082
1665 1043 0.0062
1666 1043 0.0077
1667 1043 0.0066
1023 1044 0.0032
1024 1044 0.0054
1045 1044 0.0018
1044 1045 0.0018
1046 1045 0.0128
1052 1045 0.0068
1045 1046 0.0128
1047 1046 0.0035
1052 1046 0.0096
1046 1047 0.0035
1048 1047 0.0034
1049 1047 0.0098
1039 1048 0.0003
1047 1048 0.0034
1513 1048 0.0055
1515 1048 0.0052
1047 1049 0.0098
1508 1049 0.0132
1511 1049 0.0383
1051 1050 0.0104
1508 1050 0.0077
1509 1050 0.0055
1510 1050 0.0088
1511 1050 0.0219
1050 1051 0.0104
1026 1052 0.0056
1045 1052 0.0068
1046 1052 0.0096
1053 1052 0.0047
1052 1053 0.0047
1054 1053 0.0142
1508 1053 0.0019
1053 1054 0.0142
1055 1054 0.0093
1518 1054 0.0028
1054 1055 0.0093
1056 1055 0.0096
1057 1055 0.0085
1520 1055 0.0057
1055 1056 0.0096
1055 1057 0.0085
1059 1058 0.0463
1083 1058 0.0427
1673 1058 0.0067
1058 1059 0.0463
1060 1059 0.0347
1063 1059 0.0174
1059 1060 0.0347
1061 1060 0.0158
1063 1060 0.0187
1060 1061 0.0158
1062 1061 0.0064
1063 1061 0.0104
1673 1061 0.0052
1061 1062 0.0064
1065 1062 0.0018
1066 1062 0.0098
1059 1063 0.0174
1060 1063 0.0187
1061 1063 0.0104
1064 1063 0.0041
1063 1064 0.0041
1062 1065 0.0018
1066 1065 0.0021
1087 1065 0.0059
937 1066 0.0108
1062 1066 0.0098
1065 1066 0.0021
1067 1066 0.0019
952 1067 0.006
953 1067 0.003
1066 1067 0.0019
1068 1067 0.0041
1067 1068 0.0041
1086 1068 0.0076
1494 1068 0.0006
837 1069 0.0007
1070 1069 0.0028
1495 1069 0.0015
1069 1070 0.0028
1071 1070 0.0028
1076 1070 0.0055
1070 1071 0.0028
1072 1071 0.0076
1076 1071 0.0062
1071 1072 0.0076
1073 1072 0.0042
1076 1072 0.0089
1072 1073 0.0042
1074 1073 0.0086
1078 1073 0.0098
1085 1073 0.0027
1073 1074 0.0086
1075 1074 0.0102
1082 1074 0.0047
850 1075 0.0028
854 1075 0.0035
1074 1075 0.0102
1079 1075 0.0036
1070 1076 0.0055
1071 1076 0.0062
1072 1076 0.0089
1493 1076 0.0001
1078 1077 0.0011
1073 1078 0.0098
1077 1078 0.0011
1085 1078 0.0019
850 1079 0.0049
910 1079 0.0056
1075 1079 0.0036
1080 1079 0.0019
1079 1080 0.0019
1081 1080 0.006
1082 1080 0.0039
1083 1080 0.0055
1080 1081 0.006
1082 1081 0.0102
1083 1081 0.014
1074 1082 0.0047
1080 1082 0.0039
1081 1082 0.0102
1058 1083 0.0427
1080 1083 0.0055
1081 1083 0.014
1084 1083 0.0286
1085 1083 0.017
1083 1084 0.0286
1073 1085 0.0027
1078 1085 0.0019
1083 1085 0.017
1068 1086 0.0076
1087 1086 0.0026
1088 1086 0.004
1065 1087 0.0059
1086 1087 0.0026
1088 1087 0.0039
1086 1088 0.004
1087 1088 0.0039
1089 1088 0.0034
1088 1089 0.0034
953 1090 0.0013
1091 1090 0.0048
1107 1090 0.011
1090 1091 0.0048
1092 1091 0.0214
1093 1091 0.0246
1104 1091 0.0347
953 1092 0.0084
1091 1092 0.0214
1104 1092 0.014
1091 1093 0.0246
1094 1093 0.0112
1105 1093 0.0058
1093 1094 0.0112
1095 1094 0.0017
1099 1094 0.0019
1094 1095 0.0017
1096 1095 0.0097
1120 1095 0.0031
1138 1095 0.0035
1095 1096 0.0097
1097 1096 0.0161
1121 1096 0.0028
1096 1097 0.0161
1098 1097 0.0049
1122 1097 0.0021
1097 1098 0.0049
1144 1098 0.0004
1557 1098 0.0011
1094 1099 0.0019
1100 1099 0.011
1120 1099 0.0021
1099 1100 0.011
1101 1100 0.002
1120 1100 0.0034
1100 1101 0.002
1102 1101 0.0056
1113 1101 0.0052
1123 1101 0.0043
1101 1102 0.0056
1103 1102 0.0032
1117 1102 0.0041
1102 1103 0.0032
1116 1103 0.0004
1123 1103 0.0012
1091 1104 0.0347
1092 1104 0.014
1105 1104 0.0064
1093 1105 0.0058
1104 1105 0.0064
1106 1105 0.004
1105 1106 0.004
1090 1107 0.011
1108 1107 0.0139
1109 1107 0.0111
1107 1108 0.0139
1109 1108 0.028
1111 1108 0.0037
1107 1109 0.0111
1108 1109 0.028
1110 1109 0.0465
1109 1110 0.0465
1111 1110 0.0156
1114 1110 0.0028
1108 1111 0.0037
1110 1111 0.0156
1112 1111 0.0065
1111 1112 0.0065
1113 1112 0.0026
1114 1112 0.0032
1101 1113 0.0052
1112 1113 0.0026
1115 1113 0.0019
1110 1114 0.0028
1112 1114 0.0032
1115 1114 0.0169
1113 1115 0.0019
1114 1115 0.0169
1116 1115 0.0066
1119 1115 0.0034
1103 1116 0.0004
1115 1116 0.0066
1117 1116 0.0065
1102 1117 0.0041
1116 1117 0.0065
1118 1117 0.0029
1117 1118 0.0029
1115 1119 0.0034
1551 1119 0.0018
1553 1119 0.001
1095 1120 0.0031
1099 1120 0.0021
1100 1120 0.0034
1121 1120 0.0035
1096 1121 0.0028
1120 1121 0.0035
1122 1121 0.0077
1097 1122 0.0021
1121 1122 0.0077
1123 1122 0.0029
1101 1123 0.0043
1103 1123 0.0012
1122 1123 0.0029
948 1124 0.0027
949 1124 0.0172
951 1124 0.0037
946 1125 0.0028
1126 1125 0.0177
1174 1125 0.004
1180 1125 0.0015
1125 1126 0.0177
1127 1126 0.0113
1158 1126 0.0028
1174 1126 0.0091
1126 1127 0.0113
1128 1127 0.0124
1185 1127 0.0053
1127 1128 0.0124
1151 1128 0.0035
1184 1128 0.0022
1186 1128 0.0069
940 1129 0.0192
1130 1129 0.0131
1143 1129 0.0026
1144 1129 0.0042
1129 1130 0.0131
1145 1130 0.0053
1152 1130 0.0009
940 1131 0.0027
1132 1131 0.0067
1139 1131 0.004
1131 1132 0.0067
1133 1132 0.0046
1139 1132 0.0046
1142 1132 0.0026
1132 1133 0.0046
1134 1133 0.0033
1142 1133 0.0043
1133 1134 0.0033
1135 1134 0.0032
1142 1134 0.0044
1134 1135 0.0032
1136 1135 0.0021
1141 1135 0.0018
1135 1136 0.0021
1137 1136 0.0024
1138 1136 0.0023
1141 1136 0.0021
1136 1137 0.0024
1138 1137 0.0047
1141 1137 0.002
1095 1138 0.0035
1136 1138 0.0023
1137 1138 0.0047
1131 1139 0.004
1132 1139 0.0046
1140 1139 0.0037
1142 1139 0.0023
1139 1140 0.0037
1141 1140 0.0017
1142 1140 0.0034
1135 1141 0.0018
1136 1141 0.0021
1137 1141 0.002
1140 1141 0.0017
1132 1142 0.0026
1133 1142 0.0043
1134 1142 0.0044
1139 1142 0.0023
1140 1142 0.0034
1129 1143 0.0026
1144 1143 0.0066
1146 1143 0.0004
1098 1144 0.0004
1129 1144 0.0042
1143 1144 0.0066
1145 1144 0.018
1130 1145 0.0053
1144 1145 0.018
1147 1145 0.0003
1143 1146 0.0004
1145 1147 0.0003
1148 1147 0.0035
1149 1147 0.0043
1147 1148 0.0035
1149 1148 0.0027
1153 1148 0.0006
1147 1149 0.0043
1148 1149 0.0027
1150 1149 0.0012
1149 1150 0.0012
1128 1151 0.0035
1152 1151 0.0032
1153 1151 0.0036
1154 1151 0.0024
1130 1152 0.0009
1151 1152 0.0032
1153 1152 0.0044
1148 1153 0.0006
1151 1153 0.0036
1152 1153 0.0044
1151 1154 0.0024
1155 1154 0.0101
1561 1154 0.0096
1154 1155 0.0101
1156 1155 0.0093
1160 1155 0.0156
1155 1156 0.0093
1157 1156 0.0035
1167 1156 0.0019
1156 1157 0.0035
1126 1158 0.0028
1159 1158 0.0066
1174 1158 0.0042
1158 1159 0.0066
1175 1159 0.0009
1202 1159 0.0007
1155 1160 0.0156
1161 1160 0.0156
1165 1160 0.0193
1167 1160 0.0274
1160 1161 0.0156
1162 1161 0.0188
1561 1161 0.0031
1161 1162 0.0188
1163 1162 0.0019
1171 1162 0.0043
1562 1162 0.0097
1162 1163 0.0019
1164 1163 0.0026
1558 1163 0.0009
1163 1164 0.0026
1160 1165 0.0193
1166 1165 0.0027
1167 1165 0.0153
1168 1165 0.0122
1165 1166 0.0027
1156 1167 0.0019
1160 1167 0.0274
1165 1167 0.0153
1165 1168 0.0122
1169 1168 0.002
1170 1168 0.0029
1168 1169 0.002
1168 1170 0.0029
1162 1171 0.0043
1172 1171 0.0067
1173 1171 0.0044
1171 1172 0.0067
1171 1173 0.0044
1125 1174 0.004
1126 1174 0.0091
1158 1174 0.0042
1185 1174 0.0028
1159 1175 0.0009
1176 1175 0.0016
1201 1175 0.0032
1175 1176 0.0016
1177 1176 0.0043
1178 1176 0.0039
1198 1176 0.0031
1217 1176 0.006
1176 1177 0.0043
1178 1177 0.0049
1183 1177 0.002
946 1178 0.0012
1176 1178 0.0039
1177 1178 0.0049
1179 1178 0.0018
1205 1178 0.0032
947 1179 0.0037
1178 1179 0.0018
1181 1179 0.0015
1125 1180 0.0015
1181 1180 0.0015
1182 1180 0.003
947 1181 0.0018
1179 1181 0.0015
1180 1181 0.0015
1182 1181 0.0024
1183 1181 0.0018
1180 1182 0.003
1181 1182 0.0024
1183 1182 0.0025
1177 1183 0.002
1181 1183 0.0018
1182 1183 0.0025
1128 1184 0.0022
1185 1184 0.0018
1186 1184 0.0014
1127 1185 0.0053
1174 1185 0.0028
1184 1185 0.0018
1128 1186 0.0069
1184 1186 0.0014
1187 1186 0.0009
1189 1186 0.0017
1186 1187 0.0009
1188 1187 0.0018
1191 1187 0.0009
1187 1188 0.0018
1189 1188 0.0038
1192 1188 0.0037
1186 1189 0.0017
1188 1189 0.0038
1190 1189 0.0024
1189 1190 0.0024
1192 1190 0.0031
1193 1190 0.0006
1187 1191 0.0009
1192 1191 0.0027
1203 1191 0.0004
1188 1192 0.0037
1190 1192 0.0031
1191 1192 0.0027
1190 1193 0.0006
1194 1193 0.0008
1195 1193 0.0017
1193 1194 0.0008
1563 1194 0.0014
1566 1194 0.0029
1567 1194 0.0033
1193 1195 0.0017
1196 1195 0.0013
1567 1195 0.0034
1195 1196 0.0013
1197 1196 0.0028
1204 1196 0.0025
1196 1197 0.0028
1198 1197 0.0046
1218 1197 0.0048
1220 1197 0.0083
1176 1198 0.0031
1197 1198 0.0046
1199 1198 0.0051
1217 1198 0.0033
1218 1198 0.0044
1198 1199 0.0051
1200 1199 0.0133
1201 1199 0.0074
1199 1200 0.0133
1201 1200 0.0102
1204 1200 0.0015
1175 1201 0.0032
1199 1201 0.0074
1200 1201 0.0102
1204 1201 0.0028
1159 1202 0.0007
1203 1202 0.0035
1204 1202 0.0022
1191 1203 0.0004
1202 1203 0.0035
1204 1203 0.002
1196 1204 0.0025
1200 1204 0.0015
1201 1204 0.0028
1202 1204 0.0022
1203 1204 0.002
935 1205 0.0208
944 1205 0.0106
1178 1205 0.0032
1206 1205 0.0947
1217 1205 0.0065
1219 1205 0.0394
1205 1206 0.0947
1207 1206 0.0571
1218 1206 0.0153
1219 1206 0.0247
1206 1207 0.0571
1208 1207 0.019
1218 1207 0.0241
1219 1207 0.0082
1280 1207 0.0044
1207 1208 0.019
1209 1208 0.0261
1218 1208 0.0367
1235 1208 0.002
1208 1209 0.0261
1210 1209 0.0199
1231 1209 0.0047
1209 1210 0.0199
1211 1210 0.0109
1231 1210 0.0146
1210 1211 0.0109
1212 1211 0.0176
1249 1211 0.0079
1211 1212 0.0176
1213 1212 0.013
1249 1212 0.0119
1212 1213 0.013
1214 1213 0.0179
1227 1213 0.0131
1213 1214 0.0179
1215 1214 0.0105
1221 1214 0.0006
1224 1214 0.0056
1214 1215 0.0105
1216 1215 0.0038
1230 1215 0.0165
1215 1216 0.0038
1223 1216 0.003
1230 1216 0.0075
1582 1216 0.0027
1176 1217 0.006
1198 1217 0.0033
1205 1217 0.0065
1218 1217 0.0042
1197 1218 0.0048
1198 1218 0.0044
1206 1218 0.0153
1207 1218 0.0241
1208 1218 0.0367
1217 1218 0.0042
1220 1218 0.0073
935 1219 0.0225
1205 1219 0.0394
1206 1219 0.0247
1207 1219 0.0082
1281 1219 0.0032
1197 1220 0.0083
1218 1220 0.0073
1221 1220 0.0117
1214 1221 0.0006
1220 1221 0.0117
1222 1221 0.0018
1221 1222 0.0018
1570 1222 0.0011
1571 1222 0.0014
1216 1223 0.003
1214 1224 0.0056
1225 1224 0.0101
1577 1224 0.0033
1224 1225 0.0101
1226 1225 0.0051
1571 1225 0.0036
1225 1226 0.0051
1571 1226 0.0032
1572 1226 0.0019
1574 1226 0.0132
1213 1227 0.0131
1228 1227 0.012
1230 1227 0.0036
1241 1227 0.0051
1243 1227 0.0045
1227 1228 0.012
1229 1228 0.0018
1584 1228 0.0038
1228 1229 0.0018
1582 1229 0.014
1589 1229 0.0039
1215 1230 0.0165
1216 1230 0.0075
1227 1230 0.0036
1209 1231 0.0047
1210 1231 0.0146
1232 1231 0.0048
1234 1231 0.0059
1231 1232 0.0048
1233 1232 0.0093
1249 1232 0.0086
1232 1233 0.0093
1234 1233 0.0051
1248 1233 0.0127
1231 1234 0.0059
1233 1234 0.0051
1235 1234 0.0058
1208 1235 0.002
1234 1235 0.0058
1236 1235 0.0203
1257 1235 0.0024
1235 1236 0.0203
1237 1236 0.0112
1254 1236 0.0053
1236 1237 0.0112
1238 1237 0.005
1250 1237 0.0102
1237 1238 0.005
1239 1238 0.0065
1250 1238 0.0081
1265 1238 0.0016
1238 1239 0.0065
1240 1239 0.0047
1248 1239 0.0082
1239 1240 0.0047
1241 1240 0.0104
1248 1240 0.0115
1249 1240 0.0131
1227 1241 0.0051
1240 1241 0.0104
1242 1241 0.0193
1249 1241 0.0057
1241 1242 0.0193
1243 1242 0.0097
1265 1242 0.0116
1227 1243 0.0045
1242 1243 0.0097
1244 1243 0.0054
1251 1243 0.0077
1243 1244 0.0054
1245 1244 0.0124
1265 1244 0.0038
1244 1245 0.0124
1592 1245 0.0183
1605 1245 0.0186
1608 1245 0.0139
1247 1246 0.0084
1592 1246 0.0283
1615 1246 0.0055
1246 1247 0.0084
1591 1247 0.0162
1592 1247 0.0066
1613 1247 0.0041
1615 1247 0.0084
1233 1248 0.0127
1239 1248 0.0082
1240 1248 0.0115
1211 1249 0.0079
1212 1249 0.0119
1232 1249 0.0086
1240 1249 0.0131
1241 1249 0.0057
1237 1250 0.0102
1238 1250 0.0081
1261 1250 0.0047
1243 1251 0.0077
1252 1251 0.01
1602 1251 0.0146
1251 1252 0.01
1253 1252 0.0142
1601 1252 0.0058
1602 1252 0.0094
1608 1252 0.0246
1252 1253 0.0142
1595 1253 0.0165
1600 1253 0.0091
1603 1253 0.0189
1608 1253 0.0239
1609 1253 0.0305
1236 1254 0.0053
1255 1254 0.0034
1259 1254 0.0019
1254 1255 0.0034
1256 1255 0.0067
1258 1255 0.0118
1255 1256 0.0067
1258 1256 0.0057
1628 1256 0.0137
1235 1257 0.0024
1258 1257 0.0023
1262 1257 0.0021
1255 1258 0.0118
1256 1258 0.0057
1257 1258 0.0023
1254 1259 0.0019
1260 1259 0.0095
1591 1259 0.0096
1259 1260 0.0095
1261 1260 0.0088
1590 1260 0.0194
1250 1261 0.0047
1260 1261 0.0088
1593 1261 0.0261
1257 1262 0.0021
1263 1262 0.0125
1287 1262 0.0031
1300 1262 0.0158
1262 1263 0.0125
1264 1263 0.0078
1306 1263 0.0116
1263 1264 0.0078
1304 1264 0.0052
1305 1264 0.0079
1238 1265 0.0016
1242 1265 0.0116
1244 1265 0.0038
944 1266 0.0127
935 1267 0.0135
1268 1267 0.0166
1275 1267 0.0073
1267 1268 0.0166
1269 1268 0.0215
1274 1268 0.0105
1268 1269 0.0215
1270 1269 0.0141
1274 1269 0.0101
1269 1270 0.0141
1271 1270 0.0186
1273 1270 0.0136
932 1271 0.018
1270 1271 0.0186
1272 1271 0.0263
923 1272 0.0077
1271 1272 0.0263
1273 1272 0.018
1270 1273 0.0136
1272 1273 0.018
1274 1273 0.0192
1268 1274 0.0105
1269 1274 0.0101
1273 1274 0.0192
923 1275 0.005
929 1275 0.024
1267 1275 0.0073
1276 1275 0.0035
1294 1275 0.0053
1275 1276 0.0035
1277 1276 0.0047
1282 1276 0.0049
1291 1276 0.0037
1276 1277 0.0047
1278 1277 0.0035
1282 1277 0.0056
1295 1277 0.0091
1277 1278 0.0035
1279 1278 0.0033
1289 1278 0.0029
1278 1279 0.0033
1280 1279 0.0037
1282 1279 0.0041
1207 1280 0.0044
1279 1280 0.0037
1281 1280 0.0077
1219 1281 0.0032
1280 1281 0.0077
1282 1281 0.0059
933 1282 0.0016
1276 1282 0.0049
1277 1282 0.0056
1279 1282 0.0041
1281 1282 0.0059
936 1283 0.0021
1284 1283 0.0025
1285 1283 0.002
932 1284 0.0025
1283 1284 0.0025
1285 1284 0.0028
932 1285 0.0039
1283 1285 0.002
1284 1285 0.0028
930 1286 0.0354
1287 1286 0.0111
1307 1286 0.0038
1262 1287 0.0031
1286 1287 0.0111
1288 1287 0.0155
1287 1288 0.0155
1289 1288 0.0079
1297 1288 0.0131
1278 1289 0.0029
1288 1289 0.0079
1290 1289 0.0036
1295 1289 0.0049
1298 1289 0.0054
1299 1289 0.0061
1289 1290 0.0036
1276 1291 0.0037
1292 1291 0.0137
1294 1291 0.0044
1295 1291 0.0067
1291 1292 0.0137
1293 1292 0.0236
1296 1292 0.0091
930 1293 0.002
1292 1293 0.0236
1294 1293 0.0047
1296 1293 0.0075
1297 1293 0.0069
929 1294 0.0063
1275 1294 0.0053
1291 1294 0.0044
1293 1294 0.0047
1277 1295 0.0091
1289 1295 0.0049
1291 1295 0.0067
1296 1295 0.0125
1292 1296 0.0091
1293 1296 0.0075
1295 1296 0.0125
1297 1296 0.0125
1288 1297 0.0131
1293 1297 0.0069
1296 1297 0.0125
1289 1298 0.0054
1289 1299 0.0061
1262 1300 0.0158
1301 1300 0.0072
1306 1300 0.0265
1300 1301 0.0072
1302 1301 0.0091
1305 1301 0.0135
1301 1302 0.0091
1303 1302 0.0173
1304 1302 0.012
1611 1302 0.0034
1302 1303 0.0173
1628 1303 0.007
1629 1303 0.0074
1264 1304 0.0052
1302 1304 0.012
1305 1304 0.0097
1264 1305 0.0079
1301 1305 0.0135
1304 1305 0.0097
1306 1305 0.0136
1263 1306 0.0116
1300 1306 0.0265
1305 1306 0.0136
931 1307 0.0065
1286 1307 0.0038
1308 1307 0.0033
925 1308 0.0031
931 1308 0.0113
1307 1308 0.0033
355 1309 0.0028
1310 1309 0.002
1311 1309 0.0086
1309 1310 0.002
1314 1310 0.0078
1318 1310 0.0028
1309 1311 0.0086
1312 1311 0.0151
1323 1311 0.0027
1311 1312 0.0151
1313 1312 0.0549
1325 1312 0.0191
1312 1313 0.0549
1314 1313 0.0399
1319 1313 0.0423
1310 1314 0.0078
1313 1314 0.0399
1315 1314 0.0027
1314 1315 0.0027
1316 1315 0.0103
1318 1315 0.0262
1315 1316 0.0103
1317 1316 0.014
1607 1316 0.0016
1316 1317 0.014
1310 1318 0.0028
1315 1318 0.0262
1614 1318 0.0138
1313 1319 0.0423
1320 1319 0.0013
1326 1319 0.0141
1319 1320 0.0013
344 1321 0.0604
348 1321 0.0084
1322 1321 0.0122
1332 1321 0.0129
1321 1322 0.0122
348 1323 0.0036
1311 1323 0.0027
1324 1323 0.0164
1331 1323 0.0056
1323 1324 0.0164
1325 1324 0.0089
1327 1324 0.0133
1328 1324 0.0044
1312 1325 0.0191
1324 1325 0.0089
1326 1325 0.027
1319 1326 0.0141
1325 1326 0.027
1327 1326 0.0129
1324 1327 0.0133
1326 1327 0.0129
1328 1327 0.0042
1324 1328 0.0044
1327 1328 0.0042
1329 1328 0.0127
1331 1328 0.0058
1328 1329 0.0127
1330 1329 0.0018
1619 1329 0.003
1329 1330 0.0018
1323 1331 0.0056
1328 1331 0.0058
1332 1331 0.0172
1321 1332 0.0129
1331 1332 0.0172
1333 1332 0.0228
1341 1332 0.0061
1332 1333 0.0228
1334 1333 0.002
1336 1333 0.0045
1333 1334 0.002
1335 1334 0.0091
1623 1334 0.0018
1334 1335 0.0091
1333 1336 0.0045
1337 1336 0.0038
1340 1336 0.0058
1336 1337 0.0038
1338 1337 0.0067
1340 1337 0.0131
1337 1338 0.0067
1339 1338 0.0042
1340 1338 0.0039
1338 1339 0.0042
1336 1340 0.0058
1337 1340 0.0131
1338 1340 0.0039
1332 1341 0.0061
1342 1341 0.0047
1345 1341 0.0031
1341 1342 0.0047
1343 1342 0.0039
1344 1342 0.0025
1342 1343 0.0039
1342 1344 0.0025
1341 1345 0.0031
1346 1345 0.0043
1350 1345 0.0029
1345 1346 0.0043
327 1347 0.005
333 1347 0.0103
1348 1347 0.0372
1347 1348 0.0372
1349 1348 0.0032
1352 1348 0.0163
1348 1349 0.0032
1350 1349 0.0046
1352 1349 0.0046
1345 1350 0.0029
1349 1350 0.0046
1351 1350 0.0099
1350 1351 0.0099
1348 1352 0.0163
1349 1352 0.0046
1353 1352 0.0108
333 1353 0.0052
1352 1353 0.0108
1354 1353 0.0069
1353 1354 0.0069
327 1355 0.0258
1356 1355 0.0148
1359 1355 0.0037
1355 1356 0.0148
1357 1356 0.0016
1358 1356 0.0028
1356 1357 0.0016
1356 1358 0.0028
1355 1359 0.0037
1360 1359 0.0133
1633 1359 0.008
327 1360 0.0103
341 1360 0.0303
1359 1360 0.0133
320 1361 0.021
326 1361 0.0223
327 1361 0.0097
341 1362 0.006
1363 1362 0.0063
1631 1362 0.0028
1633 1362 0.0066
1362 1363 0.0063
1364 1363 0.0027
1366 1363 0.0024
1363 1364 0.0027
340 1365 0.0345
1366 1365 0.0027
1368 1365 0.0012
1369 1365 0.0024
1372 1365 0.0075
1375 1365 0.0038
1363 1366 0.0024
1365 1366 0.0027
1367 1366 0.0023
1366 1367 0.0023
1365 1368 0.0012
1365 1369 0.0024
1370 1369 0.0042
1371 1369 0.0023
1369 1370 0.0042
1369 1371 0.0023
1365 1372 0.0075
1373 1372 0.0017
1374 1372 0.0015
1372 1373 0.0017
1372 1374 0.0015
1365 1375 0.0038
1376 1375 0.0009
1378 1375 0.0052
1379 1375 0.0087
1375 1376 0.0009
320 1377 0.0016
322 1377 0.0113
323 1377 0.0064
311 1378 0.0019
1375 1378 0.0052
1379 1378 0.0084
1375 1379 0.0087
1378 1379 0.0084
1382 1379 0.004
323 1380 0.0145
1381 1380 0.0105
1382 1380 0.0059
323 1381 0.0168
1380 1381 0.0105
1382 1381 0.007
1379 1382 0.004
1380 1382 0.0059
1381 1382 0.007
301 1383 0.0167
1384 1383 0.0077
1389 1383 0.0134
1383 1384 0.0077
1385 1384 0.0125
1389 1384 0.0085
1390 1384 0.0054
1384 1385 0.0125
1386 1385 0.0047
1389 1385 0.0055
1390 1385 0.0062
1385 1386 0.0047
1387 1386 0.0066
1637 1386 0.0042
1386 1387 0.0066
1388 1387 0.0225
1637 1387 0.0064
1387 1388 0.0225
1383 1389 0.0134
1384 1389 0.0085
1385 1389 0.0055
1384 1390 0.0054
1385 1390 0.0062
1391 1390 0.0019
1390 1391 0.0019
1392 1391 0.0115
1639 1391 0.0133
1391 1392 0.0115
1405 1392 0.0017
1636 1392 0.0021
1639 1392 0.0075
1640 1392 0.0042
300 1393 0.0093
301 1393 0.0083
303 1393 0.0142
300 1394 0.013
302 1394 0.0119
303 1394 0.0084
303 1395 0.0016
240 1396 0.0025
215 1397 0.0061
241 1397 0.0071
1398 1397 0.0119
1397 1398 0.0119
1399 1398 0.0013
1400 1398 0.005
1398 1399 0.0013
1398 1400 0.005
289 1401 0.0141
1402 1401 0.0051
1403 1401 0.0092
290 1402 0.0023
1401 1402 0.0051
1403 1402 0.0034
1405 1402 0.0037
1648 1402 0.0168
1401 1403 0.0092
1402 1403 0.0034
1404 1403 0.0072
1403 1404 0.0072
1392 1405 0.0017
1402 1405 0.0037
1406 1405 0.0008
1405 1406 0.0008
280 1407 0.0029
283 1407 0.0076
287 1407 0.031
1408 1407 0.0089
1407 1408 0.0089
1409 1408 0.012
1647 1408 0.007
1408 1409 0.012
1410 1409 0.0108
1415 1409 0.002
1409 1410 0.0108
1411 1410 0.0013
1413 1410 0.0084
1414 1410 0.0023
277 1411 0.0037
1410 1411 0.0013
1412 1411 0.0029
1411 1412 0.0029
1410 1413 0.0084
1410 1414 0.0023
1409 1415 0.002
275 1416 0.0047
277 1416 0.0039
1417 1416 0.0016
1416 1417 0.0016
189 1418 0.0013
274 1418 0.0121
1419 1418 0.0278
1418 1419 0.0278
1420 1419 0.0026
1421 1419 0.0109
1419 1420 0.0026
1419 1421 0.0109
1422 1421 0.004
1423 1421 0.0134
1421 1422 0.004
1421 1423 0.0134
272 1424 0.0057
1425 1424 0.0044
1426 1424 0.0049
1424 1425 0.0044
1424 1426 0.0049
427 1427 0.0032
1428 1427 0.0131
1430 1427 0.0024
1653 1427 0.0048
1658 1427 0.0018
1427 1428 0.0131
1429 1428 0.0082
1651 1428 0.0039
1652 1428 0.0019
1428 1429 0.0082
1427 1430 0.0024
495 1431 0.0017
1432 1431 0.0069
1433 1431 0.0068
1431 1432 0.0069
1431 1433 0.0068
622 1434 0.0052
623 1434 0.0051
1435 1434 0.0094
446 1435 0.0024
494 1435 0.0008
1434 1435 0.0094
446 1436 0.0012
446 1437 0.0034
620 1437 0.0052
1438 1437 0.0034
1439 1437 0.0051
1437 1438 0.0034
1437 1439 0.0051
620 1440 0.0044
1020 1441 0.0072
1018 1442 0.0012
1019 1442 0.0022
1443 1442 0.0021
1445 1442 0.0059
1446 1442 0.009
1447 1442 0.0039
1027 1443 0.0048
1442 1443 0.0021
1444 1443 0.005
1028 1444 0.0022
1443 1444 0.005
1445 1444 0.0028
1442 1445 0.0059
1444 1445 0.0028
1446 1445 0.0141
1442 1446 0.009
1445 1446 0.0141
1447 1446 0.004
1455 1446 0.0043
1019 1447 0.0075
1442 1447 0.0039
1446 1447 0.004
1448 1447 0.0004
1453 1447 0.0011
1447 1448 0.0004
1028 1449 0.0107
1450 1449 0.003
1451 1449 0.0008
1449 1450 0.003
1451 1450 0.0027
1457 1450 0.0014
1449 1451 0.0008
1450 1451 0.0027
1452 1451 0.0011
1458 1451 0.004
984 1452 0.0039
1451 1452 0.0011
1473 1452 0.0006
1474 1452 0.0034
984 1453 0.003
1447 1453 0.0011
1454 1453 0.0028
1453 1454 0.0028
1455 1454 0.0019
1457 1454 0.0018
1446 1455 0.0043
1454 1455 0.0019
1457 1455 0.0026
1457 1456 0.0061
1450 1457 0.0014
1454 1457 0.0018
1455 1457 0.0026
1456 1457 0.0061
1451 1458 0.004
1026 1459 0.0054
1460 1459 0.0082
1471 1459 0.0013
1459 1460 0.0082
1461 1460 0.0084
1464 1460 0.0036
1460 1461 0.0084
1462 1461 0.0015
1463 1461 0.0018
1461 1462 0.0015
1461 1463 0.0018
1460 1464 0.0036
1465 1464 0.0018
1466 1464 0.0034
1464 1465 0.0018
1464 1466 0.0034
1522 1466 0.0032
1524 1466 0.0091
1028 1467 0.0013
1468 1467 0.0035
1471 1467 0.0028
1467 1468 0.0035
1469 1468 0.0039
1471 1468 0.002
1468 1469 0.0039
1470 1469 0.0037
1521 1469 0.0009
1469 1470 0.0037
1459 1471 0.0013
1467 1471 0.0028
1468 1471 0.002
748 1472 0.0007
1452 1473 0.0006
1452 1474 0.0034
1475 1474 0.005
1476 1474 0.0011
1474 1475 0.005
1532 1475 0.0016
1539 1475 0.0023
1474 1476 0.0011
1487 1476 0.001
1540 1476 0.0023
1478 1477 0.0105
1488 1477 0.0029
1491 1477 0.0007
1492 1477 0.0048
1493 1477 0.0025
1498 1477 0.0078
1477 1478 0.0105
1479 1478 0.0063
1484 1478 0.008
1478 1479 0.0063
1480 1479 0.0017
1492 1479 0.0024
1479 1480 0.0017
1481 1480 0.0071
1483 1480 0.0009
1480 1481 0.0071
1482 1481 0.0078
1485 1481 0.0012
1481 1482 0.0078
1545 1482 0.0025
1546 1482 0.0029
1480 1483 0.0009
1478 1484 0.008
1485 1484 0.0018
1486 1484 0.0064
1481 1485 0.0012
1484 1485 0.0018
1487 1485 0.004
1484 1486 0.0064
1487 1486 0.0021
1488 1486 0.0022
1476 1487 0.001
1485 1487 0.004
1486 1487 0.0021
1477 1488 0.0029
1486 1488 0.0022
1489 1488 0.0001
1490 1488 0.0012
1488 1489 0.0001
1488 1490 0.0012
1477 1491 0.0007
1477 1492 0.0048
1479 1492 0.0024
1493 1492 0.0064
1494 1492 0.0041
1076 1493 0.0001
1477 1493 0.0025
1492 1493 0.0064
1068 1494 0.0006
1492 1494 0.0041
1543 1494 0.0004
1069 1495 0.0015
1496 1495 0.001
1498 1495 0.004
1495 1496 0.001
1497 1496 0.0034
1498 1496 0.0013
836 1497 0.0029
837 1497 0.0009
1496 1497 0.0034
981 1498 0.0041
1477 1498 0.0078
1495 1498 0.004
1496 1498 0.0013
926 1499 0.0026
1500 1499 0.0042
1501 1499 0.0046
1499 1500 0.0042
1499 1501 0.0046
926 1502 0.0011
963 1503 0.0018
921 1504 0.017
924 1504 0.0106
927 1504 0.0634
928 1504 0.0337
921 1505 0.0036
1506 1505 0.0066
1507 1505 0.0058
1505 1506 0.0066
926 1507 0.0141
928 1507 0.0055
1505 1507 0.0058
1049 1508 0.0132
1050 1508 0.0077
1053 1508 0.0019
1511 1508 0.0119
1519 1508 0.0053
1050 1509 0.0055
1050 1510 0.0088
1049 1511 0.0383
1050 1511 0.0219
1508 1511 0.0119
1512 1511 0.0078
1511 1512 0.0078
1513 1512 0.0022
1517 1512 0.0022
1659 1512 0.0037
1048 1513 0.0055
1512 1513 0.0022
1514 1513 0.0058
1515 1513 0.0091
1037 1514 0.0037
1039 1514 0.0086
1513 1514 0.0058
1048 1515 0.0052
1513 1515 0.0091
1516 1515 0.003
1515 1516 0.003
1512 1517 0.0022
1054 1518 0.0028
1508 1519 0.0053
1055 1520 0.0057
1469 1521 0.0009
1466 1522 0.0032
1523 1522 0.003
1530 1522 0.007
1522 1523 0.003
1466 1524 0.0091
1525 1524 0.0029
1530 1524 0.0028
1524 1525 0.0029
1526 1525 0.0024
1527 1525 0.0036
1528 1525 0.0017
1529 1525 0.0026
1525 1526 0.0024
1525 1527 0.0036
1525 1528 0.0017
1525 1529 0.0026
1522 1530 0.007
1524 1530 0.0028
1531 1530 0.0014
1530 1531 0.0014
1475 1532 0.0016
1533 1532 0.0016
1534 1532 0.0045
1532 1533 0.0016
1532 1534 0.0045
1535 1534 0.0105
1538 1534 0.0064
1552 1534 0.0031
1534 1535 0.0105
1536 1535 0.0043
1537 1535 0.0056
1535 1536 0.0043
1535 1537 0.0056
1534 1538 0.0064
1475 1539 0.0023
1540 1539 0.0033
1542 1539 0.0019
1476 1540 0.0023
1539 1540 0.0033
1541 1540 0.001
1540 1541 0.001
1539 1542 0.0019
1494 1543 0.0004
1544 1543 0.0087
1551 1543 0.0039
1543 1544 0.0087
1545 1544 0.0071
1549 1544 0.0038
1482 1545 0.0025
1544 1545 0.0071
1548 1545 0.0022
1482 1546 0.0029
1547 1546 0.0029
1548 1546 0.0085
1546 1547 0.0029
1545 1548 0.0022
1546 1548 0.0085
1549 1548 0.0024
1544 1549 0.0038
1548 1549 0.0024
1550 1549 0.0034
1551 1549 0.0015
1549 1550 0.0034
1119 1551 0.0018
1543 1551 0.0039
1549 1551 0.0015
1534 1552 0.0031
1119 1553 0.001
1554 1553 0.0023
1555 1553 0.0045
1556 1553 0.0044
1553 1554 0.0023
1553 1555 0.0045
1553 1556 0.0044
1098 1557 0.0011
1163 1558 0.0009
1559 1558 0.0031
1560 1558 0.0044
1558 1559 0.0031
1558 1560 0.0044
1154 1561 0.0096
1161 1561 0.0031
1562 1561 0.0023
1162 1562 0.0097
1561 1562 0.0023
1563 1562 0.0036
1564 1562 0.0008
1194 1563 0.0014
1562 1563 0.0036
1564 1563 0.0023
1562 1564 0.0008
1563 1564 0.0023
1565 1564 0.001
1564 1565 0.001
1194 1566 0.0029
1194 1567 0.0033
1195 1567 0.0034
1568 1567 0.0022
1569 1567 0.0038
1570 1567 0.0043
1567 1568 0.0022
1567 1569 0.0038
1222 1570 0.0011
1567 1570 0.0043
1572 1570 0.0064
1222 1571 0.0014
1225 1571 0.0036
1226 1571 0.0032
1572 1571 0.0012
1226 1572 0.0019
1570 1572 0.0064
1571 1572 0.0012
1573 1572 0.0023
1572 1573 0.0023
1574 1573 0.0089
1576 1573 0.0015
1226 1574 0.0132
1573 1574 0.0089
1575 1574 0.0021
1574 1575 0.0021
1573 1576 0.0015
1224 1577 0.0033
1578 1577 0.0035
1581 1577 0.0144
1577 1578 0.0035
1579 1578 0.0068
1583 1578 0.0186
1578 1579 0.0068
1580 1579 0.0062
1587 1579 0.003
1589 1579 0.002
1579 1580 0.0062
1577 1581 0.0144
1216 1582 0.0027
1229 1582 0.014
1583 1582 0.0182
1578 1583 0.0186
1582 1583 0.0182
1589 1583 0.0062
1228 1584 0.0038
1585 1584 0.0223
1601 1584 0.0181
1584 1585 0.0223
1586 1585 0.015
1599 1585 0.0069
1600 1585 0.0086
1585 1586 0.015
1587 1586 0.0147
1589 1586 0.007
1599 1586 0.0068
1579 1587 0.003
1586 1587 0.0147
1588 1587 0.0041
1587 1588 0.0041
1229 1589 0.0039
1579 1589 0.002
1583 1589 0.0062
1586 1589 0.007
1260 1590 0.0194
1591 1590 0.0068
1592 1590 0.0061
1247 1591 0.0162
1259 1591 0.0096
1590 1591 0.0068
1592 1591 0.0044
1245 1592 0.0183
1246 1592 0.0283
1247 1592 0.0066
1590 1592 0.0061
1591 1592 0.0044
1593 1592 0.0053
1261 1593 0.0261
1592 1593 0.0053
1594 1593 0.008
1593 1594 0.008
1253 1595 0.0165
1596 1595 0.003
1597 1595 0.008
1599 1595 0.0081
1595 1596 0.003
1595 1597 0.008
1598 1597 0.0019
1599 1597 0.0057
1597 1598 0.0019
1585 1599 0.0069
1586 1599 0.0068
1595 1599 0.0081
1597 1599 0.0057
1600 1599 0.0078
1253 1600 0.0091
1585 1600 0.0086
1599 1600 0.0078
1601 1600 0.0091
1252 1601 0.0058
1584 1601 0.0181
1600 1601 0.0091
1602 1601 0.0093
1251 1602 0.0146
1252 1602 0.0094
1601 1602 0.0093
1253 1603 0.0189
1604 1603 0.0021
1609 1603 0.0283
1603 1604 0.0021
1245 1605 0.0186
1606 1605 0.021
1608 1605 0.0188
1609 1605 0.0256
1605 1606 0.021
1607 1606 0.0241
1609 1606 0.0213
1316 1607 0.0016
1606 1607 0.0241
1616 1607 0.0046
1245 1608 0.0139
1252 1608 0.0246
1253 1608 0.0239
1605 1608 0.0188
1253 1609 0.0305
1603 1609 0.0283
1605 1609 0.0256
1606 1609 0.0213
1610 1609 0.0024
1609 1610 0.0024
1302 1611 0.0034
1612 1611 0.0038
1629 1611 0.0097
1611 1612 0.0038
1613 1612 0.0153
1614 1612 0.0095
1247 1613 0.0041
1612 1613 0.0153
1614 1613 0.0076
1318 1614 0.0138
1612 1614 0.0095
1613 1614 0.0076
1615 1614 0.0037
1246 1615 0.0055
1247 1615 0.0084
1614 1615 0.0037
1607 1616 0.0046
1617 1616 0.008
1618 1616 0.0237
1616 1617 0.008
1616 1618 0.0237
1329 1619 0.003
1620 1619 0.0076
1623 1619 0.0069
1619 1620 0.0076
1621 1620 0.0087
1622 1620 0.0132
1620 1621 0.0087
1620 1622 0.0132
1334 1623 0.0018
1619 1623 0.0069
1624 1623 0.0045
1626 1623 0.008
1623 1624 0.0045
1625 1624 0.0024
1626 1624 0.0088
1624 1625 0.0024
1623 1626 0.008
1624 1626 0.0088
1627 1626 0.0065
1626 1627 0.0065
1256 1628 0.0137
1303 1628 0.007
1629 1628 0.0084
1303 1629 0.0074
1611 1629 0.0097
1628 1629 0.0084
1633 1630 0.002
1362 1631 0.0028
1632 1631 0.0063
1634 1631 0.0019
1635 1631 0.0017
1631 1632 0.0063
1359 1633 0.008
1362 1633 0.0066
1630 1633 0.002
1631 1634 0.0019
1631 1635 0.0017
1392 1636 0.0021
1637 1636 0.006
1638 1636 0.0097
1386 1637 0.0042
1387 1637 0.0064
1636 1637 0.006
1638 1637 0.0068
1636 1638 0.0097
1637 1638 0.0068
1639 1638 0.0067
1391 1639 0.0133
1392 1639 0.0075
1638 1639 0.0067
1392 1640 0.0042
1641 1640 0.0048
1642 1640 0.0163
1640 1641 0.0048
1640 1642 0.0163
1643 1642 0.024
1645 1642 0.0043
1642 1643 0.024
1644 1643 0.0052
1647 1643 0.0024
1643 1644 0.0052
1642 1645 0.0043
287 1646 0.0028
1647 1646 0.004
1648 1646 0.0036
1408 1647 0.007
1643 1647 0.0024
1646 1647 0.004
1648 1647 0.0244
1402 1648 0.0168
1646 1648 0.0036
1647 1648 0.0244
268 1649 0.0011
274 1649 0.0101
1650 1649 0.0026
1649 1650 0.0026
1428 1651 0.0039
1428 1652 0.0019
1427 1653 0.0048
1654 1653 0.0059
1657 1653 0.003
1653 1654 0.0059
1655 1654 0.0068
1657 1654 0.0079
1654 1655 0.0068
1656 1655 0.005
1657 1655 0.0459
1655 1656 0.005
1653 1657 0.003
1654 1657 0.0079
1655 1657 0.0459
1427 1658 0.0018
1512 1659 0.0037
1032 1660 0.0023
1033 1661 0.0002
1662 1661 0.0089
1664 1661 0.0033
1661 1662 0.0089
1663 1662 0.0079
1664 1662 0.0072
1033 1663 0.003
1662 1663 0.0079
1664 1663 0.0079
1661 1664 0.0033
1662 1664 0.0072
1663 1664 0.0079
1665 1664 0.0191
1043 1665 0.0062
1664 1665 0.0191
1666 1665 0.0121
1043 1666 0.0077
1665 1666 0.0121
1667 1666 0.0084
1035 1667 0.0052
1043 1667 0.0066
1666 1667 0.0084
1033 1668 0.0243
1034 1668 0.0141
1669 1668 0.0113
1668 1669 0.0113
28 1670 0.0055
30 1670 0.0348
31 1670 0.0409
162 1671 0.0452
163 1671 0.0493
1672 1671 0.0095
35 1672 0.0056
36 1672 0.0066
93 1672 0.012
107 1672 0.0135
115 1672 0.0125
118 1672 0.0158
124 1672 0.0038
173 1672 0.0062
176 1672 0.0151
264 1672 0.0127
265 1672 0.0116
266 1672 0.0158
267 1672 0.0157
403 1672 0.0117
404 1672 0.0152
405 1672 0.0156
408 1672 0.0096
415 1672 0.0031
475 1672 0.0035
516 1672 0.0123
517 1672 0.0086
522 1672 0.0058
526 1672 0.0067
529 1672 0.0094
589 1672 0.0093
590 1672 0.0119
605 1672 0.0103
1671 1672 0.0095
866 1673 0.0055
873 1673 0.0106
874 1673 0.0142
893 1673 0.0185
897 1673 0.017
909 1673 0.0135
910 1673 0.0052
913 1673 0.0135
914 1673 0.0045
915 1673 0.0162
916 1673 0.0097
917 1673 0.0172
923 1673 0.0133
932 1673 0.0043
936 1673 0.0067
937 1673 0.009
960 1673 0.0253
963 1673 0.0152
1058 1673 0.0067
1061 1673 0.0052
793 1674 0.0067
794 1674 0.0145
795 1674 0.0143
818 1674 0.0058
551 1675 0.0684
552 1675 0.0359
561 1675 0.0281
987 1675 0.0157
838 1676 0.0057
839 1676 0.0046
840 1676 0.0055
920 1677 0.0255
922 1677 0.0142
1679 1677 0.0251
920 1678 0.0229
921 1678 0.0039
974 1678 0.0209
380 1679 0.0324
922 1679 0.013
955 1679 0.0269
1677 1679 0.0251
74 1680 0.0343
233 1680 0.0475
237 1680 0.004
1687 1680 0.0722
133 1681 0.0039
138 1681 0.0194
1682 1681 0.0047
1684 1681 0.0084
1685 1681 0.0096
1681 1682 0.0047
132 1683 0.0388
154 1683 0.0326
1684 1683 0.007
138 1684 0.0097
1681 1684 0.0084
1683 1684 0.007
138 1685 0.0168
1681 1685 0.0096
1686 1685 0.022
135 1686 0.0237
231 1686 0.0527
1685 1686 0.022
233 1687 0.0481
238 1687 0.0056
1680 1687 0.0722
1690 1687 0.0504
66 1688 0.0581
1689 1688 0.0522
1693 1688 0.0264
238 1689 0.0075
1688 1689 0.0522
1690 1689 0.0108
1687 1690 0.0504
1689 1690 0.0108
1691 1690 0.0574
233 1691 0.0197
1690 1691 0.0574
1696 1691 0.0636
234 1692 0.0111
238 1692 0.0086
242 1692 0.0111
234 1693 0.062
249 1693 0.0048
1688 1693 0.0264
4 1694 0.0087
11 1694 0.0026
1695 1694 0.0251
1694 1695 0.0251
1696 1695 0.0414
1697 1695 0.0345
66 1696 0.1059
1691 1696 0.0636
1695 1696 0.0414
1695 1697 0.0345
1698 1697 0.1184
1699 1697 0.0319
66 1698 0.0152
1697 1698 0.1184
1699 1698 0.0228
1697 1699 0.0319
1698 1699 0.0228
1700 1699 0.0455
70 1700 0.0139
1699 1700 0.0455
1701 1700 0.019
70 1701 0.0213
1700 1701 0.019
1705 1701 0.0217
18 1702 0.0342
1703 1702 0.0479
1710 1702 0.0113
14 1703 0.0672
67 1703 0.0084
1702 1703 0.0479
13 1704 0.0042
67 1704 0.0262
70 1704 0.153
71 1705 0.0445
251 1705 0.0022
1701 1705 0.0217
26 1706 0.0157
27 1706 0.0674
1707 1706 0.0243
27 1707 0.0532
28 1707 0.0947
1706 1707 0.0243
30 1708 0.0705
42 1708 0.0073
879 1708 0.0038
1709 1708 0.1262
30 1709 0.0766
864 1709 0.0446
1708 1709 0.1262
12 1710 0.0794
17 1710 0.0165
21 1710 0.0131
1702 1710 0.0113
38 1711 0.0084
40 1711 0.009
51 1711 0.0317
463 1712 0.0261
464 1712 0.0239
1713 1712 0.0039
1716 1712 0.0057
1712 1713 0.0039
1714 1713 0.0087
1716 1713 0.0087
1713 1714 0.0087
1723 1714 0.0064
1727 1714 0.0105
462 1715 0.0284
463 1715 0.0489
628 1715 0.0091
1712 1716 0.0057
1713 1716 0.0087
1717 1716 0.0466
463 1717 0.0519
503 1717 0.0109
1716 1717 0.0466
1728 1717 0.0076
507 1718 0.0026
508 1718 0.0038
1719 1718 0.0248
629 1719 0.0043
1718 1719 0.0248
1721 1719 0.0206
1722 1719 0.0367
511 1720 0.0085
512 1720 0.0558
525 1720 0.0136
1721 1720 0.0067
1726 1720 0.0097
1719 1721 0.0206
1720 1721 0.0067
1722 1721 0.0226
1723 1721 0.0028
1726 1721 0.0038
1719 1722 0.0367
1721 1722 0.0226
1723 1722 0.0033
1725 1722 0.0027
511 1723 0.0418
1714 1723 0.0064
1721 1723 0.0028
1722 1723 0.0033
1724 1723 0.0038
1727 1723 0.0298
504 1724 0.0103
1723 1724 0.0038
1725 1724 0.0058
1727 1724 0.0055
1728 1724 0.0054
504 1725 0.0147
629 1725 0.0037
1722 1725 0.0027
1724 1725 0.0058
511 1726 0.0482
1720 1726 0.0097
1721 1726 0.0038
1714 1727 0.0105
1723 1727 0.0298
1724 1727 0.0055
1728 1727 0.0191
1717 1728 0.0076
1724 1728 0.0054
1727 1728 0.0191
456 1729 0.024
458 1729 0.0017
460 1729 0.0025
500 1729 0.0139
447 1730 0.0083
449 1730 0.0163
621 1730 0.0105
470 1731 0.0116
477 1731 0.0195
1732 1731 0.0631
181 1732 0.0358
477 1732 0.0238
1731 1732 0.0631
1733 1732 0.0121
1732 1733 0.0121
193 1734 0.0114
198 1734 0.0022
281 1734 0.0111
142 1735 0.0236
158 1735 0.0386
159 1735 0.0659
162 1735 0.0189
159 1736 0.0551
160 1736 0.0353
200 1736 0.0121
706 1737 0.0621
707 1737 0.0186
730 1737 0.0069
740 1738 0.0062
741 1738 0.0287
747 1738 0.0039
