2 1 0.0025
13 1 0.0008
37 1 0.0005
56 1 0.004
83 1 0.0002
89 1 0.0021
227 1 0.0001
236 1 0.0001
237 1 0.0001
239 1 0.0001
265 1 0.0028
267 1 0.0001
282 1 0.0023
499 1 0.0001
1 2 0.0025
3 2 0.0005
13 2 0.0007
138 2 0.0002
2 3 0.0005
4 3 0.0006
13 3 0.0018
22 3 0.0007
3 4 0.0006
5 4 0.0036
7 4 0.001
4 5 0.0036
6 5 0.0006
7 5 0.0012
5 6 0.0006
4 7 0.001
5 7 0.0012
8 7 0.0008
7 8 0.0008
10 8 0.0005
11 8 0.0017
44 9 0.0003
105 9 0.0001
326 9 0.0002
8 10 0.0005
8 11 0.0017
12 11 0.0005
135 11 0.0001
11 12 0.0005
1 13 0.0008
2 13 0.0007
3 13 0.0018
14 13 0.0019
13 14 0.0019
15 14 0.0009
22 14 0.0008
46 14 0.0011
14 15 0.0009
16 15 0.0023
18 15 0.0004
15 16 0.0023
871 17 0.0001
15 18 0.0004
143 18 0.0002
153 18 0.0002
62 19 0.0001
62 20 0.0001
169 20 0.0001
857 20 0.0001
304 21 0.0002
3 22 0.0007
14 22 0.0008
23 22 0.0019
22 23 0.0019
26 23 0.0002
28 23 0.0002
29 23 0.0012
42 24 0.0001
45 24 0.0004
294 24 0.0001
314 25 0.0002
23 26 0.0002
857 27 0.0002
23 28 0.0002
23 29 0.0012
31 29 0.0003
33 29 0.0018
543 30 0.0001
29 31 0.0003
32 31 0.0013
133 31 0.0001
31 32 0.0013
29 33 0.0018
34 33 0.001
36 33 0.0003
110 33 0.0005
33 34 0.001
94 34 0.0003
142 34 0.0001
193 35 0.0002
787 35 0.0001
788 35 0.0001
33 36 0.0003
114 36 0.001
124 36 0.0003
1 37 0.0005
38 37 0.0008
174 37 0.0001
37 38 0.0008
39 38 0.0043
40 38 0.0011
38 39 0.0043
40 39 0.0017
46 39 0.0004
38 40 0.0011
39 40 0.0017
41 40 0.0019
40 41 0.0019
43 41 0.0004
49 41 0.0009
24 42 0.0001
81 42 0.0003
282 42 0.0001
41 43 0.0004
98 43 0.0003
255 43 0.0004
9 44 0.0003
62 44 0.0004
857 44 0.0001
24 45 0.0004
260 45 0.0003
495 45 0.0002
14 46 0.0011
39 46 0.0004
47 46 0.0021
46 47 0.0021
49 47 0.0007
50 47 0.0005
495 48 0.0003
41 49 0.0009
47 49 0.0007
50 49 0.0005
47 50 0.0005
49 50 0.0005
51 50 0.0023
50 51 0.0023
54 51 0.0006
104 51 0.0002
680 52 0.0001
495 53 0.0001
51 54 0.0006
156 54 0.0001
171 54 0.0005
156 55 0.0004
170 55 0.0003
171 55 0.002
1 56 0.004
57 56 0.0003
73 56 0.0002
56 57 0.0003
58 57 0.0036
65 57 0.0003
57 58 0.0036
59 58 0.0004
65 58 0.0003
73 58 0.0006
58 59 0.0004
61 59 0.0004
75 59 0.0003
249 60 0.0003
330 60 0.0006
467 60 0.0007
59 61 0.0004
64 61 0.0002
308 61 0.0004
19 62 0.0001
20 62 0.0001
44 62 0.0004
304 62 0.0005
233 63 0.0003
262 63 0.0004
294 63 0.0003
61 64 0.0002
57 65 0.0003
58 65 0.0003
67 65 0.0004
301 66 0.0003
65 67 0.0004
69 67 0.0007
308 67 0.0002
195 68 0.0001
233 68 0.0006
301 68 0.0003
330 68 0.0003
67 69 0.0007
70 69 0.0007
72 69 0.0007
69 70 0.0007
317 71 0.0003
321 71 0.0004
325 71 0.0001
69 72 0.0007
56 73 0.0002
58 73 0.0006
74 73 0.0013
73 74 0.0013
75 74 0.0004
80 74 0.0019
59 75 0.0003
74 75 0.0004
76 75 0.001
75 76 0.001
77 76 0.0006
80 76 0.0006
76 77 0.0006
79 77 0.0006
84 77 0.0001
246 77 0.0008
321 78 0.0001
676 78 0.0003
677 78 0.0002
77 79 0.0006
74 80 0.0019
76 80 0.0006
82 80 0.0012
265 80 0.0002
42 81 0.0003
245 81 0.0005
285 81 0.0005
80 82 0.0012
1 83 0.0002
85 83 0.0003
86 83 0.0002
77 84 0.0001
87 84 0.0003
263 84 0.0003
265 84 0.0005
83 85 0.0003
86 85 0.0009
491 85 0.0001
83 86 0.0002
85 86 0.0009
267 86 0.0004
84 87 0.0003
88 87 0.0005
90 87 0.001
92 87 0.0002
87 88 0.0005
360 88 0.0009
362 88 0.0006
1 89 0.0021
90 89 0.0002
371 89 0.0002
87 90 0.001
89 90 0.0002
91 90 0.0002
90 91 0.0002
87 92 0.0002
93 92 0.0004
219 92 0.0003
92 93 0.0004
34 94 0.0003
96 94 0.0002
136 94 0.0003
371 95 0.0001
94 96 0.0002
501 96 0.0001
506 96 0.0001
326 97 0.0001
43 98 0.0003
99 98 0.0006
103 98 0.0003
98 99 0.0006
100 99 0.0003
101 99 0.0007
99 100 0.0003
225 100 0.0003
255 100 0.0001
99 101 0.0007
102 101 0.0005
197 101 0.0008
101 102 0.0005
98 103 0.0003
51 104 0.0002
107 104 0.0003
108 104 0.0002
9 105 0.0001
132 105 0.0006
539 105 0.0002
817 106 0.0002
818 106 0.001
834 106 0.0006
875 106 0.0001
104 107 0.0003
104 108 0.0002
109 108 0.0002
796 108 0.0002
108 109 0.0002
165 109 0.0002
807 109 0.0003
33 110 0.0005
111 110 0.0002
113 110 0.0001
110 111 0.0002
477 112 0.0001
526 112 0.0001
852 112 0.0
110 113 0.0001
36 114 0.001
115 114 0.0006
124 114 0.0012
114 115 0.0006
116 115 0.0002
123 115 0.0001
115 116 0.0002
118 116 0.0003
120 116 0.0001
861 117 0.0001
116 118 0.0003
850 119 0.0
116 120 0.0001
855 121 0.0
859 122 0.0001
115 123 0.0001
512 123 0.0002
515 123 0.0001
516 123 0.0002
36 124 0.0003
114 124 0.0012
126 124 0.0003
486 125 0.0001
124 126 0.0003
128 126 0.0004
148 126 0.0003
486 127 0.0001
126 128 0.0004
520 129 0.0004
520 130 0.0003
132 131 0.0002
105 132 0.0006
131 132 0.0002
522 132 0.0002
31 133 0.0001
494 134 0.0003
542 134 0.0002
567 134 0.0005
11 135 0.0001
94 136 0.0003
137 136 0.0012
534 136 0.0001
136 137 0.0012
499 137 0.0002
500 137 0.0006
2 138 0.0002
140 138 0.0001
499 138 0.0002
622 139 0.0
138 140 0.0001
272 141 0.0001
34 142 0.0001
18 143 0.0002
144 143 0.0027
147 143 0.0002
151 143 0.0002
143 144 0.0027
145 144 0.0002
148 144 0.0002
144 145 0.0002
652 146 0.0001
143 147 0.0002
813 147 0.0013
823 147 0.0002
126 148 0.0003
144 148 0.0002
821 148 0.0001
822 148 0.0002
707 149 0.0
152 150 0.0
710 150 0.0003
711 150 0.0007
143 151 0.0002
816 151 0.0001
826 151 0.0001
150 152 0.0
18 153 0.0002
162 153 0.0001
836 153 0.0
155 154 0.0001
664 154 0.0001
731 154 0.0001
154 155 0.0001
54 156 0.0001
55 156 0.0004
159 156 0.0003
165 156 0.0002
793 157 0.0001
160 158 0.0003
161 158 0.0003
768 158 0.0004
156 159 0.0003
158 160 0.0003
158 161 0.0003
153 162 0.0001
808 162 0.0002
811 162 0.0001
718 163 0.0001
718 164 0.0003
109 165 0.0002
156 165 0.0002
167 165 0.0004
168 166 0.001
690 166 0.0004
753 166 0.0002
758 166 0.0009
165 167 0.0004
217 167 0.0002
792 167 0.0001
808 167 0.0008
166 168 0.001
20 169 0.0001
55 170 0.0003
54 171 0.0005
55 171 0.002
173 171 0.0003
793 172 0.0001
171 173 0.0003
37 174 0.0001
175 174 0.0001
275 174 0.0002
174 175 0.0001
222 175 0.0002
250 175 0.0001
179 176 0.0004
302 176 0.0003
360 176 0.0006
803 177 0.0006
803 178 0.0005
176 179 0.0004
180 179 0.0016
303 179 0.0005
179 180 0.0016
182 180 0.0003
188 180 0.0006
801 181 0.0001
180 182 0.0003
183 182 0.0006
337 182 0.0001
182 183 0.0006
185 184 0.0002
186 184 0.0002
805 184 0.0001
184 185 0.0002
184 186 0.0002
303 187 0.0008
180 188 0.0006
189 188 0.0004
303 188 0.0006
188 189 0.0004
190 189 0.0036
302 189 0.0001
189 190 0.0036
191 190 0.0004
208 190 0.0001
320 190 0.0002
190 191 0.0004
192 191 0.0006
208 191 0.0002
191 192 0.0006
194 192 0.0001
207 192 0.0
35 193 0.0002
810 193 0.0003
811 193 0.0005
846 193 0.0016
192 194 0.0001
198 194 0.0001
410 194 0.0001
68 195 0.0001
794 196 0.0001
101 197 0.0008
223 197 0.0003
340 197 0.0005
835 197 0.0004
194 198 0.0001
199 198 0.0005
200 198 0.0001
198 199 0.0005
198 200 0.0001
458 200 0.0001
459 200 0.0001
202 201 0.0005
206 201 0.0003
776 201 0.0001
201 202 0.0005
203 202 0.0002
204 202 0.0004
205 202 0.0004
202 203 0.0002
202 204 0.0004
202 205 0.0004
201 206 0.0003
192 207 0.0
376 207 0.0001
377 207 0.0007
190 208 0.0001
191 208 0.0002
209 208 0.0001
212 208 0.0001
208 209 0.0001
777 210 0.0001
213 211 0.0001
215 211 0.0002
777 211 0.0001
208 212 0.0001
214 212 0.0001
375 212 0.0001
211 213 0.0001
212 214 0.0001
211 215 0.0002
802 216 0.0002
167 217 0.0002
809 218 0.0005
92 219 0.0003
221 219 0.0003
328 219 0.0001
809 220 0.0003
219 221 0.0003
323 221 0.0001
327 221 0.0001
175 222 0.0002
197 223 0.0003
224 223 0.0005
226 223 0.0006
798 223 0.0001
223 224 0.0005
100 225 0.0003
223 226 0.0006
1 227 0.0001
230 227 0.0003
485 227 0.0001
229 228 0.0005
251 228 0.0001
291 228 0.0001
228 229 0.0005
227 230 0.0003
231 230 0.0011
502 230 0.0001
230 231 0.0011
232 231 0.0002
235 231 0.0001
231 232 0.0002
63 233 0.0003
68 233 0.0006
262 233 0.0013
291 234 0.0003
231 235 0.0001
395 235 0.0006
544 235 0.0
1 236 0.0001
238 236 0.0001
241 236 0.0002
1 237 0.0001
240 237 0.0001
392 237 0.0003
415 237 0.0
236 238 0.0001
244 238 0.0003
250 238 0.0002
1 239 0.0001
237 240 0.0001
242 240 0.0003
398 240 0.0016
236 241 0.0002
240 242 0.0003
243 242 0.0002
416 242 0.0002
242 243 0.0002
391 243 0.0002
406 243 0.0003
238 244 0.0003
249 244 0.0003
467 244 0.0003
81 245 0.0005
248 245 0.0004
249 245 0.0005
77 246 0.0008
247 246 0.0006
252 246 0.0002
246 247 0.0006
245 248 0.0004
60 249 0.0003
244 249 0.0003
245 249 0.0005
175 250 0.0001
238 250 0.0002
467 250 0.0004
228 251 0.0001
246 252 0.0002
253 252 0.0007
305 252 0.0002
322 252 0.0001
252 253 0.0007
254 253 0.0013
306 253 0.0007
253 254 0.0013
257 254 0.0006
276 254 0.0016
43 255 0.0004
100 255 0.0001
457 255 0.0004
257 256 0.0005
310 256 0.0002
315 256 0.0001
254 257 0.0006
256 257 0.0005
258 257 0.0003
257 258 0.0003
259 258 0.0006
309 258 0.0001
258 259 0.0006
45 260 0.0003
261 260 0.0004
300 260 0.0005
260 261 0.0004
63 262 0.0004
233 262 0.0013
300 262 0.0006
84 263 0.0003
264 263 0.0004
360 263 0.0015
263 264 0.0004
1 265 0.0028
80 265 0.0002
84 265 0.0005
681 266 0.0001
1 267 0.0001
86 267 0.0004
268 267 0.0013
267 268 0.0013
286 268 0.0013
402 268 0.0001
273 269 0.0001
274 269 0.0006
286 269 0.0008
271 270 0.0002
274 270 0.0022
287 270 0.0002
270 271 0.0002
272 271 0.0001
299 271 0.0003
141 272 0.0001
271 272 0.0001
655 272 0.0003
269 273 0.0001
278 273 0.0001
602 273 0.0003
269 274 0.0006
270 274 0.0022
277 274 0.0001
174 275 0.0002
254 276 0.0016
306 276 0.0019
316 276 0.0001
274 277 0.0001
586 277 0.0001
606 277 0.0003
273 278 0.0001
279 278 0.0004
611 278 0.0005
612 278 0.0002
278 279 0.0004
280 279 0.0001
618 279 0.0001
279 280 0.0001
281 280 0.0002
604 280 0.0002
280 281 0.0002
625 281 0.0002
652 281 0.0002
1 282 0.0023
42 282 0.0001
283 282 0.0001
317 282 0.0002
282 283 0.0001
284 283 0.0014
292 283 0.0002
283 284 0.0014
290 284 0.0001
295 284 0.0007
81 285 0.0005
294 285 0.0003
330 285 0.0003
268 286 0.0013
269 286 0.0008
287 286 0.0001
270 287 0.0002
286 287 0.0001
288 287 0.0002
603 287 0.0002
287 288 0.0002
289 288 0.0007
290 288 0.0001
288 289 0.0007
284 290 0.0001
288 290 0.0001
663 290 0.0009
228 291 0.0001
234 291 0.0003
330 291 0.0006
283 292 0.0002
293 292 0.0002
679 292 0.0001
292 293 0.0002
675 293 0.0002
683 293 0.0001
24 294 0.0001
63 294 0.0003
285 294 0.0003
284 295 0.0007
296 295 0.0003
297 295 0.0002
295 296 0.0003
297 296 0.0007
688 296 0.0
295 297 0.0002
296 297 0.0007
689 297 0.0001
707 298 0.0002
271 299 0.0003
661 299 0.0002
662 299 0.0001
260 300 0.0005
262 300 0.0006
301 300 0.0002
66 301 0.0003
68 301 0.0003
300 301 0.0002
176 302 0.0003
189 302 0.0001
303 302 0.0003
305 302 0.0002
179 303 0.0005
187 303 0.0008
188 303 0.0006
302 303 0.0003
21 304 0.0002
62 304 0.0005
314 304 0.0004
252 305 0.0002
302 305 0.0002
360 305 0.0002
253 306 0.0007
276 306 0.0019
307 306 0.0008
306 307 0.0008
61 308 0.0004
67 308 0.0002
393 308 0.0001
394 308 0.0002
258 309 0.0001
351 309 0.0005
354 309 0.0004
256 310 0.0002
311 310 0.0027
312 310 0.0005
310 311 0.0027
312 311 0.0005
359 311 0.0001
310 312 0.0005
311 312 0.0005
313 312 0.0006
312 313 0.0006
361 313 0.0004
384 313 0.0
25 314 0.0002
304 314 0.0004
599 314 0.0001
256 315 0.0001
276 316 0.0001
318 316 0.0002
320 316 0.0003
71 317 0.0003
282 317 0.0002
321 317 0.0013
316 318 0.0002
320 318 0.0002
331 318 0.0001
672 319 0.0002
190 320 0.0002
316 320 0.0003
318 320 0.0002
71 321 0.0004
78 321 0.0001
317 321 0.0013
252 322 0.0001
221 323 0.0001
324 323 0.0006
344 323 0.0001
323 324 0.0006
332 324 0.0002
345 324 0.0003
71 325 0.0001
677 325 0.0001
681 325 0.0001
9 326 0.0002
97 326 0.0001
871 326 0.0004
221 327 0.0001
219 328 0.0001
329 328 0.0001
346 328 0.0001
328 329 0.0001
60 330 0.0006
68 330 0.0003
285 330 0.0003
291 330 0.0006
318 331 0.0001
324 332 0.0002
333 332 0.001
634 332 0.0001
332 333 0.001
335 333 0.0002
343 333 0.0001
808 334 0.0002
333 335 0.0002
336 335 0.0003
370 335 0.0003
335 336 0.0003
182 337 0.0001
338 337 0.0003
342 337 0.0001
337 338 0.0003
339 338 0.0001
341 338 0.0001
338 339 0.0001
373 339 0.0001
428 339 0.0001
197 340 0.0005
338 341 0.0001
337 342 0.0001
372 342 0.0001
435 342 0.0001
333 343 0.0001
323 344 0.0001
324 345 0.0003
328 346 0.0001
347 346 0.0007
348 346 0.001
346 347 0.0007
346 348 0.001
349 348 0.0001
350 348 0.0005
348 349 0.0001
436 349 0.0
609 349 0.0003
628 349 0.0001
348 350 0.0005
309 351 0.0005
352 351 0.0003
391 351 0.0003
351 352 0.0003
353 352 0.0005
573 352 0.0002
352 353 0.0005
309 354 0.0004
355 354 0.0004
358 354 0.0005
354 355 0.0004
356 355 0.0002
358 355 0.0049
355 356 0.0002
357 356 0.0004
453 356 0.0002
356 357 0.0004
385 357 0.0005
453 357 0.0003
354 358 0.0005
355 358 0.0049
448 358 0.0001
311 359 0.0001
88 360 0.0009
176 360 0.0006
263 360 0.0015
305 360 0.0002
313 361 0.0004
363 361 0.0001
364 361 0.0001
88 362 0.0006
361 363 0.0001
369 363 0.0002
422 363 0.0
361 364 0.0001
365 364 0.0007
366 364 0.0001
364 365 0.0007
367 365 0.0002
368 365 0.0001
364 366 0.0001
365 367 0.0002
365 368 0.0001
363 369 0.0002
335 370 0.0003
481 370 0.0001
482 370 0.0001
638 370 0.0003
89 371 0.0002
95 371 0.0001
390 371 0.0
342 372 0.0001
413 372 0.0002
435 372 0.0002
339 373 0.0001
476 373 0.0004
640 373 0.0001
642 373 0.0001
424 374 0.0002
429 374 0.0001
476 374 0.001
212 375 0.0001
207 376 0.0001
207 377 0.0007
378 377 0.0001
379 377 0.0005
377 378 0.0001
483 378 0.0001
484 378 0.0002
377 379 0.0005
380 379 0.0003
381 379 0.0012
379 380 0.0003
379 381 0.0012
382 381 0.0006
383 381 0.0002
381 382 0.0006
381 383 0.0002
460 383 0.0001
461 383 0.0002
640 383 0.0001
313 384 0.0
357 385 0.0005
386 385 0.0002
389 385 0.0001
385 386 0.0002
387 386 0.0006
420 386 0.0002
386 387 0.0006
388 387 0.0003
421 387 0.0007
387 388 0.0003
385 389 0.0001
454 389 0.0005
572 389 0.0001
371 390 0.0
243 391 0.0002
351 391 0.0003
419 391 0.0001
237 392 0.0003
308 393 0.0001
308 394 0.0002
235 395 0.0006
396 395 0.0008
397 395 0.0009
395 396 0.0008
403 396 0.0005
404 396 0.0001
395 397 0.0009
399 397 0.0004
401 397 0.0004
240 398 0.0016
404 398 0.0001
405 398 0.0001
397 399 0.0004
400 399 0.0002
401 399 0.0005
399 400 0.0002
397 401 0.0004
399 401 0.0005
417 401 0.0003
268 402 0.0001
396 403 0.0005
396 404 0.0001
398 404 0.0001
447 404 0.0003
398 405 0.0001
243 406 0.0003
407 406 0.0003
408 406 0.0005
409 406 0.0006
406 407 0.0003
406 408 0.0005
406 409 0.0006
194 410 0.0001
411 410 0.0002
412 410 0.0001
410 411 0.0002
410 412 0.0001
372 413 0.0002
414 413 0.0002
434 413 0.0002
413 414 0.0002
237 415 0.0
242 416 0.0002
401 417 0.0003
418 417 0.0006
439 417 0.0003
549 417 0.0001
417 418 0.0006
391 419 0.0001
445 419 0.0002
574 419 0.0001
386 420 0.0002
387 421 0.0007
363 422 0.0
423 422 0.0001
577 422 0.0
422 423 0.0001
374 424 0.0002
425 424 0.0004
476 424 0.0002
424 425 0.0004
426 425 0.0001
639 425 0.0005
425 426 0.0001
427 426 0.0005
473 426 0.0002
426 427 0.0005
437 427 0.0
474 427 0.0002
339 428 0.0001
374 429 0.0001
430 429 0.0001
431 429 0.0015
429 430 0.0001
437 430 0.0005
438 430 0.0003
429 431 0.0015
432 431 0.0002
433 431 0.0001
620 431 0.0
431 432 0.0002
431 433 0.0001
413 434 0.0002
342 435 0.0001
372 435 0.0002
436 435 0.0002
349 436 0.0
435 436 0.0002
481 436 0.0001
427 437 0.0
430 437 0.0005
438 437 0.0004
430 438 0.0003
437 438 0.0004
479 438 0.0001
480 438 0.0001
417 439 0.0003
440 439 0.0006
442 439 0.0003
439 440 0.0006
441 440 0.0001
444 440 0.0003
440 441 0.0001
487 441 0.0002
552 441 0.0001
439 442 0.0003
443 442 0.0003
444 442 0.0003
442 443 0.0003
440 444 0.0003
442 444 0.0003
489 444 0.0003
419 445 0.0002
446 445 0.0004
571 445 0.0001
445 446 0.0004
404 447 0.0003
358 448 0.0001
449 448 0.0003
450 448 0.0002
448 449 0.0003
448 450 0.0002
451 450 0.0007
452 450 0.0006
450 451 0.0007
450 452 0.0006
356 453 0.0002
357 453 0.0003
498 453 0.0002
389 454 0.0005
455 454 0.0002
456 454 0.0002
454 455 0.0002
454 456 0.0002
255 457 0.0004
200 458 0.0001
200 459 0.0001
383 460 0.0001
383 461 0.0002
462 461 0.0001
463 461 0.0001
461 462 0.0001
465 462 0.002
478 462 0.0001
461 463 0.0001
464 463 0.0003
465 463 0.0016
463 464 0.0003
462 465 0.002
463 465 0.0016
466 465 0.0002
465 466 0.0002
468 466 0.0002
471 466 0.0002
60 467 0.0007
244 467 0.0003
250 467 0.0004
466 468 0.0002
469 468 0.0007
474 468 0.0001
468 469 0.0007
470 469 0.0001
648 469 0.0001
469 470 0.0001
475 470 0.0013
644 470 0.0001
466 471 0.0002
472 471 0.0003
639 471 0.0002
471 472 0.0003
473 472 0.0005
639 472 0.0002
426 473 0.0002
472 473 0.0005
474 473 0.0004
427 474 0.0002
468 474 0.0001
473 474 0.0004
475 474 0.0001
470 475 0.0013
474 475 0.0001
646 475 0.0
373 476 0.0004
374 476 0.001
424 476 0.0002
112 477 0.0001
462 478 0.0001
438 479 0.0001
438 480 0.0001
370 481 0.0001
436 481 0.0001
482 481 0.0002
370 482 0.0001
481 482 0.0002
629 482 0.0002
378 483 0.0001
378 484 0.0002
227 485 0.0001
125 486 0.0001
127 486 0.0001
877 486 0.0002
441 487 0.0002
488 487 0.0004
494 487 0.0004
487 488 0.0004
489 488 0.0001
492 488 0.0005
493 488 0.0008
444 489 0.0003
488 489 0.0001
490 489 0.0006
489 490 0.0006
496 490 0.0002
497 490 0.0001
85 491 0.0001
488 492 0.0005
488 493 0.0008
134 494 0.0003
487 494 0.0004
567 494 0.0004
593 494 0.0001
45 495 0.0002
48 495 0.0003
53 495 0.0001
490 496 0.0002
490 497 0.0001
575 497 0.0001
576 497 0.0003
453 498 0.0002
1 499 0.0001
137 499 0.0002
138 499 0.0002
533 499 0.0002
137 500 0.0006
96 501 0.0001
502 501 0.0001
503 501 0.0003
230 502 0.0001
501 502 0.0001
532 502 0.001
501 503 0.0003
504 503 0.0007
505 503 0.0007
503 504 0.0007
529 504 0.0003
531 504 0.001
503 505 0.0007
96 506 0.0001
507 506 0.0008
528 506 0.0003
506 507 0.0008
508 507 0.0008
535 507 0.0001
507 508 0.0008
509 508 0.0005
511 508 0.0006
508 509 0.0005
510 509 0.0009
527 509 0.0002
509 510 0.0009
524 510 0.0005
525 510 0.0003
508 511 0.0006
123 512 0.0002
513 512 0.0022
521 512 0.0001
512 513 0.0022
514 513 0.0002
521 513 0.0003
513 514 0.0002
123 515 0.0001
123 516 0.0002
517 516 0.0007
520 516 0.0001
516 517 0.0007
518 517 0.0002
519 517 0.0001
517 518 0.0002
517 519 0.0001
129 520 0.0004
130 520 0.0003
516 520 0.0001
715 520 0.0004
512 521 0.0001
513 521 0.0003
522 521 0.0001
523 521 0.0001
132 522 0.0002
521 522 0.0001
535 522 0.0003
521 523 0.0001
510 524 0.0005
510 525 0.0003
112 526 0.0001
509 527 0.0002
506 528 0.0003
504 529 0.0003
530 529 0.0005
545 529 0.0008
529 530 0.0005
504 531 0.001
502 532 0.001
499 533 0.0002
136 534 0.0001
507 535 0.0001
522 535 0.0003
536 535 0.0006
535 536 0.0006
537 536 0.0003
541 536 0.0001
536 537 0.0003
538 537 0.0003
540 537 0.0001
543 537 0.0001
537 538 0.0003
105 539 0.0002
537 540 0.0001
536 541 0.0001
544 541 0.0001
557 541 0.0001
134 542 0.0002
556 542 0.0001
563 542 0.0003
30 543 0.0001
537 543 0.0001
554 543 0.0001
235 544 0.0
541 544 0.0001
546 544 0.0003
529 545 0.0008
544 546 0.0003
547 546 0.0003
550 546 0.0008
546 547 0.0003
548 547 0.0004
550 547 0.0005
547 548 0.0004
549 548 0.0003
570 548 0.0001
417 549 0.0001
548 549 0.0003
569 549 0.0001
546 550 0.0008
547 550 0.0005
551 550 0.0005
550 551 0.0005
552 551 0.0002
553 551 0.0002
568 551 0.0001
441 552 0.0001
551 552 0.0002
561 552 0.0003
551 553 0.0002
543 554 0.0001
555 554 0.0002
558 554 0.0001
554 555 0.0002
542 556 0.0001
541 557 0.0001
554 558 0.0001
559 558 0.0004
560 558 0.0003
558 559 0.0004
558 560 0.0003
595 560 0.0003
596 560 0.0001
597 560 0.0001
552 561 0.0003
562 561 0.0002
563 561 0.0005
561 562 0.0002
542 563 0.0003
561 563 0.0005
564 563 0.0004
600 563 0.0001
563 564 0.0004
565 564 0.0003
566 564 0.0003
564 565 0.0003
584 565 0.0
585 565 0.0001
564 566 0.0003
567 566 0.0006
724 566 0.0002
134 567 0.0005
494 567 0.0004
566 567 0.0006
591 567 0.0006
551 568 0.0001
549 569 0.0001
548 570 0.0001
445 571 0.0001
389 572 0.0001
352 573 0.0002
419 574 0.0001
497 575 0.0001
497 576 0.0003
422 577 0.0
578 577 0.0001
579 577 0.0002
577 578 0.0001
580 578 0.0001
581 578 0.0002
577 579 0.0002
578 580 0.0001
578 581 0.0002
582 581 0.0001
583 581 0.0002
581 582 0.0001
581 583 0.0002
565 584 0.0
565 585 0.0001
277 586 0.0001
588 587 0.0001
594 587 0.0001
724 587 0.0001
587 588 0.0001
590 589 0.0001
591 589 0.0006
724 589 0.0012
589 590 0.0001
567 591 0.0006
589 591 0.0006
592 591 0.0001
591 592 0.0001
494 593 0.0001
587 594 0.0001
560 595 0.0003
560 596 0.0001
560 597 0.0001
598 597 0.0001
600 597 0.0001
597 598 0.0001
314 599 0.0001
563 600 0.0001
597 600 0.0001
601 600 0.0001
600 601 0.0001
273 602 0.0003
609 602 0.0003
611 602 0.0002
287 603 0.0002
280 604 0.0002
605 604 0.0003
649 604 0.0002
604 605 0.0003
277 606 0.0003
607 606 0.0001
608 606 0.0004
606 607 0.0001
606 608 0.0004
349 609 0.0003
602 609 0.0003
610 609 0.0007
609 610 0.0007
278 611 0.0005
602 611 0.0002
612 611 0.0009
619 611 0.0004
278 612 0.0002
611 612 0.0009
613 612 0.0002
612 613 0.0002
614 613 0.0014
615 613 0.0003
618 613 0.0006
613 614 0.0014
615 614 0.0003
624 614 0.0003
613 615 0.0003
614 615 0.0003
616 615 0.0006
615 616 0.0006
617 616 0.0002
618 616 0.0001
616 617 0.0002
279 618 0.0001
613 618 0.0006
616 618 0.0001
611 619 0.0004
620 619 0.0004
624 619 0.0002
431 620 0.0
619 620 0.0004
621 620 0.0002
620 621 0.0002
139 622 0.0
623 622 0.0002
624 622 0.0001
622 623 0.0002
614 624 0.0003
619 624 0.0002
622 624 0.0001
281 625 0.0002
626 625 0.0001
627 625 0.0002
625 626 0.0001
625 627 0.0002
349 628 0.0001
482 629 0.0002
630 629 0.0004
634 629 0.0002
629 630 0.0004
631 630 0.0008
637 630 0.0001
630 631 0.0008
632 631 0.0005
633 631 0.0003
631 632 0.0005
631 633 0.0003
332 634 0.0001
629 634 0.0002
636 634 0.0003
851 635 0.0
634 636 0.0003
630 637 0.0001
370 638 0.0003
425 639 0.0005
471 639 0.0002
472 639 0.0002
373 640 0.0001
383 640 0.0001
641 640 0.0001
642 640 0.0002
640 641 0.0001
373 642 0.0001
640 642 0.0002
643 642 0.0001
642 643 0.0001
470 644 0.0001
645 644 0.0001
647 644 0.0001
644 645 0.0001
475 646 0.0
644 647 0.0001
469 648 0.0001
604 649 0.0002
650 649 0.0004
651 649 0.0003
649 650 0.0004
649 651 0.0003
146 652 0.0001
281 652 0.0002
653 652 0.0001
654 652 0.0001
652 653 0.0001
652 654 0.0001
272 655 0.0003
656 655 0.0002
657 655 0.0002
655 656 0.0002
660 656 0.0002
701 656 0.0001
655 657 0.0002
658 657 0.0001
659 657 0.0002
657 658 0.0001
702 658 0.0004
703 658 0.0015
657 659 0.0002
694 659 0.0002
698 659 0.0001
656 660 0.0002
299 661 0.0002
668 661 0.0001
708 661 0.0
299 662 0.0001
290 663 0.0009
665 663 0.0003
666 663 0.0001
154 664 0.0001
663 665 0.0003
669 665 0.0002
674 665 0.0
663 666 0.0001
667 666 0.0001
671 666 0.0002
666 667 0.0001
670 667 0.0002
672 667 0.0003
661 668 0.0001
665 669 0.0002
667 670 0.0002
666 671 0.0002
672 671 0.0006
673 671 0.0007
319 672 0.0002
667 672 0.0003
671 672 0.0006
673 672 0.001
671 673 0.0007
672 673 0.001
713 673 0.0002
716 673 0.0003
665 674 0.0
293 675 0.0002
676 675 0.0004
682 675 0.0001
78 676 0.0003
675 676 0.0004
677 676 0.0005
78 677 0.0002
325 677 0.0001
676 677 0.0005
680 677 0.0002
768 678 0.0004
292 679 0.0001
52 680 0.0001
677 680 0.0002
681 680 0.0001
266 681 0.0001
325 681 0.0001
680 681 0.0001
675 682 0.0001
293 683 0.0001
684 683 0.0002
685 683 0.0002
683 684 0.0002
683 685 0.0002
686 685 0.0001
687 685 0.0001
685 686 0.0001
685 687 0.0001
296 688 0.0
297 689 0.0001
691 689 0.0002
770 689 0.0001
166 690 0.0004
689 691 0.0002
692 691 0.0002
693 691 0.0002
691 692 0.0002
717 692 0.0001
718 692 0.0007
691 693 0.0002
659 694 0.0002
695 694 0.0004
696 694 0.0005
694 695 0.0004
694 696 0.0005
822 697 0.0001
659 698 0.0001
699 698 0.0003
700 698 0.0001
698 699 0.0003
698 700 0.0001
656 701 0.0001
658 702 0.0004
658 703 0.0015
704 703 0.0005
705 703 0.0001
703 704 0.0005
703 705 0.0001
706 705 0.0005
707 705 0.0003
705 706 0.0005
149 707 0.0
298 707 0.0002
705 707 0.0003
661 708 0.0
709 708 0.0002
710 708 0.0015
708 709 0.0002
150 710 0.0003
708 710 0.0015
712 710 0.0002
150 711 0.0007
728 711 0.0002
729 711 0.0001
730 711 0.0002
710 712 0.0002
726 712 0.0003
727 712 0.0006
673 713 0.0002
714 713 0.0001
720 713 0.0006
732 713 0.0001
713 714 0.0001
520 715 0.0004
673 716 0.0003
692 717 0.0001
163 718 0.0001
164 718 0.0003
692 718 0.0007
719 718 0.0001
718 719 0.0001
713 720 0.0006
721 720 0.0001
722 720 0.0004
734 720 0.0
720 721 0.0001
720 722 0.0004
723 722 0.0002
726 722 0.0003
722 723 0.0002
725 723 0.0002
726 723 0.0004
566 724 0.0002
587 724 0.0001
589 724 0.0012
723 725 0.0002
737 725 0.0001
738 725 0.0003
712 726 0.0003
722 726 0.0003
723 726 0.0004
712 727 0.0006
728 727 0.0003
740 727 0.0002
711 728 0.0002
727 728 0.0003
731 728 0.0001
711 729 0.0001
711 730 0.0002
154 731 0.0001
728 731 0.0001
744 731 0.0001
713 732 0.0001
733 732 0.0004
750 732 0.0001
732 733 0.0004
720 734 0.0
735 734 0.0012
738 734 0.0002
734 735 0.0012
736 735 0.0002
748 735 0.0001
735 736 0.0002
745 736 0.0002
746 736 0.0001
725 737 0.0001
725 738 0.0003
734 738 0.0002
739 738 0.0001
738 739 0.0001
727 740 0.0002
741 740 0.0003
743 740 0.0001
740 741 0.0003
742 741 0.0002
745 741 0.0001
741 742 0.0002
740 743 0.0001
731 744 0.0001
736 745 0.0002
741 745 0.0001
746 745 0.0
749 745 0.0003
756 745 0.0001
736 746 0.0001
745 746 0.0
747 746 0.0001
746 747 0.0001
735 748 0.0001
750 748 0.0001
752 748 0.0002
745 749 0.0003
732 750 0.0001
748 750 0.0001
751 750 0.0001
750 751 0.0001
748 752 0.0002
753 752 0.0002
755 752 0.0002
166 753 0.0002
752 753 0.0002
754 753 0.0004
753 754 0.0004
752 755 0.0002
745 756 0.0001
757 756 0.0003
759 756 0.0001
756 757 0.0003
763 757 0.0001
766 757 0.0001
166 758 0.0009
756 759 0.0001
760 759 0.0002
761 759 0.0001
759 760 0.0002
759 761 0.0001
762 761 0.0002
767 761 0.0001
761 762 0.0002
757 763 0.0001
764 763 0.0001
765 763 0.0001
763 764 0.0001
768 764 0.0003
773 764 0.0001
763 765 0.0001
757 766 0.0001
761 767 0.0001
158 768 0.0004
678 768 0.0004
764 768 0.0003
769 768 0.0002
768 769 0.0002
689 770 0.0001
771 770 0.0003
772 770 0.0005
770 771 0.0003
770 772 0.0005
773 772 0.0002
774 772 0.0001
764 773 0.0001
772 773 0.0002
775 773 0.0003
772 774 0.0001
773 775 0.0003
776 775 0.0002
782 775 0.0001
201 776 0.0001
775 776 0.0002
777 776 0.0002
210 777 0.0001
211 777 0.0001
776 777 0.0002
778 777 0.0001
872 777 0.0001
777 778 0.0001
779 778 0.0001
801 778 0.0001
778 779 0.0001
780 779 0.0006
804 779 0.0001
779 780 0.0006
845 781 0.0002
775 782 0.0001
783 782 0.0004
785 782 0.0001
782 783 0.0004
784 783 0.0001
786 783 0.0011
791 783 0.0001
783 784 0.0001
786 784 0.0001
789 784 0.001
802 784 0.0001
782 785 0.0001
783 786 0.0011
784 786 0.0001
787 786 0.0001
788 786 0.0001
35 787 0.0001
786 787 0.0001
838 787 0.0001
35 788 0.0001
786 788 0.0001
791 788 0.0002
784 789 0.001
790 789 0.0002
806 789 0.0001
789 790 0.0002
783 791 0.0001
788 791 0.0002
792 791 0.0001
167 792 0.0001
791 792 0.0001
793 792 0.0005
157 793 0.0001
172 793 0.0001
792 793 0.0005
794 793 0.0003
196 794 0.0001
793 794 0.0003
795 794 0.0001
794 795 0.0001
796 795 0.0021
797 795 0.0006
108 796 0.0002
795 796 0.0021
797 796 0.0004
795 797 0.0006
796 797 0.0004
798 797 0.0006
800 797 0.0002
223 798 0.0001
797 798 0.0006
799 798 0.0002
798 799 0.0002
797 800 0.0002
181 801 0.0001
778 801 0.0001
802 801 0.0002
803 801 0.0001
216 802 0.0002
784 802 0.0001
801 802 0.0002
177 803 0.0006
178 803 0.0005
801 803 0.0001
805 803 0.0003
779 804 0.0001
184 805 0.0001
803 805 0.0003
806 805 0.0006
789 806 0.0001
805 806 0.0006
840 806 0.0001
109 807 0.0003
162 808 0.0002
167 808 0.0008
334 808 0.0002
809 808 0.0006
218 809 0.0005
220 809 0.0003
808 809 0.0006
810 809 0.001
193 810 0.0003
809 810 0.001
811 810 0.0005
162 811 0.0001
193 811 0.0005
810 811 0.0005
812 811 0.0003
826 811 0.0003
811 812 0.0003
147 813 0.0013
814 813 0.0001
815 813 0.0001
813 814 0.0001
813 815 0.0001
816 815 0.0007
819 815 0.0002
151 816 0.0001
815 816 0.0007
817 816 0.0007
106 817 0.0002
816 817 0.0007
818 817 0.0004
106 818 0.001
817 818 0.0004
873 818 0.0003
815 819 0.0002
820 819 0.0001
833 819 0.0002
819 820 0.0001
148 821 0.0001
148 822 0.0002
697 822 0.0001
824 822 0.0003
147 823 0.0002
824 823 0.0225
871 823 0.0001
822 824 0.0003
823 824 0.0225
825 824 0.0002
824 825 0.0002
151 826 0.0001
811 826 0.0003
827 826 0.0008
826 827 0.0008
828 827 0.0008
830 827 0.0001
827 828 0.0008
829 828 0.0011
830 828 0.0001
828 829 0.0011
837 829 0.0001
838 829 0.0001
827 830 0.0001
828 830 0.0001
831 830 0.0001
832 830 0.0002
830 831 0.0001
830 832 0.0002
842 832 0.0002
843 832 0.0004
819 833 0.0002
106 834 0.0006
874 834 0.0002
876 834 0.0001
197 835 0.0004
153 836 0.0
851 836 0.0015
856 836 0.0001
829 837 0.0001
844 837 0.0001
845 837 0.0005
787 838 0.0001
829 838 0.0001
839 838 0.0089
838 839 0.0089
840 839 0.0002
841 839 0.0001
806 840 0.0001
839 840 0.0002
862 840 0.0002
839 841 0.0001
832 842 0.0002
832 843 0.0004
837 844 0.0001
781 845 0.0002
837 845 0.0005
847 845 0.0001
848 845 0.0002
193 846 0.0016
845 847 0.0001
845 848 0.0002
849 848 0.0002
865 848 0.0002
848 849 0.0002
850 849 0.0002
867 849 0.0001
119 850 0.0
849 850 0.0002
864 850 0.0001
635 851 0.0
836 851 0.0015
852 851 0.0005
112 852 0.0
851 852 0.0005
853 852 0.0003
852 853 0.0003
854 853 0.0001
855 853 0.0001
853 854 0.0001
121 855 0.0
853 855 0.0001
858 855 0.0001
859 855 0.0001
861 855 0.0
836 856 0.0001
20 857 0.0001
27 857 0.0002
44 857 0.0001
855 858 0.0001
122 859 0.0001
855 859 0.0001
860 859 0.0
859 860 0.0
117 861 0.0001
855 861 0.0
863 861 0.0
840 862 0.0002
861 863 0.0
850 864 0.0001
848 865 0.0002
866 865 0.0001
870 865 0.0004
865 866 0.0001
849 867 0.0001
868 867 0.0009
869 867 0.0002
867 868 0.0009
867 869 0.0002
865 870 0.0004
17 871 0.0001
326 871 0.0004
823 871 0.0001
777 872 0.0001
818 873 0.0003
834 874 0.0002
106 875 0.0001
834 876 0.0001
877 876 0.0002
879 876 0.0
486 877 0.0002
876 877 0.0002
878 877 0.0001
877 878 0.0001
876 879 0.0
