2 1 0.0112
3 1 0.0114
4 1 0.0145
5 1 0.0116
6 1 0.0147
7 1 0.0143
8 1 0.012
9 1 0.0137
10 1 0.0127
11 1 0.0121
12 1 0.0157
13 1 0.0082
15 1 0.0038
19 1 0.0063
21 1 0.0055
27 1 0.0075
32 1 0.0064
43 1 0.0079
45 1 0.0036
50 1 0.009
54 1 0.0041
64 1 0.002
82 1 0.0054
83 1 0.0058
341 1 0.0008
355 1 0.0018
1 2 0.0112
35 2 0.031
39 2 0.0158
1 3 0.0114
42 3 0.0089
135 3 0.0027
1 4 0.0145
22 4 0.0026
26 4 0.0033
1 5 0.0116
80 5 0.0026
232 5 0.0011
1 6 0.0147
81 6 0.0019
84 6 0.0024
234 6 0.0003
1 7 0.0143
76 7 0.014
79 7 0.0077
1 8 0.012
67 8 0.0318
75 8 0.0019
77 8 0.0084
365 8 0.001
1 9 0.0137
65 9 0.0066
66 9 0.0058
1 10 0.0127
56 10 0.0131
63 10 0.0046
1 11 0.0121
52 11 0.0032
335 11 0.0019
1 12 0.0157
46 12 0.01
49 12 0.0106
1 13 0.0082
14 13 0.0059
91 13 0.001
13 14 0.0059
91 14 0.0476
93 14 0.0046
364 14 0.0049
1 15 0.0038
16 15 0.0025
17 15 0.0222
15 16 0.0025
210 16 0.012
214 16 0.0033
15 17 0.0222
18 17 0.0061
210 17 0.0119
17 18 0.0061
204 18 0.011
205 18 0.0009
1 19 0.0063
22 19 0.0022
640 19 0.0044
641 19 0.0022
200 20 0.0065
201 20 0.0011
641 20 0.0031
1 21 0.0055
4 22 0.0026
19 22 0.0022
23 22 0.0096
22 23 0.0096
24 23 0.0048
25 23 0.0028
23 24 0.0048
182 24 0.014
190 24 0.0017
23 25 0.0028
181 25 0.052
182 25 0.0341
4 26 0.0033
34 26 0.004
181 26 0.0395
1 27 0.0075
28 27 0.0044
29 27 0.0092
27 28 0.0044
27 29 0.0092
30 29 0.005
31 29 0.0083
29 30 0.005
29 31 0.0083
1 32 0.0064
33 32 0.0034
34 32 0.0055
32 33 0.0034
100 33 0.0015
101 33 0.0117
26 34 0.004
32 34 0.0055
101 34 0.0293
159 34 0.016
2 35 0.031
36 35 0.0006
37 35 0.0035
35 36 0.0006
35 37 0.0035
38 37 0.0073
39 37 0.0207
37 38 0.0073
94 38 0.0029
95 38 0.0043
2 39 0.0158
37 39 0.0207
40 39 0.0461
115 39 0.0047
39 40 0.0461
41 40 0.0014
135 40 0.0015
40 41 0.0014
3 42 0.0089
1 43 0.0079
44 43 0.0029
90 43 0.0031
43 44 0.0029
88 44 0.0087
89 44 0.0088
1 45 0.0036
86 45 0.0031
87 45 0.0024
12 46 0.01
47 46 0.0075
48 46 0.0135
46 47 0.0075
46 48 0.0135
12 49 0.0106
1 50 0.009
51 50 0.0025
335 50 0.0004
50 51 0.0025
11 52 0.0032
53 52 0.0013
330 52 0.0057
52 53 0.0013
1 54 0.0041
55 54 0.0056
328 54 0.0039
54 55 0.0056
10 56 0.0131
57 56 0.0365
62 56 0.0004
56 57 0.0365
58 57 0.0085
61 57 0.0052
57 58 0.0085
59 58 0.03
60 58 0.0053
274 58 0.0041
313 58 0.0034
58 59 0.03
312 59 0.0037
313 59 0.0102
58 60 0.0053
57 61 0.0052
56 62 0.0004
10 63 0.0046
1 64 0.002
9 65 0.0066
9 66 0.0058
71 66 0.0083
274 66 0.0093
8 67 0.0318
68 67 0.0132
240 67 0.0048
67 68 0.0132
69 68 0.0233
72 68 0.0167
68 69 0.0233
70 69 0.0158
249 69 0.012
69 70 0.0158
66 71 0.0083
250 71 0.0009
260 71 0.0176
68 72 0.0167
73 72 0.0059
74 72 0.0023
72 73 0.0059
72 74 0.0023
8 75 0.0019
7 76 0.014
77 76 0.0119
78 76 0.0025
8 77 0.0084
76 77 0.0119
235 77 0.0062
76 78 0.0025
7 79 0.0077
5 80 0.0026
6 81 0.0019
1 82 0.0054
1 83 0.0058
6 84 0.0024
85 84 0.0011
233 84 0.0011
84 85 0.0011
45 86 0.0031
45 87 0.0024
44 88 0.0087
44 89 0.0088
43 90 0.0031
13 91 0.001
14 91 0.0476
92 91 0.0124
91 92 0.0124
14 93 0.0046
224 93 0.0137
231 93 0.0004
38 94 0.0029
38 95 0.0043
96 95 0.0037
99 95 0.0014
95 96 0.0037
97 96 0.0073
98 96 0.0099
96 97 0.0073
96 98 0.0099
95 99 0.0014
106 99 0.0197
108 99 0.0169
33 100 0.0015
33 101 0.0117
34 101 0.0293
102 101 0.0026
172 101 0.009
101 102 0.0026
103 102 0.0045
388 102 0.0002
102 103 0.0045
104 103 0.0004
106 103 0.0059
103 104 0.0004
105 104 0.0027
390 104 0.0005
104 105 0.0027
388 105 0.0021
389 105 0.0007
390 105 0.0008
99 106 0.0197
103 106 0.0059
107 106 0.0004
106 107 0.0004
99 108 0.0169
109 108 0.0011
110 108 0.0043
108 109 0.0011
112 109 0.0022
392 109 0.0003
108 110 0.0043
111 110 0.0033
401 110 0.0005
110 111 0.0033
401 111 0.0001
407 111 0.0003
109 112 0.0022
113 112 0.0021
114 112 0.0014
112 113 0.0021
112 114 0.0014
394 114 0.0005
400 114 0.0004
39 115 0.0047
116 115 0.0048
131 115 0.0011
133 115 0.0031
115 116 0.0048
117 116 0.0064
118 116 0.0106
116 117 0.0064
116 118 0.0106
119 118 0.0152
120 118 0.0105
118 119 0.0152
118 120 0.0105
121 120 0.0011
125 120 0.0029
127 120 0.0039
120 121 0.0011
122 121 0.0017
125 121 0.0006
121 122 0.0017
123 122 0.0012
124 122 0.0022
122 123 0.0012
122 124 0.0022
120 125 0.0029
121 125 0.0006
126 125 0.0005
125 126 0.0005
408 126 0.0009
412 126 0.0009
120 127 0.0039
133 127 0.0014
491 127 0.0038
129 128 0.0008
130 128 0.0018
491 128 0.0004
128 129 0.0008
412 129 0.0015
415 129 0.0008
128 130 0.0018
115 131 0.0011
132 131 0.0007
490 131 0.0046
131 132 0.0007
115 133 0.0031
127 133 0.0014
490 133 0.0014
490 134 0.0007
3 135 0.0027
40 135 0.0015
136 135 0.0011
139 135 0.0011
140 135 0.0184
135 136 0.0011
137 136 0.001
138 136 0.0014
136 137 0.001
136 138 0.0014
135 139 0.0011
135 140 0.0184
141 140 0.0015
147 140 0.0086
140 141 0.0015
142 141 0.0007
145 141 0.0009
141 142 0.0007
143 142 0.0047
144 142 0.0036
142 143 0.0047
142 144 0.0036
141 145 0.0009
146 145 0.0024
149 145 0.0007
145 146 0.0024
416 146 0.0072
417 146 0.0004
140 147 0.0086
148 147 0.0012
149 147 0.0008
151 147 0.0048
147 148 0.0012
145 149 0.0007
147 149 0.0008
150 149 0.0011
149 150 0.0011
147 151 0.0048
152 151 0.0009
155 151 0.0021
151 152 0.0009
153 152 0.0036
154 152 0.0032
152 153 0.0036
152 154 0.0032
151 155 0.0021
156 155 0.0012
157 155 0.0059
155 156 0.0012
155 157 0.0059
158 157 0.0044
425 157 0.0007
157 158 0.0044
419 158 0.0009
420 158 0.0022
34 159 0.016
160 159 0.0034
162 159 0.0187
159 160 0.0034
161 160 0.0061
181 160 0.002
160 161 0.0061
159 162 0.0187
163 162 0.0047
165 162 0.0104
162 163 0.0047
164 163 0.0106
180 163 0.003
163 164 0.0106
175 164 0.0066
180 164 0.0065
162 165 0.0104
166 165 0.0009
167 165 0.0071
165 166 0.0009
170 166 0.0199
175 166 0.0156
165 167 0.0071
168 167 0.0039
171 167 0.0041
167 168 0.0039
169 168 0.0021
170 168 0.0054
168 169 0.0021
170 169 0.003
176 169 0.0006
166 170 0.0199
168 170 0.0054
169 170 0.003
167 171 0.0041
101 172 0.009
173 172 0.0041
174 172 0.0004
172 173 0.0041
172 174 0.0004
164 175 0.0066
166 175 0.0156
178 175 0.0007
169 176 0.0006
177 176 0.0019
388 176 0.0011
176 177 0.0019
178 177 0.0005
389 177 0.0017
175 178 0.0007
177 178 0.0005
382 178 0.0027
366 179 0.0006
369 179 0.0016
375 179 0.0002
382 179 0.0031
163 180 0.003
164 180 0.0065
181 180 0.0039
183 180 0.0009
186 180 0.0018
25 181 0.052
26 181 0.0395
160 181 0.002
180 181 0.0039
24 182 0.014
25 182 0.0341
186 182 0.0011
187 182 0.0014
190 182 0.0048
180 183 0.0009
184 183 0.0051
185 183 0.003
183 184 0.0051
183 185 0.003
180 186 0.0018
182 186 0.0011
187 186 0.0039
191 186 0.0008
182 187 0.0014
186 187 0.0039
188 187 0.0089
187 188 0.0089
189 188 0.0013
190 188 0.0019
192 188 0.0002
188 189 0.0013
190 189 0.0045
193 189 0.0089
24 190 0.0017
182 190 0.0048
188 190 0.0019
189 190 0.0045
186 191 0.0008
188 192 0.0002
189 193 0.0089
194 193 0.0055
197 193 0.0056
200 193 0.0007
193 194 0.0055
195 194 0.0045
367 194 0.0003
194 195 0.0045
196 195 0.0037
480 195 0.0003
195 196 0.0037
483 196 0.0003
484 196 0.0017
193 197 0.0056
198 197 0.0004
199 197 0.0007
197 198 0.0004
197 199 0.0007
20 200 0.0065
193 200 0.0007
640 200 0.0033
20 201 0.0011
202 201 0.0018
203 201 0.0011
201 202 0.0018
201 203 0.0011
18 204 0.011
18 205 0.0009
206 205 0.0049
208 205 0.0016
205 206 0.0049
207 206 0.001
486 206 0.0008
206 207 0.001
205 208 0.0016
209 208 0.0011
223 208 0.0002
208 209 0.0011
16 210 0.012
17 210 0.0119
211 210 0.0093
212 210 0.0097
213 210 0.0192
210 211 0.0093
210 212 0.0097
210 213 0.0192
16 214 0.0033
215 214 0.0011
216 214 0.0067
214 215 0.0011
214 216 0.0067
217 216 0.0028
222 216 0.0009
216 217 0.0028
218 217 0.0013
219 217 0.0017
217 218 0.0013
217 219 0.0017
220 219 0.0009
221 219 0.0011
219 220 0.0009
219 221 0.0011
223 221 0.0004
226 221 0.0005
628 221 0.0005
216 222 0.0009
208 223 0.0002
221 223 0.0004
488 223 0.002
489 223 0.0
93 224 0.0137
225 224 0.0083
227 224 0.0023
224 225 0.0083
226 225 0.0029
228 225 0.0085
221 226 0.0005
225 226 0.0029
479 226 0.0004
224 227 0.0023
225 228 0.0085
229 228 0.0007
476 228 0.0004
228 229 0.0007
230 229 0.0015
475 229 0.0006
229 230 0.0015
93 231 0.0004
473 231 0.0011
618 231 0.0003
5 232 0.0011
84 233 0.0011
6 234 0.0003
77 235 0.0062
236 235 0.0184
239 235 0.0015
235 236 0.0184
237 236 0.0022
238 236 0.0027
471 236 0.0002
472 236 0.0009
236 237 0.0022
236 238 0.0027
235 239 0.0015
67 240 0.0048
242 240 0.002
244 240 0.0009
247 240 0.0007
244 241 0.0031
470 241 0.0011
471 241 0.0004
240 242 0.002
243 242 0.0036
246 242 0.0048
242 243 0.0036
244 243 0.0065
245 243 0.0033
240 244 0.0009
241 244 0.0031
243 244 0.0065
243 245 0.0033
242 246 0.0048
247 246 0.0005
469 246 0.0008
240 247 0.0007
246 247 0.0005
248 247 0.0041
247 248 0.0041
257 248 0.0014
258 248 0.0074
69 249 0.012
71 250 0.0009
251 250 0.0046
257 250 0.0019
250 251 0.0046
252 251 0.0053
253 251 0.0031
251 252 0.0053
253 252 0.0203
257 252 0.0023
251 253 0.0031
252 253 0.0203
254 253 0.0052
256 253 0.0029
253 254 0.0052
255 254 0.0111
258 254 0.0106
466 254 0.0072
254 255 0.0111
253 256 0.0029
248 257 0.0014
250 257 0.0019
252 257 0.0023
258 257 0.0016
248 258 0.0074
254 258 0.0106
257 258 0.0016
259 258 0.0076
258 259 0.0076
71 260 0.0176
261 260 0.0076
267 260 0.0197
260 261 0.0076
262 261 0.0116
267 261 0.02
269 261 0.0192
465 261 0.0006
261 262 0.0116
263 262 0.0053
265 262 0.0005
262 263 0.0053
264 263 0.0033
266 263 0.0014
269 263 0.006
263 264 0.0033
459 264 0.0012
461 264 0.002
262 265 0.0005
263 266 0.0014
268 266 0.0011
270 266 0.003
260 267 0.0197
261 267 0.02
268 267 0.0028
266 268 0.0011
267 268 0.0028
269 268 0.0156
261 269 0.0192
263 269 0.006
268 269 0.0156
266 270 0.003
271 270 0.0029
272 270 0.0057
270 271 0.0029
270 272 0.0057
273 272 0.0077
458 272 0.0029
272 273 0.0077
58 274 0.0041
66 274 0.0093
275 274 0.0214
291 274 0.0042
274 275 0.0214
276 275 0.0221
296 275 0.0019
275 276 0.0221
277 276 0.0009
281 276 0.0018
276 277 0.0009
278 277 0.0088
280 277 0.0015
277 278 0.0088
279 278 0.0017
281 278 0.0015
282 278 0.0063
278 279 0.0017
277 280 0.0015
276 281 0.0018
278 281 0.0015
283 281 0.0021
289 281 0.0028
278 282 0.0063
449 282 0.0024
452 282 0.0022
455 282 0.0028
281 283 0.0021
284 283 0.0033
285 283 0.0017
283 284 0.0033
283 285 0.0017
286 285 0.0033
289 285 0.0037
285 286 0.0033
287 286 0.0113
288 286 0.0095
309 286 0.0019
286 287 0.0113
286 288 0.0095
281 289 0.0028
285 289 0.0037
290 289 0.003
289 290 0.003
274 291 0.0042
292 291 0.0059
295 291 0.002
312 291 0.0014
291 292 0.0059
293 292 0.0027
294 292 0.0024
292 293 0.0027
292 294 0.0024
295 294 0.0067
303 294 0.0093
291 295 0.002
294 295 0.0067
315 295 0.006
275 296 0.0019
297 296 0.0035
298 296 0.0012
296 297 0.0035
296 298 0.0012
299 298 0.0037
300 298 0.0029
298 299 0.0037
298 300 0.0029
301 300 0.0014
302 300 0.0005
300 301 0.0014
300 302 0.0005
294 303 0.0093
304 303 0.0025
305 303 0.0126
303 304 0.0025
303 305 0.0126
306 305 0.0015
309 305 0.0025
305 306 0.0015
307 306 0.006
308 306 0.0051
306 307 0.006
306 308 0.0051
286 309 0.0019
305 309 0.0025
310 309 0.0088
309 310 0.0088
311 310 0.0048
446 310 0.0011
310 311 0.0048
59 312 0.0037
291 312 0.0014
313 312 0.0132
58 313 0.0034
59 313 0.0102
312 313 0.0132
314 313 0.027
321 313 0.0368
313 314 0.027
315 314 0.0077
316 314 0.0006
295 315 0.006
314 315 0.0077
445 315 0.0006
314 316 0.0006
317 316 0.0015
318 316 0.0053
316 317 0.0015
316 318 0.0053
319 318 0.0135
320 318 0.0098
318 319 0.0135
318 320 0.0098
313 321 0.0368
322 321 0.0017
329 321 0.0021
321 322 0.0017
323 322 0.0145
324 322 0.0029
322 323 0.0145
325 323 0.0133
326 323 0.01
322 324 0.0029
327 324 0.0035
441 324 0.0009
323 325 0.0133
323 326 0.01
324 327 0.0035
54 328 0.0039
321 329 0.0021
52 330 0.0057
331 330 0.0061
338 330 0.0051
330 331 0.0061
332 331 0.0077
333 331 0.0011
331 332 0.0077
331 333 0.0011
334 333 0.0011
442 333 0.0005
333 334 0.0011
11 335 0.0019
50 335 0.0004
336 335 0.0012
335 336 0.0012
337 336 0.0008
338 336 0.0082
336 337 0.0008
330 338 0.0051
336 338 0.0082
340 338 0.0007
644 338 0.0025
439 339 0.0011
440 339 0.0014
644 339 0.0039
338 340 0.0007
434 340 0.0012
644 340 0.004
1 341 0.0008
342 341 0.0019
343 341 0.013
341 342 0.0019
341 343 0.013
344 343 0.0004
345 343 0.0056
343 344 0.0004
343 345 0.0056
346 345 0.0134
353 345 0.0141
356 345 0.0025
345 346 0.0134
347 346 0.0017
348 346 0.0142
346 347 0.0017
346 348 0.0142
349 348 0.0064
350 348 0.0058
348 349 0.0064
348 350 0.0058
351 350 0.0045
352 350 0.0007
350 351 0.0045
350 352 0.0007
345 353 0.0141
354 353 0.0085
355 353 0.0027
353 354 0.0085
355 354 0.0119
363 354 0.0017
1 355 0.0018
353 355 0.0027
354 355 0.0119
345 356 0.0025
357 356 0.0063
361 356 0.0015
362 356 0.001
356 357 0.0063
358 357 0.0018
359 357 0.007
357 358 0.0018
357 359 0.007
360 359 0.0016
427 359 0.001
359 360 0.0016
430 360 0.0019
431 360 0.0027
356 361 0.0015
356 362 0.001
354 363 0.0017
14 364 0.0049
8 365 0.001
179 366 0.0006
371 366 0.0013
373 366 0.0026
194 367 0.0003
368 367 0.0005
511 367 0.0005
367 368 0.0005
179 369 0.0016
371 369 0.0056
377 369 0.0051
372 370 0.0013
377 370 0.002
549 370 0.0005
366 371 0.0013
369 371 0.0056
530 371 0.0
370 372 0.0013
528 372 0.0005
529 372 0.002
366 373 0.0026
374 373 0.0001
523 373 0.0007
373 374 0.0001
179 375 0.0002
376 375 0.0001
379 375 0.0002
383 375 0.0035
375 376 0.0001
377 376 0.002
553 376 0.0002
369 377 0.0051
370 377 0.002
376 377 0.002
378 377 0.0003
377 378 0.0003
375 379 0.0002
380 379 0.0001
381 379 0.0003
379 380 0.0001
379 381 0.0003
178 382 0.0027
179 382 0.0031
383 382 0.0004
375 383 0.0035
382 383 0.0004
384 383 0.0012
383 384 0.0012
385 384 0.004
390 384 0.0001
384 385 0.004
386 385 0.011
391 385 0.0016
570 385 0.0002
385 386 0.011
387 386 0.0007
391 386 0.0003
386 387 0.0007
102 388 0.0002
105 388 0.0021
176 388 0.0011
389 388 0.0012
105 389 0.0007
177 389 0.0017
388 389 0.0012
104 390 0.0005
105 390 0.0008
384 390 0.0001
391 390 0.001
392 390 0.001
385 391 0.0016
386 391 0.0003
390 391 0.001
109 392 0.0003
390 392 0.001
393 392 0.0007
392 393 0.0007
564 393 0.0023
565 393 0.0003
114 394 0.0005
395 394 0.0037
396 394 0.0052
394 395 0.0037
398 395 0.0006
399 395 0.0003
394 396 0.0052
397 396 0.0008
568 396 0.0006
396 397 0.0008
568 397 0.001
583 397 0.0005
395 398 0.0006
577 398 0.006
580 398 0.0106
395 399 0.0003
114 400 0.0004
575 400 0.0033
576 400 0.0007
110 401 0.0005
111 401 0.0001
402 401 0.0079
401 402 0.0079
403 402 0.0006
404 402 0.0012
402 403 0.0006
402 404 0.0012
405 404 0.0002
406 404 0.0006
404 405 0.0002
404 406 0.0006
111 407 0.0003
126 408 0.0009
409 408 0.0001
410 408 0.0011
408 409 0.0001
408 410 0.0011
411 410 0.0028
575 410 0.0003
410 411 0.0028
572 411 0.0013
584 411 0.0014
126 412 0.0009
129 412 0.0015
413 412 0.0012
414 412 0.0008
412 413 0.0012
412 414 0.0008
129 415 0.0008
146 416 0.0072
417 416 0.0012
418 416 0.0009
146 417 0.0004
416 417 0.0012
588 417 0.0023
416 418 0.0009
589 418 0.001
590 418 0.0015
158 419 0.0009
158 420 0.0022
421 420 0.0033
423 420 0.0011
420 421 0.0033
422 421 0.0014
589 421 0.0009
421 422 0.0014
420 423 0.0011
424 423 0.0064
589 423 0.001
600 423 0.0033
423 424 0.0064
593 424 0.003
597 424 0.0046
157 425 0.0007
426 425 0.0042
603 425 0.0017
425 426 0.0042
359 427 0.001
428 427 0.0012
429 427 0.0012
427 428 0.0012
427 429 0.0012
360 430 0.0019
360 431 0.0027
432 431 0.0039
433 431 0.0041
431 432 0.0039
431 433 0.0041
340 434 0.0012
435 434 0.0031
436 434 0.0079
434 435 0.0031
434 436 0.0079
437 436 0.0048
438 436 0.0058
436 437 0.0048
436 438 0.0058
339 439 0.0011
339 440 0.0014
324 441 0.0009
333 442 0.0005
443 442 0.0034
444 442 0.0049
442 443 0.0034
442 444 0.0049
315 445 0.0006
310 446 0.0011
447 446 0.0054
448 446 0.0051
446 447 0.0054
446 448 0.0051
282 449 0.0024
450 449 0.0026
451 449 0.0064
449 450 0.0026
449 451 0.0064
282 452 0.0022
453 452 0.0148
454 452 0.0166
452 453 0.0148
452 454 0.0166
282 455 0.0028
456 455 0.0068
457 455 0.0027
455 456 0.0068
455 457 0.0027
272 458 0.0029
264 459 0.0012
461 460 0.0035
264 461 0.002
460 461 0.0035
462 461 0.0118
461 462 0.0118
463 462 0.0056
464 462 0.008
462 463 0.0056
462 464 0.008
261 465 0.0006
254 466 0.0072
467 466 0.0149
468 466 0.0153
466 467 0.0149
466 468 0.0153
246 469 0.0008
241 470 0.0011
236 471 0.0002
241 471 0.0004
610 471 0.001
236 472 0.0009
231 473 0.0011
474 473 0.0001
614 473 0.0011
473 474 0.0001
229 475 0.0006
228 476 0.0004
477 476 0.0007
478 476 0.0005
476 477 0.0007
476 478 0.0005
226 479 0.0004
195 480 0.0003
481 480 0.0002
482 480 0.0006
480 481 0.0002
480 482 0.0006
196 483 0.0003
487 483 0.0039
643 483 0.0009
196 484 0.0017
485 484 0.0004
486 484 0.0013
484 485 0.0004
486 485 0.0016
487 485 0.0016
206 486 0.0008
484 486 0.0013
485 486 0.0016
483 487 0.0039
485 487 0.0016
492 487 0.0003
493 487 0.0002
643 487 0.0074
223 488 0.002
223 489 0.0
131 490 0.0046
133 490 0.0014
134 490 0.0007
491 490 0.0017
127 491 0.0038
128 491 0.0004
490 491 0.0017
487 492 0.0003
487 493 0.0002
494 493 0.0005
495 493 0.0021
493 494 0.0005
493 495 0.0021
497 496 0.0011
506 496 0.0024
643 496 0.0008
496 497 0.0011
498 497 0.0082
501 497 0.0025
497 498 0.0082
499 498 0.0013
500 498 0.0006
498 499 0.0013
498 500 0.0006
497 501 0.0025
502 501 0.0005
503 501 0.0028
501 502 0.0005
501 503 0.0028
504 503 0.0029
505 503 0.0024
503 504 0.0029
503 505 0.0024
496 506 0.0024
507 506 0.0006
508 506 0.0016
506 507 0.0006
506 508 0.0016
509 508 0.0009
517 508 0.0011
508 509 0.0009
510 509 0.0011
515 509 0.0046
509 510 0.0011
367 511 0.0005
512 511 0.0015
517 511 0.0221
511 512 0.0015
513 512 0.0012
516 512 0.0075
518 512 0.0024
512 513 0.0012
514 513 0.0018
515 513 0.007
513 514 0.0018
509 515 0.0046
513 515 0.007
516 515 0.0009
512 516 0.0075
515 516 0.0009
517 516 0.0104
508 517 0.0011
511 517 0.0221
516 517 0.0104
512 518 0.0024
519 518 0.0023
522 518 0.0037
518 519 0.0023
520 519 0.0009
521 519 0.0006
519 520 0.0009
519 521 0.0006
518 522 0.0037
373 523 0.0007
524 523 0.0011
527 523 0.0017
523 524 0.0011
525 524 0.0001
526 524 0.0005
524 525 0.0001
524 526 0.0005
523 527 0.0017
372 528 0.0005
545 528 0.0032
555 528 0.0002
372 529 0.002
530 529 0.0008
545 529 0.0004
371 530 0.0
529 530 0.0008
642 530 0.0013
532 531 0.0003
535 531 0.0008
642 531 0.0043
531 532 0.0003
533 532 0.0006
534 532 0.0014
532 533 0.0006
532 534 0.0014
531 535 0.0008
536 535 0.0003
537 535 0.0005
535 536 0.0003
535 537 0.0005
538 537 0.0007
642 537 0.0021
537 538 0.0007
539 538 0.0003
540 538 0.0016
538 539 0.0003
538 540 0.0016
541 540 0.001
542 540 0.0044
540 541 0.001
540 542 0.0044
543 542 0.0008
544 542 0.0015
542 543 0.0008
542 544 0.0015
528 545 0.0032
529 545 0.0004
546 545 0.0013
545 546 0.0013
547 546 0.001
548 546 0.0009
546 547 0.001
546 548 0.0009
370 549 0.0005
550 549 0.003
554 549 0.0008
549 550 0.003
551 550 0.0011
553 550 0.0006
550 551 0.0011
552 551 0.0084
556 551 0.0037
551 552 0.0084
553 552 0.0005
559 552 0.0007
564 552 0.001
376 553 0.0002
550 553 0.0006
552 553 0.0005
570 553 0.0044
549 554 0.0008
555 554 0.0007
556 554 0.0011
528 555 0.0002
554 555 0.0007
556 555 0.0009
551 556 0.0037
554 556 0.0011
555 556 0.0009
557 556 0.0012
558 556 0.0007
556 557 0.0012
556 558 0.0007
552 559 0.0007
560 559 0.0005
562 559 0.0044
559 560 0.0005
561 560 0.0002
564 560 0.0084
560 561 0.0002
562 561 0.0004
563 561 0.0004
559 562 0.0044
561 562 0.0004
563 562 0.0019
561 563 0.0004
562 563 0.0019
566 563 0.0042
393 564 0.0023
552 564 0.001
560 564 0.0084
393 565 0.0003
566 565 0.0014
568 565 0.0001
563 566 0.0042
565 566 0.0014
567 566 0.002
566 567 0.002
568 567 0.0033
569 567 0.0003
396 568 0.0006
397 568 0.001
565 568 0.0001
567 568 0.0033
567 569 0.0003
385 570 0.0002
553 570 0.0044
571 570 0.0022
570 571 0.0022
411 572 0.0013
573 572 0.0008
574 572 0.001
575 572 0.0008
572 573 0.0008
572 574 0.001
400 575 0.0033
410 575 0.0003
572 575 0.0008
400 576 0.0007
398 577 0.006
578 577 0.0016
579 577 0.0015
577 578 0.0016
577 579 0.0015
398 580 0.0106
581 580 0.0009
582 580 0.0067
580 581 0.0009
580 582 0.0067
397 583 0.0005
411 584 0.0014
585 584 0.0016
586 584 0.001
587 584 0.0009
584 585 0.0016
584 586 0.001
584 587 0.0009
417 588 0.0023
418 589 0.001
421 589 0.0009
423 589 0.001
418 590 0.0015
591 590 0.0013
592 590 0.0015
590 591 0.0013
590 592 0.0015
424 593 0.003
594 593 0.0023
595 593 0.0013
596 593 0.0017
593 594 0.0023
593 595 0.0013
593 596 0.0017
424 597 0.0046
598 597 0.0018
599 597 0.0077
597 598 0.0018
597 599 0.0077
423 600 0.0033
601 600 0.0031
602 600 0.0048
600 601 0.0031
600 602 0.0048
425 603 0.0017
604 603 0.0013
607 603 0.0052
603 604 0.0013
605 604 0.0069
606 604 0.0053
604 605 0.0069
604 606 0.0053
603 607 0.0052
608 607 0.002
609 607 0.01
607 608 0.002
607 609 0.01
471 610 0.001
611 610 0.0018
612 610 0.005
610 611 0.0018
610 612 0.005
613 612 0.0013
614 612 0.0014
612 613 0.0013
473 614 0.0011
612 614 0.0014
615 614 0.0108
616 614 0.0097
614 615 0.0108
614 616 0.0097
617 616 0.0054
619 616 0.0069
616 617 0.0054
231 618 0.0003
619 618 0.0042
621 618 0.0019
622 618 0.0043
626 618 0.0016
638 618 0.0008
616 619 0.0069
618 619 0.0042
620 619 0.0154
619 620 0.0154
618 621 0.0019
618 622 0.0043
623 622 0.0022
625 622 0.0021
622 623 0.0022
624 623 0.0036
639 623 0.003
623 624 0.0036
622 625 0.0021
618 626 0.0016
627 626 0.0004
628 626 0.0009
626 627 0.0004
221 628 0.0005
626 628 0.0009
629 628 0.014
631 628 0.002
628 629 0.014
630 629 0.0015
634 629 0.0011
635 629 0.001
629 630 0.0015
628 631 0.002
632 631 0.002
633 631 0.0007
631 632 0.002
631 633 0.0007
629 634 0.0011
629 635 0.001
636 635 0.0032
637 635 0.0034
635 636 0.0032
635 637 0.0034
618 638 0.0008
623 639 0.003
19 640 0.0044
200 640 0.0033
641 640 0.0229
19 641 0.0022
20 641 0.0031
640 641 0.0229
530 642 0.0013
531 642 0.0043
537 642 0.0021
483 643 0.0009
487 643 0.0074
496 643 0.0008
338 644 0.0025
339 644 0.0039
340 644 0.004
