2 1 0.0147
44 1 0.0036
45 1 0.0013
54 1 0.0121
62 1 0.0077
78 1 0.0006
79 1 0.0015
143 1 0.006
144 1 0.0052
153 1 0.0157
154 1 0.0008
177 1 0.0138
218 1 0.0134
315 1 0.0021
316 1 0.0115
319 1 0.0025
322 1 0.0033
346 1 0.005
348 1 0.0151
352 1 0.003
370 1 0.0046
374 1 0.0008
404 1 0.0073
486 1 0.0134
501 1 0.0124
502 1 0.0131
505 1 0.0017
507 1 0.0121
553 1 0.0115
559 1 0.0033
566 1 0.0055
569 1 0.0077
575 1 0.0061
576 1 0.0145
605 1 0.014
635 1 0.004
636 1 0.0125
637 1 0.0123
1064 1 0.0052
1065 1 0.0027
1067 1 0.0102
1 2 0.0147
3 2 0.0044
364 2 0.0232
2 3 0.0044
4 3 0.0396
352 3 0.0077
3 4 0.0396
5 4 0.0126
28 4 0.0166
4 5 0.0126
6 5 0.037
16 5 0.0384
467 5 0.0083
5 6 0.037
7 6 0.002
369 6 0.0117
475 6 0.012
6 7 0.002
8 7 0.0042
126 7 0.0024
135 7 0.0039
7 8 0.0042
9 8 0.0041
10 8 0.0067
8 9 0.0041
8 10 0.0067
136 11 0.0024
467 11 0.0691
469 11 0.1268
473 12 0.1049
619 12 0.0036
620 12 0.0499
670 12 0.0072
128 13 0.0155
620 13 0.0573
621 13 0.0156
1112 13 0.0409
15 14 0.054
695 14 0.0045
1112 14 0.0575
14 15 0.054
681 15 0.0129
689 15 0.0129
5 16 0.0384
17 16 0.0051
363 16 0.016
16 17 0.0051
18 17 0.0011
21 17 0.0039
17 18 0.0011
19 18 0.0029
20 18 0.0052
18 19 0.0029
18 20 0.0052
17 21 0.0039
22 21 0.0017
25 21 0.0014
21 22 0.0017
23 22 0.0084
25 22 0.0063
22 23 0.0084
24 23 0.0113
27 23 0.0081
23 24 0.0113
21 25 0.0014
22 25 0.0063
26 25 0.0137
25 26 0.0137
27 26 0.0071
709 26 0.0025
23 27 0.0081
26 27 0.0071
711 27 0.0028
4 28 0.0166
29 28 0.0021
354 28 0.0034
28 29 0.0021
30 29 0.0113
643 29 0.0084
29 30 0.0113
31 30 0.0137
103 30 0.0054
360 30 0.0365
30 31 0.0137
37 31 0.0029
669 31 0.002
33 32 0.0086
37 32 0.026
41 32 0.0031
32 33 0.0086
34 33 0.0176
101 33 0.0057
33 34 0.0176
35 34 0.0262
41 34 0.0052
34 35 0.0262
36 35 0.0232
751 35 0.0047
35 36 0.0232
757 36 0.0024
762 36 0.0024
31 37 0.0029
32 37 0.026
38 37 0.0044
100 37 0.0095
37 38 0.0044
39 38 0.0031
667 38 0.01
38 39 0.0031
40 39 0.0042
41 39 0.0029
39 40 0.0042
746 40 0.0015
748 40 0.002
32 41 0.0031
34 41 0.0052
39 41 0.0029
42 41 0.0193
41 42 0.0193
716 42 0.0033
752 42 0.0431
751 43 0.0164
752 43 0.0117
753 43 0.0197
1 44 0.0036
45 44 0.0312
97 44 0.0013
1 45 0.0013
44 45 0.0312
46 45 0.0096
45 46 0.0096
47 46 0.0007
481 46 0.0114
46 47 0.0007
48 47 0.0086
396 47 0.0031
47 48 0.0086
49 48 0.0045
393 48 0.0481
48 49 0.0045
50 49 0.0093
392 49 0.0013
49 50 0.0093
51 50 0.0163
391 50 0.0038
50 51 0.0163
52 51 0.0029
391 51 0.0286
51 52 0.0029
53 52 0.0124
799 52 0.0045
52 53 0.0124
784 53 0.0109
788 53 0.0169
799 53 0.009
1 54 0.0121
56 55 0.0071
78 55 0.0015
612 55 0.075
55 56 0.0071
57 56 0.0331
91 56 0.0074
56 57 0.0331
88 57 0.0064
377 57 0.0101
59 58 0.003
60 58 0.0007
377 58 0.0229
58 59 0.003
58 60 0.0007
61 60 0.0007
801 60 0.0002
60 61 0.0007
1 62 0.0077
63 62 0.0034
1059 62 0.005
62 63 0.0034
343 63 0.0322
344 63 0.032
346 63 0.0043
65 64 0.0014
314 64 0.0061
342 64 0.0238
343 64 0.0394
64 65 0.0014
66 65 0.0063
483 65 0.0032
65 66 0.0063
67 66 0.0085
75 66 0.0029
665 66 0.0043
66 67 0.0085
68 67 0.0035
666 67 0.0032
67 68 0.0035
69 68 0.0059
96 68 0.0044
68 69 0.0059
332 69 0.008
640 69 0.0033
74 70 0.0004
332 70 0.0064
386 70 0.0022
386 71 0.0006
388 71 0.0081
389 71 0.0069
73 72 0.0066
389 72 0.0026
802 72 0.0011
72 73 0.0066
70 74 0.0004
66 75 0.0029
328 75 0.0101
483 75 0.0045
77 76 0.0005
86 76 0.0108
328 76 0.0044
76 77 0.0005
1 78 0.0006
55 78 0.0015
613 78 0.0318
1 79 0.0015
80 79 0.0185
345 79 0.0067
79 80 0.0185
81 80 0.0327
482 80 0.0044
80 81 0.0327
82 81 0.001
342 81 0.0207
81 82 0.001
83 82 0.0064
611 82 0.0008
82 83 0.0064
84 83 0.007
336 83 0.0017
340 83 0.0067
83 84 0.007
85 84 0.0026
339 84 0.0046
84 85 0.0026
86 85 0.0038
330 85 0.0031
336 85 0.0036
76 86 0.0108
85 86 0.0038
87 86 0.0005
334 86 0.0118
86 87 0.0005
57 88 0.0064
89 88 0.0011
91 88 0.0024
88 89 0.0011
837 89 0.0053
838 89 0.0048
91 90 0.0129
92 90 0.0011
611 90 0.0398
612 90 0.0061
56 91 0.0074
88 91 0.0024
90 91 0.0129
90 92 0.0011
94 93 0.006
314 93 0.0077
323 93 0.0018
1062 93 0.0051
93 94 0.006
95 94 0.0035
107 94 0.0053
314 94 0.0027
664 94 0.0071
94 95 0.0035
96 95 0.0046
117 95 0.0013
68 96 0.0044
95 96 0.0046
661 96 0.0165
44 97 0.0013
98 97 0.0019
99 97 0.0024
642 97 0.0048
97 98 0.0019
97 99 0.0024
37 100 0.0095
101 100 0.0033
481 100 0.0016
33 101 0.0057
100 101 0.0033
102 101 0.003
101 102 0.003
30 103 0.0054
104 103 0.0023
105 103 0.0081
103 104 0.0023
103 105 0.0081
106 105 0.0046
668 105 0.0078
105 106 0.0046
94 107 0.0053
113 107 0.0087
1420 107 0.0024
109 108 0.0068
325 108 0.0284
608 108 0.0055
1420 108 0.0249
108 109 0.0068
110 109 0.0038
112 109 0.0052
109 110 0.0038
111 110 0.012
811 110 0.01
110 111 0.012
812 111 0.0037
816 111 0.0016
109 112 0.0052
831 112 0.0187
834 112 0.0629
107 113 0.0087
114 113 0.0031
326 113 0.0052
113 114 0.0031
382 114 0.0039
660 114 0.0129
116 115 0.0019
660 115 0.0098
829 115 0.0007
115 116 0.0019
806 116 0.0046
818 116 0.0012
95 117 0.0013
118 117 0.0091
326 117 0.0075
117 118 0.0091
640 119 0.0061
121 120 0.0276
133 120 0.0072
137 120 0.0037
558 120 0.0252
120 121 0.0276
556 121 0.0397
578 121 0.0384
123 122 0.1156
134 122 0.0178
579 122 0.0259
122 123 0.1156
124 123 0.0148
139 123 0.0325
280 123 0.0054
123 124 0.0148
125 124 0.0109
129 124 0.0045
626 124 0.0142
124 125 0.0109
126 125 0.011
129 125 0.0119
7 126 0.0024
125 126 0.011
1113 126 0.0372
136 127 0.0156
670 127 0.0274
1019 127 0.1345
1113 127 0.0147
13 128 0.0155
1019 128 0.1096
1020 128 0.0497
1022 128 0.0062
124 129 0.0045
125 129 0.0119
130 129 0.0072
282 129 0.014
129 130 0.0072
131 130 0.0128
1113 130 0.0082
130 131 0.0128
132 131 0.041
1021 131 0.0081
131 132 0.041
1015 132 0.1154
1058 132 0.1084
120 133 0.0072
134 133 0.0044
624 133 0.0011
122 134 0.0178
133 134 0.0044
135 134 0.0016
7 135 0.0039
134 135 0.0016
478 135 0.0024
11 136 0.0024
127 136 0.0156
670 136 0.022
120 137 0.0037
139 138 0.0264
279 138 0.009
581 138 0.0988
123 139 0.0325
138 139 0.0264
453 139 0.0074
453 140 0.0436
457 140 0.0203
1008 140 0.0013
142 141 0.0172
276 141 0.3418
460 141 0.1459
461 141 0.017
141 142 0.0172
461 142 0.0181
1325 142 0.0123
1328 142 0.0046
1 143 0.006
144 143 0.0036
145 143 0.0048
1 144 0.0052
143 144 0.0036
145 144 0.0305
143 145 0.0048
144 145 0.0305
436 145 0.006
1419 145 0.0068
147 146 0.0028
435 146 0.0032
437 146 0.0036
146 147 0.0028
148 147 0.0014
318 147 0.003
147 148 0.0014
427 149 0.0271
436 149 0.0027
843 149 0.0015
151 150 0.0084
430 150 0.0035
847 150 0.0153
150 151 0.0084
152 151 0.0024
433 151 0.0028
151 152 0.0024
1 153 0.0157
154 153 0.0091
162 153 0.0016
1 154 0.0008
153 154 0.0091
162 154 0.0033
484 154 0.0452
156 155 0.0061
159 155 0.0017
485 155 0.0058
155 156 0.0061
157 156 0.0053
422 156 0.0084
156 157 0.0053
158 157 0.0074
423 157 0.0048
849 157 0.0015
851 157 0.0009
157 158 0.0074
845 158 0.003
846 158 0.0033
155 159 0.0017
160 159 0.0018
419 159 0.007
159 160 0.0018
161 160 0.0026
659 160 0.005
160 161 0.0026
164 161 0.0083
165 161 0.013
850 161 0.0114
153 162 0.0016
154 162 0.0033
168 162 0.0012
172 162 0.0316
415 162 0.0048
164 163 0.0015
172 163 0.0059
484 163 0.0047
161 164 0.0083
163 164 0.0015
165 164 0.0055
166 164 0.0023
161 165 0.013
164 165 0.0055
852 165 0.0014
164 166 0.0023
167 166 0.0104
598 166 0.0049
166 167 0.0104
598 167 0.0058
855 167 0.0044
162 168 0.0012
244 168 0.0065
656 168 0.0107
657 168 0.0089
176 169 0.0042
240 169 0.0177
244 169 0.0288
656 169 0.0291
171 170 0.0047
601 170 0.0032
1168 170 0.012
170 171 0.0047
600 171 0.0038
601 171 0.0141
860 171 0.0284
1169 171 0.0033
162 172 0.0316
163 172 0.0059
173 172 0.0035
172 173 0.0035
175 174 0.0023
174 175 0.0023
176 175 0.0015
655 175 0.0042
169 176 0.0042
175 176 0.0015
598 176 0.0103
1 177 0.0138
219 177 0.0477
1067 177 0.0342
179 178 0.0279
221 178 0.0847
586 178 0.0176
1067 178 0.0193
178 179 0.0279
494 179 0.0269
584 179 0.0236
1067 179 0.0216
181 180 0.0032
206 180 0.0021
489 180 0.0533
495 180 0.0246
180 181 0.0032
182 181 0.0048
198 181 0.0006
591 181 0.0023
671 181 0.0072
181 182 0.0048
183 182 0.0021
591 182 0.021
182 183 0.0021
184 183 0.0027
593 183 0.0068
183 184 0.0027
199 184 0.0012
204 184 0.0011
186 185 0.0219
490 185 0.0749
503 185 0.0847
185 186 0.0219
187 186 0.0059
191 186 0.0286
491 186 0.0371
186 187 0.0059
245 187 0.0025
632 187 0.0211
189 188 0.0147
242 188 0.0602
632 188 0.0193
188 189 0.0147
190 189 0.0118
235 189 0.0124
189 190 0.0118
231 190 0.0059
602 190 0.0674
186 191 0.0286
492 191 0.0303
493 191 0.0214
193 192 0.0051
591 192 0.001
671 192 0.0089
192 193 0.0051
194 193 0.0056
246 193 0.0034
193 194 0.0056
195 194 0.0252
197 194 0.0815
194 195 0.0252
196 195 0.0051
594 195 0.0053
195 196 0.0051
866 196 0.0214
885 196 0.005
888 196 0.0018
194 197 0.0815
181 198 0.0006
184 199 0.0012
200 199 0.0014
202 199 0.0111
204 199 0.0027
199 200 0.0014
201 200 0.0062
920 200 0.0074
200 201 0.0062
924 201 0.0653
1471 201 0.0336
199 202 0.0111
203 202 0.0046
883 202 0.006
202 203 0.0046
884 203 0.0182
892 203 0.0474
184 204 0.0011
199 204 0.0027
205 204 0.0011
204 205 0.0011
957 205 0.0081
1473 205 0.0027
180 206 0.0021
207 206 0.0023
287 206 0.0052
206 207 0.0023
211 207 0.0015
960 207 0.0006
209 208 0.0236
960 208 0.0105
961 208 0.0351
208 209 0.0236
210 209 0.0204
214 209 0.0027
209 210 0.0204
215 210 0.0051
959 210 0.003
965 210 0.0044
1235 210 0.0052
207 211 0.0015
588 211 0.0144
650 211 0.011
651 211 0.0129
213 212 0.0032
297 212 0.003
653 212 0.0033
212 213 0.0032
214 213 0.0038
649 213 0.0565
209 214 0.0027
213 214 0.0038
215 214 0.0035
645 214 0.0176
210 215 0.0051
214 215 0.0035
216 215 0.0072
215 216 0.0072
217 216 0.0136
302 216 0.0205
647 216 0.0289
216 217 0.0136
302 217 0.0062
646 217 0.0129
1 218 0.0134
219 218 0.05
225 218 0.0209
177 219 0.0477
218 219 0.05
1069 219 0.0166
221 220 0.0157
497 220 0.0117
1068 220 0.008
178 221 0.0847
220 221 0.0157
222 221 0.046
586 221 0.1039
221 222 0.046
223 222 0.0019
500 222 0.0013
587 222 0.0588
222 223 0.0019
224 223 0.0137
1063 223 0.0034
223 224 0.0137
247 224 0.0023
533 224 0.0043
535 224 0.0031
218 225 0.0209
226 225 0.0037
548 225 0.0033
225 226 0.0037
227 226 0.0022
548 226 0.0159
226 227 0.0022
411 227 0.0039
547 227 0.0058
1063 227 0.0078
229 228 0.0112
228 229 0.0112
230 229 0.0424
520 229 0.0038
229 230 0.0424
520 230 0.0047
532 230 0.0062
190 231 0.0059
232 231 0.0076
862 231 0.0024
231 232 0.0076
233 232 0.0026
234 232 0.0022
861 232 0.0023
232 233 0.0026
864 233 0.0162
867 233 0.0077
232 234 0.0022
866 234 0.0004
875 234 0.0013
189 235 0.0124
236 235 0.0086
595 235 0.0035
235 236 0.0086
237 236 0.0036
239 236 0.0048
236 237 0.0036
238 237 0.0168
240 237 0.0034
596 237 0.0048
237 238 0.0168
236 239 0.0048
169 240 0.0177
237 240 0.0034
241 240 0.0117
240 241 0.0117
597 241 0.0103
1168 241 0.0017
188 242 0.0602
243 242 0.0159
417 242 0.0016
242 243 0.0159
244 243 0.0054
654 243 0.0097
168 244 0.0065
169 244 0.0288
243 244 0.0054
656 244 0.0186
187 245 0.0025
246 245 0.0015
634 245 0.0115
193 246 0.0034
245 246 0.0015
963 246 0.0077
224 247 0.0023
248 247 0.0083
677 247 0.0025
247 248 0.0083
249 248 0.0029
300 248 0.014
248 249 0.0029
250 249 0.0148
302 249 0.007
249 250 0.0148
303 250 0.0086
305 250 0.0089
252 251 0.0459
305 251 0.0025
648 251 0.0373
251 252 0.0459
253 252 0.058
979 252 0.1227
252 253 0.058
976 253 0.0134
989 253 0.008
255 254 0.0119
539 254 0.0148
672 254 0.0035
678 254 0.0319
254 255 0.0119
673 255 0.0036
1271 255 0.017
257 256 0.0107
259 256 0.0137
261 256 0.0326
1271 256 0.0625
256 257 0.0107
258 257 0.0032
679 257 0.0108
257 258 0.0032
256 259 0.0137
260 259 0.0034
1479 259 0.0053
259 260 0.0034
1267 260 0.0069
1479 260 0.0076
256 261 0.0326
262 261 0.0079
264 261 0.0022
261 262 0.0079
263 262 0.0268
1272 262 0.0205
1541 262 0.035
262 263 0.0268
1280 263 0.0085
1423 263 0.0084
261 264 0.0022
1263 264 0.0212
1422 264 0.0017
266 265 0.0323
398 265 0.0023
399 265 0.0512
568 265 0.0216
265 266 0.0323
267 266 0.007
1070 266 0.0324
266 267 0.007
268 267 0.0063
451 267 0.0073
1070 267 0.0422
267 268 0.0063
270 269 0.0527
452 269 0.0016
511 269 0.0579
269 270 0.0527
271 270 0.0622
273 270 0.0248
270 271 0.0622
313 271 0.0347
513 271 0.0522
464 272 0.0026
465 272 0.0168
513 272 0.0192
270 273 0.0248
274 273 0.0159
277 273 0.0858
313 273 0.0117
273 274 0.0159
275 274 0.0051
313 274 0.0053
1000 274 0.0041
274 275 0.0051
276 275 0.0071
1002 275 0.0052
141 276 0.3418
275 276 0.0071
278 276 0.1777
273 277 0.0858
278 277 0.0274
279 277 0.0019
276 278 0.1777
277 278 0.0274
457 278 0.0259
138 279 0.009
277 279 0.0019
582 279 0.0381
123 280 0.0054
281 280 0.0063
282 280 0.0054
280 281 0.0063
129 282 0.014
280 282 0.0054
454 282 0.0047
284 283 0.0303
285 283 0.0065
286 283 0.0776
465 283 0.0069
283 284 0.0303
993 284 0.0278
1001 284 0.008
283 285 0.0065
283 286 0.0776
996 286 0.0055
997 286 0.013
206 287 0.0052
289 288 0.0015
288 289 0.0015
290 289 0.004
551 289 0.0072
590 289 0.0046
289 290 0.004
291 290 0.0045
293 290 0.0148
290 291 0.0045
292 291 0.0213
964 291 0.0214
291 292 0.0213
290 293 0.0148
294 293 0.0019
551 293 0.0091
293 294 0.0019
295 294 0.0141
297 294 0.0091
298 294 0.0068
294 295 0.0141
296 295 0.0076
297 295 0.0071
299 295 0.0073
295 296 0.0076
212 297 0.003
294 297 0.0091
295 297 0.0071
294 298 0.0068
295 299 0.0073
248 300 0.014
301 300 0.0023
676 300 0.0025
300 301 0.0023
216 302 0.0205
217 302 0.0062
249 302 0.007
250 303 0.0086
304 303 0.0051
307 303 0.0134
303 304 0.0051
250 305 0.0089
251 305 0.0025
306 305 0.006
305 306 0.006
307 306 0.0303
309 306 0.0155
303 307 0.0134
306 307 0.0303
308 307 0.0234
307 308 0.0234
965 308 0.0029
975 308 0.0042
306 309 0.0155
310 309 0.0068
312 309 0.0111
309 310 0.0068
311 310 0.0546
648 310 0.022
310 311 0.0546
312 311 0.0509
968 311 0.0365
309 312 0.0111
311 312 0.0509
974 312 0.0101
271 313 0.0347
273 313 0.0117
274 313 0.0053
64 314 0.0061
93 314 0.0077
94 314 0.0027
1 315 0.0021
1 316 0.0115
317 316 0.0039
320 316 0.0039
316 317 0.0039
318 317 0.0047
347 317 0.0259
147 318 0.003
317 318 0.0047
608 318 0.0573
1 319 0.0025
316 320 0.0039
321 320 0.0177
322 320 0.0015
320 321 0.0177
1 322 0.0033
320 322 0.0015
350 322 0.0075
93 323 0.0018
324 323 0.039
349 323 0.0008
323 324 0.039
108 325 0.0284
113 326 0.0052
117 326 0.0075
327 326 0.0108
326 327 0.0108
75 328 0.0101
76 328 0.0044
329 328 0.0159
330 328 0.0176
328 329 0.0159
85 330 0.0031
328 330 0.0176
339 330 0.0039
332 331 0.0082
333 331 0.0014
639 331 0.003
69 332 0.008
70 332 0.0064
331 332 0.0082
331 333 0.0014
86 334 0.0118
335 334 0.0034
610 334 0.0027
334 335 0.0034
83 336 0.0017
85 336 0.0036
337 336 0.0031
336 337 0.0031
338 337 0.0047
614 337 0.0053
337 338 0.0047
84 339 0.0046
330 339 0.0039
340 339 0.0152
83 340 0.0067
339 340 0.0152
341 340 0.0035
340 341 0.0035
342 341 0.0011
483 341 0.0024
64 342 0.0238
81 342 0.0207
341 342 0.0011
344 342 0.0073
345 342 0.0147
63 343 0.0322
64 343 0.0394
344 343 0.0407
63 344 0.032
342 344 0.0073
343 344 0.0407
345 344 0.0137
79 345 0.0067
342 345 0.0147
344 345 0.0137
346 345 0.0053
1 346 0.005
63 346 0.0043
345 346 0.0053
317 347 0.0259
1 348 0.0151
1061 348 0.0015
1064 348 0.0077
323 349 0.0008
350 349 0.0039
1064 349 0.014
322 350 0.0075
349 350 0.0039
351 350 0.0039
350 351 0.0039
1 352 0.003
3 352 0.0077
353 352 0.0028
355 352 0.0046
1065 352 0.0003
352 353 0.0028
354 353 0.0242
617 353 0.0015
28 354 0.0034
353 354 0.0242
356 354 0.034
643 354 0.0174
352 355 0.0046
354 356 0.034
357 356 0.0104
618 356 0.0084
356 357 0.0104
358 357 0.0222
360 357 0.0152
357 358 0.0222
359 358 0.0123
362 358 0.003
358 359 0.0123
30 360 0.0365
357 360 0.0152
361 360 0.005
360 361 0.005
358 362 0.003
16 363 0.016
2 364 0.0232
365 364 0.0225
576 364 0.0214
364 365 0.0225
366 365 0.0067
576 365 0.0046
365 366 0.0067
367 366 0.0086
577 366 0.0053
366 367 0.0086
368 367 0.022
373 367 0.003
367 368 0.022
369 368 0.0862
479 368 0.0045
6 369 0.0117
368 369 0.0862
624 369 0.0055
1 370 0.0046
372 371 0.004
371 372 0.004
373 372 0.0039
561 372 0.0055
367 373 0.003
372 373 0.0039
375 373 0.0215
1 374 0.0008
375 374 0.0049
577 374 0.007
373 375 0.0215
374 375 0.0049
376 375 0.011
375 376 0.011
57 377 0.0101
58 377 0.0229
378 377 0.0015
377 378 0.0015
379 378 0.0132
793 378 0.0012
378 379 0.0132
380 379 0.0047
799 379 0.0011
379 380 0.0047
381 380 0.0047
790 380 0.0011
380 381 0.0047
792 381 0.0028
798 381 0.0025
114 382 0.0039
383 382 0.002
660 382 0.0182
382 383 0.002
384 383 0.0059
385 383 0.0058
383 384 0.0059
803 384 0.0007
804 384 0.0005
805 384 0.0007
383 385 0.0058
70 386 0.0022
71 386 0.0006
387 386 0.0241
386 387 0.0241
71 388 0.0081
71 389 0.0069
72 389 0.0026
390 389 0.0019
389 390 0.0019
50 391 0.0038
51 391 0.0286
392 391 0.0041
49 392 0.0013
391 392 0.0041
767 392 0.0068
48 393 0.0481
394 393 0.0018
764 393 0.0016
393 394 0.0018
395 394 0.0022
778 394 0.0007
394 395 0.0022
47 396 0.0031
397 396 0.0082
764 396 0.0048
396 397 0.0082
265 398 0.0023
265 399 0.0512
400 399 0.0049
1070 399 0.0342
399 400 0.0049
517 400 0.0016
518 400 0.0251
402 401 0.0069
403 401 0.0039
518 401 0.003
527 401 0.0045
401 402 0.0069
401 403 0.0039
1 404 0.0073
405 404 0.0018
409 404 0.0095
404 405 0.0018
406 405 0.004
412 405 0.0041
405 406 0.004
407 406 0.0125
408 406 0.0208
406 407 0.0125
406 408 0.0208
404 409 0.0095
410 409 0.0071
548 409 0.0083
409 410 0.0071
411 410 0.0051
548 410 0.0136
227 411 0.0039
410 411 0.0051
412 411 0.018
405 412 0.0041
411 412 0.018
413 412 0.0036
412 413 0.0036
628 414 0.0365
629 414 0.0147
630 414 0.0119
162 415 0.0048
416 415 0.002
635 415 0.0023
415 416 0.002
417 416 0.0044
418 416 0.1053
242 417 0.0016
416 417 0.0044
418 417 0.0048
416 418 0.1053
417 418 0.0048
1418 418 0.0099
159 419 0.007
421 420 0.0162
426 420 0.0043
1419 420 0.0033
420 421 0.0162
422 421 0.0018
424 421 0.0044
156 422 0.0084
421 422 0.0018
423 422 0.0086
424 422 0.0033
157 423 0.0048
422 423 0.0086
429 423 0.0013
421 424 0.0044
422 424 0.0033
425 424 0.008
424 425 0.008
420 426 0.0043
149 427 0.0271
428 427 0.0071
847 427 0.0059
427 428 0.0071
423 429 0.0013
150 430 0.0035
431 430 0.0049
432 430 0.0037
430 431 0.0049
430 432 0.0037
151 433 0.0028
434 433 0.0009
844 433 0.0011
433 434 0.0009
146 435 0.0032
145 436 0.006
149 436 0.0027
437 436 0.0184
146 437 0.0036
436 437 0.0184
438 437 0.0063
638 437 0.007
437 438 0.0063
439 438 0.0108
445 438 0.0056
438 439 0.0108
440 439 0.009
606 439 0.0031
439 440 0.009
441 440 0.0161
447 440 0.0375
440 441 0.0161
442 441 0.0086
606 441 0.0072
441 442 0.0086
443 442 0.011
444 442 0.0094
442 443 0.011
442 444 0.0094
438 445 0.0056
446 445 0.007
447 445 0.0204
445 446 0.007
440 447 0.0375
445 447 0.0204
448 447 0.0143
447 448 0.0143
450 449 0.0946
449 450 0.0946
267 451 0.0073
452 451 0.0137
555 451 0.0137
269 452 0.0016
451 452 0.0137
555 452 0.0123
139 453 0.0074
140 453 0.0436
454 453 0.0057
282 454 0.0047
453 454 0.0057
455 454 0.0033
454 455 0.0033
456 455 0.016
1008 455 0.0038
455 456 0.016
140 457 0.0203
278 457 0.0259
458 457 0.0144
457 458 0.0144
459 458 0.0047
460 458 0.0861
458 459 0.0047
141 460 0.1459
458 460 0.0861
463 460 0.0074
1007 460 0.0039
141 461 0.017
142 461 0.0181
462 461 0.0415
461 462 0.0415
1004 462 0.0108
1296 462 0.0038
460 463 0.0074
1005 463 0.0375
1011 463 0.1262
1014 463 0.0054
272 464 0.0026
272 465 0.0168
283 465 0.0069
466 465 0.0043
465 466 0.0043
5 467 0.0083
11 467 0.0691
468 467 0.0134
467 468 0.0134
11 469 0.1268
470 469 0.0048
471 469 0.0383
469 470 0.0048
469 471 0.0383
472 471 0.0206
473 471 0.2135
471 472 0.0206
12 473 0.1049
471 473 0.2135
474 473 0.0057
473 474 0.0057
6 475 0.012
476 475 0.002
477 475 0.4968
475 476 0.002
475 477 0.4968
135 478 0.0024
368 479 0.0045
481 480 0.0483
46 481 0.0114
100 481 0.0016
480 481 0.0483
80 482 0.0044
65 483 0.0032
75 483 0.0045
341 483 0.0024
154 484 0.0452
163 484 0.0047
485 484 0.0861
155 485 0.0058
484 485 0.0861
1419 485 0.0034
1 486 0.0134
487 486 0.1129
490 486 0.0372
486 487 0.1129
488 487 0.0101
584 487 0.1159
487 488 0.0101
489 488 0.0229
585 488 0.0308
180 489 0.0533
488 489 0.0229
490 489 0.0133
185 490 0.0749
486 490 0.0372
489 490 0.0133
491 490 0.0342
503 490 0.109
186 491 0.0371
490 491 0.0342
492 491 0.1103
191 492 0.0303
491 492 0.1103
493 492 0.0284
191 493 0.0214
492 493 0.0284
627 493 0.0405
179 494 0.0269
495 494 0.0733
585 494 0.2197
587 494 0.1412
180 495 0.0246
494 495 0.0733
496 495 0.0085
585 495 0.0872
495 496 0.0085
549 496 0.0044
550 496 0.003
220 497 0.0117
498 497 0.0031
499 497 0.0038
497 498 0.0031
497 499 0.0038
1063 499 0.0015
1069 499 0.0019
222 500 0.0013
1 501 0.0124
1 502 0.0131
503 502 0.1028
504 502 0.0127
185 503 0.0847
490 503 0.109
502 503 0.1028
502 504 0.0127
1 505 0.0017
506 505 0.0039
635 505 0.0051
505 506 0.0039
633 506 0.0015
1418 506 0.0013
1 507 0.0121
509 508 0.0803
508 509 0.0803
515 509 0.034
516 509 0.02
515 510 0.0674
269 511 0.0579
512 511 0.0812
515 511 0.0287
511 512 0.0812
271 513 0.0522
272 513 0.0192
514 513 0.0328
513 514 0.0328
509 515 0.034
510 515 0.0674
511 515 0.0287
509 516 0.02
400 517 0.0016
400 518 0.0251
401 518 0.003
519 518 0.0035
518 519 0.0035
229 520 0.0038
230 520 0.0047
521 520 0.0024
524 520 0.0049
520 521 0.0024
522 521 0.0025
541 521 0.002
521 522 0.0025
523 522 0.0057
544 522 0.0031
522 523 0.0057
520 524 0.0049
525 524 0.0213
527 524 0.0143
524 525 0.0213
526 525 0.005
527 525 0.0183
528 525 0.0071
525 526 0.005
401 527 0.0045
524 527 0.0143
525 527 0.0183
525 528 0.0071
529 528 0.0046
531 528 0.0032
528 529 0.0046
530 529 0.0044
1003 529 0.004
529 530 0.0044
528 531 0.0032
230 532 0.0062
224 533 0.0043
534 533 0.0194
680 533 0.0425
533 534 0.0194
536 534 0.0053
537 534 0.0153
224 535 0.0031
534 536 0.0053
534 537 0.0153
538 537 0.004
539 537 0.0086
537 538 0.004
254 539 0.0148
537 539 0.0086
540 539 0.0056
539 540 0.0056
542 540 0.0107
546 540 0.0066
521 541 0.002
540 542 0.0107
544 542 0.0022
546 542 0.0211
546 543 0.0057
522 544 0.0031
542 544 0.0022
545 544 0.005
544 545 0.005
540 546 0.0066
542 546 0.0211
543 546 0.0057
227 547 0.0058
225 548 0.0033
226 548 0.0159
409 548 0.0083
410 548 0.0136
496 549 0.0044
496 550 0.003
289 551 0.0072
293 551 0.0091
552 551 0.0088
551 552 0.0088
1 553 0.0115
556 553 0.0066
562 553 0.0153
555 554 0.0098
562 554 0.0025
565 554 0.0064
451 555 0.0137
452 555 0.0123
554 555 0.0098
565 555 0.0055
121 556 0.0397
553 556 0.0066
558 556 0.0307
558 557 0.0308
120 558 0.0252
556 558 0.0307
557 558 0.0308
559 558 0.0109
1 559 0.0033
558 559 0.0109
560 559 0.0143
559 560 0.0143
372 561 0.0055
553 562 0.0153
554 562 0.0025
563 562 0.0083
562 563 0.0083
564 563 0.0103
567 563 0.0211
563 564 0.0103
565 564 0.0065
567 564 0.0053
554 565 0.0064
555 565 0.0055
564 565 0.0065
1 566 0.0055
567 566 0.0049
568 566 0.0214
563 567 0.0211
564 567 0.0053
566 567 0.0049
265 568 0.0216
566 568 0.0214
569 568 0.1456
575 568 0.0122
1 569 0.0077
568 569 0.1456
570 569 0.0054
575 569 0.0483
569 570 0.0054
571 570 0.0114
572 570 0.0151
570 571 0.0114
570 572 0.0151
573 572 0.0055
574 572 0.0091
572 573 0.0055
572 574 0.0091
1 575 0.0061
568 575 0.0122
569 575 0.0483
1 576 0.0145
364 576 0.0214
365 576 0.0046
577 576 0.001
366 577 0.0053
374 577 0.007
576 577 0.001
121 578 0.0384
579 578 0.1257
581 578 0.0767
122 579 0.0259
578 579 0.1257
580 579 0.0323
579 580 0.0323
138 581 0.0988
578 581 0.0767
582 581 0.0095
279 582 0.0381
581 582 0.0095
583 582 0.021
582 583 0.021
179 584 0.0236
487 584 0.1159
585 584 0.0228
488 585 0.0308
494 585 0.2197
495 585 0.0872
584 585 0.0228
178 586 0.0176
221 586 0.1039
587 586 0.1942
222 587 0.0588
494 587 0.1412
586 587 0.1942
211 588 0.0144
589 588 0.0061
653 588 0.0111
588 589 0.0061
289 590 0.0046
181 591 0.0023
182 591 0.021
192 591 0.001
592 591 0.0052
591 592 0.0052
183 593 0.0068
195 594 0.0053
235 595 0.0035
237 596 0.0048
241 597 0.0103
166 598 0.0049
167 598 0.0058
176 598 0.0103
600 599 0.0056
862 599 0.0171
1169 599 0.0059
171 600 0.0038
599 600 0.0056
862 600 0.0025
1169 600 0.0091
170 601 0.0032
171 601 0.0141
858 601 0.0041
190 602 0.0674
603 602 0.0157
604 602 0.0193
602 603 0.0157
602 604 0.0193
1 605 0.014
439 606 0.0031
441 606 0.0072
607 606 0.0067
606 607 0.0067
108 608 0.0055
318 608 0.0573
609 608 0.0622
608 609 0.0622
334 610 0.0027
82 611 0.0008
90 611 0.0398
612 611 0.0067
55 612 0.075
90 612 0.0061
611 612 0.0067
78 613 0.0318
337 614 0.0053
616 615 0.0146
615 616 0.0146
353 617 0.0015
356 618 0.0084
12 619 0.0036
12 620 0.0499
13 620 0.0573
621 620 0.008
13 621 0.0156
620 621 0.008
622 621 0.0102
621 622 0.0102
623 622 0.0078
710 622 0.0093
622 623 0.0078
703 623 0.0024
1112 623 0.0046
133 624 0.0011
369 624 0.0055
625 624 0.0219
624 625 0.0219
124 626 0.0142
493 627 0.0405
628 627 0.0294
671 627 0.0045
414 628 0.0365
627 628 0.0294
631 628 0.0426
414 629 0.0147
414 630 0.0119
628 631 0.0426
187 632 0.0211
188 632 0.0193
633 632 0.0015
506 633 0.0015
632 633 0.0015
1418 633 0.0095
245 634 0.0115
1 635 0.004
415 635 0.0023
505 635 0.0051
1 636 0.0125
1 637 0.0123
437 638 0.007
331 639 0.003
69 640 0.0033
119 640 0.0061
641 640 0.0042
640 641 0.0042
97 642 0.0048
29 643 0.0084
354 643 0.0174
644 643 0.0043
643 644 0.0043
214 645 0.0176
217 646 0.0129
216 647 0.0289
251 648 0.0373
310 648 0.022
968 648 0.0135
979 648 0.107
982 648 0.0065
213 649 0.0565
211 650 0.011
211 651 0.0129
652 651 0.0144
653 651 0.021
651 652 0.0144
212 653 0.0033
588 653 0.0111
651 653 0.021
243 654 0.0097
175 655 0.0042
657 655 0.0021
658 655 0.003
168 656 0.0107
169 656 0.0291
244 656 0.0186
657 656 0.0174
168 657 0.0089
655 657 0.0021
656 657 0.0174
655 658 0.003
160 659 0.005
114 660 0.0129
115 660 0.0098
382 660 0.0182
96 661 0.0165
662 661 0.011
663 661 0.0069
661 662 0.011
661 663 0.0069
94 664 0.0071
665 664 0.0071
666 664 0.0043
66 665 0.0043
664 665 0.0071
666 665 0.0079
67 666 0.0032
664 666 0.0043
665 666 0.0079
38 667 0.01
105 668 0.0078
31 669 0.002
12 670 0.0072
127 670 0.0274
136 670 0.022
1019 670 0.0201
181 671 0.0072
192 671 0.0089
627 671 0.0045
254 672 0.0035
255 673 0.0036
674 673 0.0044
675 673 0.0057
673 674 0.0044
673 675 0.0057
300 676 0.0025
247 677 0.0025
254 678 0.0319
257 679 0.0108
533 680 0.0425
15 681 0.0129
682 681 0.0411
685 681 0.0322
686 681 0.0073
681 682 0.0411
683 682 0.009
1128 682 0.0006
682 683 0.009
684 683 0.0091
1136 683 0.0063
683 684 0.0091
1152 684 0.0631
1154 684 0.0034
681 685 0.0322
686 685 0.0685
698 685 0.0034
681 686 0.0073
685 686 0.0685
687 686 0.002
686 687 0.002
688 687 0.0038
1121 687 0.0027
687 688 0.0038
1114 688 0.0179
1117 688 0.0213
15 689 0.0129
690 689 0.0179
1035 689 0.0022
689 690 0.0179
1023 690 0.0117
1032 690 0.0099
1035 690 0.0046
692 691 0.0052
694 691 0.012
1035 691 0.0098
691 692 0.0052
693 692 0.0315
694 692 0.0113
1107 692 0.0019
692 693 0.0315
1104 693 0.0199
1106 693 0.0015
691 694 0.012
692 694 0.0113
1111 694 0.1008
14 695 0.0045
696 695 0.0589
697 695 0.0114
695 696 0.0589
695 697 0.0114
685 698 0.0034
699 698 0.0049
702 698 0.0176
698 699 0.0049
700 699 0.0029
701 699 0.0152
699 700 0.0029
1109 700 0.0045
1114 700 0.0035
699 701 0.0152
698 702 0.0176
623 703 0.0024
704 703 0.007
706 703 0.0433
703 704 0.007
705 704 0.0091
706 704 0.0161
704 705 0.0091
707 705 0.0022
711 705 0.0017
703 706 0.0433
704 706 0.0161
707 706 0.0604
705 707 0.0022
706 707 0.0604
708 707 0.0079
707 708 0.0079
26 709 0.0025
622 710 0.0093
27 711 0.0028
705 711 0.0017
712 711 0.0037
714 711 0.0054
711 712 0.0037
713 712 0.0127
747 712 0.0128
712 713 0.0127
711 714 0.0054
1151 715 0.0071
42 716 0.0033
717 716 0.0155
728 716 0.0538
716 717 0.0155
718 717 0.0171
725 717 0.0249
717 718 0.0171
719 718 0.063
750 718 0.0083
718 719 0.063
720 719 0.0659
750 719 0.0073
719 720 0.0659
721 720 0.027
723 720 0.0046
720 721 0.027
723 721 0.007
747 721 0.0138
1151 721 0.0161
1147 722 0.0091
1149 722 0.0173
1151 722 0.011
1152 722 0.0222
720 723 0.0046
721 723 0.007
724 723 0.0056
723 724 0.0056
717 725 0.0249
726 725 0.0031
731 725 0.0044
725 726 0.0031
727 726 0.014
1158 726 0.0389
726 727 0.014
716 728 0.0538
729 728 0.0142
737 728 0.0126
754 728 0.0071
728 729 0.0142
730 729 0.0038
736 729 0.004
729 730 0.0038
731 730 0.0183
733 730 0.0013
734 730 0.0062
725 731 0.0044
730 731 0.0183
732 731 0.0023
731 732 0.0023
782 732 0.0056
1161 732 0.0013
730 733 0.0013
730 734 0.0062
735 734 0.0018
736 734 0.0192
742 734 0.0036
734 735 0.0018
729 736 0.004
734 736 0.0192
737 736 0.0057
728 737 0.0126
736 737 0.0057
738 737 0.0122
737 738 0.0122
740 738 0.0101
743 738 0.0088
775 739 0.0063
776 739 0.0254
781 739 0.0136
738 740 0.0101
741 740 0.0028
777 740 0.002
740 741 0.0028
734 742 0.0036
738 743 0.0088
744 743 0.0048
755 743 0.0049
743 744 0.0048
773 745 0.0047
40 746 0.0015
747 746 0.0031
749 746 0.015
750 746 0.0044
712 747 0.0128
721 747 0.0138
746 747 0.0031
40 748 0.002
746 749 0.015
718 750 0.0083
719 750 0.0073
746 750 0.0044
35 751 0.0047
43 751 0.0164
752 751 0.0113
42 752 0.0431
43 752 0.0117
751 752 0.0113
43 753 0.0197
754 753 0.0029
756 753 0.014
728 754 0.0071
753 754 0.0029
755 754 0.0161
743 755 0.0049
754 755 0.0161
757 755 0.0021
753 756 0.014
36 757 0.0024
755 757 0.0021
758 757 0.0118
757 758 0.0118
759 758 0.0015
760 758 0.0023
761 758 0.0042
758 759 0.0015
758 760 0.0023
758 761 0.0042
36 762 0.0024
763 762 0.0053
765 762 0.0157
762 763 0.0053
393 764 0.0016
396 764 0.0048
765 764 0.004
762 765 0.0157
764 765 0.004
766 765 0.0132
765 766 0.0132
392 767 0.0068
768 767 0.0012
769 767 0.0269
778 767 0.0101
767 768 0.0012
772 768 0.0033
1302 768 0.0014
767 769 0.0269
770 769 0.0831
779 769 0.0549
769 770 0.0831
771 770 0.0216
781 770 0.0067
770 771 0.0216
772 771 0.0022
1165 771 0.0005
768 772 0.0033
771 772 0.0022
1167 772 0.0012
745 773 0.0047
774 773 0.0073
777 773 0.0024
778 773 0.0089
773 774 0.0073
775 774 0.0266
776 774 0.0049
739 775 0.0063
774 775 0.0266
780 775 0.0107
739 776 0.0254
774 776 0.0049
777 776 0.0128
740 777 0.002
773 777 0.0024
776 777 0.0128
394 778 0.0007
767 778 0.0101
773 778 0.0089
779 778 0.0173
769 779 0.0549
778 779 0.0173
780 779 0.0091
775 780 0.0107
779 780 0.0091
781 780 0.0054
739 781 0.0136
770 781 0.0067
780 781 0.0054
782 781 0.0023
732 782 0.0056
781 782 0.0023
783 782 0.0258
782 783 0.0258
53 784 0.0109
785 784 0.129
1300 784 0.0064
784 785 0.129
786 785 0.0145
1298 785 0.0089
785 786 0.0145
787 786 0.0024
1297 786 0.0021
786 787 0.0024
53 788 0.0169
789 788 0.0061
792 788 0.0068
788 789 0.0061
790 789 0.0457
792 789 0.0181
800 789 0.0003
380 790 0.0011
789 790 0.0457
791 790 0.0001
790 791 0.0001
381 792 0.0028
788 792 0.0068
789 792 0.0181
378 793 0.0012
794 793 0.0166
797 793 0.0024
793 794 0.0166
795 794 0.0023
796 794 0.0037
794 795 0.0023
794 796 0.0037
793 797 0.0024
381 798 0.0025
52 799 0.0045
53 799 0.009
379 799 0.0011
789 800 0.0003
60 801 0.0002
72 802 0.0011
384 803 0.0007
384 804 0.0005
384 805 0.0007
116 806 0.0046
807 806 0.0039
819 806 0.0007
806 807 0.0039
808 807 0.001
820 807 0.0015
807 808 0.001
809 808 0.0072
821 808 0.0019
808 809 0.0072
810 809 0.0015
811 809 0.0008
821 809 0.002
809 810 0.0015
814 810 0.0029
823 810 0.0073
110 811 0.01
809 811 0.0008
812 811 0.0069
829 811 0.0016
111 812 0.0037
811 812 0.0069
813 812 0.0039
812 813 0.0039
814 813 0.0114
815 813 0.0009
810 814 0.0029
813 814 0.0114
826 814 0.001
813 815 0.0009
111 816 0.0016
817 816 0.0013
839 816 0.0009
816 817 0.0013
116 818 0.0012
806 819 0.0007
807 820 0.0015
808 821 0.0019
809 821 0.002
822 821 0.0039
821 822 0.0039
810 823 0.0073
824 823 0.0005
825 823 0.0011
823 824 0.0005
823 825 0.0011
814 826 0.001
827 826 0.0004
828 826 0.0007
826 827 0.0004
826 828 0.0007
115 829 0.0007
811 829 0.0016
830 829 0.0009
829 830 0.0009
112 831 0.0187
832 831 0.0304
833 831 0.0244
831 832 0.0304
831 833 0.0244
112 834 0.0629
835 834 0.0069
836 834 0.0077
840 834 0.0011
834 835 0.0069
834 836 0.0077
89 837 0.0053
89 838 0.0048
816 839 0.0009
834 840 0.0011
841 840 0.0016
842 840 0.0002
840 841 0.0016
840 842 0.0002
149 843 0.0015
433 844 0.0011
158 845 0.003
158 846 0.0033
150 847 0.0153
427 847 0.0059
848 847 0.0175
847 848 0.0175
157 849 0.0015
161 850 0.0114
157 851 0.0009
165 852 0.0014
853 852 0.0012
857 852 0.0082
852 853 0.0012
854 853 0.004
856 853 0.003
853 854 0.004
856 854 0.004
861 854 0.001
167 855 0.0044
853 856 0.003
854 856 0.004
858 856 0.0009
852 857 0.0082
601 858 0.0041
856 858 0.0009
859 858 0.0063
858 859 0.0063
171 860 0.0284
232 861 0.0023
854 861 0.001
863 861 0.0184
231 862 0.0024
599 862 0.0171
600 862 0.0025
861 863 0.0184
233 864 0.0162
866 865 0.0711
196 866 0.0214
234 866 0.0004
865 866 0.0711
233 867 0.0077
868 867 0.0058
870 867 0.0242
874 867 0.0009
867 868 0.0058
869 868 0.0053
871 868 0.0004
878 868 0.0008
868 869 0.0053
867 870 0.0242
868 871 0.0004
873 872 0.0026
872 873 0.0026
867 874 0.0009
234 875 0.0013
876 875 0.0071
882 875 0.0012
875 876 0.0071
877 876 0.0049
900 876 0.0036
876 877 0.0049
868 878 0.0008
879 878 0.0007
880 878 0.0009
878 879 0.0007
881 879 0.0026
1465 879 0.0059
878 880 0.0009
881 880 0.0019
1170 880 0.0023
879 881 0.0026
880 881 0.0019
1171 881 0.001
1173 881 0.0003
875 882 0.0012
912 882 0.0008
1171 882 0.0017
202 883 0.006
884 883 0.0247
886 883 0.0016
203 884 0.0182
883 884 0.0247
891 884 0.0052
196 885 0.005
886 885 0.0048
888 885 0.0015
883 886 0.0016
885 886 0.0048
887 886 0.0136
886 887 0.0136
196 888 0.0018
885 888 0.0015
897 888 0.0092
1468 889 0.0015
897 890 0.0012
1466 890 0.0094
1468 890 0.0039
884 891 0.0052
893 891 0.0347
1468 891 0.0082
203 892 0.0474
891 893 0.0347
909 893 0.015
911 893 0.0162
895 894 0.0051
894 895 0.0051
896 895 0.0034
911 895 0.0023
895 896 0.0034
888 897 0.0092
890 897 0.0012
898 897 0.0029
897 898 0.0029
899 898 0.0052
902 898 0.0046
898 899 0.0052
901 899 0.0309
902 899 0.0087
876 900 0.0036
901 900 0.0037
912 900 0.0015
899 901 0.0309
900 901 0.0037
903 901 0.0287
1467 901 0.0024
898 902 0.0046
899 902 0.0087
1467 902 0.0082
901 903 0.0287
904 903 0.0027
905 903 0.0096
903 904 0.0027
905 904 0.0046
913 904 0.0077
1180 904 0.0012
903 905 0.0096
904 905 0.0046
906 905 0.0053
905 906 0.0053
907 906 0.0021
914 906 0.0082
906 907 0.0021
908 907 0.002
915 907 0.0374
907 908 0.002
909 908 0.0034
919 908 0.0051
893 909 0.015
908 909 0.0034
910 909 0.0166
909 910 0.0166
893 911 0.0162
895 911 0.0023
1466 911 0.0111
882 912 0.0008
900 912 0.0015
1177 912 0.0031
904 913 0.0077
914 913 0.0049
917 913 0.0135
906 914 0.0082
913 914 0.0049
915 914 0.0043
907 915 0.0374
914 915 0.0043
916 915 0.0394
915 916 0.0394
917 916 0.0048
919 916 0.003
925 916 0.0039
913 917 0.0135
916 917 0.0048
918 917 0.0095
1195 917 0.0011
917 918 0.0095
1182 918 0.0012
1186 918 0.003
908 919 0.0051
916 919 0.003
921 919 0.003
200 920 0.0074
921 920 0.0052
924 920 0.1199
939 920 0.0021
919 921 0.003
920 921 0.0052
922 921 0.0039
921 922 0.0039
923 922 0.0111
934 922 0.0058
922 923 0.0111
926 923 0.02
927 923 0.0048
201 924 0.0653
920 924 0.1199
941 924 0.0242
916 925 0.0039
923 926 0.02
923 927 0.0048
928 927 0.0117
937 927 0.0267
927 928 0.0117
929 928 0.023
938 928 0.0442
928 929 0.023
930 929 0.0035
933 929 0.003
929 930 0.0035
931 930 0.0076
1199 930 0.0012
930 931 0.0076
932 931 0.0102
1202 931 0.0029
931 932 0.0102
929 933 0.003
1202 933 0.0017
1213 933 0.0012
922 934 0.0058
935 934 0.0013
936 934 0.0011
934 935 0.0013
1216 935 0.0008
1227 935 0.0012
934 936 0.0011
1223 936 0.0034
1226 936 0.0029
927 937 0.0267
928 938 0.0442
920 939 0.0021
940 939 0.0027
945 939 0.0097
939 940 0.0027
1233 940 0.0069
1239 940 0.0142
924 941 0.0242
942 941 0.0024
1477 941 0.0071
941 942 0.0024
943 942 0.0017
948 942 0.0021
942 943 0.0017
944 943 0.0051
945 943 0.0044
946 943 0.0183
943 944 0.0051
1237 944 0.0027
1238 944 0.0039
939 945 0.0097
943 945 0.0044
947 945 0.0037
943 946 0.0183
945 947 0.0037
942 948 0.0021
949 948 0.0055
950 948 0.018
948 949 0.0055
952 949 0.0089
958 949 0.0036
1244 949 0.0022
948 950 0.018
951 950 0.0079
954 950 0.0029
950 951 0.0079
952 951 0.0184
953 951 0.0055
949 952 0.0089
951 952 0.0184
953 952 0.0062
959 952 0.0029
951 953 0.0055
952 953 0.0062
954 953 0.0108
959 953 0.0026
950 954 0.0029
953 954 0.0108
955 954 0.0081
954 955 0.0081
956 955 0.0115
1475 955 0.0029
955 956 0.0115
957 956 0.0078
1475 956 0.0037
205 957 0.0081
956 957 0.0078
1473 957 0.002
949 958 0.0036
210 959 0.003
952 959 0.0029
953 959 0.0026
207 960 0.0006
208 960 0.0105
961 960 0.0093
208 961 0.0351
960 961 0.0093
962 961 0.0281
961 962 0.0281
246 963 0.0077
291 964 0.0214
210 965 0.0044
308 965 0.0029
966 965 0.0067
1237 965 0.0046
965 966 0.0067
1245 966 0.0031
1246 966 0.0233
970 967 0.0072
1242 967 0.004
1246 967 0.0173
311 968 0.0365
648 968 0.0135
969 968 0.019
968 969 0.019
970 969 0.0043
974 969 0.0381
967 970 0.0072
969 970 0.0043
971 970 0.0064
1243 970 0.0067
970 971 0.0064
972 971 0.0032
1243 971 0.0082
971 972 0.0032
973 972 0.004
1240 972 0.0043
972 973 0.004
1220 973 0.0047
1241 973 0.0121
312 974 0.0101
969 974 0.0381
975 974 0.0441
308 975 0.0042
974 975 0.0441
1246 975 0.0095
253 976 0.0134
977 976 0.019
1491 976 0.0086
976 977 0.019
978 977 0.0163
1491 977 0.0183
977 978 0.0163
252 979 0.1227
648 979 0.107
980 979 0.0322
979 980 0.0322
981 980 0.0033
982 980 0.0258
980 981 0.0033
984 981 0.0052
987 981 0.0051
648 982 0.0065
980 982 0.0258
983 982 0.004
982 983 0.004
984 983 0.0023
986 983 0.0019
981 984 0.0052
983 984 0.0023
985 984 0.004
984 985 0.004
983 986 0.0019
1234 986 0.0169
1249 986 0.003
1250 986 0.0016
981 987 0.0051
988 987 0.0055
1251 987 0.0065
1260 987 0.0026
987 988 0.0055
1255 988 0.0023
1259 988 0.0017
253 989 0.008
990 989 0.0752
1322 989 0.002
989 990 0.0752
991 990 0.01
992 990 0.0646
990 991 0.01
1262 991 0.014
1494 991 0.007
990 992 0.0646
284 993 0.0278
994 993 0.004
995 993 0.0358
993 994 0.004
993 995 0.0358
1275 995 0.0075
1416 995 0.0058
286 996 0.0055
286 997 0.013
998 997 0.0092
999 997 0.0088
997 998 0.0092
997 999 0.0088
274 1000 0.0041
284 1001 0.008
275 1002 0.0052
529 1003 0.004
462 1004 0.0108
1018 1004 0.0084
1284 1004 0.0097
463 1005 0.0375
1006 1005 0.0391
1016 1005 0.0046
1005 1006 0.0391
1288 1006 0.0203
1293 1006 0.0215
460 1007 0.0039
1009 1007 0.0059
1011 1007 0.0018
140 1008 0.0013
455 1008 0.0038
1009 1008 0.0066
1007 1009 0.0059
1008 1009 0.0066
1010 1009 0.0065
1009 1010 0.0065
463 1011 0.1262
1007 1011 0.0018
1012 1011 0.0183
1011 1012 0.0183
1013 1012 0.0099
1287 1012 0.0058
1012 1013 0.0099
463 1014 0.0054
132 1015 0.1154
1016 1015 0.0039
1029 1015 0.0296
1005 1016 0.0046
1015 1016 0.0039
1017 1016 0.0104
1016 1017 0.0104
1030 1017 0.0238
1293 1017 0.0104
1004 1018 0.0084
127 1019 0.1345
128 1019 0.1096
670 1019 0.0201
1020 1019 0.1792
128 1020 0.0497
1019 1020 0.1792
1021 1020 0.0137
131 1021 0.0081
1020 1021 0.0137
1058 1021 0.0048
128 1022 0.0062
690 1023 0.0117
1024 1023 0.0119
1054 1023 0.1583
1023 1024 0.0119
1025 1024 0.0186
1031 1024 0.0269
1024 1025 0.0186
1026 1025 0.0284
1055 1025 0.0278
1094 1025 0.0115
1025 1026 0.0284
1027 1026 0.1753
1028 1026 0.0468
1026 1027 0.1753
1079 1027 0.0483
1403 1027 0.0098
1026 1028 0.0468
1071 1028 0.012
1082 1028 0.0086
1015 1029 0.0296
1030 1029 0.0146
1048 1029 0.0509
1058 1029 0.0177
1017 1030 0.0238
1029 1030 0.0146
1031 1030 0.006
1024 1031 0.0269
1030 1031 0.006
1293 1031 0.0267
1294 1031 0.022
690 1032 0.0099
1033 1032 0.0066
1044 1032 0.0302
1032 1033 0.0066
1034 1033 0.0139
1039 1033 0.0412
1042 1033 0.0131
1033 1034 0.0139
689 1035 0.0022
690 1035 0.0046
691 1035 0.0098
1036 1035 0.0307
1035 1036 0.0307
1037 1036 0.0085
1038 1036 0.0133
1036 1037 0.0085
1036 1038 0.0133
1033 1039 0.0412
1040 1039 0.0084
1041 1039 0.0107
1039 1040 0.0084
1041 1040 0.0218
1097 1040 0.0292
1111 1040 0.0717
1039 1041 0.0107
1040 1041 0.0218
1095 1041 0.0394
1033 1042 0.0131
1043 1042 0.0217
1045 1042 0.0093
1047 1042 0.0089
1042 1043 0.0217
1032 1044 0.0302
1045 1044 0.0458
1057 1044 0.0045
1042 1045 0.0093
1044 1045 0.0458
1046 1045 0.007
1045 1046 0.007
1083 1046 0.0087
1092 1046 0.0051
1042 1047 0.0089
1029 1048 0.0509
1049 1048 0.0382
1051 1048 0.015
1048 1049 0.0382
1050 1049 0.0057
1051 1049 0.0231
1049 1050 0.0057
1048 1051 0.015
1049 1051 0.0231
1052 1051 0.0141
1053 1051 0.0083
1051 1052 0.0141
1051 1053 0.0083
1023 1054 0.1583
1025 1055 0.0278
1056 1055 0.0147
1294 1055 0.0162
1055 1056 0.0147
1044 1057 0.0045
132 1058 0.1084
1021 1058 0.0048
1029 1058 0.0177
62 1059 0.005
1060 1059 0.0199
1062 1059 0.0063
1059 1060 0.0199
1061 1060 0.0131
1062 1060 0.013
348 1061 0.0015
1060 1061 0.0131
1064 1061 0.0034
93 1062 0.0051
1059 1062 0.0063
1060 1062 0.013
223 1063 0.0034
227 1063 0.0078
499 1063 0.0015
1 1064 0.0052
348 1064 0.0077
349 1064 0.014
1061 1064 0.0034
1 1065 0.0027
352 1065 0.0003
1066 1065 0.0021
1065 1066 0.0021
1 1067 0.0102
177 1067 0.0342
178 1067 0.0193
179 1067 0.0216
1068 1067 0.0288
220 1068 0.008
1067 1068 0.0288
1069 1068 0.01
219 1069 0.0166
499 1069 0.0019
1068 1069 0.01
266 1070 0.0324
267 1070 0.0422
399 1070 0.0342
1028 1071 0.012
1072 1071 0.0015
1090 1071 0.0027
1071 1072 0.0015
1073 1072 0.0289
1093 1072 0.0088
1072 1073 0.0289
1074 1073 0.0033
1078 1073 0.0227
1073 1074 0.0033
1075 1074 0.0215
1090 1074 0.004
1074 1075 0.0215
1076 1075 0.0172
1081 1075 0.0165
1404 1075 0.0246
1075 1076 0.0172
1077 1076 0.0481
1405 1076 0.0294
1076 1077 0.0481
1078 1077 0.011
1400 1077 0.0687
1073 1078 0.0227
1077 1078 0.011
1340 1078 0.1074
1027 1079 0.0483
1080 1079 0.0065
1334 1079 0.0052
1079 1080 0.0065
1081 1080 0.0093
1335 1080 0.0179
1075 1081 0.0165
1080 1081 0.0093
1090 1081 0.0313
1028 1082 0.0086
1083 1082 0.0081
1085 1082 0.0087
1046 1083 0.0087
1082 1083 0.0081
1084 1083 0.0136
1083 1084 0.0136
1082 1085 0.0087
1086 1085 0.0023
1087 1085 0.0036
1085 1086 0.0023
1085 1087 0.0036
1088 1087 0.0158
1089 1087 0.0081
1087 1088 0.0158
1087 1089 0.0081
1071 1090 0.0027
1074 1090 0.004
1081 1090 0.0313
1091 1090 0.0119
1090 1091 0.0119
1046 1092 0.0051
1093 1092 0.0057
1108 1092 0.0166
1072 1093 0.0088
1092 1093 0.0057
1353 1093 0.004
1025 1094 0.0115
1041 1095 0.0394
1096 1095 0.0035
1097 1095 0.0127
1095 1096 0.0035
1355 1096 0.0038
1360 1096 0.0023
1040 1097 0.0292
1095 1097 0.0127
1098 1097 0.0383
1104 1097 0.0211
1111 1097 0.0158
1097 1098 0.0383
1099 1098 0.0073
1102 1098 0.0021
1098 1099 0.0073
1100 1099 0.003
1103 1099 0.0018
1099 1100 0.003
1101 1100 0.0148
1360 1100 0.0049
1100 1101 0.0148
1098 1102 0.0021
1099 1103 0.0018
693 1104 0.0199
1097 1104 0.0211
1105 1104 0.0146
1104 1105 0.0146
693 1106 0.0015
1119 1106 0.014
1361 1106 0.0008
692 1107 0.0019
1092 1108 0.0166
700 1109 0.0045
1110 1109 0.0088
1120 1109 0.003
1109 1110 0.0088
694 1111 0.1008
1040 1111 0.0717
1097 1111 0.0158
13 1112 0.0409
14 1112 0.0575
623 1112 0.0046
126 1113 0.0372
127 1113 0.0147
130 1113 0.0082
688 1114 0.0179
700 1114 0.0035
1115 1114 0.0293
1114 1115 0.0293
1116 1115 0.0096
1117 1115 0.0333
1115 1116 0.0096
688 1117 0.0213
1115 1117 0.0333
1118 1117 0.0116
1117 1118 0.0116
1106 1119 0.014
1365 1119 0.0014
1425 1119 0.0019
1109 1120 0.003
1122 1120 0.0052
1366 1120 0.0038
687 1121 0.0027
1122 1121 0.01
1126 1121 0.0029
1120 1122 0.0052
1121 1122 0.01
1123 1122 0.0104
1122 1123 0.0104
1124 1123 0.0045
1131 1123 0.0082
1123 1124 0.0045
1125 1124 0.0106
1127 1124 0.004
1124 1125 0.0106
1129 1125 0.0083
1134 1125 0.0299
1121 1126 0.0029
1127 1126 0.0023
1130 1126 0.0036
1124 1127 0.004
1126 1127 0.0023
1128 1127 0.0186
682 1128 0.0006
1127 1128 0.0186
1129 1128 0.0037
1125 1129 0.0083
1128 1129 0.0037
1139 1129 0.0105
1384 1129 0.0034
1126 1130 0.0036
1123 1131 0.0082
1132 1131 0.0057
1133 1131 0.0043
1131 1132 0.0057
1426 1132 0.0069
1431 1132 0.0059
1131 1133 0.0043
1125 1134 0.0299
1135 1134 0.0397
1428 1134 0.0213
1134 1135 0.0397
1378 1135 0.0146
1427 1135 0.0123
683 1136 0.0063
1137 1136 0.0131
1141 1136 0.0013
1136 1137 0.0131
1138 1137 0.0153
1139 1137 0.0288
1137 1138 0.0153
1142 1138 0.0039
1159 1138 0.0107
1129 1139 0.0105
1137 1139 0.0288
1140 1139 0.0016
1139 1140 0.0016
1136 1141 0.0013
1138 1142 0.0039
1143 1142 0.0106
1159 1142 0.0121
1142 1143 0.0106
1144 1143 0.0027
1145 1143 0.0027
1146 1143 0.003
1143 1144 0.0027
1143 1145 0.0027
1143 1146 0.003
722 1147 0.0091
1151 1148 0.0132
722 1149 0.0173
1151 1150 0.0051
715 1151 0.0071
721 1151 0.0161
722 1151 0.011
1148 1151 0.0132
1150 1151 0.0051
684 1152 0.0631
722 1152 0.0222
1154 1152 0.0026
1154 1153 0.0011
1155 1153 0.0041
1158 1153 0.0083
1159 1153 0.0029
684 1154 0.0034
1152 1154 0.0026
1153 1154 0.0011
1153 1155 0.0041
1156 1155 0.0018
1157 1155 0.0021
1163 1155 0.0014
1155 1156 0.0018
1155 1157 0.0021
726 1158 0.0389
1153 1158 0.0083
1160 1158 0.0055
1138 1159 0.0107
1142 1159 0.0121
1153 1159 0.0029
1158 1160 0.0055
732 1161 0.0013
1162 1161 0.0123
1303 1161 0.0038
1161 1162 0.0123
1163 1162 0.0059
1308 1162 0.0055
1155 1163 0.0014
1162 1163 0.0059
1164 1163 0.004
1163 1164 0.004
1308 1164 0.0047
1309 1164 0.0015
1380 1164 0.0028
771 1165 0.0005
1166 1165 0.0098
1303 1165 0.0019
1165 1166 0.0098
772 1167 0.0012
170 1168 0.012
241 1168 0.0017
1169 1168 0.0034
171 1169 0.0033
599 1169 0.0059
600 1169 0.0091
1168 1169 0.0034
880 1170 0.0023
881 1171 0.001
882 1171 0.0017
1172 1171 0.0021
1171 1172 0.0021
1175 1172 0.0033
1179 1172 0.0006
881 1173 0.0003
1174 1173 0.0011
1175 1173 0.0005
1173 1174 0.0011
1172 1175 0.0033
1173 1175 0.0005
1393 1175 0.0001
1177 1176 0.0036
912 1177 0.0031
1176 1177 0.0036
1178 1177 0.0017
1177 1178 0.0017
1172 1179 0.0006
1180 1179 0.0009
1392 1179 0.0
904 1180 0.0012
1179 1180 0.0009
1181 1180 0.0003
1180 1181 0.0003
918 1182 0.0012
1183 1182 0.0022
1184 1182 0.0049
1182 1183 0.0022
1185 1183 0.0007
1394 1183 0.0005
1182 1184 0.0049
1183 1185 0.0007
918 1186 0.003
1187 1186 0.0011
1192 1186 0.002
1195 1186 0.0034
1186 1187 0.0011
1188 1187 0.0065
1190 1187 0.001
1187 1188 0.0065
1189 1188 0.0012
1191 1188 0.0027
1188 1189 0.0012
1187 1190 0.001
1188 1191 0.0027
1186 1192 0.002
1193 1192 0.0144
1195 1192 0.0013
1192 1193 0.0144
1194 1193 0.0008
1196 1193 0.0014
1193 1194 0.0008
917 1195 0.0011
1186 1195 0.0034
1192 1195 0.0013
1193 1196 0.0014
1197 1196 0.0045
1198 1196 0.0038
1196 1197 0.0045
1196 1198 0.0038
930 1199 0.0012
1202 1200 0.0082
1203 1200 0.0385
1204 1200 0.0112
1206 1201 0.0027
931 1202 0.0029
933 1202 0.0017
1200 1202 0.0082
1209 1202 0.0015
1200 1203 0.0385
1204 1203 0.006
1207 1203 0.0041
1200 1204 0.0112
1203 1204 0.006
1205 1204 0.007
1204 1205 0.007
1201 1206 0.0027
1203 1207 0.0041
1208 1207 0.0042
1389 1207 0.001
1207 1208 0.0042
1211 1208 0.0029
1391 1208 0.0076
1202 1209 0.0015
1210 1209 0.0044
1211 1209 0.0034
1209 1210 0.0044
1211 1210 0.0164
1249 1210 0.0015
1208 1211 0.0029
1209 1211 0.0034
1210 1211 0.0164
1212 1211 0.0354
1211 1212 0.0354
933 1213 0.0012
1214 1213 0.0148
1222 1213 0.0058
1481 1213 0.0621
1213 1214 0.0148
1215 1214 0.0062
1217 1214 0.0151
1214 1215 0.0062
1218 1215 0.0034
1234 1215 0.0024
935 1216 0.0008
1217 1216 0.0046
1232 1216 0.0072
1214 1217 0.0151
1216 1217 0.0046
1218 1217 0.0105
1215 1218 0.0034
1217 1218 0.0105
1219 1218 0.0062
1234 1218 0.0404
1218 1219 0.0062
1220 1219 0.0063
1234 1219 0.0032
973 1220 0.0047
1219 1220 0.0063
1225 1220 0.0018
1481 1221 0.0055
1213 1222 0.0058
936 1223 0.0034
1225 1224 0.007
1226 1224 0.005
1233 1224 0.0015
1220 1225 0.0018
1224 1225 0.007
1231 1225 0.0016
936 1226 0.0029
1224 1226 0.005
1231 1226 0.0045
935 1227 0.0012
1228 1227 0.0062
1229 1227 0.0032
1227 1228 0.0062
1229 1228 0.0066
1231 1228 0.0023
1227 1229 0.0032
1228 1229 0.0066
1230 1229 0.0058
1229 1230 0.0058
1225 1231 0.0016
1226 1231 0.0045
1228 1231 0.0023
1216 1232 0.0072
940 1233 0.0069
1224 1233 0.0015
1241 1233 0.0018
986 1234 0.0169
1215 1234 0.0024
1218 1234 0.0404
1219 1234 0.0032
210 1235 0.0052
1236 1235 0.0072
1244 1235 0.0047
1235 1236 0.0072
1237 1236 0.0169
1244 1236 0.0093
944 1237 0.0027
965 1237 0.0046
1236 1237 0.0169
1238 1237 0.0069
944 1238 0.0039
1237 1238 0.0069
1245 1238 0.0073
940 1239 0.0142
1240 1239 0.0023
1242 1239 0.0079
972 1240 0.0043
1239 1240 0.0023
1241 1240 0.0076
973 1241 0.0121
1233 1241 0.0018
1240 1241 0.0076
967 1242 0.004
1239 1242 0.0079
1243 1242 0.0121
970 1243 0.0067
971 1243 0.0082
1242 1243 0.0121
949 1244 0.0022
1235 1244 0.0047
1236 1244 0.0093
966 1245 0.0031
1238 1245 0.0073
1247 1245 0.009
966 1246 0.0233
967 1246 0.0173
975 1246 0.0095
1247 1246 0.0073
1245 1247 0.009
1246 1247 0.0073
1248 1247 0.0039
1247 1248 0.0039
986 1249 0.003
1210 1249 0.0015
1250 1249 0.0039
986 1250 0.0016
1249 1250 0.0039
1386 1250 0.0014
1388 1250 0.0019
987 1251 0.0065
1252 1251 0.0076
1261 1251 0.0047
1251 1252 0.0076
1253 1252 0.0022
1485 1252 0.0016
1252 1253 0.0022
1254 1253 0.0159
1485 1253 0.0073
1253 1254 0.0159
1310 1254 0.1135
1315 1254 0.0213
988 1255 0.0023
1256 1255 0.015
1258 1255 0.005
1255 1256 0.015
1257 1256 0.0324
1316 1256 0.0052
1256 1257 0.0324
1314 1257 0.0021
1317 1257 0.0076
1255 1258 0.005
988 1259 0.0017
987 1260 0.0026
1318 1260 0.0013
1319 1260 0.0032
1251 1261 0.0047
991 1262 0.014
1320 1262 0.0052
1493 1262 0.0029
264 1263 0.0212
1264 1263 0.0062
1268 1263 0.0068
1495 1263 0.0021
1263 1264 0.0062
1265 1264 0.0052
1266 1264 0.0052
1264 1265 0.0052
1264 1266 0.0052
260 1267 0.0069
1263 1268 0.0068
1269 1268 0.0079
1270 1268 0.0033
1268 1269 0.0079
1268 1270 0.0033
255 1271 0.017
256 1271 0.0625
1541 1271 0.0142
262 1272 0.0205
1273 1272 0.0174
1277 1272 0.0196
1541 1272 0.0515
1272 1273 0.0174
1274 1273 0.0307
1423 1273 0.008
1273 1274 0.0307
1279 1274 0.027
1282 1274 0.0384
1499 1274 0.0439
1503 1274 0.036
1505 1274 0.0476
995 1275 0.0075
1276 1275 0.0074
1278 1275 0.0025
1275 1276 0.0074
1277 1276 0.0124
1278 1276 0.0099
1272 1277 0.0196
1276 1277 0.0124
1278 1277 0.0089
1275 1278 0.0025
1276 1278 0.0099
1277 1278 0.0089
1274 1279 0.027
263 1280 0.0085
1281 1280 0.0462
1423 1280 0.0096
1280 1281 0.0462
1282 1281 0.0169
1323 1281 0.0071
1274 1282 0.0384
1281 1282 0.0169
1497 1282 0.0429
1498 1282 0.0409
1506 1283 0.0056
1004 1284 0.0097
1285 1284 0.0816
1286 1284 0.0391
1333 1284 0.005
1284 1285 0.0816
1329 1285 0.0034
1330 1285 0.0066
1284 1286 0.0391
1012 1287 0.0058
1006 1288 0.0203
1289 1288 0.0086
1290 1288 0.013
1288 1289 0.0086
1288 1290 0.013
1291 1290 0.0112
1292 1290 0.0113
1290 1291 0.0112
1290 1292 0.0113
1006 1293 0.0215
1017 1293 0.0104
1031 1293 0.0267
1031 1294 0.022
1055 1294 0.0162
1295 1294 0.0094
1294 1295 0.0094
462 1296 0.0038
786 1297 0.0021
785 1298 0.0089
1299 1298 0.0054
1300 1298 0.0167
1298 1299 0.0054
784 1300 0.0064
1298 1300 0.0167
1301 1300 0.0056
1300 1301 0.0056
768 1302 0.0014
1161 1303 0.0038
1165 1303 0.0019
1304 1303 0.0
1303 1304 0.0
1305 1304 0.0
1307 1304 0.0013
1308 1304 0.0046
1304 1305 0.0
1306 1305 0.0001
1307 1305 0.0001
1305 1306 0.0001
1307 1306 0.004
1375 1306 0.0
1376 1306 0.0098
1304 1307 0.0013
1305 1307 0.0001
1306 1307 0.004
1372 1307 0.0028
1162 1308 0.0055
1164 1308 0.0047
1304 1308 0.0046
1164 1309 0.0015
1254 1310 0.1135
1311 1310 0.0125
1313 1310 0.0245
1310 1311 0.0125
1312 1311 0.0854
1313 1311 0.0583
1311 1312 0.0854
1313 1312 0.0147
1395 1312 0.0034
1310 1313 0.0245
1311 1313 0.0583
1312 1313 0.0147
1317 1313 0.0028
1257 1314 0.0021
1254 1315 0.0213
1256 1316 0.0052
1317 1316 0.0131
1488 1316 0.0022
1257 1317 0.0076
1313 1317 0.0028
1316 1317 0.0131
1399 1317 0.0059
1260 1318 0.0013
1260 1319 0.0032
1262 1320 0.0052
1321 1320 0.0055
1490 1320 0.0023
1320 1321 0.0055
1489 1321 0.0023
1540 1321 0.0019
989 1322 0.002
1281 1323 0.0071
1324 1323 0.0102
1496 1323 0.0027
1323 1324 0.0102
142 1325 0.0123
1327 1325 0.0025
1507 1325 0.0075
1509 1326 0.0254
1325 1327 0.0025
142 1328 0.0046
1285 1329 0.0034
1285 1330 0.0066
1331 1330 0.0055
1332 1330 0.0067
1330 1331 0.0055
1330 1332 0.0067
1284 1333 0.005
1079 1334 0.0052
1080 1335 0.0179
1336 1335 0.0166
1337 1335 0.04
1335 1336 0.0166
1335 1337 0.04
1338 1337 0.0109
1339 1337 0.0099
1337 1338 0.0109
1337 1339 0.0099
1078 1340 0.1074
1341 1340 0.0286
1344 1340 0.1477
1340 1341 0.0286
1342 1341 0.0145
1343 1341 0.0038
1341 1342 0.0145
1400 1342 0.0047
1414 1342 0.0071
1341 1343 0.0038
1345 1343 0.0416
1435 1343 0.0007
1340 1344 0.1477
1345 1344 0.0115
1350 1344 0.0033
1351 1344 0.0187
1343 1345 0.0416
1344 1345 0.0115
1346 1345 0.0101
1345 1346 0.0101
1347 1346 0.0205
1348 1346 0.0157
1349 1346 0.0103
1346 1347 0.0205
1346 1348 0.0157
1346 1349 0.0103
1344 1350 0.0033
1344 1351 0.0187
1352 1351 0.002
1353 1351 0.0259
1351 1352 0.002
1093 1353 0.004
1351 1353 0.0259
1354 1353 0.0057
1353 1354 0.0057
1096 1355 0.0038
1356 1355 0.0041
1357 1355 0.0039
1358 1355 0.0048
1359 1355 0.0018
1355 1356 0.0041
1355 1357 0.0039
1355 1358 0.0048
1355 1359 0.0018
1096 1360 0.0023
1100 1360 0.0049
1364 1360 0.0012
1106 1361 0.0008
1362 1361 0.0011
1363 1361 0.0036
1361 1362 0.0011
1361 1363 0.0036
1360 1364 0.0012
1119 1365 0.0014
1120 1366 0.0038
1367 1366 0.0024
1431 1366 0.0049
1432 1366 0.005
1366 1367 0.0024
1368 1367 0.0107
1370 1367 0.0062
1367 1368 0.0107
1369 1368 0.0123
1370 1368 0.0296
1368 1369 0.0123
1371 1369 0.0105
1373 1369 0.0062
1377 1369 0.0069
1424 1369 0.002
1367 1370 0.0062
1368 1370 0.0296
1430 1370 0.0034
1369 1371 0.0105
1372 1371 0.0077
1431 1371 0.003
1307 1372 0.0028
1371 1372 0.0077
1373 1372 0.0159
1379 1372 0.0114
1369 1373 0.0062
1372 1373 0.0159
1376 1373 0.0168
1377 1374 0.0021
1306 1375 0.0
1306 1376 0.0098
1373 1376 0.0168
1377 1376 0.0057
1369 1377 0.0069
1374 1377 0.0021
1376 1377 0.0057
1135 1378 0.0146
1379 1378 0.0097
1383 1378 0.0063
1427 1378 0.0173
1372 1379 0.0114
1378 1379 0.0097
1380 1379 0.0076
1164 1380 0.0028
1379 1380 0.0076
1381 1380 0.0079
1380 1381 0.0079
1382 1381 0.0085
1383 1381 0.0217
1381 1382 0.0085
1378 1383 0.0063
1381 1383 0.0217
1384 1383 0.0048
1129 1384 0.0034
1383 1384 0.0048
1385 1384 0.0065
1384 1385 0.0065
1250 1386 0.0014
1387 1386 0.0049
1391 1386 0.0061
1386 1387 0.0049
1250 1388 0.0019
1207 1389 0.001
1390 1389 0.0167
1391 1389 0.0413
1389 1390 0.0167
1208 1391 0.0076
1386 1391 0.0061
1389 1391 0.0413
1179 1392 0.0
1175 1393 0.0001
1183 1394 0.0005
1312 1395 0.0034
1396 1395 0.0978
1512 1395 0.0065
1395 1396 0.0978
1397 1396 0.0434
1398 1396 0.0521
1396 1397 0.0434
1396 1398 0.0521
1533 1398 0.1659
1536 1398 0.0213
1317 1399 0.0059
1077 1400 0.0687
1342 1400 0.0047
1401 1400 0.0026
1407 1400 0.0198
1400 1401 0.0026
1402 1401 0.01
1413 1401 0.0282
1401 1402 0.01
1437 1402 0.0091
1449 1402 0.0019
1027 1403 0.0098
1075 1404 0.0246
1405 1404 0.1502
1434 1404 0.0179
1076 1405 0.0294
1404 1405 0.1502
1406 1405 0.1462
1407 1405 0.0572
1405 1406 0.1462
1408 1406 0.1051
1433 1406 0.0092
1400 1407 0.0198
1405 1407 0.0572
1408 1407 0.0803
1411 1407 0.0258
1406 1408 0.1051
1407 1408 0.0803
1409 1408 0.0449
1408 1409 0.0449
1410 1409 0.0275
1411 1409 0.0851
1409 1410 0.0275
1412 1410 0.1452
1433 1410 0.0407
1407 1411 0.0258
1409 1411 0.0851
1412 1411 0.0262
1410 1412 0.1452
1411 1412 0.0262
1413 1412 0.0403
1401 1413 0.0282
1412 1413 0.0403
1433 1413 0.1164
1342 1414 0.0071
1415 1414 0.004
1463 1414 0.0023
1414 1415 0.004
995 1416 0.0058
1417 1416 0.0134
1506 1416 0.0532
1416 1417 0.0134
418 1418 0.0099
506 1418 0.0013
633 1418 0.0095
145 1419 0.0068
420 1419 0.0033
485 1419 0.0034
107 1420 0.0024
108 1420 0.0249
1421 1420 0.0031
1420 1421 0.0031
264 1422 0.0017
263 1423 0.0084
1273 1423 0.008
1280 1423 0.0096
1369 1424 0.002
1425 1424 0.0066
1430 1424 0.0056
1119 1425 0.0019
1424 1425 0.0066
1430 1425 0.0097
1132 1426 0.0069
1427 1426 0.0063
1431 1426 0.0138
1135 1427 0.0123
1378 1427 0.0173
1426 1427 0.0063
1428 1427 0.0059
1134 1428 0.0213
1427 1428 0.0059
1429 1428 0.0053
1428 1429 0.0053
1370 1430 0.0034
1424 1430 0.0056
1425 1430 0.0097
1132 1431 0.0059
1366 1431 0.0049
1371 1431 0.003
1426 1431 0.0138
1366 1432 0.005
1406 1433 0.0092
1410 1433 0.0407
1413 1433 0.1164
1404 1434 0.0179
1343 1435 0.0007
1436 1435 0.0046
1438 1435 0.0012
1435 1436 0.0046
1445 1436 0.0039
1461 1436 0.0039
1402 1437 0.0091
1516 1437 0.0019
1537 1437 0.0075
1435 1438 0.0012
1439 1438 0.0015
1442 1438 0.0015
1438 1439 0.0015
1440 1439 0.0011
1441 1439 0.0051
1450 1439 0.0003
1439 1440 0.0011
1451 1440 0.0117
1456 1440 0.0013
1439 1441 0.0051
1438 1442 0.0015
1443 1442 0.0036
1444 1442 0.003
1442 1443 0.0036
1442 1444 0.003
1436 1445 0.0039
1446 1445 0.0032
1447 1445 0.0027
1448 1445 0.0029
1445 1446 0.0032
1445 1447 0.0027
1445 1448 0.0029
1402 1449 0.0019
1439 1450 0.0003
1440 1451 0.0117
1452 1451 0.0015
1457 1451 0.0013
1451 1452 0.0015
1453 1452 0.0133
1454 1452 0.0027
1452 1453 0.0133
1452 1454 0.0027
1455 1454 0.0019
1458 1454 0.0036
1454 1455 0.0019
1440 1456 0.0013
1457 1456 0.0066
1460 1456 0.0018
1451 1457 0.0013
1456 1457 0.0066
1458 1457 0.0038
1454 1458 0.0036
1457 1458 0.0038
1459 1458 0.0126
1458 1459 0.0126
1456 1460 0.0018
1436 1461 0.0039
1462 1461 0.0094
1463 1461 0.0045
1461 1462 0.0094
1414 1463 0.0023
1461 1463 0.0045
1464 1463 0.0094
1463 1464 0.0094
879 1465 0.0059
890 1466 0.0094
911 1466 0.0111
1467 1466 0.0036
901 1467 0.0024
902 1467 0.0082
1466 1467 0.0036
889 1468 0.0015
890 1468 0.0039
891 1468 0.0082
1469 1468 0.0012
1470 1468 0.0016
1468 1469 0.0012
1468 1470 0.0016
201 1471 0.0336
1472 1471 0.0317
1477 1471 0.0052
1471 1472 0.0317
1473 1472 0.0063
1474 1472 0.0138
205 1473 0.0027
957 1473 0.002
1472 1473 0.0063
1472 1474 0.0138
1475 1474 0.011
1476 1474 0.0019
955 1475 0.0029
956 1475 0.0037
1474 1475 0.011
1474 1476 0.0019
941 1477 0.0071
1471 1477 0.0052
1478 1477 0.0044
1477 1478 0.0044
259 1479 0.0053
260 1479 0.0076
1480 1479 0.0088
1479 1480 0.0088
1213 1481 0.0621
1221 1481 0.0055
1482 1481 0.0056
1481 1482 0.0056
1483 1482 0.0043
1484 1482 0.0044
1482 1483 0.0043
1482 1484 0.0044
1252 1485 0.0016
1253 1485 0.0073
1486 1485 0.0086
1487 1485 0.009
1485 1486 0.0086
1485 1487 0.009
1316 1488 0.0022
1321 1489 0.0023
1320 1490 0.0023
976 1491 0.0086
977 1491 0.0183
1492 1491 0.0023
1491 1492 0.0023
1262 1493 0.0029
991 1494 0.007
1263 1495 0.0021
1323 1496 0.0027
1282 1497 0.0429
1282 1498 0.0409
1274 1499 0.0439
1500 1499 0.0539
1501 1499 0.0639
1502 1499 0.0481
1499 1500 0.0539
1499 1501 0.0639
1499 1502 0.0481
1274 1503 0.036
1504 1503 0.0413
1505 1503 0.045
1503 1504 0.0413
1274 1505 0.0476
1503 1505 0.045
1506 1505 0.1789
1283 1506 0.0056
1416 1506 0.0532
1505 1506 0.1789
1325 1507 0.0075
1508 1507 0.0119
1509 1507 0.0155
1507 1508 0.0119
1326 1509 0.0254
1507 1509 0.0155
1510 1509 0.0978
1511 1509 0.0371
1509 1510 0.0978
1509 1511 0.0371
1395 1512 0.0065
1513 1512 0.0078
1515 1512 0.0859
1512 1513 0.0078
1514 1513 0.0032
1520 1513 0.0053
1522 1513 0.0074
1513 1514 0.0032
1512 1515 0.0859
1516 1515 0.008
1524 1515 0.02
1437 1516 0.0019
1515 1516 0.008
1517 1516 0.0147
1516 1517 0.0147
1518 1517 0.0209
1520 1517 0.0259
1517 1518 0.0209
1519 1518 0.0015
1523 1518 0.0086
1518 1519 0.0015
1513 1520 0.0053
1517 1520 0.0259
1521 1520 0.0026
1520 1521 0.0026
1513 1522 0.0074
1518 1523 0.0086
1515 1524 0.02
1525 1524 0.0023
1526 1524 0.0055
1524 1525 0.0023
1524 1526 0.0055
1527 1526 0.0022
1528 1526 0.0074
1526 1527 0.0022
1526 1528 0.0074
1529 1528 0.0033
1530 1528 0.013
1528 1529 0.0033
1528 1530 0.013
1531 1530 0.0059
1532 1530 0.0094
1530 1531 0.0059
1530 1532 0.0094
1398 1533 0.1659
1534 1533 0.0169
1535 1533 0.0132
1533 1534 0.0169
1533 1535 0.0132
1398 1536 0.0213
1437 1537 0.0075
1538 1537 0.0081
1539 1537 0.0244
1537 1538 0.0081
1537 1539 0.0244
1321 1540 0.0019
262 1541 0.035
1271 1541 0.0142
1272 1541 0.0515
