2 1 0.006
3 1 0.0042
18 1 0.0007
19 1 0.0048
43 1 0.0008
49 1 0.0036
57 1 0.0074
64 1 0.0147
65 1 0.0007
68 1 0.0141
83 1 0.0013
96 1 0.0122
103 1 0.0128
104 1 0.0013
153 1 0.0048
169 1 0.0124
172 1 0.0061
173 1 0.0113
219 1 0.0113
263 1 0.0128
270 1 0.0124
291 1 0.0136
297 1 0.0118
298 1 0.011
303 1 0.0112
352 1 0.0089
431 1 0.0116
437 1 0.0073
438 1 0.0091
439 1 0.011
544 1 0.0029
545 1 0.0083
553 1 0.0119
554 1 0.0042
1213 1 0.0142
1214 1 0.0073
1521 1 0.0076
1 2 0.006
3 2 0.0021
7 2 0.0036
1 3 0.0042
2 3 0.0021
4 3 0.0016
543 3 0.0009
3 4 0.0016
5 4 0.0021
42 4 0.0047
4 5 0.0021
6 5 0.001
521 5 0.0013
5 6 0.001
519 6 0.0004
520 6 0.001
523 6 0.001
1188 6 0.0033
2 7 0.0036
8 7 0.0006
9 7 0.0108
7 8 0.0006
7 9 0.0108
10 9 0.0033
15 9 0.0044
9 10 0.0033
11 10 0.0156
15 10 0.0165
10 11 0.0156
12 11 0.0047
36 11 0.0027
11 12 0.0047
13 12 0.012
36 12 0.0011
12 13 0.012
14 13 0.0045
556 13 0.001
13 14 0.0045
556 14 0.0064
596 14 0.0008
9 15 0.0044
10 15 0.0165
16 15 0.0009
15 16 0.0009
17 16 0.0036
43 16 0.0011
16 17 0.0036
18 17 0.0006
19 17 0.0006
35 17 0.003
43 17 0.0021
1 18 0.0007
17 18 0.0006
19 18 0.019
1 19 0.0048
17 19 0.0006
18 19 0.019
20 19 0.0282
19 20 0.0282
22 20 0.0051
27 20 0.0031
22 21 0.0019
45 21 0.0009
859 21 0.0001
20 22 0.0051
21 22 0.0019
23 22 0.0016
22 23 0.0016
24 23 0.0022
26 23 0.0003
23 24 0.0022
25 24 0.0001
52 24 0.002
61 24 0.0023
558 24 0.0016
559 24 0.0009
24 25 0.0001
47 25 0.001
48 25 0.0008
23 26 0.0003
20 27 0.0031
28 27 0.0105
33 27 0.0006
1189 27 0.0013
27 28 0.0105
32 28 0.0049
34 28 0.0124
38 28 0.002
34 29 0.0165
39 29 0.0287
40 29 0.0029
31 30 0.0154
39 30 0.0031
579 30 0.0086
30 31 0.0154
578 31 0.0029
579 31 0.0185
28 32 0.0049
33 32 0.0044
34 32 0.0009
27 33 0.0006
32 33 0.0044
590 33 0.0005
28 34 0.0124
29 34 0.0165
32 34 0.0009
17 35 0.003
36 35 0.0117
37 35 0.0007
11 36 0.0027
12 36 0.0011
35 36 0.0117
35 37 0.0007
28 38 0.002
29 39 0.0287
30 39 0.0031
40 39 0.0021
29 40 0.0029
39 40 0.0021
41 40 0.0007
40 41 0.0007
576 41 0.0008
577 41 0.001
4 42 0.0047
1 43 0.0008
16 43 0.0011
17 43 0.0021
44 43 0.0029
43 44 0.0029
21 45 0.0009
46 45 0.0004
857 45 0.0001
45 46 0.0004
25 47 0.001
25 48 0.0008
1 49 0.0036
50 49 0.0215
63 49 0.001
49 50 0.0215
51 50 0.0186
59 50 0.0042
50 51 0.0186
52 51 0.0044
55 51 0.0064
61 51 0.0016
24 52 0.002
51 52 0.0044
53 52 0.002
52 53 0.002
54 53 0.0111
55 53 0.003
53 54 0.0111
55 54 0.0046
56 54 0.0063
51 55 0.0064
53 55 0.003
54 55 0.0046
54 56 0.0063
1 57 0.0074
58 57 0.0012
59 57 0.0063
57 58 0.0012
50 59 0.0042
57 59 0.0063
60 59 0.0038
59 60 0.0038
24 61 0.0023
51 61 0.0016
62 61 0.0014
61 62 0.0014
855 62 0.0005
857 62 0.0004
49 63 0.001
1 64 0.0147
1 65 0.0007
67 66 0.0007
66 67 0.0007
75 67 0.0069
76 67 0.0148
1 68 0.0141
69 68 0.0215
95 68 0.01
68 69 0.0215
70 69 0.0107
83 69 0.0138
95 69 0.0318
69 70 0.0107
71 70 0.0017
83 70 0.0417
93 70 0.003
70 71 0.0017
72 71 0.0011
75 71 0.0055
91 71 0.0011
71 72 0.0011
73 72 0.0018
89 72 0.0012
72 73 0.0018
74 73 0.0018
75 73 0.0127
86 73 0.0006
92 73 0.0004
73 74 0.0018
85 74 0.0014
87 74 0.0006
67 75 0.0069
71 75 0.0055
73 75 0.0127
67 76 0.0148
77 76 0.0017
82 76 0.0025
856 76 0.0007
76 77 0.0017
78 77 0.0007
80 77 0.0003
77 78 0.0007
79 78 0.0003
84 78 0.0009
78 79 0.0003
77 80 0.0003
81 80 0.0009
82 80 0.0005
854 80 0.0002
80 81 0.0009
76 82 0.0025
80 82 0.0005
855 82 0.0002
1 83 0.0013
69 83 0.0138
70 83 0.0417
78 84 0.0009
74 85 0.0014
88 85 0.0005
841 85 0.0004
842 85 0.0068
73 86 0.0006
87 86 0.0006
1190 86 0.0005
74 87 0.0006
86 87 0.0006
88 87 0.0019
85 88 0.0005
87 88 0.0019
848 88 0.0004
72 89 0.0012
90 89 0.0026
94 89 0.0023
89 90 0.0026
94 90 0.0006
1190 90 0.0002
71 91 0.0011
73 92 0.0004
70 93 0.003
94 93 0.0003
95 93 0.003
89 94 0.0023
90 94 0.0006
93 94 0.0003
68 95 0.01
69 95 0.0318
93 95 0.003
1 96 0.0122
97 96 0.1198
99 96 0.017
103 96 0.124
96 97 0.1198
98 97 0.0709
103 97 0.0917
97 98 0.0709
99 98 0.0254
104 98 0.0301
96 99 0.017
98 99 0.0254
100 99 0.0102
99 100 0.0102
101 100 0.0048
111 100 0.009
100 101 0.0048
102 101 0.0018
120 101 0.0014
101 102 0.0018
113 102 0.0054
119 102 0.0074
121 102 0.0003
563 102 0.0003
1 103 0.0128
96 103 0.124
97 103 0.0917
1 104 0.0013
98 104 0.0301
105 104 0.0048
159 104 0.006
104 105 0.0048
106 105 0.0106
160 105 0.0012
105 106 0.0106
107 106 0.0563
150 106 0.0011
106 107 0.0563
108 107 0.0083
147 107 0.01
107 108 0.0083
109 108 0.0017
111 108 0.0032
108 109 0.0017
110 109 0.0058
111 109 0.0685
142 109 0.001
109 110 0.0058
126 110 0.0006
134 110 0.0045
560 110 0.0007
100 111 0.009
108 111 0.0032
109 111 0.0685
112 111 0.0233
111 112 0.0233
102 113 0.0054
114 113 0.0056
562 113 0.0016
113 114 0.0056
115 114 0.0049
118 114 0.0013
114 115 0.0049
116 115 0.0318
123 115 0.0003
115 116 0.0318
117 116 0.0067
118 116 0.0033
1519 116 0.008
1520 116 0.0015
116 117 0.0067
130 117 0.0025
861 117 0.0007
114 118 0.0013
116 118 0.0033
133 118 0.0005
1191 118 0.011
102 119 0.0074
101 120 0.0014
102 121 0.0003
122 121 0.0033
126 121 0.0005
121 122 0.0033
123 122 0.0014
124 122 0.0001
115 123 0.0003
122 123 0.0014
129 123 0.0003
122 124 0.0001
125 124 0.0288
127 124 0.0095
129 124 0.0006
833 124 0.0004
124 125 0.0288
136 125 0.006
1200 125 0.0132
110 126 0.0006
121 126 0.0005
127 126 0.002
128 126 0.0046
124 127 0.0095
126 127 0.002
128 127 0.007
126 128 0.0046
127 128 0.007
1199 128 0.0017
123 129 0.0003
124 129 0.0006
1194 129 0.001
117 130 0.0025
132 130 0.001
834 130 0.0024
1151 130 0.0005
132 131 0.0027
1196 131 0.0035
1519 131 0.0549
130 132 0.001
131 132 0.0027
1195 132 0.0037
1197 132 0.0049
118 133 0.0005
860 133 0.0065
1190 133 0.001
110 134 0.0045
135 134 0.0053
139 134 0.0455
134 135 0.0053
137 135 0.001
1199 135 0.0253
125 136 0.006
830 136 0.001
831 136 0.0041
1200 136 0.0133
135 137 0.001
138 137 0.0031
141 137 0.0005
137 138 0.0031
1199 138 0.0008
1202 138 0.0013
134 139 0.0455
140 139 0.0032
827 139 0.0017
139 140 0.0032
141 140 0.0004
1204 140 0.0014
137 141 0.0005
140 141 0.0004
1203 141 0.0015
109 142 0.001
143 142 0.0003
144 142 0.0004
142 143 0.0003
142 144 0.0004
145 144 0.0012
146 144 0.001
144 145 0.0012
144 146 0.001
107 147 0.01
148 147 0.0006
151 147 0.0212
147 148 0.0006
149 148 0.0013
151 148 0.0018
148 149 0.0013
106 150 0.0011
151 150 0.0206
160 150 0.0029
147 151 0.0212
148 151 0.0018
150 151 0.0206
152 151 0.0216
157 151 0.0024
151 152 0.0216
193 152 0.0003
196 152 0.0219
1205 152 0.0235
1 153 0.0048
154 153 0.0334
158 153 0.012
153 154 0.0334
155 154 0.0097
161 154 0.002
165 154 0.0201
154 155 0.0097
156 155 0.0804
158 155 0.0054
164 155 0.0065
155 156 0.0804
157 156 0.0027
159 156 0.0033
205 156 0.0203
151 157 0.0024
156 157 0.0027
189 157 0.0047
153 158 0.012
155 158 0.0054
159 158 0.0419
104 159 0.006
156 159 0.0033
158 159 0.0419
160 159 0.0018
105 160 0.0012
150 160 0.0029
159 160 0.0018
154 161 0.002
162 161 0.0014
164 161 0.0019
174 161 0.0026
161 162 0.0014
164 162 0.0031
183 162 0.0005
184 162 0.0055
184 163 0.0023
155 164 0.0065
161 164 0.0019
162 164 0.0031
201 164 0.0008
203 164 0.0136
154 165 0.0201
167 165 0.0158
170 165 0.0037
171 165 0.0054
167 166 0.007
165 167 0.0158
166 167 0.007
168 167 0.003
167 168 0.003
169 168 0.0033
171 168 0.0086
1 169 0.0124
168 169 0.0033
170 169 0.0066
165 170 0.0037
169 170 0.0066
171 170 0.0041
165 171 0.0054
168 171 0.0086
170 171 0.0041
1 172 0.0061
1 173 0.0113
174 173 0.0105
221 173 0.0011
161 174 0.0026
173 174 0.0105
175 174 0.0191
174 175 0.0191
176 175 0.0251
177 175 0.0112
175 176 0.0251
177 176 0.0301
180 176 0.0019
175 177 0.0112
176 177 0.0301
178 177 0.007
177 178 0.007
179 178 0.0059
218 178 0.0004
178 179 0.0059
208 179 0.0029
217 179 0.0009
229 179 0.0017
176 180 0.0019
181 180 0.0007
182 180 0.0007
180 181 0.0007
185 181 0.0007
206 181 0.0006
180 182 0.0007
162 183 0.0005
162 184 0.0055
163 184 0.0023
565 184 0.0005
181 185 0.0007
186 185 0.0006
215 185 0.0023
185 186 0.0006
187 186 0.0055
826 186 0.0008
186 187 0.0055
188 187 0.0057
207 187 0.0027
187 188 0.0057
210 188 0.0004
817 188 0.0043
1204 188 0.0014
1210 188 0.0012
157 189 0.0047
190 189 0.0026
196 189 0.0022
198 189 0.0017
205 189 0.0012
189 190 0.0026
191 190 0.0104
1206 190 0.0193
190 191 0.0104
192 191 0.0012
193 191 0.0007
195 191 0.0019
191 192 0.0012
152 193 0.0003
191 193 0.0007
194 193 0.0111
193 194 0.0111
191 195 0.0019
197 195 0.0021
1205 195 0.0025
1206 195 0.0028
152 196 0.0219
189 196 0.0022
1205 196 0.0208
195 197 0.0021
189 198 0.0017
199 198 0.0023
200 198 0.0027
203 198 0.0015
198 199 0.0023
200 199 0.0175
825 199 0.0016
198 200 0.0027
199 200 0.0175
201 200 0.0051
825 200 0.0017
164 201 0.0008
200 201 0.0051
202 201 0.0011
201 202 0.0011
164 203 0.0136
198 203 0.0015
204 203 0.0006
205 203 0.0171
203 204 0.0006
156 205 0.0203
189 205 0.0012
203 205 0.0171
181 206 0.0006
207 206 0.0003
1207 206 0.0006
187 207 0.0027
206 207 0.0003
811 207 0.0022
1207 207 0.0021
179 208 0.0029
209 208 0.0211
213 208 0.0006
208 209 0.0211
210 209 0.0023
212 209 0.0016
188 210 0.0004
209 210 0.0023
211 210 0.0094
210 211 0.0094
814 211 0.0042
816 211 0.0022
818 211 0.0002
209 212 0.0016
806 212 0.0019
807 212 0.0017
809 212 0.0019
208 213 0.0006
214 213 0.0007
803 213 0.0003
213 214 0.0007
185 215 0.0023
216 215 0.001
825 215 0.0357
215 216 0.001
179 217 0.0009
800 217 0.0042
803 217 0.0008
178 218 0.0004
228 218 0.0058
801 218 0.0007
1 219 0.0113
220 219 0.0128
261 219 0.002
219 220 0.0128
221 220 0.001
238 220 0.0073
173 221 0.0011
220 221 0.001
244 221 0.0267
223 222 0.0092
239 222 0.014
244 222 0.0372
222 223 0.0092
224 223 0.0053
226 223 0.0112
234 223 0.0155
223 224 0.0053
225 224 0.0053
245 224 0.0016
224 225 0.0053
246 225 0.0005
247 225 0.0006
223 226 0.0112
227 226 0.0033
233 226 0.0008
226 227 0.0033
228 227 0.0012
230 227 0.0013
218 228 0.0058
227 228 0.0012
802 228 0.0007
179 229 0.0017
800 229 0.0061
801 229 0.0011
227 230 0.0013
231 230 0.0029
232 230 0.0007
230 231 0.0029
799 231 0.0015
804 231 0.0008
230 232 0.0007
226 233 0.0008
223 234 0.0155
235 234 0.004
237 234 0.0088
234 235 0.004
236 235 0.0058
774 235 0.0024
235 236 0.0058
779 236 0.0118
789 236 0.0044
799 236 0.0008
234 237 0.0088
220 238 0.0073
239 238 0.0912
244 238 0.0017
222 239 0.014
238 239 0.0912
240 239 0.0093
261 239 0.0587
239 240 0.0093
241 240 0.002
248 240 0.0484
261 240 0.0055
262 240 0.0651
240 241 0.002
242 241 0.0032
243 241 0.0034
241 242 0.0032
241 243 0.0034
221 244 0.0267
222 244 0.0372
238 244 0.0017
224 245 0.0016
225 246 0.0005
225 247 0.0006
240 248 0.0484
249 248 0.0211
1227 248 0.0011
248 249 0.0211
250 249 0.0382
259 249 0.0062
249 250 0.0382
251 250 0.006
252 250 0.0231
250 251 0.006
754 251 0.0062
773 251 0.0005
774 251 0.0002
250 252 0.0231
253 252 0.0011
259 252 0.0031
751 252 0.0008
252 253 0.0011
254 253 0.0047
260 253 0.0054
253 254 0.0047
255 254 0.0039
258 254 0.001
260 254 0.0027
314 254 0.0007
315 254 0.0003
254 255 0.0039
256 255 0.002
257 255 0.0041
748 255 0.0004
255 256 0.002
742 256 0.0006
753 256 0.0013
255 257 0.0041
752 257 0.0011
753 257 0.0014
254 258 0.001
249 259 0.0062
252 259 0.0031
260 259 0.002
253 260 0.0054
254 260 0.0027
259 260 0.002
1227 260 0.0007
219 261 0.002
239 261 0.0587
240 261 0.0055
262 261 0.0385
264 261 0.0088
1212 261 0.0192
240 262 0.0651
261 262 0.0385
264 262 0.0214
1 263 0.0128
270 263 0.0956
1212 263 0.0119
261 264 0.0088
262 264 0.0214
265 264 0.0217
278 264 0.0102
1211 264 0.0151
264 265 0.0217
266 265 0.007
278 265 0.0042
314 265 0.0014
265 266 0.007
267 266 0.0508
280 266 0.0066
266 267 0.0508
268 267 0.0109
280 267 0.0122
281 267 0.0056
314 267 0.0023
267 268 0.0109
269 268 0.0072
289 268 0.0012
268 269 0.0072
315 269 0.0011
317 269 0.0051
1 270 0.0124
263 270 0.0956
271 270 0.0186
270 271 0.0186
272 271 0.0146
278 271 0.0013
293 271 0.0055
1211 271 0.032
1214 271 0.0176
271 272 0.0146
273 272 0.0095
280 272 0.016
293 272 0.0244
272 273 0.0095
274 273 0.0018
293 273 0.0048
273 274 0.0018
275 274 0.0051
306 274 0.0041
309 274 0.0013
274 275 0.0051
276 275 0.003
284 275 0.0174
294 275 0.0077
275 276 0.003
277 276 0.0568
284 276 0.0052
305 276 0.0357
276 277 0.0568
305 277 0.0041
337 277 0.0033
386 277 0.0021
264 278 0.0102
265 278 0.0042
271 278 0.0013
279 278 0.0039
278 279 0.0039
266 280 0.0066
267 280 0.0122
272 280 0.016
281 280 0.0018
267 281 0.0056
280 281 0.0018
282 281 0.0076
281 282 0.0076
283 282 0.0032
311 282 0.0015
282 283 0.0032
275 284 0.0174
276 284 0.0052
285 284 0.0452
336 284 0.0177
342 284 0.0012
284 285 0.0452
286 285 0.0062
306 285 0.0213
285 286 0.0062
287 286 0.0051
312 286 0.0006
286 287 0.0051
288 287 0.0011
327 287 0.0041
287 288 0.0011
289 288 0.0073
323 288 0.0008
268 289 0.0012
288 289 0.0073
290 289 0.0097
323 289 0.0018
289 290 0.0097
1 291 0.0136
292 291 0.0106
1213 291 0.071
1214 291 0.0252
291 292 0.0106
293 292 0.007
295 292 0.0527
271 293 0.0055
272 293 0.0244
273 293 0.0048
292 293 0.007
294 293 0.0048
296 293 0.0145
275 294 0.0077
293 294 0.0048
301 294 0.0014
292 295 0.0527
296 295 0.1244
1213 295 0.0682
293 296 0.0145
295 296 0.1244
297 296 0.0266
1 297 0.0118
296 297 0.0266
298 297 0.065
1 298 0.011
297 298 0.065
299 298 0.0187
303 298 0.0318
298 299 0.0187
300 299 0.0144
304 299 0.0027
299 300 0.0144
301 300 0.0013
302 300 0.0081
294 301 0.0014
300 301 0.0013
302 301 0.0045
300 302 0.0081
301 302 0.0045
305 302 0.0386
1 303 0.0112
298 303 0.0318
304 303 0.0743
299 304 0.0027
303 304 0.0743
305 304 0.0488
276 305 0.0357
277 305 0.0041
302 305 0.0386
304 305 0.0488
274 306 0.0041
285 306 0.0213
307 306 0.0026
306 307 0.0026
308 307 0.0019
313 307 0.0006
307 308 0.0019
309 308 0.0023
351 308 0.0008
274 309 0.0013
308 309 0.0023
310 309 0.0013
309 310 0.0013
282 311 0.0015
286 312 0.0006
307 313 0.0006
254 314 0.0007
265 314 0.0014
267 314 0.0023
1227 314 0.0026
254 315 0.0003
269 315 0.0011
316 315 0.0015
315 316 0.0015
734 316 0.0001
742 316 0.0075
269 317 0.0051
318 317 0.009
321 317 0.008
317 318 0.009
319 318 0.0013
321 318 0.0049
318 319 0.0013
320 319 0.0032
324 319 0.0017
319 320 0.0032
326 320 0.0015
348 320 0.0036
349 320 0.0013
317 321 0.008
318 321 0.0049
322 321 0.0007
741 321 0.0014
321 322 0.0007
730 322 0.0022
734 322 0.0093
288 323 0.0008
289 323 0.0018
324 323 0.0042
319 324 0.0017
323 324 0.0042
325 324 0.0103
343 324 0.004
324 325 0.0103
326 325 0.0025
344 325 0.0012
320 326 0.0015
325 326 0.0025
348 326 0.0016
287 327 0.0041
328 327 0.0022
336 327 0.0093
327 328 0.0022
329 328 0.0011
343 328 0.0012
328 329 0.0011
330 329 0.0022
331 329 0.0019
344 329 0.0021
329 330 0.0022
331 330 0.0012
335 330 0.0152
329 331 0.0019
330 331 0.0012
332 331 0.0024
334 331 0.0016
331 332 0.0024
333 332 0.0127
341 332 0.0103
345 332 0.0063
348 332 0.0298
332 333 0.0127
334 333 0.0224
340 333 0.0086
331 334 0.0016
333 334 0.0224
335 334 0.0441
342 334 0.0008
330 335 0.0152
334 335 0.0441
336 335 0.011
284 336 0.0177
327 336 0.0093
335 336 0.011
277 337 0.0033
342 337 0.0024
381 337 0.0046
383 337 0.0017
386 337 0.0028
339 338 0.0017
380 338 0.0027
383 338 0.0025
1232 338 0.0044
338 339 0.0017
340 339 0.0028
1233 339 0.0018
333 340 0.0086
339 340 0.0028
341 340 0.0021
1234 340 0.0033
332 341 0.0103
340 341 0.0021
350 341 0.0031
284 342 0.0012
334 342 0.0008
337 342 0.0024
324 343 0.004
328 343 0.0012
344 343 0.004
325 344 0.0012
329 344 0.0021
343 344 0.004
332 345 0.0063
346 345 0.0108
568 345 0.0027
728 345 0.0023
1236 345 0.0031
345 346 0.0108
347 346 0.0595
567 346 0.0023
346 347 0.0595
701 347 0.0011
703 347 0.0317
320 348 0.0036
326 348 0.0016
332 348 0.0298
349 348 0.0025
320 349 0.0013
348 349 0.0025
730 349 0.0005
341 350 0.0031
1239 350 0.0014
1241 350 0.0038
308 351 0.0008
1 352 0.0089
353 352 0.0615
359 352 0.0157
352 353 0.0615
354 353 0.0127
387 353 0.0014
353 354 0.0127
355 354 0.0134
359 354 0.2288
387 354 0.0027
354 355 0.0134
356 355 0.0143
366 355 0.0067
355 356 0.0143
357 356 0.0115
387 356 0.0027
356 357 0.0115
358 357 0.0107
366 357 0.0015
357 358 0.0107
372 358 0.0049
396 358 0.006
573 358 0.0018
352 359 0.0157
354 359 0.2288
360 359 0.037
382 359 0.0135
359 360 0.037
361 360 0.0159
379 360 0.0788
360 361 0.0159
362 361 0.0109
569 361 0.001
1242 361 0.0033
361 362 0.0109
363 362 0.0247
1233 362 0.001
362 363 0.0247
364 363 0.0024
376 363 0.0496
1237 363 0.0014
363 364 0.0024
365 364 0.0442
566 364 0.012
571 364 0.003
364 365 0.0442
368 365 0.0522
572 365 0.0064
687 365 0.0107
979 365 0.0362
355 366 0.0067
357 366 0.0015
367 366 0.0052
372 366 0.0009
1242 366 0.0031
366 367 0.0052
368 367 0.0029
370 367 0.005
365 368 0.0522
367 368 0.0029
369 368 0.0245
1470 368 0.0042
368 369 0.0245
683 369 0.0084
686 369 0.0038
367 370 0.005
371 370 0.0025
374 370 0.0022
370 371 0.0025
681 371 0.0053
682 371 0.0061
358 372 0.0049
366 372 0.0009
573 372 0.0019
374 373 0.0019
375 373 0.0016
573 373 0.0039
370 374 0.0022
373 374 0.0019
375 374 0.008
373 375 0.0016
374 375 0.008
682 375 0.0092
363 376 0.0496
377 376 0.0009
1234 376 0.0035
376 377 0.0009
378 377 0.0023
1234 377 0.0096
377 378 0.0023
360 379 0.0788
380 379 0.0017
382 379 0.0082
1235 379 0.0015
338 380 0.0027
379 380 0.0017
384 380 0.0015
1235 380 0.0037
337 381 0.0046
382 381 0.0045
384 381 0.0022
359 382 0.0135
379 382 0.0082
381 382 0.0045
384 382 0.004
386 382 0.0015
337 383 0.0017
338 383 0.0025
384 383 0.0015
385 383 0.0076
380 384 0.0015
381 384 0.0022
382 384 0.004
383 384 0.0015
383 385 0.0076
277 386 0.0021
337 386 0.0028
382 386 0.0015
353 387 0.0014
354 387 0.0027
356 387 0.0027
388 387 0.0015
387 388 0.0015
390 389 0.1137
438 389 0.0836
441 389 0.0026
389 390 0.1137
391 390 0.0422
397 390 0.0232
390 391 0.0422
392 391 0.0044
402 391 0.006
440 391 0.0031
391 392 0.0044
393 392 0.0014
396 392 0.0007
403 392 0.0078
411 392 0.0432
392 393 0.0014
394 393 0.0009
395 393 0.0008
393 394 0.0009
393 395 0.0008
358 396 0.006
392 396 0.0007
574 396 0.0017
390 397 0.0232
398 397 0.049
417 397 0.002
437 397 0.0027
397 398 0.049
399 398 0.0045
402 398 0.0457
398 399 0.0045
400 399 0.0128
404 399 0.0144
406 399 0.0097
399 400 0.0128
405 400 0.0013
420 400 0.015
409 401 0.0039
412 401 0.0069
420 401 0.064
1226 401 0.0093
391 402 0.006
398 402 0.0457
403 402 0.0038
392 403 0.0078
402 403 0.0038
411 403 0.0046
399 404 0.0144
405 404 0.0074
418 404 0.0092
1215 404 0.0096
400 405 0.0013
404 405 0.0074
419 405 0.0543
676 405 0.0089
399 406 0.0097
408 407 0.0022
411 407 0.0021
575 407 0.004
679 407 0.0044
407 408 0.0022
409 408 0.0299
1246 408 0.002
401 409 0.0039
408 409 0.0299
678 409 0.003
574 410 0.0009
392 411 0.0432
403 411 0.0046
407 411 0.0021
401 412 0.0069
413 412 0.0059
415 412 0.0025
412 413 0.0059
414 413 0.0355
416 413 0.0127
413 414 0.0355
1247 414 0.0136
1249 414 0.0175
412 415 0.0025
422 415 0.0016
1221 415 0.0083
1226 415 0.0336
413 416 0.0127
426 416 0.0133
975 416 0.0085
1221 416 0.0224
1222 416 0.019
1247 416 0.1221
397 417 0.002
442 417 0.0051
1215 417 0.0197
404 418 0.0092
419 418 0.0202
424 418 0.0593
1215 418 0.0224
405 419 0.0543
418 419 0.0202
422 419 0.0026
676 419 0.0126
400 420 0.015
401 420 0.064
421 420 0.0024
420 421 0.0024
676 421 0.003
1226 421 0.0081
415 422 0.0016
419 422 0.0026
423 422 0.0019
422 423 0.0019
418 424 0.0593
448 424 0.0006
449 424 0.0252
426 425 0.0061
427 425 0.0226
451 425 0.0379
416 426 0.0133
425 426 0.0061
673 426 0.0094
674 426 0.0068
1221 426 0.0091
425 427 0.0226
428 427 0.0146
430 427 0.0095
427 428 0.0146
429 428 0.0271
453 428 0.0051
462 428 0.025
428 429 0.0271
453 429 0.0687
462 429 0.0271
427 430 0.0095
1 431 0.0116
432 431 0.0728
433 431 0.0124
431 432 0.0728
433 432 0.041
436 432 0.0998
431 433 0.0124
432 433 0.041
434 433 0.0216
436 433 0.0611
482 433 0.0028
433 434 0.0216
435 434 0.011
442 434 0.0007
482 434 0.0099
434 435 0.011
474 435 0.0525
479 435 0.0095
432 436 0.0998
433 436 0.0611
487 436 0.0036
554 436 0.0763
1 437 0.0073
397 437 0.0027
439 437 0.0257
1 438 0.0091
389 438 0.0836
439 438 0.0522
1 439 0.011
437 439 0.0257
438 439 0.0522
391 440 0.0031
389 441 0.0026
417 442 0.0051
434 442 0.0007
443 442 0.0078
461 442 0.0103
442 443 0.0078
444 443 0.0019
445 443 0.0021
470 443 0.0007
471 443 0.0045
443 444 0.0019
570 444 0.0077
1225 444 0.0076
443 445 0.0021
452 445 0.0073
1223 445 0.0018
447 446 0.0014
451 446 0.0016
452 446 0.0064
455 446 0.0008
1223 446 0.0011
446 447 0.0014
424 448 0.0006
450 448 0.0027
452 448 0.0178
424 449 0.0252
450 449 0.0071
451 449 0.0268
448 450 0.0027
449 450 0.0071
451 450 0.0053
425 451 0.0379
446 451 0.0016
449 451 0.0268
450 451 0.0053
445 452 0.0073
446 452 0.0064
448 452 0.0178
428 453 0.0051
429 453 0.0687
454 453 0.0657
453 454 0.0657
455 454 0.0194
463 454 0.041
446 455 0.0008
454 455 0.0194
1220 455 0.0067
1224 455 0.0162
457 456 0.0788
464 456 0.0132
1225 456 0.0255
456 457 0.0788
458 457 0.0104
468 457 0.0036
1216 457 0.017
457 458 0.0104
459 458 0.0478
498 458 0.0948
458 459 0.0478
460 459 0.0654
470 459 0.0034
459 460 0.0654
461 460 0.015
471 460 0.0015
496 460 0.0264
442 461 0.0103
460 461 0.015
474 461 0.0919
490 461 0.0017
428 462 0.025
429 462 0.0271
465 462 0.002
669 462 0.0217
672 462 0.0212
454 463 0.041
456 464 0.0132
654 464 0.0304
1220 464 0.0079
462 465 0.002
466 465 0.0141
467 465 0.0435
1220 465 0.0161
465 466 0.0141
657 466 0.0067
658 466 0.0029
465 467 0.0435
469 467 0.0038
654 467 0.0024
457 468 0.0036
469 468 0.0108
654 468 0.0806
467 469 0.0038
468 469 0.0108
655 469 0.0282
443 470 0.0007
459 470 0.0034
471 470 0.0031
443 471 0.0045
460 471 0.0015
470 471 0.0031
473 472 0.001
490 472 0.0127
496 472 0.0044
472 473 0.001
435 474 0.0525
461 474 0.0919
475 474 0.008
474 475 0.008
476 475 0.0012
477 475 0.0005
475 476 0.0012
477 476 0.0045
479 476 0.0006
485 476 0.001
486 476 0.0008
475 477 0.0005
476 477 0.0045
478 477 0.0016
477 478 0.0016
435 479 0.0095
476 479 0.0006
480 479 0.0008
479 480 0.0008
481 480 0.001
484 480 0.0013
485 480 0.001
480 481 0.001
484 481 0.009
486 481 0.0014
502 481 0.0078
433 482 0.0028
434 482 0.0099
483 482 0.0305
539 482 0.0041
482 483 0.0305
484 483 0.0113
540 483 0.002
480 484 0.0013
481 484 0.009
483 484 0.0113
476 485 0.001
480 485 0.001
486 485 0.0015
476 486 0.0008
481 486 0.0014
485 486 0.0015
436 487 0.0036
488 487 0.0018
514 487 0.0377
487 488 0.0018
489 488 0.0097
539 488 0.0039
488 489 0.0097
512 489 0.0007
540 489 0.001
461 490 0.0017
472 490 0.0127
491 490 0.0011
490 491 0.0011
492 491 0.0012
493 491 0.0006
491 492 0.0012
493 492 0.0037
498 492 0.0006
491 493 0.0006
492 493 0.0037
494 493 0.0009
495 493 0.0006
493 494 0.0009
493 495 0.0006
460 496 0.0264
472 496 0.0044
497 496 0.0007
496 497 0.0007
458 498 0.0948
492 498 0.0006
1216 498 0.0388
500 499 0.0047
501 499 0.0072
1216 499 0.0132
499 500 0.0047
506 500 0.0055
507 500 0.0073
499 501 0.0072
481 502 0.0078
503 502 0.0055
511 502 0.001
502 503 0.0055
504 503 0.0122
510 503 0.0003
503 504 0.0122
505 504 0.0004
513 504 0.0007
504 505 0.0004
500 506 0.0055
500 507 0.0073
508 507 0.0163
509 507 0.0142
507 508 0.0163
627 508 0.007
628 508 0.0044
507 509 0.0142
635 509 0.0334
653 509 0.0002
503 510 0.0003
623 510 0.0024
626 510 0.0005
502 511 0.001
489 512 0.0007
504 513 0.0007
487 514 0.0377
515 514 0.0055
541 514 0.0076
514 515 0.0055
516 515 0.0026
522 515 0.0029
515 516 0.0026
517 516 0.0355
536 516 0.0693
516 517 0.0355
518 517 0.0066
533 517 0.0226
517 518 0.0066
519 518 0.0008
536 518 0.001
6 519 0.0004
518 519 0.0008
520 519 0.0051
6 520 0.001
519 520 0.0051
534 520 0.0004
1188 520 0.0159
5 521 0.0013
598 521 0.0011
600 521 0.0015
515 522 0.0029
523 522 0.0006
526 522 0.0027
6 523 0.001
522 523 0.0006
524 523 0.001
538 523 0.0005
523 524 0.001
525 524 0.0061
530 524 0.002
524 525 0.0061
526 525 0.0023
530 525 0.0006
531 525 0.0016
522 526 0.0027
525 526 0.0023
527 526 0.001
531 526 0.0035
526 527 0.001
528 527 0.0006
531 527 0.0018
527 528 0.0006
529 528 0.0008
532 528 0.004
528 529 0.0008
530 529 0.0004
541 529 0.0028
542 529 0.003
524 530 0.002
525 530 0.0006
529 530 0.0004
525 531 0.0016
526 531 0.0035
527 531 0.0018
528 532 0.004
517 533 0.0226
534 533 0.0449
613 533 0.0025
520 534 0.0004
533 534 0.0449
535 534 0.0013
534 535 0.0013
516 536 0.0693
518 536 0.001
537 536 0.0004
536 537 0.0004
523 538 0.0005
482 539 0.0041
488 539 0.0039
540 539 0.0086
483 540 0.002
489 540 0.001
539 540 0.0086
514 541 0.0076
529 541 0.0028
542 541 0.0032
529 542 0.003
541 542 0.0032
543 542 0.006
547 542 0.0014
3 543 0.0009
542 543 0.006
544 543 0.0009
546 543 0.001
1 544 0.0029
543 544 0.0009
545 544 0.0026
1 545 0.0083
544 545 0.0026
546 545 0.0009
548 545 0.0137
551 545 0.1453
543 546 0.001
545 546 0.0009
547 546 0.001
542 547 0.0014
546 547 0.001
548 547 0.0009
545 548 0.0137
547 548 0.0009
549 548 0.0107
548 549 0.0107
550 549 0.0279
555 549 0.0442
549 550 0.0279
551 550 0.0677
555 550 0.0442
545 551 0.1453
550 551 0.0677
552 551 0.0974
551 552 0.0974
553 552 0.0071
1521 552 0.0248
1 553 0.0119
552 553 0.0071
1521 553 0.0037
1 554 0.0042
436 554 0.0763
555 554 0.0018
549 555 0.0442
550 555 0.0442
554 555 0.0018
13 556 0.001
14 556 0.0064
557 556 0.0026
556 557 0.0026
24 558 0.0016
24 559 0.0009
110 560 0.0007
561 560 0.0005
564 560 0.0009
560 561 0.0005
113 562 0.0016
102 563 0.0003
560 564 0.0009
184 565 0.0005
364 566 0.012
567 566 0.0038
568 566 0.0077
346 567 0.0023
566 567 0.0038
702 567 0.0014
1236 567 0.0426
345 568 0.0027
566 568 0.0077
1236 568 0.0015
1239 568 0.0034
361 569 0.001
1232 569 0.0014
1235 569 0.0017
444 570 0.0077
1223 570 0.015
1224 570 0.0109
364 571 0.003
700 571 0.0061
702 571 0.0011
365 572 0.0064
692 572 0.0255
700 572 0.1624
358 573 0.0018
372 573 0.0019
373 573 0.0039
396 574 0.0017
410 574 0.0009
575 574 0.0006
407 575 0.004
574 575 0.0006
1244 575 0.0061
41 576 0.0008
41 577 0.001
31 578 0.0029
30 579 0.0086
31 579 0.0185
580 579 0.0498
588 579 0.0158
579 580 0.0498
581 580 0.0005
582 580 0.0007
583 580 0.0005
580 581 0.0005
580 582 0.0007
580 583 0.0005
584 583 0.0001
587 583 0.0025
583 584 0.0001
585 584 0.0013
1163 584 0.0002
584 585 0.0013
586 585 0.0011
606 585 0.0139
865 585 0.0001
585 586 0.0011
587 586 0.0139
612 586 0.0006
583 587 0.0025
586 587 0.0139
588 587 0.0077
579 588 0.0158
587 588 0.0077
589 588 0.0006
588 589 0.0006
605 589 0.0011
608 589 0.0019
33 590 0.0005
591 590 0.0004
595 590 0.0029
590 591 0.0004
592 591 0.0021
603 591 0.0003
591 592 0.0021
593 592 0.0134
602 592 0.0003
592 593 0.0134
594 593 0.0021
604 593 0.0005
593 594 0.0021
590 595 0.0029
14 596 0.0008
597 596 0.0034
603 596 0.0013
596 597 0.0034
598 597 0.0014
602 597 0.0014
521 598 0.0011
597 598 0.0014
599 598 0.0015
602 598 0.0011
598 599 0.0015
600 599 0.0019
604 599 0.004
521 600 0.0015
599 600 0.0019
601 600 0.001
600 601 0.001
604 601 0.0011
605 601 0.0213
592 602 0.0003
597 602 0.0014
598 602 0.0011
603 602 0.002
591 603 0.0003
596 603 0.0013
602 603 0.002
593 604 0.0005
599 604 0.004
601 604 0.0011
589 605 0.0011
601 605 0.0213
1188 605 0.0045
585 606 0.0139
864 606 0.0006
866 606 0.0039
1164 606 0.0026
872 607 0.0016
1163 607 0.0008
1164 607 0.005
589 608 0.0019
609 608 0.0021
867 608 0.0002
608 609 0.0021
610 609 0.0029
611 609 0.0031
609 610 0.0029
616 610 0.0225
874 610 0.0039
609 611 0.0031
873 611 0.0007
874 611 0.0018
586 612 0.0006
865 612 0.0044
869 612 0.0009
533 613 0.0025
614 613 0.0084
620 613 0.0011
613 614 0.0084
615 614 0.0029
619 614 0.0015
614 615 0.0029
616 615 0.0007
618 615 0.0008
610 616 0.0225
615 616 0.0007
618 616 0.001
1187 616 0.0097
883 617 0.0045
887 617 0.0028
1187 617 0.0023
615 618 0.0008
616 618 0.001
621 618 0.0002
614 619 0.0015
613 620 0.0011
621 620 0.0037
899 620 0.0003
618 621 0.0002
620 621 0.0037
622 621 0.0079
886 621 0.0017
621 622 0.0079
895 622 0.0012
897 622 0.0003
510 623 0.0024
624 623 0.0012
910 623 0.0006
623 624 0.0012
625 624 0.0038
905 624 0.0011
624 625 0.0038
905 625 0.0046
909 625 0.0003
510 626 0.0005
630 626 0.001
637 626 0.0005
508 627 0.007
628 627 0.0147
630 627 0.0018
508 628 0.0044
627 628 0.0147
629 628 0.0084
628 629 0.0084
630 629 0.0027
633 629 0.0025
626 630 0.001
627 630 0.0018
629 630 0.0027
631 630 0.0003
630 631 0.0003
632 631 0.0005
637 631 0.0005
639 631 0.0004
631 632 0.0005
633 632 0.0009
641 632 0.0013
629 633 0.0025
632 633 0.0009
634 633 0.0096
633 634 0.0096
635 634 0.0089
640 634 0.0028
509 635 0.0334
634 635 0.0089
636 635 0.0046
635 636 0.0046
648 636 0.0083
652 636 0.0064
626 637 0.0005
631 637 0.0005
914 637 0.0005
639 638 0.0009
631 639 0.0004
638 639 0.0009
641 639 0.0018
634 640 0.0028
641 640 0.003
646 640 0.0015
648 640 0.0005
632 641 0.0013
639 641 0.0018
640 641 0.003
642 641 0.0279
641 642 0.0279
643 642 0.02
916 642 0.0002
642 643 0.02
644 643 0.0011
645 643 0.0009
643 644 0.0011
914 644 0.0011
915 644 0.0004
643 645 0.0009
640 646 0.0015
647 646 0.0032
925 646 0.0002
646 647 0.0032
922 647 0.0042
1217 647 0.0012
636 648 0.0083
640 648 0.0005
649 648 0.0172
648 649 0.0172
650 649 0.0074
651 649 0.0149
924 649 0.0018
649 650 0.0074
934 650 0.001
937 650 0.0036
649 651 0.0149
926 651 0.0108
933 651 0.0006
636 652 0.0064
944 652 0.0018
948 652 0.0003
509 653 0.0002
464 654 0.0304
467 654 0.0024
468 654 0.0806
469 655 0.0282
656 655 0.0046
657 655 0.0805
655 656 0.0046
466 657 0.0067
655 657 0.0805
659 657 0.0343
466 658 0.0029
657 659 0.0343
660 659 0.0142
971 659 0.0023
659 660 0.0142
661 660 0.0879
663 660 0.0008
968 660 0.0105
660 661 0.0879
662 661 0.0049
665 661 0.0234
957 661 0.0041
661 662 0.0049
663 662 0.0016
664 662 0.0004
660 663 0.0008
662 663 0.0016
952 663 0.0004
662 664 0.0004
661 665 0.0234
666 665 0.0008
667 665 0.0053
665 666 0.0008
950 666 0.0016
951 666 0.0012
665 667 0.0053
668 667 0.0117
1285 667 0.0023
667 668 0.0117
946 668 0.01
969 668 0.0077
462 669 0.0217
670 669 0.0337
671 669 0.019
669 670 0.0337
671 670 0.0239
972 670 0.0334
973 670 0.0355
669 671 0.019
670 671 0.0239
1254 671 0.0198
1258 671 0.0103
1260 671 0.0247
462 672 0.0212
1252 672 0.0067
1253 672 0.0191
426 673 0.0094
426 674 0.0068
1251 675 0.0041
405 676 0.0089
419 676 0.0126
421 676 0.003
677 676 0.0018
676 677 0.0018
409 678 0.003
407 679 0.0044
680 679 0.0092
1244 679 0.0033
1291 679 0.0081
679 680 0.0092
371 681 0.0053
686 681 0.0111
1289 681 0.0062
371 682 0.0061
375 682 0.0092
1291 682 0.0041
369 683 0.0084
684 683 0.0396
688 683 0.0556
683 684 0.0396
685 684 0.0092
686 684 0.0356
684 685 0.0092
686 685 0.0387
1290 685 0.0355
369 686 0.0038
681 686 0.0111
684 686 0.0356
685 686 0.0387
365 687 0.0107
688 687 0.0867
689 687 0.0278
1293 687 0.0513
1294 687 0.0598
683 688 0.0556
687 688 0.0867
976 688 0.0136
687 689 0.0278
977 689 0.0498
978 689 0.0251
1295 689 0.0225
691 690 0.0081
980 690 0.0073
1462 690 0.0061
690 691 0.0081
572 692 0.0255
693 692 0.0127
695 692 0.0034
697 692 0.0251
700 692 0.0242
1302 692 0.0007
1303 692 0.0044
692 693 0.0127
694 693 0.0038
1304 693 0.0208
693 694 0.0038
699 694 0.0224
986 694 0.0253
692 695 0.0034
696 695 0.0043
1296 695 0.0204
1297 695 0.006
695 696 0.0043
697 696 0.001
1296 696 0.0031
692 697 0.0251
696 697 0.001
699 697 0.002
1298 697 0.0151
699 698 0.0171
717 698 0.1136
1298 698 0.0343
694 699 0.0224
697 699 0.002
698 699 0.0171
571 700 0.0061
572 700 0.1624
692 700 0.0242
701 700 0.0049
347 701 0.0011
700 701 0.0049
702 701 0.0022
567 702 0.0014
571 702 0.0011
701 702 0.0022
347 703 0.0317
726 703 0.0521
1300 703 0.009
705 704 0.0134
715 704 0.0066
719 704 0.0383
723 704 0.019
726 704 0.0376
1296 704 0.0039
704 705 0.0134
706 705 0.0076
709 705 0.0106
711 705 0.0018
713 705 0.0261
722 705 0.001
705 706 0.0076
707 706 0.0208
721 706 0.0015
1003 706 0.0034
706 707 0.0208
708 707 0.0141
720 707 0.0066
707 708 0.0141
1013 708 0.0228
1028 708 0.0064
705 709 0.0106
710 709 0.0163
1000 709 0.001
709 710 0.0163
705 711 0.0018
712 711 0.0023
992 711 0.0058
711 712 0.0023
705 713 0.0261
714 713 0.0015
990 713 0.0019
713 714 0.0015
704 715 0.0066
716 715 0.0032
717 715 0.0073
715 716 0.0032
717 716 0.0788
719 716 0.0711
698 717 0.1136
715 717 0.0073
716 717 0.0788
718 717 0.0019
717 718 0.0019
704 719 0.0383
716 719 0.0711
1459 719 0.0018
707 720 0.0066
1033 720 0.0343
1044 720 0.001
706 721 0.0015
705 722 0.001
704 723 0.019
724 723 0.0211
725 723 0.0006
723 724 0.0211
1046 724 0.0027
1058 724 0.001
723 725 0.0006
703 726 0.0521
704 726 0.0376
727 726 0.0004
1297 726 0.0221
726 727 0.0004
345 728 0.0023
729 728 0.0019
731 728 0.0017
728 729 0.0019
322 730 0.0022
349 730 0.0005
731 730 0.0019
733 730 0.0022
728 731 0.0017
730 731 0.0019
732 731 0.0028
1299 731 0.0009
731 732 0.0028
1300 732 0.0116
1301 732 0.0302
730 733 0.0022
316 734 0.0001
322 734 0.0093
735 734 0.0085
734 735 0.0085
736 735 0.0222
1301 735 0.0126
735 736 0.0222
737 736 0.0228
1301 736 0.0411
736 737 0.0228
738 737 0.0036
1309 737 0.0047
737 738 0.0036
739 738 0.003
1306 738 0.0015
738 739 0.003
1230 740 0.0036
1308 740 0.0008
1309 740 0.0059
1310 740 0.0066
321 741 0.0014
256 742 0.0006
316 742 0.0075
743 742 0.0005
744 742 0.0004
742 743 0.0005
742 744 0.0004
745 744 0.0008
1230 744 0.0065
744 745 0.0008
746 745 0.0018
1307 745 0.0003
745 746 0.0018
747 746 0.0004
754 746 0.0084
746 747 0.0004
255 748 0.0004
749 748 0.0004
751 748 0.0043
748 749 0.0004
750 749 0.0004
752 749 0.0014
749 750 0.0004
751 750 0.0018
1228 750 0.0008
252 751 0.0008
748 751 0.0043
750 751 0.0018
257 752 0.0011
749 752 0.0014
753 752 0.0015
256 753 0.0013
257 753 0.0014
752 753 0.0015
1229 753 0.0008
251 754 0.0062
746 754 0.0084
755 754 0.0268
764 754 0.0318
778 754 0.0007
754 755 0.0268
756 755 0.0031
759 755 0.0006
755 756 0.0031
757 756 0.0025
1315 756 0.0007
756 757 0.0025
758 757 0.0035
1090 757 0.0006
1307 757 0.0015
757 758 0.0035
1091 758 0.0009
1094 758 0.0071
1313 758 0.0242
755 759 0.0006
760 759 0.0111
762 759 0.0006
759 760 0.0111
761 760 0.0105
768 760 0.0049
760 761 0.0105
1095 761 0.0066
1101 761 0.0162
759 762 0.0006
763 762 0.0144
1087 762 0.0029
762 763 0.0144
1076 763 0.0097
1095 763 0.0056
754 764 0.0318
765 764 0.0099
769 764 0.0007
764 765 0.0099
766 765 0.0031
770 765 0.001
765 766 0.0031
767 766 0.0033
768 766 0.001
766 767 0.0033
776 767 0.0016
777 767 0.0102
760 768 0.0049
766 768 0.001
1105 768 0.0009
764 769 0.0007
765 770 0.001
771 770 0.0006
772 770 0.0012
770 771 0.0006
770 772 0.0012
773 772 0.0003
778 772 0.0032
251 773 0.0005
772 773 0.0003
775 773 0.0013
778 773 0.0006
235 774 0.0024
251 774 0.0002
775 774 0.0136
773 775 0.0013
774 775 0.0136
776 775 0.0103
767 776 0.0016
775 776 0.0103
777 776 0.0028
767 777 0.0102
776 777 0.0028
784 777 0.0088
754 778 0.0007
772 778 0.0032
773 778 0.0006
236 779 0.0118
780 779 0.0209
790 779 0.0002
779 780 0.0209
781 780 0.0115
785 780 0.0073
780 781 0.0115
782 781 0.0041
1113 781 0.0007
781 782 0.0041
783 782 0.0112
1113 782 0.0055
782 783 0.0112
1123 783 0.0035
1317 783 0.0074
777 784 0.0088
1105 784 0.0014
1113 784 0.0816
1114 784 0.0133
780 785 0.0073
786 785 0.0018
1133 785 0.0002
785 786 0.0018
787 786 0.0021
788 786 0.0008
786 787 0.0021
788 787 0.0015
1126 787 0.001
786 788 0.0008
787 788 0.0015
1130 788 0.0003
236 789 0.0044
790 789 0.0024
793 789 0.0031
797 789 0.023
779 790 0.0002
789 790 0.0024
791 790 0.0032
792 790 0.0024
790 791 0.0032
813 791 0.0003
1135 791 0.001
790 792 0.0024
1134 792 0.0005
1135 792 0.0007
789 793 0.0031
794 793 0.0014
795 793 0.0085
793 794 0.0014
796 794 0.0023
1139 794 0.0005
1140 794 0.0004
793 795 0.0085
796 795 0.001
797 795 0.0091
808 795 0.0011
794 796 0.0023
795 796 0.001
813 796 0.0008
789 797 0.023
795 797 0.0091
798 797 0.0007
797 798 0.0007
799 798 0.0004
808 798 0.0014
231 799 0.0015
236 799 0.0008
798 799 0.0004
804 799 0.0031
805 799 0.0078
217 800 0.0042
229 800 0.0061
801 800 0.0013
218 801 0.0007
229 801 0.0011
800 801 0.0013
228 802 0.0007
213 803 0.0003
217 803 0.0008
804 803 0.0036
231 804 0.0008
799 804 0.0031
803 804 0.0036
799 805 0.0078
212 806 0.0019
212 807 0.0017
808 807 0.0005
809 807 0.0009
810 807 0.0009
795 808 0.0011
798 808 0.0014
807 808 0.0005
212 809 0.0019
807 809 0.0009
812 809 0.0012
813 809 0.002
807 810 0.0009
207 811 0.0022
1207 811 0.0054
1209 811 0.0015
809 812 0.0012
813 812 0.0017
814 812 0.0003
791 813 0.0003
796 813 0.0008
809 813 0.002
812 813 0.0017
211 814 0.0042
812 814 0.0003
815 814 0.0016
814 815 0.0016
211 816 0.0022
188 817 0.0043
818 817 0.0159
823 817 0.0024
211 818 0.0002
817 818 0.0159
819 818 0.0028
821 818 0.0011
818 819 0.0028
820 819 0.0007
822 819 0.0022
819 820 0.0007
818 821 0.0011
819 822 0.0022
817 823 0.0024
824 823 0.0006
829 823 0.0007
823 824 0.0006
199 825 0.0016
200 825 0.0017
215 825 0.0357
186 826 0.0008
139 827 0.0017
1204 828 0.0007
823 829 0.0007
136 830 0.001
136 831 0.0041
832 831 0.0029
1197 831 0.0001
831 832 0.0029
124 833 0.0004
1193 833 0.0002
1198 833 0.0005
130 834 0.0024
835 834 0.0035
840 834 0.0002
834 835 0.0035
836 835 0.002
1158 835 0.0004
1159 835 0.0015
835 836 0.002
838 837 0.0067
1155 837 0.0004
1197 837 0.0083
837 838 0.0067
839 838 0.0042
840 838 0.0017
838 839 0.0042
834 840 0.0002
838 840 0.0017
1156 840 0.0004
85 841 0.0004
85 842 0.0068
863 842 0.0028
1152 842 0.0056
1161 842 0.0066
844 843 0.0294
1149 843 0.0003
1161 843 0.0073
843 844 0.0294
845 844 0.0091
847 844 0.0006
844 845 0.0091
846 845 0.0025
1150 845 0.0031
845 846 0.0025
844 847 0.0006
88 848 0.0004
849 848 0.0006
1190 848 0.0045
848 849 0.0006
850 849 0.0025
1154 849 0.0016
849 850 0.0025
852 851 0.0013
853 851 0.0011
855 851 0.0004
851 852 0.0013
851 853 0.0011
80 854 0.0002
62 855 0.0005
82 855 0.0002
851 855 0.0004
76 856 0.0007
45 857 0.0001
62 857 0.0004
858 857 0.0014
857 858 0.0014
21 859 0.0001
133 860 0.0065
861 860 0.0012
863 860 0.0002
117 861 0.0007
860 861 0.0012
862 861 0.0003
861 862 0.0003
863 862 0.0009
1142 862 0.001
1153 862 0.0009
842 863 0.0028
860 863 0.0002
862 863 0.0009
1152 863 0.0012
606 864 0.0006
585 865 0.0001
612 865 0.0044
866 865 0.0003
606 866 0.0039
865 866 0.0003
1164 866 0.0003
608 867 0.0002
868 867 0.0006
869 867 0.0005
870 867 0.0009
867 868 0.0006
870 868 0.0037
871 868 0.0002
612 869 0.0009
867 869 0.0005
870 869 0.0007
867 870 0.0009
868 870 0.0037
869 870 0.0007
868 871 0.0002
872 871 0.0002
882 871 0.0003
607 872 0.0016
871 872 0.0002
875 872 0.0059
611 873 0.0007
610 874 0.0039
611 874 0.0018
1187 874 0.0006
872 875 0.0059
876 875 0.0036
1167 875 0.0001
875 876 0.0036
877 876 0.0038
882 876 0.0009
876 877 0.0038
878 877 0.0026
880 877 0.0002
877 878 0.0026
879 878 0.0005
1166 878 0.0011
878 879 0.0005
1166 879 0.0023
1167 879 0.0007
877 880 0.0002
881 880 0.0082
1165 880 0.005
880 881 0.0082
884 881 0.0022
890 881 0.0004
1165 881 0.0187
1166 881 0.0022
871 882 0.0003
876 882 0.0009
1165 882 0.0003
617 883 0.0045
884 883 0.0014
887 883 0.0205
881 884 0.0022
883 884 0.0014
885 884 0.0011
884 885 0.0011
886 885 0.0048
891 885 0.0017
892 885 0.0008
621 886 0.0017
885 886 0.0048
887 886 0.0002
893 886 0.0029
617 887 0.0028
883 887 0.0205
886 887 0.0002
889 888 0.0033
1166 888 0.0061
1168 888 0.0014
888 889 0.0033
1168 889 0.0024
1169 889 0.0005
1170 889 0.0005
881 890 0.0004
885 891 0.0017
1170 891 0.0028
1172 891 0.0046
1179 891 0.001
885 892 0.0008
886 893 0.0029
895 894 0.0005
898 894 0.0002
900 894 0.0038
1141 894 0.0002
1185 894 0.0005
622 895 0.0012
894 895 0.0005
896 895 0.0068
897 895 0.0002
895 896 0.0068
622 897 0.0003
895 897 0.0002
1182 897 0.0008
894 898 0.0002
620 899 0.0003
900 899 0.0019
1186 899 0.0032
894 900 0.0038
899 900 0.0019
901 900 0.0014
904 900 0.0001
900 901 0.0014
902 901 0.0011
903 901 0.0008
901 902 0.0011
901 903 0.0008
900 904 0.0001
624 905 0.0011
625 905 0.0046
906 905 0.001
905 906 0.001
907 906 0.0003
908 906 0.0002
906 907 0.0003
906 908 0.0002
625 909 0.0003
623 910 0.0006
911 910 0.0005
913 910 0.0002
910 911 0.0005
912 911 0.0005
915 911 0.0003
911 912 0.0005
913 912 0.0011
916 912 0.0004
918 912 0.0005
1217 912 0.0007
910 913 0.0002
912 913 0.0011
918 913 0.0004
637 914 0.0005
644 914 0.0011
915 914 0.0005
644 915 0.0004
911 915 0.0003
914 915 0.0005
642 916 0.0002
912 916 0.0004
917 916 0.0004
916 917 0.0004
912 918 0.0005
913 918 0.0004
1217 918 0.002
920 919 0.001
921 919 0.007
923 919 0.0012
1217 919 0.001
919 920 0.001
919 921 0.007
647 922 0.0042
923 922 0.0004
925 922 0.0016
919 923 0.0012
922 923 0.0004
924 923 0.0091
649 924 0.0018
923 924 0.0091
925 924 0.001
646 925 0.0002
922 925 0.0016
924 925 0.001
651 926 0.0108
927 926 0.0041
931 926 0.0004
926 927 0.0041
928 927 0.005
1269 927 0.0007
927 928 0.005
929 928 0.0043
930 928 0.0079
928 929 0.0043
928 930 0.0079
1271 930 0.0402
1276 930 0.0114
926 931 0.0004
932 931 0.0012
1218 931 0.0006
931 932 0.0012
651 933 0.0006
650 934 0.001
935 934 0.0048
1268 934 0.0029
1269 934 0.0103
934 935 0.0048
936 935 0.0019
953 935 0.0042
935 936 0.0019
650 937 0.0036
938 937 0.0005
1268 937 0.0017
937 938 0.0005
939 938 0.0013
1268 938 0.0075
938 939 0.0013
940 939 0.0058
947 939 0.0005
955 939 0.007
939 940 0.0058
941 940 0.0042
955 940 0.0145
940 941 0.0042
942 941 0.0026
947 941 0.0012
941 942 0.0026
943 942 0.0095
946 942 0.0048
942 943 0.0095
1283 943 0.0081
1287 943 0.0043
652 944 0.0018
945 944 0.001
947 944 0.0044
944 945 0.001
950 945 0.0034
1219 945 0.0015
668 946 0.01
942 946 0.0048
1219 946 0.0009
939 947 0.0005
941 947 0.0012
944 947 0.0044
652 948 0.0003
949 948 0.0015
952 948 0.001
948 949 0.0015
950 949 0.0012
952 949 0.0007
666 950 0.0016
945 950 0.0034
949 950 0.0012
951 950 0.0034
666 951 0.0012
950 951 0.0034
1219 951 0.0018
663 952 0.0004
948 952 0.001
949 952 0.0007
935 953 0.0042
954 953 0.0039
1268 953 0.0036
953 954 0.0039
955 954 0.0059
1280 954 0.0033
1282 954 0.0043
939 955 0.007
940 955 0.0145
954 955 0.0059
956 955 0.0022
955 956 0.0022
661 957 0.0041
959 957 0.0181
1284 957 0.0155
1287 958 0.01
957 959 0.0181
960 959 0.0278
965 959 0.0076
968 959 0.0018
1284 959 0.0639
959 960 0.0278
961 960 0.0114
963 960 0.0123
964 960 0.0101
960 961 0.0114
962 961 0.029
967 961 0.0102
1475 961 0.0104
1531 961 0.0245
961 962 0.029
1473 962 0.0108
1474 962 0.0118
960 963 0.0123
960 964 0.0101
959 965 0.0076
1475 966 0.0299
1476 966 0.0073
1477 966 0.0128
1531 966 0.0268
961 967 0.0102
660 968 0.0105
959 968 0.0018
970 968 0.0036
668 969 0.0077
968 970 0.0036
974 970 0.0181
1263 970 0.0242
659 971 0.0023
670 972 0.0334
1265 972 0.0135
1288 972 0.0124
670 973 0.0355
974 973 0.0172
1265 973 0.0165
970 974 0.0181
973 974 0.0172
1263 974 0.013
416 975 0.0085
688 976 0.0136
689 977 0.0498
1465 977 0.0121
1466 977 0.0452
689 978 0.0251
1295 978 0.0633
1463 978 0.0156
365 979 0.0362
980 979 0.0523
1303 979 0.0042
690 980 0.0073
979 980 0.0523
981 980 0.0198
980 981 0.0198
987 981 0.015
1293 981 0.0474
983 982 0.0456
1294 982 0.0524
1295 982 0.0568
982 983 0.0456
984 983 0.0115
985 983 0.0076
983 984 0.0115
983 985 0.0076
1471 985 0.0401
1536 985 0.005
694 986 0.0253
989 986 0.0093
1471 986 0.0039
981 987 0.015
988 987 0.0033
1293 987 0.0275
1294 987 0.002
987 988 0.0033
986 989 0.0093
713 990 0.0019
991 990 0.0144
992 990 0.0087
990 991 0.0144
1449 991 0.0167
1456 991 0.0108
711 992 0.0058
990 992 0.0087
993 992 0.0251
992 993 0.0251
997 993 0.0021
999 993 0.0055
1449 993 0.0061
995 994 0.0401
998 994 0.005
1451 994 0.0293
994 995 0.0401
996 995 0.0213
1435 995 0.0025
1436 995 0.0101
1453 995 0.0068
1454 995 0.0068
995 996 0.0213
1442 996 0.0024
1551 996 0.011
993 997 0.0021
998 997 0.0015
1430 997 0.0064
1434 997 0.0043
994 998 0.005
997 998 0.0015
1435 998 0.0012
993 999 0.0055
709 1000 0.001
1001 1000 0.003
1018 1000 0.0024
1000 1001 0.003
1002 1001 0.005
1428 1001 0.0044
1001 1002 0.005
1006 1002 0.0041
1426 1002 0.0118
1427 1002 0.0022
706 1003 0.0034
1004 1003 0.0064
1007 1003 0.0061
1003 1004 0.0064
1005 1004 0.0132
1007 1004 0.013
1004 1005 0.0132
1006 1005 0.0025
1009 1005 0.0021
1002 1006 0.0041
1005 1006 0.0025
1011 1006 0.0087
1003 1007 0.0061
1004 1007 0.013
1008 1007 0.0016
1007 1008 0.0016
1005 1009 0.0021
1010 1009 0.0022
1013 1009 0.008
1009 1010 0.0022
1011 1010 0.0154
1413 1010 0.0007
1006 1011 0.0087
1010 1011 0.0154
1012 1011 0.0069
1425 1011 0.0011
1011 1012 0.0069
1419 1012 0.0119
1421 1012 0.0041
1426 1012 0.0026
708 1013 0.0228
1009 1013 0.008
1014 1013 0.0442
1013 1014 0.0442
1015 1014 0.0099
1019 1014 0.0405
1014 1015 0.0099
1016 1015 0.0028
1424 1015 0.0004
1015 1016 0.0028
1017 1016 0.0052
1413 1016 0.0029
1016 1017 0.0052
1410 1017 0.0002
1414 1017 0.0004
1000 1018 0.0024
1014 1019 0.0405
1020 1019 0.0143
1026 1019 0.0074
1019 1020 0.0143
1021 1020 0.009
1024 1020 0.0068
1020 1021 0.009
1022 1021 0.0041
1023 1021 0.0023
1021 1022 0.0041
1410 1022 0.0005
1412 1022 0.0002
1021 1023 0.0023
1020 1024 0.0068
1025 1024 0.0179
1407 1024 0.0004
1024 1025 0.0179
1407 1025 0.0034
1409 1025 0.0016
1019 1026 0.0074
1027 1026 0.0088
1399 1026 0.01
1026 1027 0.0088
708 1028 0.0064
1029 1028 0.0086
1032 1028 0.0031
1028 1029 0.0086
1030 1029 0.0085
1031 1029 0.0117
1382 1029 0.0075
1029 1030 0.0085
1391 1030 0.0012
1392 1030 0.0042
1393 1030 0.0052
1029 1031 0.0117
1392 1031 0.0185
1396 1031 0.0036
1028 1032 0.0031
720 1033 0.0343
1034 1033 0.0172
1039 1033 0.0035
1033 1034 0.0172
1035 1034 0.0027
1053 1034 0.001
1034 1035 0.0027
1036 1035 0.0072
1057 1035 0.0022
1035 1036 0.0072
1037 1036 0.0046
1038 1036 0.0044
1036 1037 0.0046
1386 1037 0.0025
1389 1037 0.0018
1036 1038 0.0044
1379 1038 0.003
1390 1038 0.0006
1033 1039 0.0035
1040 1039 0.0017
1042 1039 0.0009
1053 1039 0.0016
1039 1040 0.0017
1041 1040 0.0008
1053 1040 0.0041
1040 1041 0.0008
1039 1042 0.0009
1043 1042 0.0018
1388 1042 0.0007
1042 1043 0.0018
1377 1043 0.0035
1378 1043 0.0051
720 1044 0.001
1045 1044 0.0051
1046 1044 0.001
1044 1045 0.0051
1047 1045 0.002
1376 1045 0.0004
724 1046 0.0027
1044 1046 0.001
1047 1046 0.0483
1045 1047 0.002
1046 1047 0.0483
1048 1047 0.0227
1047 1048 0.0227
1049 1048 0.0048
1052 1048 0.0011
1048 1049 0.0048
1051 1049 0.0054
1055 1049 0.0069
1051 1050 0.0357
1055 1050 0.0085
1367 1050 0.0163
1049 1051 0.0054
1050 1051 0.0357
1368 1051 0.0009
1048 1052 0.0011
1034 1053 0.001
1039 1053 0.0016
1040 1053 0.0041
1054 1053 0.0011
1053 1054 0.0011
1049 1055 0.0069
1050 1055 0.0085
1056 1055 0.0005
1055 1056 0.0005
1035 1057 0.0022
724 1058 0.001
1059 1058 0.0027
1068 1058 0.0081
1058 1059 0.0027
1060 1059 0.011
1071 1059 0.0048
1059 1060 0.011
1061 1060 0.0222
1071 1060 0.0292
1060 1061 0.0222
1062 1061 0.1643
1070 1061 0.0189
1072 1061 0.0224
1061 1062 0.1643
1063 1062 0.0077
1070 1062 0.0134
1086 1062 0.0037
1062 1063 0.0077
1064 1063 0.0103
1069 1063 0.0043
1083 1063 0.0154
1063 1064 0.0103
1065 1064 0.0007
1082 1064 0.005
1083 1064 0.0068
1092 1064 0.0008
1064 1065 0.0007
1066 1065 0.0455
1094 1065 0.0092
1065 1066 0.0455
1067 1066 0.0196
1069 1066 0.0311
1066 1067 0.0196
1068 1067 0.0435
1094 1067 0.0013
1058 1068 0.0081
1067 1068 0.0435
1300 1068 0.0039
1063 1069 0.0043
1066 1069 0.0311
1070 1069 0.0193
1061 1070 0.0189
1062 1070 0.0134
1069 1070 0.0193
1059 1071 0.0048
1060 1071 0.0292
1355 1071 0.0056
1061 1072 0.0224
1073 1072 0.0328
1086 1072 0.0481
1072 1073 0.0328
1074 1073 0.0051
1356 1073 0.0011
1073 1074 0.0051
1075 1074 0.0036
1079 1074 0.0015
1351 1074 0.0008
1074 1075 0.0036
763 1076 0.0097
1077 1076 0.0105
1082 1076 0.0099
1076 1077 0.0105
1078 1077 0.0032
1084 1077 0.0016
1077 1078 0.0032
1079 1078 0.006
1080 1078 0.0036
1074 1079 0.0015
1078 1079 0.006
1080 1079 0.0074
1078 1080 0.0036
1079 1080 0.0074
1081 1080 0.0035
1080 1081 0.0035
1096 1081 0.0068
1350 1081 0.0087
1064 1082 0.005
1076 1082 0.0099
1083 1082 0.0011
1087 1082 0.0008
1063 1083 0.0154
1064 1083 0.0068
1082 1083 0.0011
1084 1083 0.0344
1085 1083 0.0128
1077 1084 0.0016
1083 1084 0.0344
1085 1084 0.0049
1083 1085 0.0128
1084 1085 0.0049
1086 1085 0.0152
1062 1086 0.0037
1072 1086 0.0481
1085 1086 0.0152
1370 1086 0.0018
762 1087 0.0029
1082 1087 0.0008
1088 1087 0.0052
1087 1088 0.0052
1089 1088 0.0015
1093 1088 0.0009
1088 1089 0.0015
1090 1089 0.0012
1315 1089 0.0008
757 1090 0.0006
1089 1090 0.0012
1091 1090 0.0009
1093 1090 0.0008
758 1091 0.0009
1090 1091 0.0009
1092 1091 0.0011
1064 1092 0.0008
1091 1092 0.0011
1093 1092 0.0005
1088 1093 0.0009
1090 1093 0.0008
1092 1093 0.0005
758 1094 0.0071
1065 1094 0.0092
1067 1094 0.0013
761 1095 0.0066
763 1095 0.0056
1096 1095 0.0159
1081 1096 0.0068
1095 1096 0.0159
1097 1096 0.0393
1096 1097 0.0393
1098 1097 0.0088
1100 1097 0.0015
1097 1098 0.0088
1099 1098 0.0061
1341 1098 0.0004
1345 1098 0.0002
1098 1099 0.0061
1100 1099 0.0122
1122 1099 0.0019
1340 1099 0.003
1097 1100 0.0015
1099 1100 0.0122
1101 1100 0.0031
761 1101 0.0162
1100 1101 0.0031
1102 1101 0.0294
1101 1102 0.0294
1103 1102 0.0027
1112 1102 0.0259
1102 1103 0.0027
1122 1103 0.0012
1323 1103 0.0278
1323 1104 0.0305
1324 1104 0.0126
1326 1104 0.004
1329 1104 0.0024
768 1105 0.0009
784 1105 0.0014
1106 1105 0.0007
1105 1106 0.0007
1107 1106 0.0056
1112 1106 0.0036
1106 1107 0.0056
1108 1107 0.0198
1112 1107 0.0056
1116 1107 0.0072
1320 1107 0.006
1321 1107 0.0099
1107 1108 0.0198
1109 1108 0.0118
1111 1108 0.0029
1332 1108 0.0075
1108 1109 0.0118
1110 1109 0.0077
1332 1109 0.0172
1333 1109 0.0024
1109 1110 0.0077
1322 1110 0.0117
1324 1110 0.0007
1108 1111 0.0029
1112 1111 0.0212
1322 1111 0.0092
1102 1112 0.0259
1106 1112 0.0036
1107 1112 0.0056
1111 1112 0.0212
781 1113 0.0007
782 1113 0.0055
784 1113 0.0816
784 1114 0.0133
1115 1114 0.0122
1116 1114 0.0016
1123 1114 0.0067
1114 1115 0.0122
1116 1115 0.0116
1118 1115 0.0297
1107 1116 0.0072
1114 1116 0.0016
1115 1116 0.0116
1117 1116 0.0102
1116 1117 0.0102
1118 1117 0.0035
1332 1117 0.0024
1115 1118 0.0297
1117 1118 0.0035
1119 1118 0.013
1118 1119 0.013
1120 1119 0.0073
1123 1119 0.0027
1119 1120 0.0073
1121 1120 0.0063
1124 1120 0.0004
1120 1121 0.0063
1099 1122 0.0019
1103 1122 0.0012
1338 1122 0.0053
783 1123 0.0035
1114 1123 0.0067
1119 1123 0.0027
1120 1124 0.0004
1125 1124 0.0022
1317 1124 0.0034
1124 1125 0.0022
787 1126 0.001
1127 1126 0.0005
1128 1126 0.0013
1126 1127 0.0005
1126 1128 0.0013
1129 1128 0.0048
1130 1128 0.0012
1131 1128 0.0074
1319 1128 0.0005
1128 1129 0.0048
788 1130 0.0003
1128 1130 0.0012
1131 1130 0.0006
1128 1131 0.0074
1130 1131 0.0006
1132 1131 0.0048
1131 1132 0.0048
785 1133 0.0002
792 1134 0.0005
791 1135 0.001
792 1135 0.0007
1136 1135 0.0021
1135 1136 0.0021
1137 1136 0.0007
1138 1136 0.0012
1136 1137 0.0007
1136 1138 0.0012
794 1139 0.0005
794 1140 0.0004
894 1141 0.0002
862 1142 0.001
1143 1142 0.0004
1151 1142 0.0007
1153 1142 0.0003
1142 1143 0.0004
1144 1143 0.0027
1147 1143 0.0051
1143 1144 0.0027
1145 1144 0.0003
1146 1144 0.0004
1144 1145 0.0003
1144 1146 0.0004
1143 1147 0.0051
1148 1147 0.0014
1150 1147 0.0004
1147 1148 0.0014
1150 1148 0.0002
1160 1148 0.0006
843 1149 0.0003
845 1150 0.0031
1147 1150 0.0004
1148 1150 0.0002
130 1151 0.0005
1142 1151 0.0007
1157 1151 0.0008
842 1152 0.0056
863 1152 0.0012
1153 1152 0.0016
862 1153 0.0009
1142 1153 0.0003
1152 1153 0.0016
849 1154 0.0016
837 1155 0.0004
840 1156 0.0004
1151 1157 0.0008
835 1158 0.0004
835 1159 0.0015
1148 1160 0.0006
842 1161 0.0066
843 1161 0.0073
1162 1161 0.0014
1161 1162 0.0014
584 1163 0.0002
607 1163 0.0008
1164 1163 0.0008
606 1164 0.0026
607 1164 0.005
866 1164 0.0003
1163 1164 0.0008
880 1165 0.005
881 1165 0.0187
882 1165 0.0003
878 1166 0.0011
879 1166 0.0023
881 1166 0.0022
888 1166 0.0061
875 1167 0.0001
879 1167 0.0007
1168 1167 0.0017
888 1168 0.0014
889 1168 0.0024
1167 1168 0.0017
889 1169 0.0005
889 1170 0.0005
891 1170 0.0028
1171 1170 0.0006
1173 1170 0.0007
1174 1170 0.0006
1170 1171 0.0006
891 1172 0.0046
1173 1172 0.0007
1177 1172 0.0015
1170 1173 0.0007
1172 1173 0.0007
1174 1173 0.0006
1170 1174 0.0006
1173 1174 0.0006
1175 1174 0.0027
1174 1175 0.0027
1176 1175 0.0006
1177 1175 0.0004
1175 1176 0.0006
1172 1177 0.0015
1175 1177 0.0004
1178 1177 0.0032
1177 1178 0.0032
891 1179 0.001
1180 1179 0.0005
1181 1179 0.001
1179 1180 0.0005
1179 1181 0.001
897 1182 0.0008
1183 1182 0.0022
1184 1182 0.0026
1182 1183 0.0022
1182 1184 0.0026
894 1185 0.0005
899 1186 0.0032
616 1187 0.0097
617 1187 0.0023
874 1187 0.0006
6 1188 0.0033
520 1188 0.0159
605 1188 0.0045
27 1189 0.0013
86 1190 0.0005
90 1190 0.0002
133 1190 0.001
848 1190 0.0045
118 1191 0.011
1520 1192 0.0006
833 1193 0.0002
129 1194 0.001
132 1195 0.0037
131 1196 0.0035
132 1197 0.0049
831 1197 0.0001
837 1197 0.0083
833 1198 0.0005
128 1199 0.0017
135 1199 0.0253
138 1199 0.0008
1200 1199 0.017
125 1200 0.0132
136 1200 0.0133
1199 1200 0.017
1201 1200 0.0007
1200 1201 0.0007
138 1202 0.0013
141 1203 0.0015
140 1204 0.0014
188 1204 0.0014
828 1204 0.0007
152 1205 0.0235
195 1205 0.0025
196 1205 0.0208
1206 1205 0.0162
190 1206 0.0193
195 1206 0.0028
1205 1206 0.0162
206 1207 0.0006
207 1207 0.0021
811 1207 0.0054
1208 1207 0.0012
1207 1208 0.0012
811 1209 0.0015
188 1210 0.0012
264 1211 0.0151
271 1211 0.032
1212 1211 0.0014
261 1212 0.0192
263 1212 0.0119
1211 1212 0.0014
1 1213 0.0142
291 1213 0.071
295 1213 0.0682
1 1214 0.0073
271 1214 0.0176
291 1214 0.0252
404 1215 0.0096
417 1215 0.0197
418 1215 0.0224
457 1216 0.017
498 1216 0.0388
499 1216 0.0132
647 1217 0.0012
912 1217 0.0007
918 1217 0.002
919 1217 0.001
931 1218 0.0006
945 1219 0.0015
946 1219 0.0009
951 1219 0.0018
455 1220 0.0067
464 1220 0.0079
465 1220 0.0161
415 1221 0.0083
416 1221 0.0224
426 1221 0.0091
416 1222 0.019
445 1223 0.0018
446 1223 0.0011
570 1223 0.015
455 1224 0.0162
570 1224 0.0109
1225 1224 0.0766
444 1225 0.0076
456 1225 0.0255
1224 1225 0.0766
401 1226 0.0093
415 1226 0.0336
421 1226 0.0081
248 1227 0.0011
260 1227 0.0007
314 1227 0.0026
750 1228 0.0008
753 1229 0.0008
740 1230 0.0036
744 1230 0.0065
1231 1230 0.0065
1230 1231 0.0065
338 1232 0.0044
569 1232 0.0014
1233 1232 0.0017
339 1233 0.0018
362 1233 0.001
1232 1233 0.0017
1234 1233 0.013
340 1234 0.0033
376 1234 0.0035
377 1234 0.0096
1233 1234 0.013
379 1235 0.0015
380 1235 0.0037
569 1235 0.0017
345 1236 0.0031
567 1236 0.0426
568 1236 0.0015
363 1237 0.0014
1238 1237 0.0026
1241 1237 0.0042
1237 1238 0.0026
1239 1238 0.002
1241 1238 0.0024
350 1239 0.0014
568 1239 0.0034
1238 1239 0.002
1240 1239 0.0026
1239 1240 0.0026
350 1241 0.0038
1237 1241 0.0042
1238 1241 0.0024
361 1242 0.0033
366 1242 0.0031
1243 1242 0.0029
1242 1243 0.0029
575 1244 0.0061
679 1244 0.0033
1245 1244 0.0081
1244 1245 0.0081
408 1246 0.002
414 1247 0.0136
416 1247 0.1221
1249 1247 0.012
1250 1247 0.025
1250 1248 0.0247
414 1249 0.0175
1247 1249 0.012
1251 1249 0.0439
1247 1250 0.025
1248 1250 0.0247
1251 1250 0.0097
675 1251 0.0041
1249 1251 0.0439
1250 1251 0.0097
672 1252 0.0067
672 1253 0.0191
1254 1253 0.0273
1257 1253 0.0148
671 1254 0.0198
1253 1254 0.0273
1255 1254 0.0215
1258 1254 0.0106
1254 1255 0.0215
1256 1255 0.0239
1258 1255 0.0409
1255 1256 0.0239
1253 1257 0.0148
671 1258 0.0103
1254 1258 0.0106
1255 1258 0.0409
1259 1258 0.0146
1260 1258 0.0191
1258 1259 0.0146
671 1260 0.0247
1258 1260 0.0191
1261 1260 0.0324
1262 1260 0.0081
1260 1261 0.0324
1260 1262 0.0081
970 1263 0.0242
974 1263 0.013
1264 1263 0.0138
1266 1263 0.0233
1263 1264 0.0138
972 1265 0.0135
973 1265 0.0165
1266 1265 0.0047
1263 1266 0.0233
1265 1266 0.0047
1267 1266 0.0124
1266 1267 0.0124
934 1268 0.0029
937 1268 0.0017
938 1268 0.0075
953 1268 0.0036
927 1269 0.0007
934 1269 0.0103
1270 1269 0.0009
1269 1270 0.0009
930 1271 0.0402
1272 1271 0.0029
1275 1271 0.0053
1271 1272 0.0029
1273 1272 0.0013
1275 1272 0.0134
1272 1273 0.0013
1274 1273 0.0079
1275 1273 0.0025
1276 1273 0.0054
1273 1274 0.0079
1523 1274 0.0018
1524 1274 0.0039
1271 1275 0.0053
1272 1275 0.0134
1273 1275 0.0025
930 1276 0.0114
1273 1276 0.0054
1277 1276 0.005
1530 1276 0.0027
1276 1277 0.005
1278 1277 0.0021
1481 1277 0.0029
1277 1278 0.0021
1279 1278 0.016
1480 1278 0.0125
1278 1279 0.016
954 1280 0.0033
1281 1280 0.0145
1529 1280 0.0071
1280 1281 0.0145
954 1282 0.0043
943 1283 0.0081
957 1284 0.0155
959 1284 0.0639
1285 1284 0.0274
667 1285 0.0023
1284 1285 0.0274
1286 1285 0.0069
1287 1285 0.0064
1285 1286 0.0069
943 1287 0.0043
958 1287 0.01
1285 1287 0.0064
972 1288 0.0124
1522 1288 0.0053
1534 1288 0.0094
681 1289 0.0062
685 1290 0.0355
679 1291 0.0081
682 1291 0.0041
1292 1291 0.0119
1291 1292 0.0119
687 1293 0.0513
981 1293 0.0474
987 1293 0.0275
1294 1293 0.083
687 1294 0.0598
982 1294 0.0524
987 1294 0.002
1293 1294 0.083
689 1295 0.0225
978 1295 0.0633
982 1295 0.0568
695 1296 0.0204
696 1296 0.0031
704 1296 0.0039
1297 1296 0.0041
1298 1296 0.0018
695 1297 0.006
726 1297 0.0221
1296 1297 0.0041
697 1298 0.0151
698 1298 0.0343
1296 1298 0.0018
731 1299 0.0009
703 1300 0.009
732 1300 0.0116
1068 1300 0.0039
732 1301 0.0302
735 1301 0.0126
736 1301 0.0411
692 1302 0.0007
692 1303 0.0044
979 1303 0.0042
1304 1303 0.0012
693 1304 0.0208
1303 1304 0.0012
1305 1304 0.0171
1304 1305 0.0171
738 1306 0.0015
745 1307 0.0003
757 1307 0.0015
1308 1307 0.0015
740 1308 0.0008
1307 1308 0.0015
1310 1308 0.0037
1313 1308 0.0007
737 1309 0.0047
740 1309 0.0059
1311 1309 0.0012
740 1310 0.0066
1308 1310 0.0037
1314 1310 0.0014
1309 1311 0.0012
1312 1311 0.0016
1314 1311 0.001
1311 1312 0.0016
1313 1312 0.0006
1314 1312 0.0013
758 1313 0.0242
1308 1313 0.0007
1312 1313 0.0006
1310 1314 0.0014
1311 1314 0.001
1312 1314 0.0013
756 1315 0.0007
1089 1315 0.0008
1316 1315 0.0059
1315 1316 0.0059
783 1317 0.0074
1124 1317 0.0034
1318 1317 0.0015
1317 1318 0.0015
1128 1319 0.0005
1107 1320 0.006
1107 1321 0.0099
1110 1322 0.0117
1111 1322 0.0092
1323 1322 0.0009
1103 1323 0.0278
1104 1323 0.0305
1322 1323 0.0009
1104 1324 0.0126
1110 1324 0.0007
1325 1324 0.0023
1324 1325 0.0023
1104 1326 0.004
1327 1326 0.0015
1328 1326 0.0019
1326 1327 0.0015
1326 1328 0.0019
1104 1329 0.0024
1330 1329 0.0006
1331 1329 0.0021
1329 1330 0.0006
1329 1331 0.0021
1108 1332 0.0075
1109 1332 0.0172
1117 1332 0.0024
1109 1333 0.0024
1334 1333 0.015
1338 1333 0.0075
1333 1334 0.015
1335 1334 0.032
1340 1334 0.019
1334 1335 0.032
1336 1335 0.0076
1340 1335 0.0121
1335 1336 0.0076
1337 1336 0.0081
1347 1336 0.0024
1336 1337 0.0081
1122 1338 0.0053
1333 1338 0.0075
1339 1338 0.0009
1338 1339 0.0009
1099 1340 0.003
1334 1340 0.019
1335 1340 0.0121
1098 1341 0.0004
1342 1341 0.0013
1343 1341 0.0027
1341 1342 0.0013
1341 1343 0.0027
1344 1343 0.0181
1346 1343 0.0019
1343 1344 0.0181
1098 1345 0.0002
1343 1346 0.0019
1336 1347 0.0024
1348 1347 0.0123
1512 1347 0.0099
1347 1348 0.0123
1349 1348 0.008
1359 1348 0.0319
1511 1348 0.0066
1512 1348 0.0066
1348 1349 0.008
1350 1349 0.0181
1357 1349 0.0015
1360 1349 0.0588
1081 1350 0.0087
1349 1350 0.0181
1351 1350 0.0084
1358 1350 0.0005
1074 1351 0.0008
1350 1351 0.0084
1352 1351 0.0056
1351 1352 0.0056
1353 1352 0.0068
1356 1352 0.0037
1352 1353 0.0068
1354 1353 0.0114
1361 1353 0.0225
1366 1353 0.0024
1353 1354 0.0114
1355 1354 0.0085
1362 1354 0.01
1071 1355 0.0056
1354 1355 0.0085
1356 1355 0.0114
1073 1356 0.0011
1352 1356 0.0037
1355 1356 0.0114
1349 1357 0.0015
1350 1358 0.0005
1348 1359 0.0319
1360 1359 0.0268
1365 1359 0.0335
1349 1360 0.0588
1359 1360 0.0268
1361 1360 0.0053
1353 1361 0.0225
1360 1361 0.0053
1362 1361 0.0089
1364 1361 0.003
1365 1361 0.0039
1354 1362 0.01
1361 1362 0.0089
1363 1362 0.0297
1362 1363 0.0297
1364 1363 0.0275
1510 1363 0.0122
1515 1363 0.0172
1517 1363 0.0111
1361 1364 0.003
1363 1364 0.0275
1365 1364 0.0255
1359 1365 0.0335
1361 1365 0.0039
1364 1365 0.0255
1513 1365 0.0097
1353 1366 0.0024
1050 1367 0.0163
1368 1367 0.0006
1371 1367 0.0153
1051 1368 0.0009
1367 1368 0.0006
1369 1368 0.01
1368 1369 0.01
1086 1370 0.0018
1367 1371 0.0153
1372 1371 0.0024
1373 1371 0.0158
1371 1372 0.0024
1371 1373 0.0158
1374 1373 0.0037
1375 1373 0.011
1373 1374 0.0037
1373 1375 0.011
1386 1375 0.0146
1516 1375 0.002
1045 1376 0.0004
1043 1377 0.0035
1043 1378 0.0051
1038 1379 0.003
1380 1379 0.0013
1381 1379 0.0013
1379 1380 0.0013
1379 1381 0.0013
1029 1382 0.0075
1383 1382 0.0017
1384 1382 0.0042
1382 1383 0.0017
1386 1383 0.0023
1387 1383 0.0019
1382 1384 0.0042
1385 1384 0.0026
1500 1384 0.002
1516 1384 0.001
1384 1385 0.0026
1504 1385 0.0098
1506 1385 0.0048
1508 1385 0.0073
1516 1385 0.0181
1037 1386 0.0025
1375 1386 0.0146
1383 1386 0.0023
1383 1387 0.0019
1042 1388 0.0007
1037 1389 0.0018
1038 1390 0.0006
1030 1391 0.0012
1030 1392 0.0042
1031 1392 0.0185
1393 1392 0.0146
1030 1393 0.0052
1392 1393 0.0146
1394 1393 0.001
1393 1394 0.001
1395 1394 0.0015
1396 1394 0.0011
1394 1395 0.0015
1031 1396 0.0036
1394 1396 0.0011
1397 1396 0.0035
1396 1397 0.0035
1500 1397 0.0016
1502 1397 0.0013
1500 1398 0.0045
1026 1399 0.01
1400 1399 0.0281
1404 1399 0.0073
1399 1400 0.0281
1401 1400 0.0005
1402 1400 0.0229
1503 1400 0.0008
1400 1401 0.0005
1400 1402 0.0229
1403 1402 0.0136
1495 1402 0.0047
1402 1403 0.0136
1484 1403 0.0026
1486 1403 0.0166
1399 1404 0.0073
1405 1404 0.0008
1406 1404 0.0033
1404 1405 0.0008
1404 1406 0.0033
1482 1406 0.0006
1484 1406 0.0022
1024 1407 0.0004
1025 1407 0.0034
1408 1407 0.0007
1407 1408 0.0007
1025 1409 0.0016
1017 1410 0.0002
1022 1410 0.0005
1411 1410 0.0014
1410 1411 0.0014
1022 1412 0.0002
1010 1413 0.0007
1016 1413 0.0029
1414 1413 0.0029
1416 1413 0.0054
1017 1414 0.0004
1413 1414 0.0029
1415 1414 0.0006
1416 1414 0.0017
1414 1415 0.0006
1416 1415 0.0005
1418 1415 0.0005
1413 1416 0.0054
1414 1416 0.0017
1415 1416 0.0005
1417 1416 0.0014
1425 1416 0.0105
1416 1417 0.0014
1418 1417 0.0015
1420 1417 0.0014
1415 1418 0.0005
1417 1418 0.0015
1422 1418 0.0013
1012 1419 0.0119
1420 1419 0.0035
1425 1419 0.005
1417 1420 0.0014
1419 1420 0.0035
1421 1420 0.0074
1012 1421 0.0041
1420 1421 0.0074
1422 1421 0.0029
1418 1422 0.0013
1421 1422 0.0029
1423 1422 0.0234
1422 1423 0.0234
1426 1423 0.0086
1609 1423 0.0013
1015 1424 0.0004
1011 1425 0.0011
1416 1425 0.0105
1419 1425 0.005
1002 1426 0.0118
1012 1426 0.0026
1423 1426 0.0086
1002 1427 0.0022
1001 1428 0.0044
1429 1428 0.0007
1430 1428 0.0009
1428 1429 0.0007
997 1430 0.0064
1428 1430 0.0009
1431 1430 0.0103
1434 1430 0.0074
1430 1431 0.0103
1432 1431 0.0008
1433 1431 0.0016
1431 1432 0.0008
1431 1433 0.0016
997 1434 0.0043
1430 1434 0.0074
1435 1434 0.0067
1439 1434 0.0002
995 1435 0.0025
998 1435 0.0012
1434 1435 0.0067
995 1436 0.0101
1437 1436 0.0004
1438 1436 0.0037
1440 1436 0.0022
1436 1437 0.0004
1436 1438 0.0037
1439 1438 0.0026
1440 1438 0.1066
1434 1439 0.0002
1438 1439 0.0026
1440 1439 0.0003
1436 1440 0.0022
1438 1440 0.1066
1439 1440 0.0003
1441 1440 0.0515
1443 1440 0.0109
1440 1441 0.0515
1442 1441 0.0093
1444 1441 0.0258
996 1442 0.0024
1441 1442 0.0093
1552 1442 0.0022
1440 1443 0.0109
1441 1444 0.0258
1566 1444 0.0006
1567 1444 0.0056
1446 1445 0.0115
1447 1445 0.0107
1448 1445 0.0241
1551 1445 0.068
1445 1446 0.0115
1447 1446 0.0353
1553 1446 0.0177
1445 1447 0.0107
1446 1447 0.0353
1568 1447 0.0098
1570 1447 0.0128
1445 1448 0.0241
1552 1448 0.0096
1554 1448 0.0252
991 1449 0.0167
993 1449 0.0061
1450 1449 0.0044
1456 1449 0.0161
1449 1450 0.0044
1451 1450 0.0139
1458 1450 0.0235
994 1451 0.0293
1450 1451 0.0139
1452 1451 0.0131
1455 1451 0.0084
1451 1452 0.0131
1458 1452 0.033
1539 1452 0.0268
995 1453 0.0068
995 1454 0.0068
1542 1454 0.0335
1544 1454 0.058
1451 1455 0.0084
991 1456 0.0108
1449 1456 0.0161
1457 1456 0.0079
1458 1456 0.0092
1456 1457 0.0079
1450 1458 0.0235
1452 1458 0.033
1456 1458 0.0092
719 1459 0.0018
1460 1459 0.0193
1461 1459 0.0227
1459 1460 0.0193
1459 1461 0.0227
690 1462 0.0061
978 1463 0.0156
1464 1463 0.0062
1535 1463 0.0054
1463 1464 0.0062
977 1465 0.0121
977 1466 0.0452
1467 1466 0.0319
1468 1466 0.0434
1469 1466 0.0407
1466 1467 0.0319
1466 1468 0.0434
1466 1469 0.0407
368 1470 0.0042
985 1471 0.0401
986 1471 0.0039
1472 1471 0.0296
1471 1472 0.0296
962 1473 0.0108
962 1474 0.0118
1524 1474 0.003
1528 1474 0.0053
961 1475 0.0104
966 1475 0.0299
1533 1475 0.0026
966 1476 0.0073
966 1477 0.0128
1478 1477 0.0045
1479 1477 0.0049
1477 1478 0.0045
1477 1479 0.0049
1278 1480 0.0125
1277 1481 0.0029
1406 1482 0.0006
1483 1482 0.0009
1484 1482 0.0026
1482 1483 0.0009
1403 1484 0.0026
1406 1484 0.0022
1482 1484 0.0026
1485 1484 0.0005
1484 1485 0.0005
1403 1486 0.0166
1487 1486 0.0281
1490 1486 0.0171
1486 1487 0.0281
1488 1487 0.0056
1497 1487 0.0071
1487 1488 0.0056
1489 1488 0.0049
1518 1488 0.0047
1488 1489 0.0049
1486 1490 0.0171
1491 1490 0.0026
1493 1490 0.002
1490 1491 0.0026
1492 1491 0.0004
1494 1491 0.0008
1491 1492 0.0004
1490 1493 0.002
1491 1494 0.0008
1402 1495 0.0047
1496 1495 0.0019
1501 1495 0.0041
1495 1496 0.0019
1497 1496 0.005
1499 1496 0.0105
1501 1496 0.0036
1487 1497 0.0071
1496 1497 0.005
1498 1497 0.0044
1497 1498 0.0044
1499 1498 0.0017
1504 1498 0.003
1496 1499 0.0105
1498 1499 0.0017
1500 1499 0.0015
1502 1499 0.004
1384 1500 0.002
1397 1500 0.0016
1398 1500 0.0045
1499 1500 0.0015
1495 1501 0.0041
1496 1501 0.0036
1502 1501 0.0059
1397 1502 0.0013
1499 1502 0.004
1501 1502 0.0059
1400 1503 0.0008
1385 1504 0.0098
1498 1504 0.003
1505 1504 0.0042
1504 1505 0.0042
1385 1506 0.0048
1507 1506 0.0047
1508 1506 0.0076
1506 1507 0.0047
1385 1508 0.0073
1506 1508 0.0076
1509 1508 0.0056
1517 1508 0.0216
1508 1509 0.0056
1363 1510 0.0122
1511 1510 0.0102
1514 1510 0.0367
1348 1511 0.0066
1510 1511 0.0102
1512 1511 0.017
1347 1512 0.0099
1348 1512 0.0066
1511 1512 0.017
1365 1513 0.0097
1514 1513 0.0025
1515 1513 0.0058
1510 1514 0.0367
1513 1514 0.0025
1515 1514 0.0172
1363 1515 0.0172
1513 1515 0.0058
1514 1515 0.0172
1375 1516 0.002
1384 1516 0.001
1385 1516 0.0181
1517 1516 0.0216
1363 1517 0.0111
1508 1517 0.0216
1516 1517 0.0216
1488 1518 0.0047
116 1519 0.008
131 1519 0.0549
1520 1519 0.0023
116 1520 0.0015
1192 1520 0.0006
1519 1520 0.0023
1 1521 0.0076
552 1521 0.0248
553 1521 0.0037
1288 1522 0.0053
1274 1523 0.0018
1274 1524 0.0039
1474 1524 0.003
1525 1524 0.0243
1524 1525 0.0243
1526 1525 0.033
1580 1525 0.0115
1525 1526 0.033
1527 1526 0.0281
1581 1526 0.0279
1588 1526 0.0141
1589 1526 0.0129
1526 1527 0.0281
1474 1528 0.0053
1280 1529 0.0071
1276 1530 0.0027
961 1531 0.0245
966 1531 0.0268
1532 1531 0.0093
1531 1532 0.0093
1475 1533 0.0026
1288 1534 0.0094
1463 1535 0.0054
985 1536 0.005
1537 1536 0.0326
1538 1536 0.0248
1536 1537 0.0326
1536 1538 0.0248
1452 1539 0.0268
1540 1539 0.0199
1542 1539 0.0383
1539 1540 0.0199
1541 1540 0.0732
1542 1540 0.0319
1540 1541 0.0732
1454 1542 0.0335
1539 1542 0.0383
1540 1542 0.0319
1543 1542 0.0242
1542 1543 0.0242
1454 1544 0.058
1545 1544 0.0302
1546 1544 0.0553
1551 1544 0.0094
1544 1545 0.0302
1568 1545 0.0419
1608 1545 0.0052
1544 1546 0.0553
1547 1546 0.0377
1550 1546 0.0327
1546 1547 0.0377
1548 1547 0.0555
1549 1547 0.0503
1547 1548 0.0555
1547 1549 0.0503
1546 1550 0.0327
996 1551 0.011
1445 1551 0.068
1544 1551 0.0094
1552 1551 0.0422
1442 1552 0.0022
1448 1552 0.0096
1551 1552 0.0422
1562 1552 0.0086
1446 1553 0.0177
1448 1554 0.0252
1555 1554 0.0382
1608 1554 0.0104
1554 1555 0.0382
1556 1555 0.0337
1557 1555 0.0291
1555 1556 0.0337
1555 1557 0.0291
1558 1557 0.0374
1559 1557 0.0416
1557 1558 0.0374
1557 1559 0.0416
1561 1560 0.0592
1569 1560 0.0564
1570 1560 0.028
1560 1561 0.0592
1552 1562 0.0086
1563 1562 0.0102
1564 1562 0.0091
1562 1563 0.0102
1564 1563 0.0238
1565 1563 0.0125
1562 1564 0.0091
1563 1564 0.0238
1565 1564 0.0038
1563 1565 0.0125
1564 1565 0.0038
1566 1565 0.0035
1444 1566 0.0006
1565 1566 0.0035
1567 1566 0.0422
1444 1567 0.0056
1566 1567 0.0422
1571 1567 0.0002
1447 1568 0.0098
1545 1568 0.0419
1569 1568 0.0447
1560 1569 0.0564
1568 1569 0.0447
1570 1569 0.0292
1447 1570 0.0128
1560 1570 0.028
1569 1570 0.0292
1567 1571 0.0002
1572 1571 0.0312
1574 1571 0.0155
1571 1572 0.0312
1573 1572 0.0266
1579 1572 0.0024
1572 1573 0.0266
1575 1573 0.0161
1577 1573 0.0129
1571 1574 0.0155
1575 1574 0.0096
1607 1574 0.0042
1573 1575 0.0161
1574 1575 0.0096
1576 1575 0.034
1607 1575 0.0041
1575 1576 0.034
1605 1576 0.0083
1606 1576 0.0141
1573 1577 0.0129
1578 1577 0.0149
1599 1577 0.0007
1577 1578 0.0149
1599 1578 0.0211
1603 1578 0.009
1604 1578 0.0202
1572 1579 0.0024
1525 1580 0.0115
1526 1581 0.0279
1582 1581 0.0727
1584 1581 0.0188
1581 1582 0.0727
1583 1582 0.0172
1584 1582 0.0305
1582 1583 0.0172
1596 1583 0.0812
1597 1583 0.0775
1598 1583 0.0079
1581 1584 0.0188
1582 1584 0.0305
1585 1584 0.0294
1596 1584 0.0279
1584 1585 0.0294
1586 1585 0.0248
1588 1585 0.0122
1596 1585 0.0417
1585 1586 0.0248
1587 1586 0.0191
1594 1586 0.0248
1586 1587 0.0191
1526 1588 0.0141
1585 1588 0.0122
1589 1588 0.0086
1594 1588 0.0096
1526 1589 0.0129
1588 1589 0.0086
1590 1589 0.0241
1593 1589 0.0159
1589 1590 0.0241
1591 1590 0.0179
1592 1590 0.0417
1590 1591 0.0179
1590 1592 0.0417
1589 1593 0.0159
1586 1594 0.0248
1588 1594 0.0096
1595 1594 0.0147
1594 1595 0.0147
1583 1596 0.0812
1584 1596 0.0279
1585 1596 0.0417
1583 1597 0.0775
1583 1598 0.0079
1577 1599 0.0007
1578 1599 0.0211
1600 1599 0.0152
1599 1600 0.0152
1601 1600 0.0061
1602 1600 0.0051
1600 1601 0.0061
1600 1602 0.0051
1578 1603 0.009
1578 1604 0.0202
1576 1605 0.0083
1576 1606 0.0141
1574 1607 0.0042
1575 1607 0.0041
1608 1607 0.0403
1545 1608 0.0052
1554 1608 0.0104
1607 1608 0.0403
1423 1609 0.0013
