3 1 0.0044
6 1 0.0057
14 1 0.0077
16 1 0.0083
32 1 0.004
120 1 0.004
151 1 0.0038
172 1 0.0079
690 1 0.0042
37 2 0.0083
38 2 0.0069
43 2 0.0033
45 2 0.0038
48 2 0.0031
49 2 0.0026
53 2 0.0081
57 2 0.0041
59 2 0.0036
60 2 0.0028
380 2 0.0023
452 2 0.0021
462 2 0.0042
540 2 0.0029
542 2 0.0021
552 2 0.0025
1 3 0.0044
4 3 0.0134
191 3 0.0959
3 4 0.0134
5 4 0.0067
6 4 0.0078
222 4 0.0084
4 5 0.0067
7 5 0.0247
9 5 0.0118
232 5 0.0044
1 6 0.0057
4 6 0.0078
15 6 0.0008
5 7 0.0247
8 7 0.0055
240 7 0.0047
7 8 0.0055
9 8 0.0026
54 8 0.0011
61 8 0.0004
5 9 0.0118
8 9 0.0026
10 9 0.0085
62 9 0.0008
9 10 0.0085
11 10 0.002
15 10 0.0004
10 11 0.002
12 11 0.0216
22 11 0.0007
11 12 0.0216
13 12 0.0044
63 12 0.0009
12 13 0.0044
52 13 0.0033
63 13 0.0048
1 14 0.0077
15 14 0.0011
196 14 0.0693
6 15 0.0008
10 15 0.0004
14 15 0.0011
1 16 0.0083
17 16 0.003
195 16 0.0561
16 17 0.003
18 17 0.0071
27 17 0.0036
17 18 0.0071
19 18 0.0106
29 18 0.036
18 19 0.0106
20 19 0.0037
24 19 0.0069
29 19 0.0192
19 20 0.0037
21 20 0.0121
24 20 0.0021
20 21 0.0121
22 21 0.0018
35 21 0.0014
11 22 0.0007
21 22 0.0018
23 22 0.0132
22 23 0.0132
35 23 0.0002
52 23 0.0009
19 24 0.0069
20 24 0.0021
25 24 0.0402
28 24 0.0046
24 25 0.0402
26 25 0.0005
31 25 0.0117
25 26 0.0005
17 27 0.0036
28 27 0.0284
29 27 0.0302
24 28 0.0046
27 28 0.0284
30 28 0.0039
33 28 0.0025
18 29 0.036
19 29 0.0192
27 29 0.0302
28 30 0.0039
31 30 0.0186
34 30 0.0147
25 31 0.0117
30 31 0.0186
39 31 0.0056
243 31 0.0025
1 32 0.004
33 32 0.0035
65 32 0.0061
28 33 0.0025
32 33 0.0035
34 33 0.0074
30 34 0.0147
33 34 0.0074
376 34 0.0004
21 35 0.0014
23 35 0.0002
36 35 0.0071
35 36 0.0071
37 36 0.0071
38 36 0.0055
51 36 0.0122
2 37 0.0083
36 37 0.0071
208 37 0.0702
2 38 0.0069
36 38 0.0055
209 38 0.0471
31 39 0.0056
40 39 0.012
51 39 0.0029
39 40 0.012
41 40 0.0071
245 40 0.0006
40 41 0.0071
42 41 0.0041
46 41 0.0204
41 42 0.0041
43 42 0.0018
44 42 0.0022
2 43 0.0033
42 43 0.0018
211 43 0.0715
42 44 0.0022
45 44 0.0043
51 44 0.0024
2 45 0.0038
44 45 0.0043
210 45 0.0133
41 46 0.0204
47 46 0.0093
50 46 0.005
46 47 0.0093
48 47 0.0022
49 47 0.0001
2 48 0.0031
47 48 0.0022
212 48 0.1498
2 49 0.0026
47 49 0.0001
213 49 0.0185
46 50 0.005
36 51 0.0122
39 51 0.0029
44 51 0.0024
13 52 0.0033
23 52 0.0009
53 52 0.0005
2 53 0.0081
52 53 0.0005
207 53 0.0579
8 54 0.0011
55 54 0.0103
379 54 0.0009
54 55 0.0103
56 55 0.0051
58 55 0.0005
55 56 0.0051
57 56 0.002
462 56 0.0022
2 57 0.0041
56 57 0.002
205 57 0.032
55 58 0.0005
59 58 0.0002
60 58 0.0004
2 59 0.0036
58 59 0.0002
204 59 0.057
2 60 0.0028
58 60 0.0004
203 60 0.0011
8 61 0.0004
9 62 0.0008
63 62 0.0002
64 62 0.0001
12 63 0.0009
13 63 0.0048
62 63 0.0002
62 64 0.0001
32 65 0.0061
66 65 0.0002
67 65 0.0017
65 66 0.0002
81 66 0.0011
82 66 0.0005
65 67 0.0017
68 67 0.0034
75 67 0.0097
118 67 0.0048
67 68 0.0034
69 68 0.0007
73 68 0.0039
68 69 0.0007
70 69 0.0006
73 69 0.0039
372 69 0.0002
69 70 0.0006
71 70 0.0041
74 70 0.0019
70 71 0.0041
72 71 0.0022
374 71 0.0008
71 72 0.0022
80 72 0.0003
369 72 0.0053
416 72 0.002
68 73 0.0039
69 73 0.0039
74 73 0.0124
70 74 0.0019
73 74 0.0124
76 74 0.0039
78 74 0.0002
67 75 0.0097
76 75 0.0205
87 75 0.0073
74 76 0.0039
75 76 0.0205
77 76 0.0005
76 77 0.0005
79 77 0.0013
84 77 0.0011
74 78 0.0002
79 78 0.0012
80 78 0.0009
77 79 0.0013
78 79 0.0012
80 79 0.0009
72 80 0.0003
78 80 0.0009
79 80 0.0009
369 80 0.0002
66 81 0.0011
82 81 0.0026
371 81 0.0001
66 82 0.0005
81 82 0.0026
83 82 0.0003
376 82 0.0019
82 83 0.0003
77 84 0.0011
85 84 0.0006
90 84 0.0001
84 85 0.0006
86 85 0.0028
113 85 0.0006
85 86 0.0028
526 86 0.0002
558 86 0.0003
75 87 0.0073
88 87 0.0094
92 87 0.0022
137 87 0.0025
87 88 0.0094
89 88 0.0005
378 88 0.0007
88 89 0.0005
90 89 0.0012
378 89 0.0003
84 90 0.0001
89 90 0.0012
91 90 0.0003
90 91 0.0003
94 91 0.0004
109 91 0.0005
87 92 0.0022
93 92 0.0119
137 92 0.001
246 92 0.0003
92 93 0.0119
94 93 0.0015
96 93 0.001
378 93 0.0017
91 94 0.0004
93 94 0.0015
95 94 0.0053
94 95 0.0053
108 95 0.0002
116 95 0.0007
93 96 0.001
97 96 0.0011
247 96 0.0531
96 97 0.0011
98 97 0.0101
104 97 0.0023
97 98 0.0101
99 98 0.0016
102 98 0.001
98 99 0.0016
100 99 0.0006
108 99 0.0006
99 100 0.0006
112 100 0.0003
470 100 0.0107
470 101 0.0103
98 102 0.001
103 102 0.0037
107 102 0.0003
102 103 0.0037
520 103 0.0005
521 103 0.0005
97 104 0.0023
105 104 0.0002
106 104 0.0015
104 105 0.0002
104 106 0.0015
412 106 0.0007
631 106 0.0001
102 107 0.0003
95 108 0.0002
99 108 0.0006
116 108 0.0001
91 109 0.0005
110 109 0.0046
115 109 0.0001
109 110 0.0046
111 110 0.0032
569 110 0.0012
110 111 0.0032
112 111 0.0141
569 111 0.0017
100 112 0.0003
111 112 0.0141
465 112 0.0007
85 113 0.0006
114 113 0.0015
569 113 0.0063
113 114 0.0015
559 114 0.0007
641 114 0.0001
109 115 0.0001
95 116 0.0007
108 116 0.0001
117 116 0.0002
116 117 0.0002
67 118 0.0048
119 118 0.0013
123 118 0.0003
118 119 0.0013
130 119 0.0002
138 119 0.0003
1 120 0.004
121 120 0.0002
194 120 0.0415
120 121 0.0002
139 121 0.0003
141 121 0.0011
148 121 0.0005
141 122 0.0007
142 122 0.0013
144 122 0.0017
118 123 0.0003
124 123 0.0005
139 123 0.0006
123 124 0.0005
125 124 0.0011
127 124 0.0009
124 125 0.0011
126 125 0.0041
127 125 0.0013
519 125 0.0006
125 126 0.0041
127 126 0.0012
128 126 0.0017
124 127 0.0009
125 127 0.0013
126 127 0.0012
126 128 0.0017
129 128 0.0006
415 128 0.0003
128 129 0.0006
119 130 0.0002
131 130 0.0012
133 130 0.0017
130 131 0.0012
132 131 0.0009
519 131 0.0018
131 132 0.0009
414 132 0.0005
519 132 0.0004
130 133 0.0017
134 133 0.0001
411 133 0.0002
133 134 0.0001
136 135 0.0043
137 135 0.0001
138 135 0.0027
135 136 0.0043
367 136 0.0025
409 136 0.0012
87 137 0.0025
92 137 0.001
135 137 0.0001
119 138 0.0003
135 138 0.0027
630 138 0.0019
121 139 0.0003
123 139 0.0006
140 139 0.0085
139 140 0.0085
141 140 0.0041
142 140 0.0002
121 141 0.0011
122 141 0.0007
140 141 0.0041
122 142 0.0013
140 142 0.0002
143 142 0.0033
142 143 0.0033
362 143 0.0007
512 143 0.0006
122 144 0.0017
145 144 0.0004
147 144 0.0004
144 145 0.0004
146 145 0.0006
147 145 0.0011
149 145 0.0002
145 146 0.0006
144 147 0.0004
145 147 0.0011
365 147 0.0016
494 147 0.0001
121 148 0.0005
149 148 0.0005
328 148 0.0005
145 149 0.0002
148 149 0.0005
150 149 0.0004
149 150 0.0004
326 150 0.0014
331 150 0.0003
1 151 0.0038
152 151 0.001
192 151 0.0449
151 152 0.001
153 152 0.0181
158 152 0.0103
152 153 0.0181
154 153 0.006
159 153 0.0064
153 154 0.006
155 154 0.0045
157 154 0.003
154 155 0.0045
156 155 0.0025
692 155 0.0008
155 156 0.0025
157 156 0.0025
250 156 0.0015
345 156 0.0016
393 156 0.0077
154 157 0.003
156 157 0.0025
351 157 0.0003
152 158 0.0103
159 158 0.0035
160 158 0.0038
153 159 0.0064
158 159 0.0035
167 159 0.0023
158 160 0.0038
161 160 0.0068
163 160 0.0008
160 161 0.0068
162 161 0.009
164 161 0.0008
161 162 0.009
167 162 0.0038
169 162 0.0064
160 163 0.0008
166 163 0.0018
308 163 0.0024
334 163 0.0002
161 164 0.0008
165 164 0.02
166 164 0.0017
171 164 0.0093
164 165 0.02
166 165 0.0064
292 165 0.0271
163 166 0.0018
164 166 0.0017
165 166 0.0064
308 166 0.0034
159 167 0.0023
162 167 0.0038
168 167 0.0012
167 168 0.0012
300 168 0.0039
342 168 0.0004
162 169 0.0064
170 169 0.0092
303 169 0.0003
169 170 0.0092
171 170 0.0109
293 170 0.0007
164 171 0.0093
170 171 0.0109
292 171 0.0059
1 172 0.0079
173 172 0.0037
692 172 0.0008
172 173 0.0037
174 173 0.0017
219 173 0.0011
173 174 0.0017
175 174 0.0044
256 174 0.0002
174 175 0.0044
176 175 0.0022
179 175 0.0015
175 176 0.0022
177 176 0.0037
256 176 0.0041
176 177 0.0037
178 177 0.0016
284 177 0.0001
177 178 0.0016
183 178 0.0035
187 178 0.001
175 179 0.0015
180 179 0.0015
182 179 0.0018
288 179 0.0002
179 180 0.0015
181 180 0.0023
182 180 0.0012
180 181 0.0023
183 181 0.0007
186 181 0.0004
202 181 0.0002
179 182 0.0018
180 182 0.0012
288 182 0.0002
178 183 0.0035
181 183 0.0007
184 183 0.0009
183 184 0.0009
185 184 0.0039
186 184 0.001
184 185 0.0039
186 185 0.0002
684 185 0.0021
181 186 0.0004
184 186 0.001
185 186 0.0002
178 187 0.001
188 187 0.0034
656 187 0.0002
187 188 0.0034
189 188 0.0008
489 188 0.0001
188 189 0.0008
190 189 0.0009
489 189 0.0005
189 190 0.0009
3 191 0.0959
151 192 0.0449
690 193 0.1406
120 194 0.0415
16 195 0.0561
14 196 0.0693
540 197 0.0615
542 198 0.054
552 199 0.0107
452 200 0.0169
389 201 0.0238
181 202 0.0002
60 203 0.0011
59 204 0.057
57 205 0.032
462 206 0.0022
53 207 0.0579
37 208 0.0702
38 209 0.0471
45 210 0.0133
43 211 0.0715
48 212 0.1498
49 213 0.0185
215 214 0.0017
287 214 0.0001
694 214 0.0018
214 215 0.0017
216 215 0.0027
392 215 0.0002
396 215 0.0002
215 216 0.0027
217 216 0.0018
396 216 0.0001
216 217 0.0018
218 217 0.0004
404 217 0.0001
217 218 0.0004
255 218 0.001
491 218 0.0003
173 219 0.0011
220 219 0.0019
274 219 0.0003
219 220 0.0019
221 220 0.0029
271 220 0.0002
220 221 0.0029
258 221 0.0004
260 221 0.0022
274 221 0.0012
4 222 0.0084
223 222 0.002
279 222 0.0002
222 223 0.002
224 223 0.0037
236 223 0.0024
223 224 0.0037
225 224 0.021
232 224 0.0023
224 225 0.021
226 225 0.0018
233 225 0.0017
234 225 0.0002
225 226 0.0018
227 226 0.0068
230 226 0.0006
226 227 0.0068
228 227 0.0037
231 227 0.0001
227 228 0.0037
229 228 0.0047
447 228 0.0001
228 229 0.0047
230 229 0.0058
447 229 0.0005
226 230 0.0006
229 230 0.0058
242 230 0.0041
436 230 0.0001
227 231 0.0001
5 232 0.0044
224 232 0.0023
240 232 0.0048
225 233 0.0017
234 233 0.0027
236 233 0.0007
225 234 0.0002
233 234 0.0027
235 234 0.0002
234 235 0.0002
238 235 0.0048
381 235 0.0006
223 236 0.0024
233 236 0.0007
237 236 0.0015
236 237 0.0015
238 237 0.0006
281 237 0.0001
235 238 0.0048
237 238 0.0006
239 238 0.0001
238 239 0.0001
7 240 0.0047
232 240 0.0048
241 240 0.0002
240 241 0.0002
230 242 0.0041
418 242 0.002
425 242 0.0128
31 243 0.0025
244 243 0.0044
377 243 0.002
243 244 0.0044
245 244 0.0004
377 244 0.0028
40 245 0.0006
244 245 0.0004
377 245 0.0012
92 246 0.0003
247 246 0.0001
630 246 0.0001
96 247 0.0531
246 247 0.0001
249 247 0.0001
630 247 0.001
630 248 0.0028
247 249 0.0001
156 250 0.0015
251 250 0.0027
345 250 0.0007
360 250 0.0002
250 251 0.0027
252 251 0.0008
289 251 0.0091
393 251 0.0009
251 252 0.0008
253 252 0.0003
356 252 0.0005
252 253 0.0003
254 253 0.0003
395 253 0.0002
253 254 0.0003
218 255 0.001
174 256 0.0002
176 256 0.0041
257 256 0.0019
256 257 0.0019
282 257 0.0019
615 257 0.0003
221 258 0.0004
259 258 0.003
384 258 0.0003
258 259 0.003
382 259 0.0004
383 259 0.0001
482 259 0.0001
221 260 0.0022
261 260 0.0002
262 260 0.0018
260 261 0.0002
260 262 0.0018
263 262 0.0001
264 262 0.009
262 263 0.0001
268 263 0.0004
269 263 0.0003
262 264 0.009
265 264 0.0017
270 264 0.0001
264 265 0.0017
266 265 0.0038
270 265 0.0001
265 266 0.0038
267 266 0.0001
387 266 0.0003
266 267 0.0001
263 268 0.0004
263 269 0.0003
264 270 0.0001
265 270 0.0001
358 270 0.0002
220 271 0.0002
272 271 0.0002
273 271 0.0003
615 271 0.0014
271 272 0.0002
388 272 0.001
390 272 0.0001
271 273 0.0003
219 274 0.0003
221 274 0.0012
276 274 0.0005
465 275 0.0024
467 275 0.0051
468 275 0.0011
469 275 0.0026
274 276 0.0005
277 276 0.0006
610 276 0.0002
276 277 0.0006
278 277 0.0006
607 277 0.0003
277 278 0.0006
280 278 0.0003
609 278 0.0003
222 279 0.0002
280 279 0.0004
605 279 0.0002
606 279 0.0008
278 280 0.0003
279 280 0.0004
685 280 0.0002
237 281 0.0001
257 282 0.0019
283 282 0.0047
284 282 0.0018
286 282 0.0001
615 282 0.0002
282 283 0.0047
391 283 0.0004
488 283 0.0001
177 284 0.0001
282 284 0.0018
656 284 0.0002
656 285 0.0012
282 286 0.0001
214 287 0.0001
179 288 0.0002
182 288 0.0002
694 288 0.0002
251 289 0.0091
290 289 0.0048
360 289 0.0011
289 290 0.0048
291 290 0.0014
360 290 0.0002
492 290 0.0003
290 291 0.0014
354 291 0.0026
618 291 0.0002
165 292 0.0271
171 292 0.0059
293 292 0.0024
170 293 0.0007
292 293 0.0024
294 293 0.0062
293 294 0.0062
295 294 0.0072
397 294 0.003
294 295 0.0072
296 295 0.0024
304 295 0.0007
295 296 0.0024
297 296 0.0008
397 296 0.0049
296 297 0.0008
298 297 0.0007
299 297 0.0001
297 298 0.0007
400 298 0.0008
401 298 0.0005
402 298 0.0007
297 299 0.0001
168 300 0.0039
301 300 0.0005
303 300 0.0007
300 301 0.0005
302 301 0.0003
344 301 0.0003
301 302 0.0003
169 303 0.0003
300 303 0.0007
304 303 0.0038
295 304 0.0007
303 304 0.0038
305 304 0.0006
304 305 0.0006
306 305 0.001
307 305 0.0002
305 306 0.001
305 307 0.0002
163 308 0.0024
166 308 0.0034
309 308 0.0006
313 308 0.0057
308 309 0.0006
310 309 0.0012
408 309 0.0001
309 310 0.0012
311 310 0.0002
312 310 0.0007
310 311 0.0002
310 312 0.0007
308 313 0.0057
314 313 0.0008
316 313 0.0109
313 314 0.0008
315 314 0.0006
316 314 0.0016
314 315 0.0006
361 315 0.0005
499 315 0.0002
313 316 0.0109
314 316 0.0016
317 316 0.0072
316 317 0.0072
318 317 0.0028
340 317 0.0002
317 318 0.0028
319 318 0.0016
326 318 0.0005
318 319 0.0016
320 319 0.0032
494 319 0.0005
319 320 0.0032
321 320 0.0006
322 320 0.0049
320 321 0.0006
320 322 0.0049
323 322 0.007
405 322 0.0007
322 323 0.007
324 323 0.0004
325 323 0.0004
323 324 0.0004
323 325 0.0004
150 326 0.0014
318 326 0.0005
494 326 0.0009
328 327 0.0011
332 327 0.0051
690 327 0.0016
148 328 0.0005
327 328 0.0011
329 328 0.0009
328 329 0.0009
330 329 0.0009
331 329 0.0002
329 330 0.0009
331 330 0.0003
333 330 0.0011
150 331 0.0003
329 331 0.0002
330 331 0.0003
327 332 0.0051
333 332 0.0003
334 332 0.0014
330 333 0.0011
332 333 0.0003
341 333 0.0046
163 334 0.0002
332 334 0.0014
335 334 0.0018
334 335 0.0018
336 335 0.004
341 335 0.0003
335 336 0.004
337 336 0.0003
338 336 0.0008
336 337 0.0003
336 338 0.0008
339 338 0.0003
340 338 0.0014
338 339 0.0003
317 340 0.0002
338 340 0.0014
341 340 0.0002
333 341 0.0046
335 341 0.0003
340 341 0.0002
168 342 0.0004
343 342 0.0004
353 342 0.0001
342 343 0.0004
344 343 0.0004
403 343 0.0004
301 344 0.0003
343 344 0.0004
619 344 0.0002
156 345 0.0016
250 345 0.0007
346 345 0.001
345 346 0.001
347 346 0.0084
348 346 0.0005
346 347 0.0084
348 347 0.0004
351 347 0.0029
346 348 0.0005
347 348 0.0004
349 348 0.0005
348 349 0.0005
350 349 0.0004
493 349 0.0002
349 350 0.0004
157 351 0.0003
347 351 0.0029
352 351 0.0002
351 352 0.0002
342 353 0.0001
291 354 0.0026
355 354 0.0002
356 354 0.0002
354 355 0.0002
252 356 0.0005
354 356 0.0002
357 356 0.0001
356 357 0.0001
270 358 0.0002
359 358 0.0017
390 358 0.0025
614 358 0.0008
358 359 0.0017
385 359 0.0013
614 359 0.0003
250 360 0.0002
289 360 0.0011
290 360 0.0002
315 361 0.0005
143 362 0.0007
363 362 0.0009
364 362 0.0012
362 363 0.0009
502 363 0.0001
503 363 0.0004
362 364 0.0012
504 364 0.0001
505 364 0.0003
624 364 0.0001
147 365 0.0016
366 365 0.0012
629 365 0.0001
365 366 0.0012
136 367 0.0025
368 367 0.0002
409 367 0.0004
367 368 0.0002
72 369 0.0053
80 369 0.0002
370 369 0.0023
369 370 0.0023
417 370 0.0057
532 370 0.0002
81 371 0.0001
69 372 0.0002
373 372 0.0013
374 372 0.0103
372 373 0.0013
71 374 0.0008
372 374 0.0103
375 374 0.0002
374 375 0.0002
34 376 0.0004
82 376 0.0019
377 376 0.006
243 377 0.002
244 377 0.0028
245 377 0.0012
376 377 0.006
88 378 0.0007
89 378 0.0003
93 378 0.0017
54 379 0.0009
380 379 0.0004
439 379 0.0001
2 380 0.0023
379 380 0.0004
678 380 0.0237
235 381 0.0006
449 381 0.0006
602 381 0.0003
259 382 0.0004
483 382 0.0002
683 382 0.0003
259 383 0.0001
258 384 0.0003
478 384 0.0002
479 384 0.0003
359 385 0.0013
386 385 0.0016
387 385 0.007
486 385 0.0001
613 385 0.0005
385 386 0.0016
484 386 0.0018
537 386 0.0003
538 386 0.0017
611 386 0.0002
266 387 0.0003
385 387 0.007
538 387 0.0004
272 388 0.001
201 389 0.0238
272 390 0.0001
358 390 0.0025
391 390 0.0014
283 391 0.0004
390 391 0.0014
614 391 0.0002
215 392 0.0002
394 392 0.0012
693 392 0.0006
156 393 0.0077
251 393 0.0009
394 393 0.0079
392 394 0.0012
393 394 0.0079
395 394 0.0009
253 395 0.0002
394 395 0.0009
396 395 0.0013
215 396 0.0002
216 396 0.0001
395 396 0.0013
294 397 0.003
296 397 0.0049
399 397 0.0001
676 398 0.0004
397 399 0.0001
298 400 0.0008
298 401 0.0005
298 402 0.0007
343 403 0.0004
217 404 0.0001
322 405 0.0007
406 405 0.0013
498 405 0.0001
405 406 0.0013
407 406 0.0018
497 406 0.0048
406 407 0.0018
495 407 0.001
496 407 0.0007
309 408 0.0001
136 409 0.0012
367 409 0.0004
410 409 0.0009
409 410 0.0009
411 410 0.0012
518 410 0.0027
133 411 0.0002
410 411 0.0012
412 411 0.0042
106 412 0.0007
411 412 0.0042
413 412 0.002
412 413 0.002
472 413 0.0007
475 413 0.0024
132 414 0.0005
513 414 0.0002
514 414 0.0001
128 415 0.0003
507 415 0.0016
509 415 0.0006
511 415 0.0004
72 416 0.002
464 416 0.0015
563 416 0.002
370 417 0.0057
463 417 0.0006
533 417 0.0001
534 417 0.0002
242 418 0.002
419 418 0.0058
437 418 0.0004
418 419 0.0058
420 419 0.0108
437 419 0.0023
419 420 0.0108
421 420 0.0304
432 420 0.0004
437 420 0.0027
420 421 0.0304
422 421 0.0077
433 421 0.0018
421 422 0.0077
423 422 0.0072
435 422 0.0013
422 423 0.0072
424 423 0.0021
437 423 0.0015
423 424 0.0021
443 424 0.0036
680 424 0.0002
242 425 0.0128
426 425 0.0036
430 425 0.0007
425 426 0.0036
427 426 0.0052
430 426 0.0014
426 427 0.0052
428 427 0.0014
431 427 0.0027
427 428 0.0014
429 428 0.0013
442 428 0.0004
428 429 0.0013
439 429 0.0019
440 429 0.001
425 430 0.0007
426 430 0.0014
431 430 0.0175
427 431 0.0027
430 431 0.0175
432 431 0.0017
420 432 0.0004
431 432 0.0017
433 432 0.0019
421 433 0.0018
432 433 0.0019
434 433 0.0015
433 434 0.0015
435 434 0.0019
438 434 0.0009
422 435 0.0013
434 435 0.0019
445 435 0.0004
230 436 0.0001
437 436 0.0003
679 436 0.0008
418 437 0.0004
419 437 0.0023
420 437 0.0027
423 437 0.0015
436 437 0.0003
434 438 0.0009
442 438 0.0015
446 438 0.0006
589 438 0.0016
379 439 0.0001
429 439 0.0019
440 439 0.0009
429 440 0.001
439 440 0.0009
441 440 0.018
440 441 0.018
442 441 0.0016
460 441 0.0026
428 442 0.0004
438 442 0.0015
441 442 0.0016
424 443 0.0036
444 443 0.0002
586 443 0.0023
443 444 0.0002
435 445 0.0004
438 446 0.0006
228 447 0.0001
229 447 0.0005
448 447 0.0011
447 448 0.0011
381 449 0.0006
450 449 0.0016
451 449 0.001
449 450 0.0016
449 451 0.001
2 452 0.0021
200 452 0.0169
453 452 0.0022
452 453 0.0022
454 453 0.0016
456 453 0.0092
551 453 0.0006
453 454 0.0016
455 454 0.0012
557 454 0.0008
454 455 0.0012
453 456 0.0092
457 456 0.0008
458 456 0.009
456 457 0.0008
456 458 0.009
459 458 0.0007
551 458 0.0014
458 459 0.0007
547 459 0.0004
548 459 0.0015
441 460 0.0026
461 460 0.0015
551 460 0.002
460 461 0.0015
2 462 0.0042
56 462 0.0022
206 462 0.0022
417 463 0.0006
464 463 0.0006
530 463 0.0014
531 463 0.0031
416 464 0.0015
463 464 0.0006
527 464 0.001
112 465 0.0007
275 465 0.0024
638 465 0.0002
684 466 0.0004
275 467 0.0051
570 467 0.0007
573 467 0.0011
275 468 0.0011
275 469 0.0026
578 469 0.0011
580 469 0.0019
100 470 0.0107
101 470 0.0103
471 470 0.0007
470 471 0.0007
582 471 0.0006
637 471 0.0009
413 472 0.0007
473 472 0.0008
474 472 0.0004
472 473 0.0008
472 474 0.0004
413 475 0.0024
476 475 0.0008
477 475 0.0002
515 475 0.003
585 475 0.0002
475 476 0.0008
475 477 0.0002
384 478 0.0002
384 479 0.0003
480 479 0.0003
481 479 0.0002
479 480 0.0003
479 481 0.0002
259 482 0.0001
382 483 0.0002
386 484 0.0018
485 484 0.0006
612 484 0.0003
484 485 0.0006
385 486 0.0001
614 487 0.0004
283 488 0.0001
489 488 0.0007
490 488 0.0006
188 489 0.0001
189 489 0.0005
488 489 0.0007
488 490 0.0006
218 491 0.0003
290 492 0.0003
349 493 0.0002
147 494 0.0001
319 494 0.0005
326 494 0.0009
407 495 0.001
621 495 0.0003
623 495 0.0002
407 496 0.0007
406 497 0.0048
620 497 0.0002
622 497 0.0
405 498 0.0001
315 499 0.0002
500 499 0.0019
501 499 0.0004
499 500 0.0019
499 501 0.0004
363 502 0.0001
363 503 0.0004
364 504 0.0001
364 505 0.0003
506 505 0.0005
624 505 0.0013
505 506 0.0005
415 507 0.0016
508 507 0.0007
510 507 0.0004
507 508 0.0007
415 509 0.0006
507 510 0.0004
415 511 0.0004
143 512 0.0006
414 513 0.0002
414 514 0.0001
475 515 0.003
516 515 0.0004
517 515 0.0001
515 516 0.0004
515 517 0.0001
410 518 0.0027
125 519 0.0006
131 519 0.0018
132 519 0.0004
103 520 0.0005
103 521 0.0005
522 521 0.0007
523 521 0.0013
521 522 0.0007
521 523 0.0013
524 523 0.0005
525 523 0.0026
523 524 0.0005
523 525 0.0026
86 526 0.0002
531 526 0.002
560 526 0.0013
464 527 0.001
528 527 0.0009
529 527 0.0015
527 528 0.0009
531 528 0.0003
562 528 0.0011
527 529 0.0015
463 530 0.0014
463 531 0.0031
526 531 0.002
528 531 0.0003
370 532 0.0002
417 533 0.0001
417 534 0.0002
535 534 0.0006
536 534 0.0007
534 535 0.0006
534 536 0.0007
386 537 0.0003
386 538 0.0017
387 538 0.0004
539 538 0.0002
538 539 0.0002
2 540 0.0029
197 540 0.0615
541 540 0.0011
540 541 0.0011
2 542 0.0021
198 542 0.054
543 542 0.0005
542 543 0.0005
544 543 0.0018
545 543 0.0039
543 544 0.0018
591 544 0.0007
592 544 0.0006
543 545 0.0039
546 545 0.0009
593 545 0.0002
545 546 0.0009
459 547 0.0004
548 547 0.0008
665 547 0.0002
459 548 0.0015
547 548 0.0008
549 548 0.0022
548 549 0.0022
550 549 0.0014
662 549 0.0002
549 550 0.0014
663 550 0.0002
664 550 0.0002
453 551 0.0006
458 551 0.0014
460 551 0.002
2 552 0.0025
199 552 0.0107
553 552 0.0012
552 553 0.0012
554 553 0.0006
556 553 0.0008
553 554 0.0006
555 554 0.0012
599 554 0.0005
554 555 0.0012
597 555 0.0005
598 555 0.0008
553 556 0.0008
454 557 0.0008
86 558 0.0003
559 558 0.0039
560 558 0.0012
114 559 0.0007
558 559 0.0039
568 559 0.0097
642 559 0.0025
526 560 0.0013
558 560 0.0012
561 560 0.0019
560 561 0.0019
528 562 0.0011
416 563 0.002
564 563 0.0026
567 563 0.0015
649 563 0.0002
563 564 0.0026
565 564 0.0026
566 564 0.0015
564 565 0.0026
564 566 0.0015
563 567 0.0015
559 568 0.0097
639 568 0.0003
640 568 0.0002
110 569 0.0012
111 569 0.0017
113 569 0.0063
467 570 0.0007
571 570 0.0008
572 570 0.0005
570 571 0.0008
570 572 0.0005
467 573 0.0011
574 573 0.0009
575 573 0.0007
573 574 0.0009
632 574 0.0005
633 574 0.0013
573 575 0.0007
576 575 0.0009
577 575 0.0005
575 576 0.0009
575 577 0.0005
469 578 0.0011
579 578 0.0013
581 578 0.0014
636 578 0.0002
578 579 0.0013
469 580 0.0019
581 580 0.0017
634 580 0.0002
578 581 0.0014
580 581 0.0017
635 581 0.0003
471 582 0.0006
583 582 0.0008
584 582 0.0007
582 583 0.0008
582 584 0.0007
475 585 0.0002
443 586 0.0023
587 586 0.0086
676 586 0.0007
586 587 0.0086
588 587 0.0057
675 587 0.0004
587 588 0.0057
667 588 0.001
670 588 0.0011
438 589 0.0016
590 589 0.0009
666 589 0.0005
589 590 0.0009
544 591 0.0007
595 591 0.0006
653 591 0.0002
544 592 0.0006
650 592 0.0008
655 592 0.0003
545 593 0.0002
594 593 0.0006
657 593 0.0002
593 594 0.0006
591 595 0.0006
596 595 0.0003
652 595 0.0002
595 596 0.0003
555 597 0.0005
658 597 0.0002
659 597 0.0012
555 598 0.0008
554 599 0.0005
601 600 0.001
602 600 0.0031
603 600 0.001
600 601 0.001
381 602 0.0003
600 602 0.0031
604 602 0.0015
600 603 0.001
602 604 0.0015
279 605 0.0002
279 606 0.0008
277 607 0.0003
608 607 0.0009
688 607 0.0006
607 608 0.0009
686 608 0.0003
687 608 0.0004
689 608 0.0003
278 609 0.0003
276 610 0.0002
386 611 0.0002
484 612 0.0003
385 613 0.0005
358 614 0.0008
359 614 0.0003
391 614 0.0002
487 614 0.0004
257 615 0.0003
271 615 0.0014
282 615 0.0002
617 616 0.0009
684 616 0.0014
691 616 0.0004
616 617 0.0009
291 618 0.0002
344 619 0.0002
497 620 0.0002
495 621 0.0003
497 622 0.0
495 623 0.0002
364 624 0.0001
505 624 0.0013
625 624 0.0014
627 624 0.0004
624 625 0.0014
626 625 0.0004
628 625 0.0009
625 626 0.0004
624 627 0.0004
625 628 0.0009
365 629 0.0001
138 630 0.0019
246 630 0.0001
247 630 0.001
248 630 0.0028
106 631 0.0001
574 632 0.0005
574 633 0.0013
580 634 0.0002
581 635 0.0003
578 636 0.0002
471 637 0.0009
465 638 0.0002
568 639 0.0003
645 639 0.0006
646 639 0.0011
568 640 0.0002
114 641 0.0001
559 642 0.0025
643 642 0.0018
647 642 0.0003
642 643 0.0018
644 643 0.0001
648 643 0.0007
643 644 0.0001
639 645 0.0006
639 646 0.0011
642 647 0.0003
643 648 0.0007
563 649 0.0002
592 650 0.0008
651 650 0.0002
654 650 0.0004
650 651 0.0002
595 652 0.0002
591 653 0.0002
650 654 0.0004
592 655 0.0003
187 656 0.0002
284 656 0.0002
285 656 0.0012
593 657 0.0002
597 658 0.0002
597 659 0.0012
660 659 0.0013
661 659 0.0004
659 660 0.0013
659 661 0.0004
549 662 0.0002
550 663 0.0002
550 664 0.0002
547 665 0.0002
589 666 0.0005
588 667 0.001
668 667 0.0011
669 667 0.0003
667 668 0.0011
667 669 0.0003
588 670 0.0011
671 670 0.001
674 670 0.0004
670 671 0.001
672 671 0.0004
673 671 0.0003
671 672 0.0004
671 673 0.0003
670 674 0.0004
587 675 0.0004
398 676 0.0004
586 676 0.0007
677 676 0.0004
676 677 0.0004
380 678 0.0237
436 679 0.0008
424 680 0.0002
681 680 0.0006
682 680 0.0005
680 681 0.0006
680 682 0.0005
382 683 0.0003
185 684 0.0021
466 684 0.0004
616 684 0.0014
280 685 0.0002
608 686 0.0003
608 687 0.0004
607 688 0.0006
608 689 0.0003
1 690 0.0042
193 690 0.1406
327 690 0.0016
616 691 0.0004
155 692 0.0008
172 692 0.0008
693 692 0.0026
392 693 0.0006
692 693 0.0026
694 693 0.0025
214 694 0.0018
288 694 0.0002
693 694 0.0025
