2 1 0.0024
12 1 0.0004
36 1 0.0005
39 1 0.0
55 1 0.0043
81 1 0.0001
87 1 0.0022
196 1 0.0
204 1 0.0001
206 1 0.0
207 1 0.0001
228 1 0.0029
233 1 0.0
251 1 0.0023
1 2 0.0024
3 2 0.0004
12 2 0.0005
132 2 0.0001
2 3 0.0004
4 3 0.0004
12 3 0.001
23 3 0.0003
3 4 0.0004
5 4 0.0018
7 4 0.0005
4 5 0.0018
6 5 0.0004
7 5 0.0007
5 6 0.0004
4 7 0.0005
5 7 0.0007
8 7 0.0005
7 8 0.0005
9 8 0.0003
10 8 0.0018
8 9 0.0003
8 10 0.0018
11 10 0.0004
128 10 0.0001
10 11 0.0004
1 12 0.0004
2 12 0.0005
3 12 0.001
13 12 0.0009
12 13 0.0009
14 13 0.0004
23 13 0.0004
46 13 0.0004
13 14 0.0004
15 14 0.0014
19 14 0.0002
14 15 0.0014
17 16 0.0001
127 16 0.0002
181 16 0.0002
236 16 0.0002
16 17 0.0001
234 17 0.0006
235 17 0.0003
127 18 0.0005
14 19 0.0002
137 19 0.0001
145 19 0.0001
27 20 0.0004
76 20 0.0006
193 20 0.0001
224 21 0.0001
60 22 0.0
76 22 0.0002
247 22 0.0
3 23 0.0003
13 23 0.0004
24 23 0.0014
23 24 0.0014
26 24 0.0002
28 24 0.0002
29 24 0.0007
61 25 0.0002
186 25 0.0003
253 25 0.0002
24 26 0.0002
20 27 0.0004
152 27 0.0001
167 27 0.0002
24 28 0.0002
24 29 0.0007
30 29 0.0002
32 29 0.001
29 30 0.0002
31 30 0.0013
126 30 0.0001
30 31 0.0013
29 32 0.001
33 32 0.0007
35 32 0.0002
113 32 0.0004
32 33 0.0007
94 33 0.0002
136 33 0.0001
170 34 0.0001
229 34 0.0001
238 34 0.0002
32 35 0.0002
117 35 0.0002
122 35 0.0001
1 36 0.0005
37 36 0.0008
158 36 0.0001
36 37 0.0008
38 37 0.0056
195 37 0.0006
37 38 0.0056
46 38 0.0003
195 38 0.0008
1 39 0.0
132 39 0.0001
194 39 0.0001
201 39 0.0002
42 40 0.0003
49 40 0.0003
195 40 0.0009
79 41 0.0002
205 41 0.0001
251 41 0.0001
40 42 0.0003
99 42 0.0002
221 42 0.0004
44 43 0.0002
160 43 0.0002
171 43 0.0001
220 43 0.0002
43 44 0.0002
109 44 0.0002
161 44 0.0002
171 44 0.0001
109 45 0.0003
13 46 0.0004
38 46 0.0003
47 46 0.0009
46 47 0.0009
48 47 0.0009
49 47 0.0005
47 48 0.0009
40 49 0.0003
47 49 0.0005
50 49 0.0002
49 50 0.0002
51 50 0.0004
106 50 0.0001
50 51 0.0004
148 51 0.0001
155 51 0.0002
243 52 0.0005
59 53 0.0003
65 53 0.0002
183 53 0.0001
184 53 0.0001
174 54 0.0001
1 55 0.0043
56 55 0.0001
71 55 0.0001
55 56 0.0001
57 56 0.0011
64 56 0.0002
56 57 0.0011
58 57 0.0003
64 57 0.0003
71 57 0.0006
57 58 0.0003
59 58 0.0003
73 58 0.0002
53 59 0.0003
58 59 0.0003
63 59 0.0001
22 60 0.0
115 60 0.0
251 60 0.0001
25 61 0.0002
222 62 0.0001
59 63 0.0001
56 64 0.0002
57 64 0.0003
65 64 0.0004
53 65 0.0002
64 65 0.0004
68 65 0.0003
107 66 0.0001
222 67 0.0
65 68 0.0003
69 68 0.0007
70 68 0.0008
68 69 0.0007
68 70 0.0008
55 71 0.0001
57 71 0.0006
72 71 0.0007
71 72 0.0007
73 72 0.0003
78 72 0.0007
58 73 0.0002
72 73 0.0003
74 73 0.0006
73 74 0.0006
75 74 0.0004
78 74 0.0003
74 75 0.0004
77 75 0.0004
82 75 0.0001
214 75 0.0004
20 76 0.0006
22 76 0.0002
251 76 0.0
75 77 0.0004
72 78 0.0007
74 78 0.0003
80 78 0.0007
228 78 0.0001
41 79 0.0002
213 79 0.0003
253 79 0.0003
78 80 0.0007
1 81 0.0001
133 81 0.0001
240 81 0.0001
75 82 0.0001
85 82 0.0002
226 82 0.0001
228 82 0.0003
218 83 0.0001
187 84 0.0001
82 85 0.0002
86 85 0.0003
88 85 0.0006
91 85 0.0001
85 86 0.0003
144 86 0.0005
146 86 0.0004
1 87 0.0022
88 87 0.0001
156 87 0.0001
85 88 0.0006
87 88 0.0001
242 88 0.0001
90 89 0.0001
92 89 0.0001
191 89 0.0001
89 90 0.0001
85 91 0.0001
93 91 0.0004
190 91 0.0002
89 92 0.0001
91 93 0.0004
33 94 0.0002
96 94 0.0001
129 94 0.0002
125 95 0.0001
165 95 0.0002
248 95 0.0001
94 96 0.0001
97 96 0.0003
98 96 0.0002
96 97 0.0003
96 98 0.0002
42 99 0.0002
100 99 0.0005
104 99 0.0002
99 100 0.0005
102 100 0.0002
103 100 0.0002
105 101 0.0
108 101 0.0
190 101 0.0001
100 102 0.0002
100 103 0.0002
99 104 0.0002
101 105 0.0
50 106 0.0001
110 106 0.0002
112 106 0.0001
66 107 0.0001
135 107 0.0004
208 107 0.0002
253 107 0.0003
101 108 0.0
44 109 0.0002
45 109 0.0003
254 109 0.0002
106 110 0.0002
135 111 0.0001
106 112 0.0001
32 113 0.0004
114 113 0.0002
116 113 0.0001
113 114 0.0002
60 115 0.0
113 116 0.0001
35 117 0.0002
118 117 0.0002
121 117 0.0001
117 118 0.0002
119 118 0.0002
120 118 0.0001
118 119 0.0002
118 120 0.0001
117 121 0.0001
35 122 0.0001
123 122 0.0003
124 122 0.0002
122 123 0.0003
122 124 0.0002
95 125 0.0001
149 125 0.0004
165 125 0.0001
30 126 0.0001
16 127 0.0002
18 127 0.0005
193 127 0.0001
10 128 0.0001
94 129 0.0002
130 129 0.0005
131 129 0.0002
129 130 0.0005
129 131 0.0002
2 132 0.0001
39 132 0.0001
134 132 0.0001
81 133 0.0001
233 133 0.0002
240 133 0.0004
132 134 0.0001
107 135 0.0004
111 135 0.0001
203 135 0.0003
33 136 0.0001
19 137 0.0001
138 137 0.0015
140 137 0.0001
142 137 0.0001
137 138 0.0015
139 138 0.0001
141 138 0.0001
138 139 0.0001
137 140 0.0001
138 141 0.0001
137 142 0.0001
143 142 0.0001
198 142 0.0001
142 143 0.0001
86 144 0.0005
160 144 0.0004
220 144 0.0002
226 144 0.0006
19 145 0.0001
147 145 0.0001
151 145 0.0001
86 146 0.0004
145 147 0.0001
51 148 0.0001
150 148 0.0002
153 148 0.0001
249 148 0.0002
125 149 0.0004
148 150 0.0002
145 151 0.0001
27 152 0.0001
167 152 0.0003
179 152 0.0001
148 153 0.0001
249 154 0.0002
51 155 0.0002
157 155 0.0002
249 155 0.0021
87 156 0.0001
166 156 0.0001
176 156 0.0
155 157 0.0002
36 158 0.0001
159 158 0.0001
246 158 0.0001
158 159 0.0001
43 160 0.0002
144 160 0.0004
161 160 0.0002
44 161 0.0002
160 161 0.0002
162 161 0.0007
161 162 0.0007
163 162 0.0002
169 162 0.0008
162 163 0.0002
164 163 0.0003
168 163 0.0
163 164 0.0003
95 165 0.0002
125 165 0.0001
172 165 0.0001
156 166 0.0001
27 167 0.0002
152 167 0.0003
237 167 0.0001
163 168 0.0
162 169 0.0008
34 170 0.0001
43 171 0.0001
44 171 0.0001
172 171 0.0014
165 172 0.0001
171 172 0.0014
173 172 0.0003
254 172 0.0003
172 173 0.0003
174 173 0.0002
187 173 0.0001
54 174 0.0001
173 174 0.0002
175 174 0.0001
174 175 0.0001
156 176 0.0
244 177 0.0001
244 178 0.0001
152 179 0.0001
191 180 0.0
16 181 0.0002
206 182 0.0002
53 183 0.0001
53 184 0.0001
240 185 0.0001
25 186 0.0003
84 187 0.0001
173 187 0.0001
188 187 0.0001
254 187 0.0001
187 188 0.0001
234 189 0.0001
91 190 0.0002
101 190 0.0001
191 190 0.0001
89 191 0.0001
180 191 0.0
190 191 0.0001
219 192 0.0007
223 192 0.0009
248 192 0.0007
20 193 0.0001
127 193 0.0001
230 193 0.0005
39 194 0.0001
37 195 0.0006
38 195 0.0008
40 195 0.0009
1 196 0.0
197 196 0.0002
199 196 0.0001
196 197 0.0002
142 198 0.0001
196 199 0.0001
206 200 0.0
39 201 0.0002
210 202 0.0003
135 203 0.0003
1 204 0.0001
209 204 0.0002
212 204 0.0001
41 205 0.0001
1 206 0.0
182 206 0.0002
200 206 0.0
210 206 0.0001
1 207 0.0001
107 208 0.0002
204 209 0.0002
202 210 0.0003
206 210 0.0001
211 210 0.0001
210 211 0.0001
204 212 0.0001
79 213 0.0003
216 213 0.0004
217 213 0.0002
75 214 0.0004
215 214 0.0003
218 214 0.0001
214 215 0.0003
213 216 0.0004
213 217 0.0002
83 218 0.0001
214 218 0.0001
219 218 0.0005
220 218 0.0002
192 219 0.0007
218 219 0.0005
243 219 0.0006
43 220 0.0002
144 220 0.0002
218 220 0.0002
42 221 0.0004
241 221 0.0003
252 221 0.0001
62 222 0.0001
67 222 0.0
223 222 0.0003
192 223 0.0009
222 223 0.0003
224 223 0.0001
21 224 0.0001
223 224 0.0001
225 224 0.0004
224 225 0.0004
82 226 0.0001
144 226 0.0006
227 226 0.0002
226 227 0.0002
1 228 0.0029
78 228 0.0001
82 228 0.0003
34 229 0.0001
193 230 0.0005
231 230 0.0004
232 230 0.0002
230 231 0.0004
230 232 0.0002
1 233 0.0
133 233 0.0002
234 233 0.0006
17 234 0.0006
189 234 0.0001
233 234 0.0006
17 235 0.0003
244 235 0.0001
245 235 0.0003
16 236 0.0002
238 236 0.0001
245 236 0.0012
167 237 0.0001
34 238 0.0002
236 238 0.0001
239 238 0.0001
238 239 0.0001
81 240 0.0001
133 240 0.0004
185 240 0.0001
221 241 0.0003
88 242 0.0001
52 243 0.0005
219 243 0.0006
248 243 0.0012
177 244 0.0001
178 244 0.0001
235 244 0.0001
235 245 0.0003
236 245 0.0012
250 245 0.0
158 246 0.0001
22 247 0.0
95 248 0.0001
192 248 0.0007
243 248 0.0012
148 249 0.0002
154 249 0.0002
155 249 0.0021
245 250 0.0
1 251 0.0023
41 251 0.0001
60 251 0.0001
76 251 0.0
221 252 0.0001
25 253 0.0002
79 253 0.0003
107 253 0.0003
109 254 0.0002
172 254 0.0003
187 254 0.0001
