2 1 0.0023
6 1 0.003
16 1 0.0045
25 1 0.0005
26 1 0.0031
34 1 0.0006
39 1 0.0003
64 1 0.0013
72 1 0.0036
107 1 0.0005
111 1 0.0004
149 1 0.0039
180 1 0.0005
181 1 0.0003
256 1 0.0001
283 1 0.0012
327 1 0.0001
1 2 0.0023
3 2 0.0006
286 2 0.0006
2 3 0.0006
4 3 0.0006
5 3 0.0006
3 4 0.0006
163 4 0.0003
164 4 0.0003
403 4 0.0001
3 5 0.0006
1 6 0.003
9 6 0.0011
35 6 0.0006
286 6 0.0015
1547 6 0.0004
8 7 0.0006
187 7 0.0006
188 7 0.0004
286 7 0.0019
7 8 0.0006
154 8 0.0008
1557 8 0.0005
6 9 0.0011
10 9 0.0032
189 9 0.0006
9 10 0.0032
11 10 0.001
14 10 0.0014
10 11 0.001
14 11 0.001
182 11 0.0023
169 12 0.0003
183 12 0.0007
188 12 0.0003
173 13 0.0016
175 13 0.0012
184 13 0.0044
10 14 0.0014
11 14 0.001
15 14 0.0015
192 14 0.0005
14 15 0.0015
43 15 0.0018
155 15 0.0011
1 16 0.0045
17 16 0.0006
20 16 0.0008
16 17 0.0006
18 17 0.0013
19 17 0.0004
75 17 0.001
17 18 0.0013
84 18 0.0009
741 18 0.0004
17 19 0.0004
16 20 0.0008
21 20 0.0008
88 20 0.0003
20 21 0.0008
87 21 0.0004
257 21 0.0005
413 21 0.0001
23 22 0.0013
180 22 0.0017
317 22 0.0002
22 23 0.0013
104 24 0.0002
107 24 0.001
108 24 0.0002
348 24 0.0001
1 25 0.0005
91 25 0.0004
95 25 0.0003
1 26 0.0031
29 26 0.0013
32 26 0.0003
70 26 0.0009
61 27 0.0035
63 27 0.0006
1560 27 0.0056
52 28 0.0012
117 28 0.0035
128 28 0.0006
131 28 0.0015
26 29 0.0013
30 29 0.0007
64 29 0.0013
29 30 0.0007
31 30 0.0003
1554 30 0.0019
30 31 0.0003
26 32 0.0003
33 32 0.003
1549 32 0.0005
1554 32 0.0016
32 33 0.003
1 34 0.0006
35 34 0.0008
37 34 0.0014
6 35 0.0006
34 35 0.0008
36 35 0.005
68 35 0.001
35 36 0.005
43 36 0.0007
68 36 0.0009
34 37 0.0014
38 37 0.0008
65 37 0.0053
37 38 0.0008
1 39 0.0003
40 39 0.0007
89 39 0.0003
39 40 0.0007
41 40 0.0011
314 40 0.0002
40 41 0.0011
90 41 0.0007
632 41 0.0001
49 42 0.0014
216 42 0.0002
1571 42 0.0015
15 43 0.0018
36 43 0.0007
44 43 0.0008
43 44 0.0008
45 44 0.0005
1571 44 0.0007
44 45 0.0005
47 46 0.0013
65 46 0.0008
67 46 0.0019
46 47 0.0013
48 47 0.0006
66 47 0.0004
212 47 0.0003
47 48 0.0006
211 48 0.0018
212 48 0.0007
220 48 0.007
42 49 0.0014
50 49 0.0016
162 49 0.0006
49 50 0.0016
281 50 0.0016
282 50 0.0006
227 51 0.0005
244 51 0.0013
282 51 0.0014
28 52 0.0012
124 52 0.0006
1556 52 0.0019
383 53 0.0002
385 53 0.0003
1567 53 0.0009
381 54 0.0007
395 54 0.0005
596 54 0.0001
128 55 0.0017
374 55 0.0012
376 55 0.0009
57 56 0.0006
357 56 0.0007
374 56 0.0011
56 57 0.0006
58 57 0.001
358 57 0.0007
372 57 0.0013
57 58 0.001
59 58 0.0002
373 58 0.001
58 59 0.0002
375 59 0.0007
379 59 0.0002
379 60 0.0009
27 61 0.0035
129 61 0.0028
1559 61 0.0029
117 62 0.0016
118 62 0.0009
129 62 0.0014
27 63 0.0006
133 63 0.0005
1555 63 0.0003
1 64 0.0013
29 64 0.0013
149 64 0.0002
37 65 0.0053
46 65 0.0008
66 65 0.0017
47 66 0.0004
65 66 0.0017
1548 66 0.0007
46 67 0.0019
208 67 0.0016
211 67 0.0008
1550 67 0.0011
1551 67 0.0014
35 68 0.001
36 68 0.0009
69 68 0.0004
1550 68 0.0007
68 69 0.0004
209 69 0.0004
1551 69 0.0018
26 70 0.0009
71 70 0.0009
114 70 0.0032
70 71 0.0009
1 72 0.0036
73 72 0.0002
74 72 0.0003
149 72 0.0029
72 73 0.0002
72 74 0.0003
17 75 0.001
78 75 0.0007
414 75 0.0002
77 76 0.0003
78 76 0.0039
287 76 0.0003
76 77 0.0003
305 77 0.0003
308 77 0.0002
415 77 0.0002
75 78 0.0007
76 78 0.0039
79 78 0.001
78 79 0.001
80 79 0.0035
81 79 0.0006
79 80 0.0035
287 80 0.0004
629 80 0.0001
79 81 0.0006
82 81 0.0028
83 81 0.001
81 82 0.0028
81 83 0.001
18 84 0.0009
85 84 0.0011
744 84 0.0006
84 85 0.0011
86 85 0.0013
745 85 0.0026
85 86 0.0013
296 86 0.0004
745 86 0.0033
21 87 0.0004
20 88 0.0003
39 89 0.0003
41 90 0.0007
25 91 0.0004
92 91 0.0011
96 91 0.0006
91 92 0.0011
93 92 0.0003
94 92 0.0008
97 92 0.0004
92 93 0.0003
92 94 0.0008
25 95 0.0003
91 96 0.0006
315 96 0.0002
318 96 0.0001
92 97 0.0004
98 97 0.0009
498 97 0.0002
97 98 0.0009
100 99 0.0017
180 99 0.0003
316 99 0.0019
99 100 0.0017
102 101 0.001
103 101 0.0003
181 101 0.0004
101 102 0.001
101 103 0.0003
544 103 0.0001
546 103 0.0001
24 104 0.0002
105 104 0.0005
110 104 0.0004
104 105 0.0005
181 106 0.0001
1 107 0.0005
24 107 0.001
109 107 0.0004
24 108 0.0002
107 109 0.0004
104 110 0.0004
1 111 0.0004
112 111 0.0002
113 111 0.001
111 112 0.0002
111 113 0.001
70 114 0.0032
115 114 0.0003
1560 114 0.0032
114 115 0.0003
116 115 0.0022
119 115 0.0006
115 116 0.0022
28 117 0.0035
62 117 0.0016
1559 117 0.0004
62 118 0.0009
115 119 0.0006
120 119 0.003
127 119 0.0003
119 120 0.003
121 120 0.0011
122 120 0.0006
120 121 0.0011
120 122 0.0006
124 123 0.0006
138 123 0.0013
139 123 0.0023
382 123 0.0007
383 123 0.0009
52 124 0.0006
123 124 0.0006
125 124 0.0003
124 125 0.0003
126 125 0.0005
382 125 0.0013
125 126 0.0005
119 127 0.0003
349 127 0.0001
352 127 0.0001
28 128 0.0006
55 128 0.0017
376 128 0.0009
61 129 0.0028
62 129 0.0014
130 129 0.0042
129 130 0.0042
131 130 0.0006
132 130 0.0011
28 131 0.0015
130 131 0.0006
132 131 0.0021
1556 131 0.0042
130 132 0.0011
131 132 0.0021
133 132 0.0022
63 133 0.0005
132 133 0.0022
134 133 0.0016
135 133 0.0007
133 134 0.0016
138 134 0.0006
141 134 0.0003
1556 134 0.0083
133 135 0.0007
136 135 0.0004
1549 135 0.0004
135 136 0.0004
137 136 0.0004
144 136 0.0009
136 137 0.0004
123 138 0.0013
134 138 0.0006
139 138 0.0007
123 139 0.0023
138 139 0.0007
140 139 0.0009
139 140 0.0009
260 140 0.0015
424 140 0.0003
134 141 0.0003
142 141 0.0008
143 141 0.0009
141 142 0.0008
141 143 0.0009
136 144 0.0009
145 144 0.0007
146 144 0.0009
144 145 0.0007
144 146 0.0009
147 146 0.0008
148 146 0.0009
146 147 0.0008
146 148 0.0009
1 149 0.0039
64 149 0.0002
72 149 0.0029
150 149 0.0015
149 150 0.0015
151 150 0.0005
152 150 0.0004
153 150 0.0007
150 151 0.0005
150 152 0.0004
150 153 0.0007
8 154 0.0008
165 154 0.0004
448 154 0.0002
15 155 0.0011
156 155 0.0025
1571 155 0.0007
155 156 0.0025
157 156 0.0021
158 156 0.001
156 157 0.0021
159 157 0.0011
162 157 0.0016
1552 157 0.0013
156 158 0.001
159 158 0.0027
160 158 0.0046
161 158 0.0029
157 159 0.0011
158 159 0.0027
281 159 0.0004
1036 159 0.0018
1552 159 0.0042
158 160 0.0046
200 160 0.0011
1036 160 0.0021
158 161 0.0029
49 162 0.0006
157 162 0.0016
1571 162 0.0035
4 163 0.0003
4 164 0.0003
154 165 0.0004
167 166 0.0006
166 167 0.0006
168 167 0.0015
406 167 0.0004
408 167 0.0003
1557 167 0.0008
167 168 0.0015
12 169 0.0003
170 169 0.0003
173 169 0.0005
407 169 0.0003
169 170 0.0003
171 170 0.0005
174 170 0.0004
170 171 0.0005
172 171 0.0009
404 171 0.0002
171 172 0.0009
13 173 0.0016
169 173 0.0005
174 173 0.0006
170 174 0.0004
173 174 0.0006
177 174 0.0007
13 175 0.0012
176 175 0.0015
203 175 0.0014
175 176 0.0015
174 177 0.0007
178 177 0.0011
179 177 0.0002
177 178 0.0011
177 179 0.0002
1 180 0.0005
22 180 0.0017
99 180 0.0003
1 181 0.0003
101 181 0.0004
106 181 0.0001
11 182 0.0023
183 182 0.0033
185 182 0.0021
12 183 0.0007
182 183 0.0033
184 183 0.002
13 184 0.0044
183 184 0.002
203 184 0.001
182 185 0.0021
186 185 0.0011
199 185 0.0002
185 186 0.0011
7 187 0.0006
7 188 0.0004
12 188 0.0003
189 188 0.0003
9 189 0.0006
188 189 0.0003
190 189 0.002
191 189 0.001
189 190 0.002
189 191 0.001
14 192 0.0005
193 192 0.0005
1553 192 0.0007
192 193 0.0005
194 193 0.0019
195 193 0.0013
193 194 0.0019
193 195 0.0013
196 195 0.0009
197 195 0.0017
195 196 0.0009
195 197 0.0017
198 197 0.0012
199 197 0.0004
197 198 0.0012
185 199 0.0002
197 199 0.0004
200 199 0.0014
201 199 0.002
160 200 0.0011
199 200 0.0014
201 200 0.0012
235 200 0.0019
252 200 0.002
1036 200 0.0015
199 201 0.002
200 201 0.0012
202 201 0.0006
201 202 0.0006
229 202 0.0033
235 202 0.0015
175 203 0.0014
184 203 0.001
204 203 0.0004
203 204 0.0004
205 204 0.0017
206 204 0.0007
204 205 0.0017
204 206 0.0007
207 206 0.0003
433 206 0.0004
206 207 0.0003
396 207 0.0004
433 207 0.0009
67 208 0.0016
209 208 0.0008
211 208 0.0068
1551 208 0.0008
69 209 0.0004
208 209 0.0008
210 209 0.0021
220 209 0.0013
209 210 0.0021
214 210 0.0004
218 210 0.0007
48 211 0.0018
67 211 0.0008
208 211 0.0068
47 212 0.0003
48 212 0.0007
266 212 0.0006
269 212 0.0002
226 213 0.0002
270 213 0.0035
275 213 0.0007
1572 213 0.0016
210 214 0.0004
215 214 0.0008
224 214 0.0081
214 215 0.0008
42 216 0.0002
217 216 0.0014
1034 216 0.0005
216 217 0.0014
228 217 0.0002
268 217 0.0009
210 218 0.0007
219 218 0.0042
223 218 0.0021
218 219 0.0042
48 220 0.007
209 220 0.0013
221 220 0.0006
220 221 0.0006
222 221 0.0012
223 221 0.0031
221 222 0.0012
224 222 0.0018
266 222 0.0011
218 223 0.0021
221 223 0.0031
224 223 0.0031
214 224 0.0081
222 224 0.0018
223 224 0.0031
275 225 0.0002
213 226 0.0002
51 227 0.0005
279 227 0.0002
1034 227 0.0005
217 228 0.0002
202 229 0.0033
230 229 0.0128
429 229 0.0007
229 230 0.0128
231 230 0.0014
237 230 0.0008
230 231 0.0014
232 231 0.0017
233 231 0.0005
237 231 0.0014
429 231 0.0006
1035 231 0.0046
231 232 0.0017
233 232 0.001
1012 232 0.001
1035 232 0.0019
231 233 0.0005
232 233 0.001
234 233 0.0013
1022 233 0.0003
233 234 0.0013
397 234 0.0004
1017 234 0.0015
200 235 0.0019
202 235 0.0015
236 235 0.0019
252 235 0.0018
235 236 0.0019
237 236 0.0032
252 236 0.0015
230 237 0.0008
231 237 0.0014
236 237 0.0032
238 237 0.0022
237 238 0.0022
239 238 0.0021
253 238 0.0021
1035 238 0.0023
238 239 0.0021
240 239 0.0006
1562 239 0.0013
239 240 0.0006
241 240 0.0006
1012 240 0.0008
1043 240 0.0009
1562 240 0.0009
240 241 0.0006
242 241 0.0017
1043 241 0.0009
241 242 0.0017
243 242 0.0011
1562 242 0.0003
242 243 0.0011
51 244 0.0013
245 244 0.0005
246 244 0.0023
244 245 0.0005
244 246 0.0023
247 246 0.0011
248 246 0.0002
249 246 0.0005
246 247 0.0011
246 248 0.0002
246 249 0.0005
251 250 0.0002
255 250 0.0015
281 250 0.0018
250 251 0.0002
200 252 0.002
235 252 0.0018
236 252 0.0015
253 252 0.0006
1036 252 0.0008
238 253 0.0021
252 253 0.0006
255 253 0.0011
255 254 0.0011
250 255 0.0015
253 255 0.0011
254 255 0.0011
1 256 0.0001
21 257 0.0005
258 257 0.0014
259 257 0.0005
257 258 0.0014
257 259 0.0005
140 260 0.0015
261 260 0.0005
262 260 0.0015
260 261 0.0005
260 262 0.0015
263 262 0.0007
264 262 0.0034
1546 262 0.0008
262 263 0.0007
262 264 0.0034
265 264 0.0008
409 264 0.0002
264 265 0.0008
417 265 0.0003
418 265 0.0007
212 266 0.0006
222 266 0.0011
267 266 0.0014
278 266 0.0006
266 267 0.0014
268 267 0.0009
277 267 0.001
278 267 0.0007
217 268 0.0009
267 268 0.0009
272 268 0.0003
212 269 0.0002
270 269 0.0016
278 269 0.0012
213 270 0.0035
269 270 0.0016
271 270 0.0004
270 271 0.0004
272 271 0.0006
277 271 0.0004
268 272 0.0003
271 272 0.0006
273 272 0.0008
272 273 0.0008
274 273 0.0007
1037 273 0.0002
273 274 0.0007
213 275 0.0007
225 275 0.0002
276 275 0.0004
275 276 0.0004
267 277 0.001
271 277 0.0004
278 277 0.0016
266 278 0.0006
267 278 0.0007
269 278 0.0012
277 278 0.0016
227 279 0.0002
1034 279 0.0005
1039 279 0.0004
282 280 0.0009
50 281 0.0016
159 281 0.0004
250 281 0.0018
1552 281 0.0005
50 282 0.0006
51 282 0.0014
280 282 0.0009
1 283 0.0012
284 283 0.0012
285 283 0.0011
283 284 0.0012
283 285 0.0011
2 286 0.0006
6 286 0.0015
7 286 0.0019
76 287 0.0003
80 287 0.0004
288 287 0.0006
287 288 0.0006
289 288 0.0004
410 288 0.0002
780 288 0.0002
288 289 0.0004
290 289 0.0011
292 289 0.0002
628 289 0.0001
289 290 0.0011
291 290 0.0001
779 290 0.0003
290 291 0.0001
289 292 0.0002
293 292 0.0005
472 292 0.0002
292 293 0.0005
294 293 0.0005
295 293 0.0007
626 293 0.0002
293 294 0.0005
475 294 0.0002
476 294 0.0004
293 295 0.0007
86 296 0.0004
297 296 0.0015
298 296 0.0015
296 297 0.0015
296 298 0.0015
299 298 0.0002
300 298 0.0007
301 298 0.0013
298 299 0.0002
298 300 0.0007
465 300 0.0002
485 300 0.0002
298 301 0.0013
302 301 0.0003
454 301 0.0004
301 302 0.0003
303 302 0.001
304 302 0.0003
302 303 0.001
302 304 0.0003
452 304 0.0002
459 304 0.0009
77 305 0.0003
306 305 0.0005
415 305 0.0008
305 306 0.0005
307 306 0.0006
486 306 0.0001
306 307 0.0006
77 308 0.0002
480 308 0.0007
481 308 0.0004
310 309 0.0008
313 309 0.0004
744 309 0.0008
745 309 0.0031
309 310 0.0008
311 310 0.0003
312 310 0.0009
310 311 0.0003
310 312 0.0009
309 313 0.0004
40 314 0.0002
487 314 0.0001
488 314 0.0001
96 315 0.0002
493 315 0.0001
494 315 0.0014
99 316 0.0019
317 316 0.0006
322 316 0.0004
22 317 0.0002
316 317 0.0006
318 317 0.0002
96 318 0.0001
317 318 0.0002
319 318 0.0002
318 319 0.0002
320 319 0.0002
321 319 0.0003
319 320 0.0002
489 320 0.0002
492 320 0.0001
319 321 0.0003
634 321 0.0002
635 321 0.0003
316 322 0.0004
323 322 0.0004
324 322 0.0002
322 323 0.0004
324 323 0.0007
501 323 0.0004
322 324 0.0002
323 324 0.0007
500 324 0.0025
326 325 0.0006
330 325 0.0004
332 325 0.0009
333 325 0.0012
499 325 0.0024
325 326 0.0006
333 326 0.0012
502 326 0.001
505 326 0.0001
1 327 0.0001
328 327 0.0007
342 327 0.0004
343 327 0.0004
327 328 0.0007
329 328 0.0006
341 328 0.0001
501 328 0.0002
328 329 0.0006
330 329 0.0009
499 329 0.0002
325 330 0.0004
329 330 0.0009
338 330 0.0009
335 331 0.0002
337 331 0.0003
338 331 0.0014
325 332 0.0009
325 333 0.0012
326 333 0.0012
334 333 0.0002
333 334 0.0002
336 334 0.0009
828 334 0.0003
331 335 0.0002
336 335 0.0004
517 335 0.0003
334 336 0.0009
335 336 0.0004
509 336 0.0003
331 337 0.0003
340 337 0.001
530 337 0.0003
330 338 0.0009
331 338 0.0014
339 338 0.0003
338 339 0.0003
340 339 0.0005
526 339 0.0002
337 340 0.001
339 340 0.0005
529 340 0.0002
328 341 0.0001
531 341 0.0007
827 341 0.0001
327 342 0.0004
327 343 0.0004
344 343 0.0003
541 343 0.0001
343 344 0.0003
345 344 0.0003
346 344 0.0001
344 345 0.0003
344 346 0.0001
539 346 0.0013
540 346 0.0001
544 347 0.0006
24 348 0.0001
127 349 0.0001
350 349 0.0001
351 349 0.0002
349 350 0.0001
349 351 0.0002
127 352 0.0001
353 352 0.0009
354 352 0.0007
356 352 0.0006
352 353 0.0009
352 354 0.0007
355 354 0.0007
547 354 0.0
354 355 0.0007
352 356 0.0006
56 357 0.0007
358 357 0.0007
371 357 0.0001
57 358 0.0007
357 358 0.0007
359 358 0.0013
358 359 0.0013
360 359 0.0008
548 359 0.0
359 360 0.0008
361 360 0.0002
1574 360 0.0001
360 361 0.0002
364 361 0.001
1573 361 0.0007
363 362 0.0004
554 362 0.0002
1573 362 0.0002
362 363 0.0004
551 363 0.0004
553 363 0.001
361 364 0.001
365 364 0.0002
369 364 0.0004
364 365 0.0002
366 365 0.0003
1573 365 0.0004
365 366 0.0003
367 366 0.0003
561 366 0.0002
366 367 0.0003
368 367 0.0003
560 367 0.0003
367 368 0.0003
568 368 0.0005
569 368 0.0004
364 369 0.0004
370 369 0.0001
378 369 0.0001
369 370 0.0001
565 370 0.0002
574 370 0.0004
577 370 0.0002
357 371 0.0001
57 372 0.0013
373 372 0.0013
374 372 0.0007
1561 372 0.0008
58 373 0.001
372 373 0.0013
377 373 0.0008
55 374 0.0012
56 374 0.0011
372 374 0.0007
59 375 0.0007
55 376 0.0009
128 376 0.0009
1561 376 0.0014
373 377 0.0008
378 377 0.0001
388 377 0.0002
1561 377 0.0018
369 378 0.0001
377 378 0.0001
586 378 0.0001
59 379 0.0002
60 379 0.0009
380 379 0.0012
379 380 0.0012
581 380 0.0001
700 380 0.0002
54 381 0.0007
394 381 0.0013
1567 381 0.0015
123 382 0.0007
125 382 0.0013
383 382 0.0011
384 382 0.0002
53 383 0.0002
123 383 0.0009
382 383 0.0011
382 384 0.0002
385 384 0.0001
389 384 0.0002
53 385 0.0003
384 385 0.0001
393 385 0.0004
1566 385 0.0008
387 386 0.0003
394 386 0.0011
1566 386 0.0007
386 387 0.0003
600 387 0.0004
1462 387 0.0001
377 388 0.0002
384 389 0.0002
390 389 0.0005
698 389 0.0001
389 390 0.0005
392 391 0.0003
698 391 0.0004
701 391 0.0002
391 392 0.0003
583 392 0.0006
584 392 0.0004
385 393 0.0004
381 394 0.0013
386 394 0.0011
395 394 0.0003
600 394 0.0002
54 395 0.0005
394 395 0.0003
600 395 0.0003
207 396 0.0004
435 396 0.0006
436 396 0.0004
234 397 0.0004
398 397 0.0005
400 397 0.0011
432 397 0.0017
397 398 0.0005
400 399 0.0009
409 399 0.0008
1019 399 0.0006
1021 399 0.0006
397 400 0.0011
399 400 0.0009
401 400 0.0007
400 401 0.0007
402 401 0.0005
883 401 0.0001
401 402 0.0005
4 403 0.0001
171 404 0.0002
405 404 0.0003
1046 404 0.0009
404 405 0.0003
444 405 0.0009
709 405 0.0002
167 406 0.0004
408 406 0.0014
1044 406 0.0009
169 407 0.0003
1044 407 0.001
1045 407 0.0005
167 408 0.0003
406 408 0.0014
729 408 0.0001
264 409 0.0002
399 409 0.0008
1016 409 0.0013
1037 409 0.0002
1041 409 0.0003
1042 409 0.0005
1390 409 0.0002
1399 409 0.0002
1564 409 0.0002
1568 409 0.0014
288 410 0.0002
411 410 0.0007
412 410 0.0007
410 411 0.0007
410 412 0.0007
21 413 0.0001
75 414 0.0002
77 415 0.0002
305 415 0.0008
416 415 0.0007
415 416 0.0007
265 417 0.0003
265 418 0.0007
419 418 0.0002
421 418 0.0004
418 419 0.0002
420 419 0.0002
425 419 0.0004
419 420 0.0002
418 421 0.0004
422 421 0.0007
423 421 0.0003
421 422 0.0007
421 423 0.0003
140 424 0.0003
419 425 0.0004
426 425 0.0003
427 425 0.0004
428 425 0.0002
425 426 0.0003
425 427 0.0004
425 428 0.0002
229 429 0.0007
231 429 0.0006
430 429 0.0004
431 429 0.0013
429 430 0.0004
431 430 0.0007
1017 430 0.0019
429 431 0.0013
430 431 0.0007
432 431 0.0007
397 432 0.0017
431 432 0.0007
602 432 0.0001
206 433 0.0004
207 433 0.0009
434 433 0.0007
433 434 0.0007
396 435 0.0006
436 435 0.0008
439 435 0.0005
396 436 0.0004
435 436 0.0008
437 436 0.0008
438 436 0.0015
436 437 0.0008
441 437 0.001
442 437 0.0016
436 438 0.0015
439 438 0.0069
442 438 0.0008
435 439 0.0005
438 439 0.0069
440 439 0.0021
439 440 0.0021
437 441 0.001
442 441 0.0008
1049 441 0.0001
437 442 0.0016
438 442 0.0008
441 442 0.0008
443 442 0.0012
442 443 0.0012
405 444 0.0009
445 444 0.0007
708 444 0.0007
444 445 0.0007
446 445 0.0003
447 445 0.0003
723 445 0.0001
885 445 0.0001
445 446 0.0003
445 447 0.0003
154 448 0.0002
450 449 0.0004
451 449 0.0011
454 449 0.0002
603 449 0.0002
449 450 0.0004
452 450 0.001
604 450 0.0002
752 450 0.0003
449 451 0.0011
452 451 0.0013
453 451 0.0011
304 452 0.0002
450 452 0.001
451 452 0.0013
605 452 0.001
451 453 0.0011
301 454 0.0004
449 454 0.0002
455 454 0.0003
458 454 0.0005
454 455 0.0003
456 455 0.0002
457 455 0.0002
455 456 0.0002
455 457 0.0002
454 458 0.0005
304 459 0.0009
460 459 0.0004
461 459 0.0006
459 460 0.0004
459 461 0.0006
463 462 0.0004
465 462 0.0007
466 462 0.0002
462 463 0.0004
464 463 0.0003
608 463 0.0007
463 464 0.0003
616 464 0.0002
620 464 0.0004
300 465 0.0002
462 465 0.0007
467 465 0.0003
462 466 0.0002
622 466 0.0001
623 466 0.0003
465 467 0.0003
468 467 0.0006
471 467 0.0003
467 468 0.0006
469 468 0.0003
470 468 0.0004
468 469 0.0003
468 470 0.0004
767 470 0.0002
768 470 0.0002
467 471 0.0003
292 472 0.0002
473 472 0.0003
474 472 0.0003
472 473 0.0003
472 474 0.0003
294 475 0.0002
294 476 0.0004
477 476 0.0002
478 476 0.0017
476 477 0.0002
476 478 0.0017
479 478 0.0004
769 478 0.0001
776 478 0.0001
478 479 0.0004
625 479 0.0001
773 479 0.0002
308 480 0.0007
308 481 0.0004
482 481 0.0004
483 481 0.0003
481 482 0.0004
481 483 0.0003
484 483 0.0003
781 483 0.0002
483 484 0.0003
300 485 0.0002
306 486 0.0001
314 487 0.0001
314 488 0.0001
320 489 0.0002
490 489 0.0008
491 489 0.0004
489 490 0.0008
489 491 0.0004
320 492 0.0001
315 493 0.0001
315 494 0.0014
495 494 0.0002
633 494 0.0001
494 495 0.0002
496 495 0.0005
497 495 0.0004
495 496 0.0005
495 497 0.0004
97 498 0.0002
325 499 0.0024
329 499 0.0002
500 499 0.0018
502 499 0.0007
324 500 0.0025
499 500 0.0018
501 500 0.0006
323 501 0.0004
328 501 0.0002
500 501 0.0006
326 502 0.001
499 502 0.0007
503 502 0.0001
502 503 0.0001
504 503 0.0003
508 503 0.0001
503 504 0.0003
326 505 0.0001
506 505 0.0001
795 505 0.0
505 506 0.0001
507 506 0.0003
788 506 0.0001
506 507 0.0003
785 507 0.0001
786 507 0.0006
787 507 0.0004
503 508 0.0001
336 509 0.0003
510 509 0.0015
511 509 0.0003
512 509 0.0004
509 510 0.0015
509 511 0.0003
509 512 0.0004
513 512 0.0009
514 512 0.0005
512 513 0.0009
512 514 0.0005
515 514 0.0012
799 514 0.0004
514 515 0.0012
516 515 0.0007
796 515 0.0002
515 516 0.0007
538 516 0.0004
797 516 0.0003
799 516 0.0006
335 517 0.0003
518 517 0.0003
533 517 0.0004
517 518 0.0003
519 518 0.0018
525 518 0.0001
518 519 0.0018
520 519 0.0008
521 519 0.0005
519 520 0.0008
820 520 0.0004
940 520 0.0005
519 521 0.0005
522 521 0.0005
939 521 0.0002
521 522 0.0005
523 522 0.0004
524 522 0.0012
1522 522 0.0004
522 523 0.0004
522 524 0.0012
805 524 0.0005
938 524 0.0003
518 525 0.0001
339 526 0.0002
527 526 0.0003
533 526 0.0003
535 526 0.0005
526 527 0.0003
528 527 0.0002
945 527 0.0001
1474 527 0.0001
527 528 0.0002
340 529 0.0002
337 530 0.0003
341 531 0.0007
532 531 0.0003
947 531 0.0001
531 532 0.0003
636 532 0.0001
637 532 0.0002
517 533 0.0004
526 533 0.0003
534 533 0.0003
823 533 0.0002
533 534 0.0003
526 535 0.0005
536 535 0.0007
825 535 0.002
535 536 0.0007
537 536 0.0003
825 536 0.0016
536 537 0.0003
812 537 0.0005
813 537 0.0003
516 538 0.0004
800 538 0.0004
1521 538 0.0003
346 539 0.0013
829 539 0.0002
1491 539 0.0001
346 540 0.0001
343 541 0.0001
542 541 0.0006
638 541 0.0001
541 542 0.0006
639 542 0.0003
640 542 0.0002
544 543 0.0002
545 543 0.0001
954 543 0.0001
103 544 0.0001
347 544 0.0006
543 544 0.0002
543 545 0.0001
103 546 0.0001
354 547 0.0
359 548 0.0
549 548 0.0003
550 548 0.0004
548 549 0.0003
548 550 0.0004
363 551 0.0004
552 551 0.0002
641 551 0.0001
551 552 0.0002
363 553 0.001
362 554 0.0002
555 554 0.0001
556 554 0.0002
554 555 0.0001
642 555 0.0002
644 555 0.0001
554 556 0.0002
557 556 0.001
559 556 0.0003
556 557 0.001
558 557 0.0004
659 557 0.0002
557 558 0.0004
645 558 0.0017
647 558 0.0008
556 559 0.0003
660 559 0.0002
661 559 0.0005
367 560 0.0003
366 561 0.0002
563 562 0.0002
564 562 0.0001
568 562 0.0018
562 563 0.0002
562 564 0.0001
370 565 0.0002
566 565 0.0002
571 565 0.0003
565 566 0.0002
567 566 0.0005
572 566 0.0002
566 567 0.0005
666 567 0.0002
670 567 0.0004
671 567 0.0003
368 568 0.0005
562 568 0.0018
570 568 0.0001
368 569 0.0004
568 570 0.0001
565 571 0.0003
572 571 0.0005
669 571 0.0001
672 571 0.0001
566 572 0.0002
571 572 0.0005
573 572 0.0004
572 573 0.0004
370 574 0.0004
575 574 0.0001
578 574 0.0002
574 575 0.0001
576 575 0.0011
868 575 0.0002
575 576 0.0011
675 576 0.0006
1468 576 0.0
370 577 0.0002
574 578 0.0002
579 578 0.0003
580 578 0.0002
578 579 0.0003
578 580 0.0002
686 580 0.0001
869 580 0.0002
380 581 0.0001
582 581 0.0002
687 581 0.0001
581 582 0.0002
392 583 0.0006
392 584 0.0004
585 584 0.0001
690 584 0.0001
584 585 0.0001
594 585 0.0004
695 585 0.0002
696 585 0.0002
378 586 0.0001
587 586 0.0001
588 586 0.0001
586 587 0.0001
586 588 0.0001
590 589 0.0008
591 589 0.0003
1462 589 0.0006
589 590 0.0008
591 590 0.001
594 590 0.0002
589 591 0.0003
590 591 0.001
592 591 0.0006
702 591 0.0004
998 591 0.0001
591 592 0.0006
593 592 0.0002
704 592 0.0003
592 593 0.0002
691 593 0.0004
697 593 0.0002
876 593 0.001
585 594 0.0004
590 594 0.0002
595 594 0.0004
594 595 0.0004
54 596 0.0001
597 596 0.0014
599 596 0.0003
596 597 0.0014
598 597 0.0009
1450 597 0.0001
597 598 0.0009
596 599 0.0003
387 600 0.0004
394 600 0.0002
395 600 0.0003
601 600 0.0003
600 601 0.0003
432 602 0.0001
714 602 0.0003
719 602 0.0011
721 602 0.0006
449 603 0.0002
746 603 0.0004
747 603 0.0002
450 604 0.0002
452 605 0.001
606 605 0.0004
607 605 0.0004
605 606 0.0004
605 607 0.0004
463 608 0.0007
609 608 0.0004
611 608 0.0005
615 608 0.0003
608 609 0.0004
610 609 0.0003
614 609 0.0003
609 610 0.0003
608 611 0.0005
612 611 0.0009
617 611 0.0016
611 612 0.0009
613 612 0.0016
618 612 0.0036
612 613 0.0016
609 614 0.0003
619 614 0.0019
757 614 0.0001
608 615 0.0003
464 616 0.0002
611 617 0.0016
753 617 0.0005
754 617 0.0001
612 618 0.0036
614 619 0.0019
464 620 0.0004
621 620 0.0002
758 620 0.0002
620 621 0.0002
759 621 0.0001
760 621 0.0002
910 621 0.0001
466 622 0.0001
466 623 0.0003
624 623 0.0005
761 623 0.0001
764 623 0.0004
623 624 0.0005
762 624 0.0002
763 624 0.0003
479 625 0.0001
771 625 0.0003
772 625 0.0005
917 625 0.0001
1078 625 0.0002
293 626 0.0002
627 626 0.0008
1085 626 0.0002
626 627 0.0008
778 627 0.0004
921 627 0.0002
289 628 0.0001
80 629 0.0001
630 629 0.0007
631 629 0.0002
629 630 0.0007
629 631 0.0002
41 632 0.0001
494 633 0.0001
321 634 0.0002
321 635 0.0003
532 636 0.0001
1476 636 0.0002
1484 636 0.0002
532 637 0.0002
541 638 0.0001
542 639 0.0003
542 640 0.0002
972 640 0.0001
1472 640 0.0002
551 641 0.0001
555 642 0.0002
643 642 0.0003
837 642 0.0002
642 643 0.0003
555 644 0.0001
840 644 0.0003
843 644 0.0015
558 645 0.0017
646 645 0.0003
648 645 0.001
645 646 0.0003
558 647 0.0008
645 648 0.001
649 648 0.0014
650 648 0.0004
648 649 0.0014
650 649 0.0004
968 649 0.0001
648 650 0.0004
649 650 0.0004
651 650 0.0016
650 651 0.0016
652 651 0.0005
653 651 0.0032
651 652 0.0005
651 653 0.0032
654 653 0.0009
1494 653 0.0001
653 654 0.0009
655 654 0.0005
658 654 0.0007
654 655 0.0005
656 655 0.0021
657 655 0.0003
655 656 0.0021
655 657 0.0003
830 657 0.0005
832 657 0.0008
654 658 0.0007
834 658 0.0002
846 658 0.0005
557 659 0.0002
559 660 0.0002
664 660 0.0006
860 660 0.0002
863 660 0.0001
1064 660 0.0002
559 661 0.0005
662 661 0.0005
663 661 0.0002
849 661 0.0001
661 662 0.0005
661 663 0.0002
847 663 0.0005
852 663 0.0002
660 664 0.0006
665 664 0.0007
861 664 0.0007
664 665 0.0007
567 666 0.0002
667 666 0.0002
668 666 0.0003
666 667 0.0002
666 668 0.0003
571 669 0.0001
567 670 0.0004
567 671 0.0003
571 672 0.0001
673 672 0.001
674 672 0.0003
677 672 0.0001
672 673 0.001
866 673 0.0008
867 673 0.0006
672 674 0.0003
576 675 0.0006
676 675 0.0002
679 675 0.0002
675 676 0.0002
677 676 0.0004
678 676 0.0005
672 677 0.0001
676 677 0.0004
980 677 0.0006
676 678 0.0005
675 679 0.0002
680 679 0.0002
681 679 0.0004
679 680 0.0002
679 681 0.0004
682 681 0.001
685 681 0.0002
681 682 0.001
683 682 0.0008
986 682 0.0003
682 683 0.0008
684 683 0.0004
987 683 0.0003
683 684 0.0004
988 684 0.0002
989 684 0.0003
681 685 0.0002
580 686 0.0001
990 686 0.0001
1464 686 0.0004
581 687 0.0001
688 687 0.0003
689 687 0.0003
687 688 0.0003
687 689 0.0003
584 690 0.0001
593 691 0.0004
692 691 0.0014
705 691 0.0004
691 692 0.0014
693 692 0.003
705 692 0.0004
692 693 0.003
694 693 0.0004
875 693 0.0003
693 694 0.0004
585 695 0.0002
585 696 0.0002
593 697 0.0002
881 697 0.0002
882 697 0.0005
389 698 0.0001
391 698 0.0004
699 698 0.0002
698 699 0.0002
380 700 0.0002
391 701 0.0002
591 702 0.0004
703 702 0.0001
995 702 0.0001
702 703 0.0001
592 704 0.0003
691 705 0.0004
692 705 0.0004
706 705 0.0005
707 705 0.0005
705 706 0.0005
872 706 0.0002
991 706 0.0003
705 707 0.0005
444 708 0.0007
725 708 0.0002
885 708 0.0001
405 709 0.0002
725 709 0.0002
726 709 0.0005
729 710 0.0003
733 710 0.0006
736 710 0.0006
738 710 0.0006
712 711 0.0019
716 711 0.0004
719 711 0.0008
711 712 0.0019
717 712 0.0004
718 712 0.0004
1006 712 0.0004
1006 713 0.0013
1286 713 0.0001
1308 713 0.0001
602 714 0.0003
715 714 0.0006
883 714 0.0002
714 715 0.0006
711 716 0.0004
1052 716 0.0014
1054 716 0.0009
712 717 0.0004
712 718 0.0004
602 719 0.0011
711 719 0.0008
720 719 0.0004
722 719 0.0007
719 720 0.0004
1288 720 0.0001
1297 720 0.0002
602 721 0.0006
719 722 0.0007
445 723 0.0001
724 723 0.0008
1009 723 0.0003
723 724 0.0008
708 725 0.0002
709 725 0.0002
1047 725 0.0002
709 726 0.0005
727 726 0.0002
888 726 0.0002
726 727 0.0002
1046 728 0.0002
408 729 0.0001
710 729 0.0003
730 729 0.0003
729 730 0.0003
731 730 0.0003
732 730 0.0003
730 731 0.0003
890 731 0.0004
891 731 0.0004
892 731 0.0002
730 732 0.0003
710 733 0.0006
734 733 0.0003
735 733 0.0004
733 734 0.0003
893 734 0.0002
1216 734 0.0002
1223 734 0.001
733 735 0.0004
710 736 0.0006
737 736 0.0005
739 736 0.0013
736 737 0.0005
710 738 0.0006
736 739 0.0013
740 739 0.0006
889 739 0.0002
739 740 0.0006
18 741 0.0004
742 741 0.0001
743 741 0.0003
741 742 0.0001
741 743 0.0003
84 744 0.0006
309 744 0.0008
745 744 0.0012
85 745 0.0026
86 745 0.0033
309 745 0.0031
744 745 0.0012
603 746 0.0004
894 746 0.0001
896 746 0.0001
603 747 0.0002
897 747 0.0001
898 747 0.0004
1168 747 0.0001
749 748 0.0003
750 748 0.0007
752 748 0.0004
748 749 0.0003
748 750 0.0007
751 750 0.0003
899 750 0.0003
750 751 0.0003
450 752 0.0003
748 752 0.0004
1160 752 0.0002
617 753 0.0005
617 754 0.0001
755 754 0.0004
756 754 0.0005
905 754 0.0003
754 755 0.0004
907 755 0.0006
1130 755 0.0001
754 756 0.0005
1132 756 0.0004
1133 756 0.0005
614 757 0.0001
901 757 0.0003
904 757 0.0002
620 758 0.0002
621 759 0.0001
1081 759 0.0003
1134 759 0.0002
621 760 0.0002
623 761 0.0001
624 762 0.0002
624 763 0.0003
623 764 0.0004
765 764 0.0004
766 764 0.0004
764 765 0.0004
764 766 0.0004
470 767 0.0002
470 768 0.0002
478 769 0.0001
770 769 0.0001
777 769 0.0001
769 770 0.0001
625 771 0.0003
625 772 0.0005
479 773 0.0002
774 773 0.0008
775 773 0.0006
773 774 0.0008
919 774 0.0002
920 774 0.0001
1087 774 0.0001
773 775 0.0006
478 776 0.0001
769 777 0.0001
914 777 0.0003
1134 777 0.0002
627 778 0.0004
290 779 0.0003
288 780 0.0002
483 781 0.0002
782 781 0.0002
783 781 0.0002
784 781 0.0004
781 782 0.0002
781 783 0.0002
781 784 0.0004
507 785 0.0001
507 786 0.0006
507 787 0.0004
506 788 0.0001
789 788 0.0004
791 788 0.0004
788 789 0.0004
790 789 0.0003
923 789 0.0002
789 790 0.0003
788 791 0.0004
792 791 0.0005
929 791 0.0002
791 792 0.0005
793 792 0.0004
794 792 0.0005
926 792 0.0002
792 793 0.0004
792 794 0.0005
931 794 0.0009
932 794 0.0002
505 795 0.0
930 795 0.0002
933 795 0.0004
1536 795 0.0001
515 796 0.0002
516 797 0.0003
798 797 0.0003
934 797 0.0001
797 798 0.0003
514 799 0.0004
516 799 0.0006
1522 799 0.0003
538 800 0.0004
801 800 0.0002
803 800 0.0008
800 801 0.0002
802 801 0.0002
809 801 0.0009
1541 801 0.0
801 802 0.0002
800 803 0.0008
804 803 0.0002
1518 803 0.0001
803 804 0.0002
524 805 0.0005
806 805 0.0003
1522 805 0.0013
805 806 0.0003
807 806 0.0004
1525 806 0.0002
806 807 0.0004
808 807 0.0008
810 807 0.0006
807 808 0.0008
801 809 0.0009
807 810 0.0006
811 810 0.0006
935 810 0.0001
936 810 0.0002
810 811 0.0006
937 811 0.0004
1075 811 0.0001
537 812 0.0005
537 813 0.0003
814 813 0.0003
819 813 0.0004
1074 813 0.0001
813 814 0.0003
815 814 0.0012
943 814 0.0011
814 815 0.0012
816 815 0.001
818 815 0.002
815 816 0.001
817 816 0.0005
1511 816 0.0014
816 817 0.0005
815 818 0.002
813 819 0.0004
520 820 0.0004
821 820 0.0002
822 820 0.0016
820 821 0.0002
820 822 0.0016
533 823 0.0002
824 823 0.0004
825 823 0.0001
823 824 0.0004
535 825 0.002
536 825 0.0016
823 825 0.0001
826 825 0.0005
825 826 0.0005
341 827 0.0001
947 827 0.0002
1493 827 0.0004
334 828 0.0003
539 829 0.0002
657 830 0.0005
831 830 0.0002
832 830 0.0007
1492 830 0.0001
830 831 0.0002
657 832 0.0008
830 832 0.0007
833 832 0.0003
832 833 0.0003
950 833 0.0005
951 833 0.0014
658 834 0.0002
835 834 0.0007
836 834 0.0013
834 835 0.0007
834 836 0.0013
955 836 0.0002
958 836 0.0001
642 837 0.0002
838 837 0.0004
839 837 0.0003
837 838 0.0004
837 839 0.0003
644 840 0.0003
841 840 0.0006
842 840 0.0011
840 841 0.0006
840 842 0.0011
644 843 0.0015
844 843 0.0002
845 843 0.0002
843 844 0.0002
843 845 0.0002
658 846 0.0005
663 847 0.0005
848 847 0.0002
961 847 0.0002
964 847 0.0004
847 848 0.0002
661 849 0.0001
850 849 0.0003
851 849 0.0007
849 850 0.0003
849 851 0.0007
965 851 0.0003
1069 851 0.0001
663 852 0.0002
854 853 0.0014
857 853 0.0004
861 853 0.0003
975 853 0.0001
853 854 0.0014
855 854 0.0005
856 854 0.0003
854 855 0.0005
973 855 0.0002
974 855 0.0006
854 856 0.0003
853 857 0.0004
858 857 0.0004
859 857 0.0002
857 858 0.0004
857 859 0.0002
660 860 0.0002
664 861 0.0007
853 861 0.0003
862 861 0.0002
861 862 0.0002
660 863 0.0001
864 863 0.0016
1504 863 0.0002
863 864 0.0016
865 864 0.0019
976 864 0.0001
979 864 0.0002
864 865 0.0019
977 865 0.0001
978 865 0.0002
673 866 0.0008
673 867 0.0006
575 868 0.0002
580 869 0.0002
870 869 0.0003
871 869 0.0002
869 870 0.0003
869 871 0.0002
706 872 0.0002
873 872 0.0004
1467 872 0.0003
872 873 0.0004
874 873 0.0004
1465 873 0.0002
873 874 0.0004
693 875 0.0003
593 876 0.001
877 876 0.001
878 876 0.0009
876 877 0.001
876 878 0.0009
879 878 0.0004
880 878 0.0003
878 879 0.0004
878 880 0.0003
697 881 0.0002
697 882 0.0005
401 883 0.0001
714 883 0.0002
884 883 0.0011
883 884 0.0011
999 884 0.0004
1003 884 0.0002
1326 884 0.0002
445 885 0.0001
708 885 0.0001
886 885 0.0004
885 886 0.0004
887 886 0.0017
1228 886 0.0007
886 887 0.0017
1231 887 0.0001
1232 887 0.0002
726 888 0.0002
1047 888 0.0002
1227 888 0.0004
739 889 0.0002
1205 889 0.0004
1206 889 0.0004
731 890 0.0004
731 891 0.0004
731 892 0.0002
734 893 0.0002
1207 893 0.0004
1213 893 0.0004
1223 893 0.0002
746 894 0.0001
895 894 0.0006
1202 894 0.0002
894 895 0.0006
746 896 0.0001
1185 896 0.0001
1203 896 0.0002
747 897 0.0001
747 898 0.0004
900 898 0.0001
1196 898 0.0001
750 899 0.0003
900 899 0.0003
1179 899 0.0001
898 900 0.0001
899 900 0.0003
1156 900 0.0002
757 901 0.0003
902 901 0.0002
903 901 0.0004
901 902 0.0002
901 903 0.0004
1157 903 0.0001
1158 903 0.0003
757 904 0.0002
754 905 0.0003
906 905 0.0005
1140 905 0.0002
905 906 0.0005
755 907 0.0006
908 907 0.0002
909 907 0.0004
1131 907 0.0003
907 908 0.0002
907 909 0.0004
621 910 0.0001
911 910 0.0002
1139 910 0.0001
910 911 0.0002
913 912 0.0003
1134 912 0.0027
1135 912 0.0001
912 913 0.0003
777 914 0.0003
915 914 0.0005
916 914 0.001
914 915 0.0005
914 916 0.001
1079 916 0.0003
1080 916 0.0003
1092 916 0.0001
625 917 0.0001
918 917 0.0004
1076 917 0.0004
1077 917 0.0002
1098 917 0.0001
917 918 0.0004
1095 918 0.0002
1101 918 0.0001
774 919 0.0002
774 920 0.0001
627 921 0.0002
922 921 0.0001
1534 921 0.0001
921 922 0.0001
789 923 0.0002
924 923 0.0008
925 923 0.0004
923 924 0.0008
923 925 0.0004
792 926 0.0002
927 926 0.0002
928 926 0.0003
926 927 0.0002
926 928 0.0003
791 929 0.0002
930 929 0.0003
931 929 0.0004
795 930 0.0002
929 930 0.0003
931 930 0.0006
794 931 0.0009
929 931 0.0004
930 931 0.0006
1527 931 0.0001
794 932 0.0002
795 933 0.0004
797 934 0.0001
810 935 0.0001
810 936 0.0002
811 937 0.0004
524 938 0.0003
1520 938 0.0001
1524 938 0.0002
521 939 0.0002
520 940 0.0005
941 940 0.0003
942 940 0.0001
940 941 0.0003
940 942 0.0001
814 943 0.0011
944 943 0.001
1505 943 0.0004
1516 943 0.0001
943 944 0.001
527 945 0.0001
946 945 0.0006
1073 945 0.0005
1473 945 0.0001
945 946 0.0006
1072 946 0.0005
1480 946 0.0001
531 947 0.0001
827 947 0.0002
1476 947 0.0004
949 948 0.0005
1476 948 0.0002
1481 948 0.0003
948 949 0.0005
833 950 0.0005
1469 950 0.0002
1475 950 0.0001
833 951 0.0014
952 951 0.0011
1481 951 0.0003
951 952 0.0011
953 952 0.0004
1483 952 0.0001
952 953 0.0004
543 954 0.0001
836 955 0.0002
956 955 0.0002
957 955 0.0004
1071 955 0.0012
955 956 0.0002
955 957 0.0004
836 958 0.0001
959 958 0.0007
960 958 0.0004
958 959 0.0007
958 960 0.0004
847 961 0.0002
962 961 0.0001
963 961 0.0003
961 962 0.0001
961 963 0.0003
847 964 0.0004
851 965 0.0003
966 965 0.0004
967 965 0.0007
965 966 0.0004
965 967 0.0007
1065 967 0.0002
1066 967 0.0004
1068 967 0.0003
649 968 0.0001
969 968 0.0004
970 968 0.0003
971 968 0.0003
968 969 0.0004
968 970 0.0003
968 971 0.0003
640 972 0.0001
855 973 0.0002
855 974 0.0006
853 975 0.0001
864 976 0.0001
865 977 0.0001
982 977 0.0005
983 977 0.0004
865 978 0.0002
981 978 0.0002
984 978 0.0004
985 978 0.0002
864 979 0.0002
677 980 0.0006
978 981 0.0002
977 982 0.0005
977 983 0.0004
978 984 0.0004
978 985 0.0002
682 986 0.0003
683 987 0.0003
684 988 0.0002
684 989 0.0003
686 990 0.0001
706 991 0.0003
992 991 0.0009
1062 991 0.0001
991 992 0.0009
993 992 0.0002
994 992 0.0004
992 993 0.0002
992 994 0.0004
1056 994 0.0003
1057 994 0.0002
702 995 0.0001
996 995 0.0004
997 995 0.0009
995 996 0.0004
995 997 0.0009
591 998 0.0001
1447 998 0.0001
1463 998 0.0001
884 999 0.0004
1000 999 0.0002
1001 999 0.0005
1326 999 0.0002
999 1000 0.0002
999 1001 0.0005
1002 1001 0.001
1325 1001 0.0003
1001 1002 0.001
1324 1002 0.0007
1325 1002 0.0006
884 1003 0.0002
1004 1003 0.0004
1005 1003 0.0008
1003 1004 0.0004
1003 1005 0.0008
712 1006 0.0004
713 1006 0.0013
1007 1006 0.0002
1006 1007 0.0002
1008 1007 0.0005
1287 1007 0.0003
1007 1008 0.0005
1283 1008 0.0002
1284 1008 0.0009
723 1009 0.0003
1010 1009 0.0003
1011 1009 0.0002
1009 1010 0.0003
1009 1011 0.0002
232 1012 0.001
240 1012 0.0008
1013 1012 0.0015
1563 1012 0.0008
1012 1013 0.0015
1026 1013 0.0016
1043 1013 0.0015
1563 1013 0.0024
1015 1014 0.0013
1023 1014 0.0007
1563 1014 0.0005
1014 1015 0.0013
1016 1015 0.0015
1028 1015 0.0005
1033 1015 0.0013
409 1016 0.0013
1015 1016 0.0015
1033 1016 0.0009
234 1017 0.0015
430 1017 0.0019
1018 1017 0.0006
1025 1017 0.0018
1017 1018 0.0006
1019 1018 0.0021
1025 1018 0.0009
399 1019 0.0006
1018 1019 0.0021
1020 1019 0.0005
1019 1020 0.0005
399 1021 0.0006
233 1022 0.0003
1023 1022 0.0013
1025 1022 0.0008
1014 1023 0.0007
1022 1023 0.0013
1024 1023 0.0012
1023 1024 0.0012
1017 1025 0.0018
1018 1025 0.0009
1022 1025 0.0008
1013 1026 0.0016
1027 1026 0.002
1029 1026 0.0015
1026 1027 0.002
1028 1027 0.0016
1030 1027 0.0029
1015 1028 0.0005
1027 1028 0.0016
1032 1028 0.0005
1026 1029 0.0015
1030 1029 0.0024
1040 1029 0.0006
1027 1030 0.0029
1029 1030 0.0024
1031 1030 0.0011
1030 1031 0.0011
1032 1031 0.0016
1042 1031 0.0013
1028 1032 0.0005
1031 1032 0.0016
1033 1032 0.0011
1015 1033 0.0013
1016 1033 0.0009
1032 1033 0.0011
216 1034 0.0005
227 1034 0.0005
279 1034 0.0005
231 1035 0.0046
232 1035 0.0019
238 1035 0.0023
159 1036 0.0018
160 1036 0.0021
200 1036 0.0015
252 1036 0.0008
273 1037 0.0002
409 1037 0.0002
1038 1037 0.0001
1037 1038 0.0001
279 1039 0.0004
1040 1039 0.0007
1564 1039 0.0022
1029 1040 0.0006
1039 1040 0.0007
1041 1040 0.0027
409 1041 0.0003
1040 1041 0.0027
1042 1041 0.0008
409 1042 0.0005
1031 1042 0.0013
1041 1042 0.0008
240 1043 0.0009
241 1043 0.0009
1013 1043 0.0015
406 1044 0.0009
407 1044 0.001
1045 1044 0.0003
407 1045 0.0005
1044 1045 0.0003
1046 1045 0.0011
404 1046 0.0009
728 1046 0.0002
1045 1046 0.0011
725 1047 0.0002
888 1047 0.0002
1048 1047 0.0004
1245 1047 0.0002
1047 1048 0.0004
441 1049 0.0001
1050 1049 0.0001
1051 1049 0.0002
1049 1050 0.0001
1049 1051 0.0002
716 1052 0.0014
1053 1052 0.0006
1282 1052 0.0002
1052 1053 0.0006
716 1054 0.0009
1055 1054 0.0003
1281 1054 0.0002
1054 1055 0.0003
994 1056 0.0003
994 1057 0.0002
1058 1057 0.0001
1059 1057 0.0003
1057 1058 0.0001
1057 1059 0.0003
1060 1059 0.0006
1061 1059 0.0006
1059 1060 0.0006
1059 1061 0.0006
991 1062 0.0001
1063 1062 0.0002
1466 1062 0.0002
1062 1063 0.0002
660 1064 0.0002
967 1065 0.0002
1500 1065 0.0001
1502 1065 0.0001
967 1066 0.0004
1067 1066 0.0005
1501 1066 0.0003
1066 1067 0.0005
967 1068 0.0003
851 1069 0.0001
1070 1069 0.0002
1503 1069 0.0002
1069 1070 0.0002
955 1071 0.0012
1477 1071 0.0002
1487 1071 0.0002
946 1072 0.0005
945 1073 0.0005
813 1074 0.0001
811 1075 0.0001
1517 1075 0.0002
1541 1075 0.0001
917 1076 0.0004
1077 1076 0.0006
1082 1076 0.0005
917 1077 0.0002
1076 1077 0.0006
1090 1077 0.0001
625 1078 0.0002
916 1079 0.0003
916 1080 0.0003
759 1081 0.0003
1076 1082 0.0005
1084 1083 0.0001
1085 1083 0.0001
1105 1083 0.0001
1083 1084 0.0001
626 1085 0.0002
1083 1085 0.0001
1086 1085 0.0004
1085 1086 0.0004
774 1087 0.0001
1088 1087 0.0004
1089 1087 0.0002
1087 1088 0.0004
1087 1089 0.0002
1077 1090 0.0001
1091 1090 0.0015
1117 1090 0.0002
1090 1091 0.0015
916 1092 0.0001
1093 1092 0.0003
1094 1092 0.0003
1118 1092 0.0002
1119 1092 0.0003
1092 1093 0.0003
1092 1094 0.0003
918 1095 0.0002
1096 1095 0.0004
1116 1095 0.0002
1095 1096 0.0004
1097 1096 0.0003
1104 1096 0.0004
1096 1097 0.0003
917 1098 0.0001
1099 1098 0.001
1100 1098 0.0009
1098 1099 0.001
1098 1100 0.0009
918 1101 0.0001
1102 1101 0.0012
1113 1101 0.0002
1101 1102 0.0012
1103 1102 0.0005
1111 1102 0.0003
1112 1102 0.0003
1102 1103 0.0005
1096 1104 0.0004
1083 1105 0.0001
1106 1105 0.0002
1107 1105 0.0005
1105 1106 0.0002
1105 1107 0.0005
1108 1107 0.0002
1109 1107 0.0003
1110 1107 0.0006
1107 1108 0.0002
1107 1109 0.0003
1107 1110 0.0006
1102 1111 0.0003
1102 1112 0.0003
1101 1113 0.0002
1114 1113 0.001
1115 1113 0.0005
1113 1114 0.001
1113 1115 0.0005
1095 1116 0.0002
1090 1117 0.0002
1126 1117 0.0003
1128 1117 0.0004
1092 1118 0.0002
1119 1118 0.0012
1120 1118 0.0003
1092 1119 0.0003
1118 1119 0.0012
1125 1119 0.0001
1118 1120 0.0003
1121 1120 0.0002
1122 1120 0.0001
1123 1120 0.0003
1124 1120 0.0003
1120 1121 0.0002
1120 1122 0.0001
1120 1123 0.0003
1120 1124 0.0003
1119 1125 0.0001
1117 1126 0.0003
1127 1126 0.0006
1129 1126 0.0004
1126 1127 0.0006
1117 1128 0.0004
1126 1129 0.0004
755 1130 0.0001
907 1131 0.0003
756 1132 0.0004
756 1133 0.0005
759 1134 0.0002
777 1134 0.0002
912 1134 0.0027
912 1135 0.0001
1136 1135 0.0007
1137 1135 0.0004
1135 1136 0.0007
1135 1137 0.0004
1138 1137 0.0002
1143 1137 0.0001
1137 1138 0.0002
1144 1138 0.0007
1146 1138 0.0004
910 1139 0.0001
905 1140 0.0002
1141 1140 0.0005
1142 1140 0.0003
1159 1140 0.0002
1140 1141 0.0005
1140 1142 0.0003
1154 1142 0.0002
1155 1142 0.0002
1137 1143 0.0001
1152 1143 0.0003
1153 1143 0.0007
1138 1144 0.0007
1145 1144 0.0002
1149 1144 0.0002
1144 1145 0.0002
1138 1146 0.0004
1147 1146 0.0003
1148 1146 0.0002
1146 1147 0.0003
1146 1148 0.0002
1144 1149 0.0002
1150 1149 0.0003
1151 1149 0.0004
1149 1150 0.0003
1149 1151 0.0004
1143 1152 0.0003
1143 1153 0.0007
1142 1154 0.0002
1142 1155 0.0002
900 1156 0.0002
1161 1156 0.0005
1164 1156 0.0002
1172 1156 0.0003
903 1157 0.0001
903 1158 0.0003
1140 1159 0.0002
752 1160 0.0002
1156 1161 0.0005
1162 1161 0.001
1165 1161 0.0003
1161 1162 0.001
1163 1162 0.0006
1180 1162 0.0002
1162 1163 0.0006
1166 1163 0.0003
1174 1163 0.0001
1175 1163 0.0005
1156 1164 0.0002
1161 1165 0.0003
1163 1166 0.0003
1172 1167 0.0002
747 1168 0.0001
1169 1168 0.0006
1222 1168 0.0003
1168 1169 0.0006
1170 1169 0.0003
1204 1169 0.0001
1169 1170 0.0003
1171 1170 0.0004
1183 1170 0.0002
1184 1170 0.0003
1170 1171 0.0004
1186 1171 0.0004
1199 1171 0.0001
1156 1172 0.0003
1167 1172 0.0002
1173 1172 0.0002
1172 1173 0.0002
1181 1173 0.0006
1182 1173 0.0007
1195 1173 0.0001
1163 1174 0.0001
1191 1174 0.0002
1192 1174 0.0003
1163 1175 0.0005
1176 1175 0.0013
1177 1175 0.0002
1175 1176 0.0013
1175 1177 0.0002
1178 1177 0.0007
1187 1177 0.0003
1188 1177 0.0002
1177 1178 0.0007
899 1179 0.0001
1162 1180 0.0002
1173 1181 0.0006
1173 1182 0.0007
1170 1183 0.0002
1170 1184 0.0003
896 1185 0.0001
1171 1186 0.0004
1177 1187 0.0003
1177 1188 0.0002
1189 1188 0.0003
1190 1188 0.0003
1188 1189 0.0003
1188 1190 0.0003
1174 1191 0.0002
1174 1192 0.0003
1193 1192 0.0006
1194 1192 0.0005
1192 1193 0.0006
1192 1194 0.0005
1173 1195 0.0001
898 1196 0.0001
1197 1196 0.0005
1198 1196 0.0006
1196 1197 0.0005
1196 1198 0.0006
1171 1199 0.0001
1200 1199 0.0003
1201 1199 0.0002
1199 1200 0.0003
1199 1201 0.0002
894 1202 0.0002
896 1203 0.0002
1204 1203 0.0006
1213 1203 0.0001
1169 1204 0.0001
1203 1204 0.0006
1214 1204 0.0003
889 1205 0.0004
889 1206 0.0004
893 1207 0.0004
1208 1207 0.0022
1219 1207 0.0001
1207 1208 0.0022
1209 1208 0.0003
1210 1208 0.0003
1211 1208 0.0004
1212 1208 0.0005
1208 1209 0.0003
1220 1209 0.0003
1221 1209 0.0002
1208 1210 0.0003
1208 1211 0.0004
1208 1212 0.0005
893 1213 0.0004
1203 1213 0.0001
1215 1213 0.0001
1204 1214 0.0003
1213 1215 0.0001
734 1216 0.0002
1217 1216 0.0003
1218 1216 0.0001
1216 1217 0.0003
1216 1218 0.0001
1207 1219 0.0001
1225 1219 0.0001
1226 1219 0.0003
1209 1220 0.0003
1209 1221 0.0002
1168 1222 0.0003
734 1223 0.001
893 1223 0.0002
1224 1223 0.0002
1223 1224 0.0002
1219 1225 0.0001
1219 1226 0.0003
888 1227 0.0004
1234 1227 0.0001
1235 1227 0.0001
1238 1227 0.0002
886 1228 0.0007
1229 1228 0.0004
1230 1228 0.0003
1233 1228 0.0002
1228 1229 0.0004
1228 1230 0.0003
887 1231 0.0001
1243 1231 0.0003
1262 1231 0.0001
887 1232 0.0002
1272 1232 0.0002
1275 1232 0.0006
1228 1233 0.0002
1227 1234 0.0001
1227 1235 0.0001
1236 1235 0.0002
1247 1235 0.0002
1235 1236 0.0002
1237 1236 0.0003
1248 1236 0.0012
1236 1237 0.0003
1227 1238 0.0002
1239 1238 0.0004
1240 1238 0.0011
1242 1238 0.0005
1245 1238 0.0001
1238 1239 0.0004
1238 1240 0.0011
1241 1240 0.0004
1250 1240 0.0002
1240 1241 0.0004
1238 1242 0.0005
1231 1243 0.0003
1244 1243 0.0005
1265 1243 0.0003
1243 1244 0.0005
1262 1244 0.0002
1264 1244 0.0001
1047 1245 0.0002
1238 1245 0.0001
1246 1245 0.0001
1245 1246 0.0001
1235 1247 0.0002
1236 1248 0.0012
1249 1248 0.003
1254 1248 0.0004
1248 1249 0.003
1240 1250 0.0002
1251 1250 0.0004
1252 1250 0.0003
1253 1250 0.0005
1250 1251 0.0004
1250 1252 0.0003
1250 1253 0.0005
1248 1254 0.0004
1255 1254 0.0004
1256 1254 0.0013
1254 1255 0.0004
1254 1256 0.0013
1257 1256 0.0005
1258 1256 0.0016
1256 1257 0.0005
1256 1258 0.0016
1259 1258 0.0003
1260 1258 0.0003
1261 1258 0.0012
1258 1259 0.0003
1258 1260 0.0003
1258 1261 0.0012
1231 1262 0.0001
1244 1262 0.0002
1263 1262 0.0007
1262 1263 0.0007
1244 1264 0.0001
1243 1265 0.0003
1266 1265 0.0002
1269 1265 0.0004
1265 1266 0.0002
1267 1266 0.0013
1268 1266 0.0008
1266 1267 0.0013
1266 1268 0.0008
1265 1269 0.0004
1270 1269 0.0002
1271 1269 0.0001
1269 1270 0.0002
1269 1271 0.0001
1232 1272 0.0002
1273 1272 0.0002
1274 1272 0.0003
1272 1273 0.0002
1272 1274 0.0003
1232 1275 0.0006
1276 1275 0.0005
1279 1275 0.0005
1275 1276 0.0005
1277 1276 0.0002
1278 1276 0.0002
1279 1276 0.0023
1276 1277 0.0002
1276 1278 0.0002
1275 1279 0.0005
1276 1279 0.0023
1280 1279 0.0005
1279 1280 0.0005
1054 1281 0.0002
1052 1282 0.0002
1008 1283 0.0002
1292 1283 0.0003
1295 1283 0.0003
1008 1284 0.0009
1285 1284 0.0004
1286 1284 0.0005
1300 1284 0.0001
1284 1285 0.0004
713 1286 0.0001
1284 1286 0.0005
1303 1286 0.0001
1007 1287 0.0003
720 1288 0.0001
1289 1288 0.0005
1290 1288 0.0003
1291 1288 0.0003
1296 1288 0.0001
1288 1289 0.0005
1288 1290 0.0003
1288 1291 0.0003
1283 1292 0.0003
1293 1292 0.0003
1294 1292 0.0002
1292 1293 0.0003
1292 1294 0.0002
1283 1295 0.0003
1288 1296 0.0001
1438 1296 0.0002
1439 1296 0.0007
720 1297 0.0002
1298 1297 0.0006
1299 1297 0.0003
1297 1298 0.0006
1297 1299 0.0003
1284 1300 0.0001
1301 1300 0.0003
1302 1300 0.0002
1300 1301 0.0003
1300 1302 0.0002
1286 1303 0.0001
1304 1303 0.0004
1311 1303 0.0001
1312 1303 0.0003
1319 1303 0.0001
1303 1304 0.0004
1305 1304 0.0014
1318 1304 0.0002
1304 1305 0.0014
1306 1305 0.0003
1307 1305 0.0005
1323 1305 0.0001
1305 1306 0.0003
1317 1306 0.0002
1320 1306 0.0003
1305 1307 0.0005
713 1308 0.0001
1309 1308 0.0006
1310 1308 0.0002
1308 1309 0.0006
1308 1310 0.0002
1303 1311 0.0001
1303 1312 0.0003
1313 1312 0.0002
1314 1312 0.0003
1312 1313 0.0002
1312 1314 0.0003
1315 1314 0.0003
1316 1314 0.0001
1314 1315 0.0003
1314 1316 0.0001
1306 1317 0.0002
1304 1318 0.0002
1303 1319 0.0001
1306 1320 0.0003
1321 1320 0.0002
1322 1320 0.0002
1320 1321 0.0002
1320 1322 0.0002
1305 1323 0.0001
1002 1324 0.0007
1335 1324 0.0002
1336 1324 0.0002
1337 1324 0.0001
1001 1325 0.0003
1002 1325 0.0006
1328 1325 0.0001
1339 1325 0.0002
884 1326 0.0002
999 1326 0.0002
1327 1326 0.0007
1326 1327 0.0007
1333 1327 0.0001
1334 1327 0.0002
1325 1328 0.0001
1329 1328 0.0004
1344 1328 0.0005
1328 1329 0.0004
1330 1329 0.0004
1331 1329 0.0004
1349 1329 0.0002
1329 1330 0.0004
1329 1331 0.0004
1332 1331 0.0004
1345 1331 0.0002
1331 1332 0.0004
1346 1332 0.0007
1348 1332 0.0004
1327 1333 0.0001
1327 1334 0.0002
1324 1335 0.0002
1340 1335 0.0008
1363 1335 0.0008
1324 1336 0.0002
1324 1337 0.0001
1338 1337 0.0008
1446 1337 0.0001
1337 1338 0.0008
1325 1339 0.0002
1335 1340 0.0008
1341 1340 0.0002
1362 1340 0.0
1340 1341 0.0002
1343 1342 0.0003
1363 1342 0.0001
1371 1342 0.0002
1342 1343 0.0003
1377 1343 0.0001
1378 1343 0.0006
1328 1344 0.0005
1331 1345 0.0002
1354 1345 0.0002
1359 1345 0.0002
1360 1345 0.0002
1332 1346 0.0007
1347 1346 0.0002
1361 1346 0.0002
1346 1347 0.0002
1332 1348 0.0004
1329 1349 0.0002
1350 1349 0.0007
1352 1349 0.0002
1349 1350 0.0007
1351 1350 0.0001
1352 1350 0.0003
1350 1351 0.0001
1349 1352 0.0002
1350 1352 0.0003
1353 1352 0.0002
1352 1353 0.0002
1345 1354 0.0002
1355 1354 0.0002
1356 1354 0.0004
1354 1355 0.0002
1354 1356 0.0004
1357 1356 0.0004
1358 1356 0.0002
1356 1357 0.0004
1356 1358 0.0002
1345 1359 0.0002
1345 1360 0.0002
1346 1361 0.0002
1340 1362 0.0
1335 1363 0.0008
1342 1363 0.0001
1364 1363 0.0004
1363 1364 0.0004
1365 1364 0.0001
1367 1364 0.0001
1364 1365 0.0001
1366 1365 0.0001
1368 1365 0.0002
1365 1366 0.0001
1364 1367 0.0001
1365 1368 0.0002
1369 1368 0.0005
1370 1368 0.0001
1368 1369 0.0005
1368 1370 0.0001
1342 1371 0.0002
1372 1371 0.0025
1376 1371 0.0001
1371 1372 0.0025
1373 1372 0.0001
1377 1372 0.0001
1372 1373 0.0001
1374 1373 0.0004
1375 1373 0.0002
1373 1374 0.0004
1373 1375 0.0002
1371 1376 0.0001
1343 1377 0.0001
1372 1377 0.0001
1380 1377 0.0005
1343 1378 0.0006
1379 1378 0.0002
1381 1378 0.0011
1378 1379 0.0002
1380 1379 0.0002
1386 1379 0.0005
1377 1380 0.0005
1379 1380 0.0002
1387 1380 0.0001
1378 1381 0.0011
1382 1381 0.0002
1383 1381 0.0001
1381 1382 0.0002
1381 1383 0.0001
1384 1383 0.0003
1385 1383 0.0003
1388 1383 0.0001
1383 1384 0.0003
1383 1385 0.0003
1379 1386 0.0005
1380 1387 0.0001
1383 1388 0.0001
1397 1389 0.0002
409 1390 0.0002
1391 1390 0.0001
1394 1390 0.0007
1390 1391 0.0001
1392 1391 0.0002
1393 1391 0.0007
1391 1392 0.0002
1416 1392 0.0002
1417 1392 0.0003
1391 1393 0.0007
1390 1394 0.0007
1395 1394 0.0007
1397 1394 0.0006
1394 1395 0.0007
1396 1395 0.0003
1402 1395 0.0002
1415 1395 0.0001
1395 1396 0.0003
1389 1397 0.0002
1394 1397 0.0006
1398 1397 0.0003
1397 1398 0.0003
409 1399 0.0002
1400 1399 0.0004
1401 1399 0.0003
1399 1400 0.0004
1399 1401 0.0003
1395 1402 0.0002
1403 1402 0.0007
1414 1402 0.0001
1402 1403 0.0007
1404 1403 0.002
1413 1403 0.0007
1403 1404 0.002
1405 1404 0.001
1413 1404 0.0011
1404 1405 0.001
1406 1405 0.0015
1410 1405 0.001
1405 1406 0.0015
1407 1406 0.0022
1412 1406 0.0007
1406 1407 0.0022
1408 1407 0.0003
1409 1407 0.0004
1407 1408 0.0003
1407 1409 0.0004
1418 1409 0.0006
1422 1409 0.0002
1405 1410 0.001
1411 1410 0.0004
1413 1410 0.0009
1425 1410 0.0002
1410 1411 0.0004
1406 1412 0.0007
1403 1413 0.0007
1404 1413 0.0011
1410 1413 0.0009
1402 1414 0.0001
1395 1415 0.0001
1392 1416 0.0002
1392 1417 0.0003
1409 1418 0.0006
1419 1418 0.0001
1420 1418 0.0002
1418 1419 0.0001
1418 1420 0.0002
1421 1420 0.0002
1435 1420 0.0002
1420 1421 0.0002
1409 1422 0.0002
1423 1422 0.0002
1424 1422 0.0001
1422 1423 0.0002
1422 1424 0.0001
1431 1424 0.0013
1432 1424 0.0004
1410 1425 0.0002
1426 1425 0.0007
1428 1425 0.0002
1425 1426 0.0007
1427 1426 0.0001
1431 1426 0.0003
1426 1427 0.0001
1425 1428 0.0002
1429 1428 0.0002
1430 1428 0.0003
1428 1429 0.0002
1428 1430 0.0003
1424 1431 0.0013
1426 1431 0.0003
1432 1431 0.0003
1434 1431 0.0002
1424 1432 0.0004
1431 1432 0.0003
1433 1432 0.0007
1432 1433 0.0007
1431 1434 0.0002
1420 1435 0.0002
1436 1435 0.0001
1437 1435 0.0001
1435 1436 0.0001
1435 1437 0.0001
1296 1438 0.0002
1296 1439 0.0007
1440 1439 0.0001
1441 1439 0.0005
1439 1440 0.0001
1439 1441 0.0005
1442 1441 0.0004
1443 1441 0.0002
1441 1442 0.0004
1441 1443 0.0002
1444 1443 0.0002
1445 1443 0.0002
1443 1444 0.0002
1443 1445 0.0002
1337 1446 0.0001
998 1447 0.0001
1448 1447 0.0003
1449 1447 0.0001
1447 1448 0.0003
1447 1449 0.0001
597 1450 0.0001
1451 1450 0.0002
1462 1450 0.0002
1450 1451 0.0002
1452 1451 0.0007
1453 1451 0.0002
1451 1452 0.0007
1451 1453 0.0002
1454 1453 0.0003
1457 1453 0.0001
1453 1454 0.0003
1455 1454 0.001
1456 1454 0.0006
1454 1455 0.001
1454 1456 0.0006
1453 1457 0.0001
1458 1457 0.0005
1459 1457 0.0006
1457 1458 0.0005
1457 1459 0.0006
1460 1459 0.0003
1461 1459 0.0004
1459 1460 0.0003
1459 1461 0.0004
387 1462 0.0001
589 1462 0.0006
1450 1462 0.0002
998 1463 0.0001
686 1464 0.0004
873 1465 0.0002
1062 1466 0.0002
872 1467 0.0003
576 1468 0.0
950 1469 0.0002
1470 1469 0.0004
1471 1469 0.0003
1485 1469 0.0001
1495 1469 0.0001
1469 1470 0.0004
1469 1471 0.0003
640 1472 0.0002
945 1473 0.0001
527 1474 0.0001
950 1475 0.0001
1486 1475 0.0004
1499 1475 0.0001
636 1476 0.0002
947 1476 0.0004
948 1476 0.0002
1071 1477 0.0002
1478 1477 0.0002
1479 1477 0.0002
1477 1478 0.0002
1477 1479 0.0002
1489 1479 0.0001
1490 1479 0.0003
1496 1479 0.0002
946 1480 0.0001
948 1481 0.0003
951 1481 0.0003
1482 1481 0.0004
1481 1482 0.0004
952 1483 0.0001
636 1484 0.0002
1469 1485 0.0001
1475 1486 0.0004
1071 1487 0.0002
1488 1487 0.0002
1496 1487 0.0001
1487 1488 0.0002
1479 1489 0.0001
1479 1490 0.0003
539 1491 0.0001
830 1492 0.0001
827 1493 0.0004
653 1494 0.0001
1469 1495 0.0001
1479 1496 0.0002
1487 1496 0.0001
1497 1496 0.0004
1498 1496 0.0004
1496 1497 0.0004
1496 1498 0.0004
1475 1499 0.0001
1065 1500 0.0001
1066 1501 0.0003
1065 1502 0.0001
1069 1503 0.0002
863 1504 0.0002
943 1505 0.0004
1506 1505 0.0005
1508 1505 0.0003
1505 1506 0.0005
1507 1506 0.0004
1509 1506 0.0004
1510 1506 0.0004
1506 1507 0.0004
1514 1507 0.0001
1515 1507 0.0002
1505 1508 0.0003
1506 1509 0.0004
1506 1510 0.0004
816 1511 0.0014
1512 1511 0.0006
1513 1511 0.0001
1511 1512 0.0006
1511 1513 0.0001
1507 1514 0.0001
1507 1515 0.0002
943 1516 0.0001
1075 1517 0.0002
1526 1517 0.0008
1529 1517 0.0004
803 1518 0.0001
1519 1518 0.0002
1533 1518 0.0003
1542 1518 0.0001
1518 1519 0.0002
938 1520 0.0001
538 1521 0.0003
522 1522 0.0004
799 1522 0.0003
805 1522 0.0013
1523 1522 0.0004
1522 1523 0.0004
938 1524 0.0002
806 1525 0.0002
1517 1526 0.0008
1530 1526 0.0008
1540 1526 0.0001
931 1527 0.0001
1528 1527 0.0007
1531 1527 0.0005
1532 1527 0.0006
1527 1528 0.0007
1517 1529 0.0004
1526 1530 0.0008
1527 1531 0.0005
1527 1532 0.0006
1518 1533 0.0003
1537 1533 0.0001
1542 1533 0.0003
921 1534 0.0001
1535 1534 0.0002
1545 1534 0.0002
1534 1535 0.0002
1538 1535 0.0005
1539 1535 0.0001
795 1536 0.0001
1533 1537 0.0001
1535 1538 0.0005
1535 1539 0.0001
1526 1540 0.0001
801 1541 0.0
1075 1541 0.0001
1544 1541 0.0006
1518 1542 0.0001
1533 1542 0.0003
1543 1542 0.0004
1542 1543 0.0004
1541 1544 0.0006
1534 1545 0.0002
262 1546 0.0008
6 1547 0.0004
66 1548 0.0007
32 1549 0.0005
135 1549 0.0004
1555 1549 0.0004
67 1550 0.0011
68 1550 0.0007
1551 1550 0.0015
67 1551 0.0014
69 1551 0.0018
208 1551 0.0008
1550 1551 0.0015
157 1552 0.0013
159 1552 0.0042
281 1552 0.0005
192 1553 0.0007
30 1554 0.0019
32 1554 0.0016
1555 1554 0.001
63 1555 0.0003
1549 1555 0.0004
1554 1555 0.001
52 1556 0.0019
131 1556 0.0042
134 1556 0.0083
8 1557 0.0005
167 1557 0.0008
1558 1557 0.0005
1557 1558 0.0005
61 1559 0.0029
117 1559 0.0004
1560 1559 0.0036
27 1560 0.0056
114 1560 0.0032
1559 1560 0.0036
372 1561 0.0008
376 1561 0.0014
377 1561 0.0018
239 1562 0.0013
240 1562 0.0009
242 1562 0.0003
1012 1563 0.0008
1013 1563 0.0024
1014 1563 0.0005
409 1564 0.0002
1039 1564 0.0022
1565 1564 0.0006
1564 1565 0.0006
385 1566 0.0008
386 1566 0.0007
1567 1566 0.0004
53 1567 0.0009
381 1567 0.0015
1566 1567 0.0004
409 1568 0.0014
1569 1568 0.0002
1570 1568 0.0005
1568 1569 0.0002
1568 1570 0.0005
42 1571 0.0015
44 1571 0.0007
155 1571 0.0007
162 1571 0.0035
213 1572 0.0016
361 1573 0.0007
362 1573 0.0002
365 1573 0.0004
360 1574 0.0001
