2 1 0.0025
13 1 0.0008
37 1 0.0005
56 1 0.004
83 1 0.0002
89 1 0.0021
229 1 0.0001
238 1 0.0001
239 1 0.0001
241 1 0.0001
267 1 0.0028
269 1 0.0001
284 1 0.0023
505 1 0.0001
1 2 0.0025
3 2 0.0005
13 2 0.0007
139 2 0.0002
2 3 0.0005
4 3 0.0006
13 3 0.0018
22 3 0.0006
3 4 0.0006
5 4 0.0037
7 4 0.0009
4 5 0.0037
6 5 0.0006
7 5 0.0012
5 6 0.0006
4 7 0.0009
5 7 0.0012
8 7 0.0007
7 8 0.0007
10 8 0.0005
11 8 0.0021
44 9 0.0003
106 9 0.0001
329 9 0.0002
8 10 0.0005
8 11 0.0021
12 11 0.0006
136 11 0.0001
11 12 0.0006
1 13 0.0008
2 13 0.0007
3 13 0.0018
14 13 0.0023
13 14 0.0023
15 14 0.0009
22 14 0.0008
46 14 0.0011
14 15 0.0009
16 15 0.0023
18 15 0.0004
15 16 0.0023
884 17 0.0001
15 18 0.0004
144 18 0.0002
154 18 0.0003
62 19 0.0001
62 20 0.0001
171 20 0.0001
870 20 0.0001
307 21 0.0002
3 22 0.0006
14 22 0.0008
23 22 0.0019
22 23 0.0019
26 23 0.0002
28 23 0.0002
29 23 0.0013
42 24 0.0001
45 24 0.0004
297 24 0.0001
317 25 0.0002
23 26 0.0002
870 27 0.0002
23 28 0.0002
23 29 0.0013
31 29 0.0003
33 29 0.0021
549 30 0.0001
29 31 0.0003
32 31 0.0012
134 31 0.0001
31 32 0.0012
29 33 0.0021
34 33 0.0011
36 33 0.0003
111 33 0.0005
33 34 0.0011
94 34 0.0004
143 34 0.0001
196 35 0.0002
800 35 0.0001
801 35 0.0001
33 36 0.0003
115 36 0.001
125 36 0.0003
1 37 0.0005
38 37 0.0007
176 37 0.0001
37 38 0.0007
39 38 0.0046
40 38 0.0012
38 39 0.0046
40 39 0.0017
46 39 0.0004
38 40 0.0012
39 40 0.0017
41 40 0.0021
40 41 0.0021
43 41 0.0004
49 41 0.001
24 42 0.0001
81 42 0.0004
284 42 0.0001
41 43 0.0004
98 43 0.0003
257 43 0.0005
9 44 0.0003
62 44 0.0005
870 44 0.0001
24 45 0.0004
262 45 0.0004
501 45 0.0002
14 46 0.0011
39 46 0.0004
47 46 0.0022
46 47 0.0022
49 47 0.0007
50 47 0.0006
501 48 0.0003
41 49 0.001
47 49 0.0007
50 49 0.0006
47 50 0.0006
49 50 0.0006
51 50 0.0026
50 51 0.0026
54 51 0.0006
105 51 0.0002
692 52 0.0001
501 53 0.0001
51 54 0.0006
159 54 0.0002
173 54 0.0005
159 55 0.0004
172 55 0.0003
173 55 0.0028
1 56 0.004
57 56 0.0002
73 56 0.0002
56 57 0.0002
58 57 0.0019
65 57 0.0003
57 58 0.0019
59 58 0.0004
65 58 0.0004
73 58 0.0006
58 59 0.0004
61 59 0.0004
75 59 0.0003
251 60 0.0003
334 60 0.0006
473 60 0.0008
59 61 0.0004
64 61 0.0002
311 61 0.0004
19 62 0.0001
20 62 0.0001
44 62 0.0005
307 62 0.0004
235 63 0.0004
264 63 0.0004
297 63 0.0003
61 64 0.0002
57 65 0.0003
58 65 0.0004
67 65 0.0004
304 66 0.0003
65 67 0.0004
69 67 0.0007
311 67 0.0002
198 68 0.0001
235 68 0.0007
304 68 0.0004
334 68 0.0003
67 69 0.0007
70 69 0.0007
72 69 0.0007
69 70 0.0007
320 71 0.0003
324 71 0.0004
328 71 0.0001
69 72 0.0007
56 73 0.0002
58 73 0.0006
74 73 0.0014
73 74 0.0014
75 74 0.0005
80 74 0.0021
59 75 0.0003
74 75 0.0005
76 75 0.001
75 76 0.001
77 76 0.0006
80 76 0.0008
76 77 0.0006
79 77 0.0006
84 77 0.0001
248 77 0.0009
324 78 0.0001
688 78 0.0003
689 78 0.0002
77 79 0.0006
74 80 0.0021
76 80 0.0008
82 80 0.0012
267 80 0.0002
42 81 0.0004
247 81 0.0005
288 81 0.0005
80 82 0.0012
1 83 0.0002
85 83 0.0003
86 83 0.0002
77 84 0.0001
87 84 0.0003
265 84 0.0003
267 84 0.0005
83 85 0.0003
86 85 0.001
497 85 0.0001
83 86 0.0002
85 86 0.001
269 86 0.0004
84 87 0.0003
88 87 0.0005
90 87 0.001
92 87 0.0002
87 88 0.0005
364 88 0.0009
366 88 0.0006
1 89 0.0021
90 89 0.0002
375 89 0.0002
87 90 0.001
89 90 0.0002
91 90 0.0003
90 91 0.0003
87 92 0.0002
93 92 0.0004
222 92 0.0003
92 93 0.0004
34 94 0.0004
96 94 0.0002
137 94 0.0003
375 95 0.0001
94 96 0.0002
507 96 0.0001
512 96 0.0002
329 97 0.0001
43 98 0.0003
99 98 0.0007
103 98 0.0003
98 99 0.0007
100 99 0.0002
101 99 0.0007
99 100 0.0002
228 100 0.0004
257 100 0.0001
99 101 0.0007
102 101 0.0005
200 101 0.0008
101 102 0.0005
98 103 0.0003
895 104 0.0003
51 105 0.0002
108 105 0.0003
109 105 0.0002
9 106 0.0001
133 106 0.0005
545 106 0.0002
830 107 0.0002
831 107 0.001
847 107 0.0006
888 107 0.0001
105 108 0.0003
105 109 0.0002
110 109 0.0002
809 109 0.0002
109 110 0.0002
167 110 0.0003
820 110 0.0003
33 111 0.0005
112 111 0.0002
114 111 0.0001
111 112 0.0002
483 113 0.0001
532 113 0.0001
865 113 0.0
111 114 0.0001
36 115 0.001
116 115 0.0006
125 115 0.0014
115 116 0.0006
117 116 0.0002
124 116 0.0002
116 117 0.0002
119 117 0.0003
121 117 0.0001
874 118 0.0001
117 119 0.0003
863 120 0.0001
117 121 0.0001
868 122 0.0
872 123 0.0001
116 124 0.0002
518 124 0.0003
521 124 0.0001
522 124 0.0002
36 125 0.0003
115 125 0.0014
127 125 0.0003
492 126 0.0001
125 127 0.0003
129 127 0.0004
149 127 0.0003
492 128 0.0001
127 129 0.0004
526 130 0.0004
526 131 0.0003
133 132 0.0002
106 133 0.0005
132 133 0.0002
528 133 0.0002
31 134 0.0001
500 135 0.0003
548 135 0.0002
573 135 0.0006
11 136 0.0001
94 137 0.0003
138 137 0.0012
540 137 0.0001
137 138 0.0012
505 138 0.0002
506 138 0.0006
2 139 0.0002
141 139 0.0001
505 139 0.0002
634 140 0.0
139 141 0.0001
274 142 0.0001
34 143 0.0001
18 144 0.0002
145 144 0.0034
148 144 0.0002
152 144 0.0002
144 145 0.0034
146 145 0.0002
149 145 0.0002
145 146 0.0002
664 147 0.0001
144 148 0.0002
826 148 0.0012
836 148 0.0002
127 149 0.0003
145 149 0.0002
834 149 0.0001
835 149 0.0002
719 150 0.0
153 151 0.0001
722 151 0.0004
723 151 0.0008
144 152 0.0002
829 152 0.0001
839 152 0.0001
151 153 0.0001
18 154 0.0003
165 154 0.0001
849 154 0.0
394 155 0.0001
394 156 0.0001
158 157 0.0001
676 157 0.0001
743 157 0.0001
157 158 0.0001
54 159 0.0002
55 159 0.0004
162 159 0.0003
167 159 0.0002
806 160 0.0001
163 161 0.0003
164 161 0.0003
780 161 0.0005
159 162 0.0003
161 163 0.0003
161 164 0.0003
154 165 0.0001
821 165 0.0002
824 165 0.0001
730 166 0.0003
110 167 0.0003
159 167 0.0002
169 167 0.0004
170 168 0.001
702 168 0.0006
765 168 0.0002
770 168 0.0009
167 169 0.0004
220 169 0.0002
805 169 0.0001
821 169 0.0006
168 170 0.001
20 171 0.0001
55 172 0.0003
54 173 0.0005
55 173 0.0028
175 173 0.0003
806 174 0.0001
173 175 0.0003
37 176 0.0001
177 176 0.0001
277 176 0.0002
176 177 0.0001
178 177 0.0004
252 177 0.0001
177 178 0.0004
225 178 0.0003
226 178 0.0002
182 179 0.0004
305 179 0.0003
364 179 0.0008
816 180 0.0006
816 181 0.0005
179 182 0.0004
183 182 0.0018
306 182 0.0005
182 183 0.0018
185 183 0.0003
191 183 0.0007
814 184 0.0001
183 185 0.0003
186 185 0.0007
341 185 0.0001
185 186 0.0007
188 187 0.0002
785 187 0.0002
818 187 0.0001
187 188 0.0002
544 189 0.0001
306 190 0.0009
183 191 0.0007
192 191 0.0004
306 191 0.0005
191 192 0.0004
193 192 0.0039
305 192 0.0001
192 193 0.0039
194 193 0.0005
211 193 0.0001
323 193 0.0003
193 194 0.0005
195 194 0.0006
211 194 0.0002
194 195 0.0006
197 195 0.0001
210 195 0.0
35 196 0.0002
823 196 0.0003
824 196 0.0005
859 196 0.0013
195 197 0.0001
201 197 0.0002
415 197 0.0001
68 198 0.0001
807 199 0.0001
101 200 0.0008
226 200 0.0003
344 200 0.0006
848 200 0.0004
197 201 0.0002
202 201 0.0005
203 201 0.0001
201 202 0.0005
201 203 0.0001
464 203 0.0001
465 203 0.0001
205 204 0.0005
209 204 0.0003
789 204 0.0001
204 205 0.0005
206 205 0.0002
207 205 0.0004
208 205 0.0004
205 206 0.0002
205 207 0.0004
205 208 0.0004
204 209 0.0003
195 210 0.0
380 210 0.0001
381 210 0.0007
193 211 0.0001
194 211 0.0002
212 211 0.0001
215 211 0.0001
211 212 0.0001
790 213 0.0002
216 214 0.0001
218 214 0.0002
790 214 0.0001
211 215 0.0001
217 215 0.0001
379 215 0.0001
214 216 0.0001
215 217 0.0001
214 218 0.0002
815 219 0.0002
169 220 0.0002
822 221 0.0005
92 222 0.0003
224 222 0.0003
331 222 0.0002
822 223 0.0002
222 224 0.0003
326 224 0.0001
330 224 0.0001
178 225 0.0003
178 226 0.0002
200 226 0.0003
227 226 0.0004
811 226 0.0001
226 227 0.0004
100 228 0.0004
1 229 0.0001
232 229 0.0003
491 229 0.0001
231 230 0.0005
253 230 0.0001
294 230 0.0001
230 231 0.0005
229 232 0.0003
233 232 0.0012
508 232 0.0001
232 233 0.0012
234 233 0.0002
237 233 0.0002
233 234 0.0002
63 235 0.0004
68 235 0.0007
264 235 0.0017
294 236 0.0003
233 237 0.0002
400 237 0.0007
550 237 0.0001
1 238 0.0001
240 238 0.0001
243 238 0.0002
1 239 0.0001
242 239 0.0001
397 239 0.0003
420 239 0.0
238 240 0.0001
246 240 0.0003
252 240 0.0002
1 241 0.0001
239 242 0.0001
244 242 0.0003
403 242 0.0016
238 243 0.0002
242 244 0.0003
245 244 0.0002
421 244 0.0002
244 245 0.0002
396 245 0.0002
411 245 0.0003
240 246 0.0003
251 246 0.0003
473 246 0.0003
81 247 0.0005
250 247 0.0005
251 247 0.0005
77 248 0.0009
249 248 0.0006
254 248 0.0002
248 249 0.0006
247 250 0.0005
60 251 0.0003
246 251 0.0003
247 251 0.0005
177 252 0.0001
240 252 0.0002
473 252 0.0004
230 253 0.0001
248 254 0.0002
255 254 0.0009
308 254 0.0002
325 254 0.0001
254 255 0.0009
256 255 0.0014
309 255 0.0007
255 256 0.0014
259 256 0.0008
278 256 0.0017
43 257 0.0005
100 257 0.0001
463 257 0.0004
259 258 0.0005
313 258 0.0003
318 258 0.0001
256 259 0.0008
258 259 0.0005
260 259 0.0003
259 260 0.0003
261 260 0.0006
312 260 0.0001
260 261 0.0006
45 262 0.0004
263 262 0.0004
303 262 0.0006
262 263 0.0004
63 264 0.0004
235 264 0.0017
303 264 0.0006
84 265 0.0003
266 265 0.0004
364 265 0.0012
265 266 0.0004
1 267 0.0028
80 267 0.0002
84 267 0.0005
693 268 0.0001
1 269 0.0001
86 269 0.0004
270 269 0.0013
269 270 0.0013
289 270 0.0014
407 270 0.0001
275 271 0.0001
276 271 0.0006
289 271 0.0008
273 272 0.0002
276 272 0.0032
290 272 0.0002
272 273 0.0002
274 273 0.0001
302 273 0.0003
142 274 0.0001
273 274 0.0001
667 274 0.0004
271 275 0.0001
280 275 0.0002
613 275 0.0003
271 276 0.0006
272 276 0.0032
279 276 0.0001
176 277 0.0002
256 278 0.0017
309 278 0.0021
319 278 0.0001
276 279 0.0001
592 279 0.0001
617 279 0.0003
275 280 0.0002
281 280 0.0005
622 280 0.0005
623 280 0.0003
280 281 0.0005
282 281 0.0002
629 281 0.0002
281 282 0.0002
283 282 0.0003
615 282 0.0003
282 283 0.0003
637 283 0.0002
664 283 0.0002
1 284 0.0023
42 284 0.0001
286 284 0.0001
320 284 0.0002
895 285 0.0007
284 286 0.0001
287 286 0.0015
295 286 0.0002
286 287 0.0015
293 287 0.0001
298 287 0.0007
81 288 0.0005
297 288 0.0002
334 288 0.0003
270 289 0.0014
271 289 0.0008
290 289 0.0001
272 290 0.0002
289 290 0.0001
291 290 0.0002
614 290 0.0001
290 291 0.0002
292 291 0.0007
293 291 0.0001
291 292 0.0007
287 293 0.0001
291 293 0.0001
675 293 0.0009
230 294 0.0001
236 294 0.0003
334 294 0.0008
286 295 0.0002
296 295 0.0002
691 295 0.0001
295 296 0.0002
687 296 0.0002
695 296 0.0001
24 297 0.0001
63 297 0.0003
288 297 0.0002
287 298 0.0007
299 298 0.0003
300 298 0.0002
298 299 0.0003
300 299 0.0009
700 299 0.0
298 300 0.0002
299 300 0.0009
701 300 0.0001
719 301 0.0002
273 302 0.0003
673 302 0.0002
674 302 0.0001
262 303 0.0006
264 303 0.0006
304 303 0.0002
66 304 0.0003
68 304 0.0004
303 304 0.0002
179 305 0.0003
192 305 0.0001
306 305 0.0003
308 305 0.0002
182 306 0.0005
190 306 0.0009
191 306 0.0005
305 306 0.0003
21 307 0.0002
62 307 0.0004
317 307 0.0003
254 308 0.0002
305 308 0.0002
364 308 0.0002
255 309 0.0007
278 309 0.0021
310 309 0.0009
309 310 0.0009
61 311 0.0004
67 311 0.0002
398 311 0.0001
399 311 0.0002
260 312 0.0001
355 312 0.0005
358 312 0.0004
258 313 0.0003
314 313 0.0028
315 313 0.0005
313 314 0.0028
315 314 0.0005
363 314 0.0001
313 315 0.0005
314 315 0.0005
316 315 0.0007
315 316 0.0007
365 316 0.0004
388 316 0.0
25 317 0.0002
307 317 0.0003
544 317 0.0
258 318 0.0001
278 319 0.0001
321 319 0.0002
323 319 0.0003
71 320 0.0003
284 320 0.0002
324 320 0.0013
319 321 0.0002
323 321 0.0002
335 321 0.0001
684 322 0.0002
193 323 0.0003
319 323 0.0003
321 323 0.0002
71 324 0.0004
78 324 0.0001
320 324 0.0013
254 325 0.0001
224 326 0.0001
327 326 0.0007
348 326 0.0001
326 327 0.0007
336 327 0.0002
349 327 0.0003
71 328 0.0001
689 328 0.0001
693 328 0.0001
9 329 0.0002
97 329 0.0001
884 329 0.0004
224 330 0.0001
222 331 0.0002
332 331 0.0001
350 331 0.0001
331 332 0.0001
333 332 0.0001
643 332 0.0001
332 333 0.0001
60 334 0.0006
68 334 0.0003
288 334 0.0003
294 334 0.0008
321 335 0.0001
327 336 0.0002
337 336 0.0011
647 336 0.0001
336 337 0.0011
339 337 0.0002
347 337 0.0001
821 338 0.0002
337 339 0.0002
340 339 0.0002
374 339 0.0003
339 340 0.0002
185 341 0.0001
342 341 0.0003
346 341 0.0001
341 342 0.0003
343 342 0.0001
345 342 0.0001
342 343 0.0001
377 343 0.0001
434 343 0.0001
200 344 0.0006
342 345 0.0001
341 346 0.0001
376 346 0.0001
441 346 0.0001
337 347 0.0001
326 348 0.0001
327 349 0.0003
331 350 0.0001
351 350 0.0007
352 350 0.0009
350 351 0.0007
350 352 0.0009
353 352 0.0001
354 352 0.0006
352 353 0.0001
442 353 0.0
620 353 0.0003
641 353 0.0001
352 354 0.0006
312 355 0.0005
356 355 0.0003
396 355 0.0003
355 356 0.0003
357 356 0.0005
579 356 0.0002
356 357 0.0005
312 358 0.0004
359 358 0.0005
362 358 0.0006
358 359 0.0005
360 359 0.0002
362 359 0.0049
359 360 0.0002
361 360 0.0004
459 360 0.0002
360 361 0.0004
389 361 0.0006
459 361 0.0002
358 362 0.0006
359 362 0.0049
454 362 0.0001
314 363 0.0001
88 364 0.0009
179 364 0.0008
265 364 0.0012
308 364 0.0002
316 365 0.0004
367 365 0.0001
368 365 0.0001
88 366 0.0006
365 367 0.0001
373 367 0.0002
427 367 0.0001
365 368 0.0001
369 368 0.0007
370 368 0.0001
368 369 0.0007
371 369 0.0002
372 369 0.0001
368 370 0.0001
369 371 0.0002
369 372 0.0001
367 373 0.0002
339 374 0.0003
487 374 0.0001
488 374 0.0001
650 374 0.0003
89 375 0.0002
95 375 0.0001
395 375 0.0
346 376 0.0001
418 376 0.0003
441 376 0.0002
343 377 0.0001
482 377 0.0005
652 377 0.0001
654 377 0.0002
429 378 0.0003
435 378 0.0002
482 378 0.0013
215 379 0.0001
210 380 0.0001
210 381 0.0007
382 381 0.0001
383 381 0.0005
381 382 0.0001
489 382 0.0002
490 382 0.0002
381 383 0.0005
384 383 0.0004
385 383 0.0016
383 384 0.0004
383 385 0.0016
386 385 0.0006
387 385 0.0002
385 386 0.0006
385 387 0.0002
466 387 0.0001
467 387 0.0002
652 387 0.0001
316 388 0.0
361 389 0.0006
390 389 0.0002
393 389 0.0001
389 390 0.0002
391 390 0.0007
425 390 0.0002
390 391 0.0007
392 391 0.0003
426 391 0.0008
391 392 0.0003
389 393 0.0001
460 393 0.0005
578 393 0.0001
155 394 0.0001
156 394 0.0001
704 394 0.0001
375 395 0.0
245 396 0.0002
355 396 0.0003
424 396 0.0001
239 397 0.0003
311 398 0.0001
311 399 0.0002
237 400 0.0007
401 400 0.0009
402 400 0.001
400 401 0.0009
408 401 0.0005
409 401 0.0001
400 402 0.001
404 402 0.0004
406 402 0.0004
242 403 0.0016
409 403 0.0001
410 403 0.0001
402 404 0.0004
405 404 0.0002
406 404 0.0005
404 405 0.0002
402 406 0.0004
404 406 0.0005
422 406 0.0003
270 407 0.0001
401 408 0.0005
401 409 0.0001
403 409 0.0001
453 409 0.0004
403 410 0.0001
245 411 0.0003
412 411 0.0003
413 411 0.0006
414 411 0.0006
411 412 0.0003
411 413 0.0006
411 414 0.0006
197 415 0.0001
416 415 0.0002
417 415 0.0001
415 416 0.0002
415 417 0.0001
376 418 0.0003
419 418 0.0003
440 418 0.0002
418 419 0.0003
239 420 0.0
244 421 0.0002
406 422 0.0003
423 422 0.0007
445 422 0.0003
555 422 0.0001
422 423 0.0007
396 424 0.0001
451 424 0.0002
580 424 0.0001
390 425 0.0002
391 426 0.0008
367 427 0.0001
428 427 0.0001
583 427 0.0
427 428 0.0001
378 429 0.0003
430 429 0.0002
482 429 0.0003
429 430 0.0002
431 430 0.0001
651 430 0.0006
430 431 0.0001
432 431 0.0004
479 431 0.0002
431 432 0.0004
433 432 0.0005
480 432 0.0004
432 433 0.0005
443 433 0.0
481 433 0.0003
343 434 0.0001
378 435 0.0002
436 435 0.0001
437 435 0.0026
435 436 0.0001
443 436 0.0007
444 436 0.0004
435 437 0.0026
438 437 0.0002
439 437 0.0001
631 437 0.0
437 438 0.0002
437 439 0.0001
418 440 0.0002
346 441 0.0001
376 441 0.0002
442 441 0.0002
353 442 0.0
441 442 0.0002
487 442 0.0001
433 443 0.0
436 443 0.0007
444 443 0.0005
436 444 0.0004
443 444 0.0005
485 444 0.0001
486 444 0.0001
422 445 0.0003
446 445 0.0006
448 445 0.0003
445 446 0.0006
447 446 0.0002
450 446 0.0003
446 447 0.0002
493 447 0.0002
558 447 0.0001
445 448 0.0003
449 448 0.0003
450 448 0.0003
448 449 0.0003
446 450 0.0003
448 450 0.0003
495 450 0.0003
424 451 0.0002
452 451 0.0004
577 451 0.0001
451 452 0.0004
409 453 0.0004
362 454 0.0001
455 454 0.0003
456 454 0.0002
454 455 0.0003
454 456 0.0002
457 456 0.0007
458 456 0.0006
456 457 0.0007
456 458 0.0006
360 459 0.0002
361 459 0.0002
504 459 0.0002
393 460 0.0005
461 460 0.0002
462 460 0.0002
460 461 0.0002
460 462 0.0002
257 463 0.0004
203 464 0.0001
203 465 0.0001
387 466 0.0001
387 467 0.0002
468 467 0.0001
469 467 0.0001
467 468 0.0001
471 468 0.0016
484 468 0.0001
467 469 0.0001
470 469 0.0003
471 469 0.0022
469 470 0.0003
468 471 0.0016
469 471 0.0022
472 471 0.0002
471 472 0.0002
474 472 0.0001
477 472 0.0002
60 473 0.0008
246 473 0.0003
252 473 0.0004
472 474 0.0001
475 474 0.0007
480 474 0.0001
474 475 0.0007
476 475 0.0001
660 475 0.0001
475 476 0.0001
481 476 0.0014
656 476 0.0002
472 477 0.0002
478 477 0.0003
651 477 0.0001
477 478 0.0003
479 478 0.0005
651 478 0.0001
431 479 0.0002
478 479 0.0005
480 479 0.0004
432 480 0.0004
474 480 0.0001
479 480 0.0004
481 480 0.0001
433 481 0.0003
476 481 0.0014
480 481 0.0001
658 481 0.0
377 482 0.0005
378 482 0.0013
429 482 0.0003
113 483 0.0001
468 484 0.0001
444 485 0.0001
444 486 0.0001
374 487 0.0001
442 487 0.0001
488 487 0.0003
374 488 0.0001
487 488 0.0003
642 488 0.0002
382 489 0.0002
382 490 0.0002
229 491 0.0001
126 492 0.0001
128 492 0.0001
890 492 0.0002
447 493 0.0002
494 493 0.0004
500 493 0.0004
493 494 0.0004
495 494 0.0001
498 494 0.0005
499 494 0.0009
450 495 0.0003
494 495 0.0001
496 495 0.0007
495 496 0.0007
502 496 0.0002
503 496 0.0001
85 497 0.0001
494 498 0.0005
494 499 0.0009
135 500 0.0003
493 500 0.0004
573 500 0.0005
599 500 0.0001
45 501 0.0002
48 501 0.0003
53 501 0.0001
496 502 0.0002
496 503 0.0001
581 503 0.0001
582 503 0.0003
459 504 0.0002
1 505 0.0001
138 505 0.0002
139 505 0.0002
539 505 0.0002
138 506 0.0006
96 507 0.0001
508 507 0.0001
509 507 0.0003
232 508 0.0001
507 508 0.0001
538 508 0.0011
507 509 0.0003
510 509 0.0007
511 509 0.0007
509 510 0.0007
535 510 0.0003
537 510 0.001
509 511 0.0007
96 512 0.0002
513 512 0.001
534 512 0.0003
512 513 0.001
514 513 0.0007
541 513 0.0001
513 514 0.0007
515 514 0.0005
517 514 0.0006
514 515 0.0005
516 515 0.0008
533 515 0.0002
515 516 0.0008
530 516 0.0006
531 516 0.0004
514 517 0.0006
124 518 0.0003
519 518 0.0023
527 518 0.0001
518 519 0.0023
520 519 0.0002
527 519 0.0003
519 520 0.0002
124 521 0.0001
124 522 0.0002
523 522 0.0007
526 522 0.0001
522 523 0.0007
524 523 0.0002
525 523 0.0001
523 524 0.0002
523 525 0.0001
130 526 0.0004
131 526 0.0003
522 526 0.0001
728 526 0.0005
518 527 0.0001
519 527 0.0003
528 527 0.0002
529 527 0.0001
133 528 0.0002
527 528 0.0002
541 528 0.0003
527 529 0.0001
516 530 0.0006
516 531 0.0004
113 532 0.0001
515 533 0.0002
512 534 0.0003
510 535 0.0003
536 535 0.0005
551 535 0.0008
535 536 0.0005
510 537 0.001
508 538 0.0011
505 539 0.0002
137 540 0.0001
513 541 0.0001
528 541 0.0003
542 541 0.0007
541 542 0.0007
543 542 0.0003
547 542 0.0002
542 543 0.0003
544 543 0.0004
546 543 0.0001
549 543 0.0001
189 544 0.0001
317 544 0.0
543 544 0.0004
106 545 0.0002
543 546 0.0001
542 547 0.0002
550 547 0.0001
563 547 0.0001
135 548 0.0002
562 548 0.0001
569 548 0.0003
30 549 0.0001
543 549 0.0001
560 549 0.0001
237 550 0.0001
547 550 0.0001
552 550 0.0003
535 551 0.0008
550 552 0.0003
553 552 0.0004
556 552 0.0009
552 553 0.0004
554 553 0.0004
556 553 0.0005
553 554 0.0004
555 554 0.0002
576 554 0.0001
422 555 0.0001
554 555 0.0002
575 555 0.0001
552 556 0.0009
553 556 0.0005
557 556 0.0006
556 557 0.0006
558 557 0.0002
559 557 0.0002
574 557 0.0001
447 558 0.0001
557 558 0.0002
567 558 0.0003
557 559 0.0002
549 560 0.0001
561 560 0.0003
564 560 0.0001
560 561 0.0003
548 562 0.0001
547 563 0.0001
560 564 0.0001
565 564 0.0004
566 564 0.0003
564 565 0.0004
564 566 0.0003
607 566 0.0003
608 566 0.0001
609 566 0.0002
558 567 0.0003
568 567 0.0003
569 567 0.0005
567 568 0.0003
548 569 0.0003
567 569 0.0005
570 569 0.0004
611 569 0.0001
569 570 0.0004
571 570 0.0004
572 570 0.0002
570 571 0.0004
590 571 0.0
591 571 0.0001
570 572 0.0002
573 572 0.0007
736 572 0.0002
135 573 0.0006
500 573 0.0005
572 573 0.0007
597 573 0.0006
557 574 0.0001
555 575 0.0001
554 576 0.0001
451 577 0.0001
393 578 0.0001
356 579 0.0002
424 580 0.0001
503 581 0.0001
503 582 0.0003
427 583 0.0
584 583 0.0001
585 583 0.0002
583 584 0.0001
586 584 0.0001
587 584 0.0002
583 585 0.0002
584 586 0.0001
584 587 0.0002
588 587 0.0002
589 587 0.0002
587 588 0.0002
587 589 0.0002
571 590 0.0
571 591 0.0001
279 592 0.0001
594 593 0.0001
602 593 0.0001
736 593 0.0001
593 594 0.0001
605 594 0.0002
606 594 0.0001
596 595 0.0001
597 595 0.0007
736 595 0.0012
595 596 0.0001
573 597 0.0006
595 597 0.0007
598 597 0.0002
597 598 0.0002
500 599 0.0001
600 599 0.0001
601 599 0.0001
599 600 0.0001
599 601 0.0001
593 602 0.0001
603 602 0.0001
604 602 0.0001
602 603 0.0001
602 604 0.0001
594 605 0.0002
594 606 0.0001
566 607 0.0003
566 608 0.0001
566 609 0.0002
610 609 0.0001
611 609 0.0001
609 610 0.0001
569 611 0.0001
609 611 0.0001
612 611 0.0001
611 612 0.0001
275 613 0.0003
620 613 0.0003
622 613 0.0002
290 614 0.0001
282 615 0.0003
616 615 0.0004
661 615 0.0002
615 616 0.0004
279 617 0.0003
618 617 0.0002
619 617 0.0004
617 618 0.0002
617 619 0.0004
353 620 0.0003
613 620 0.0003
621 620 0.0009
620 621 0.0009
280 622 0.0005
613 622 0.0002
623 622 0.001
630 622 0.0004
280 623 0.0003
622 623 0.001
624 623 0.0002
623 624 0.0002
625 624 0.0018
626 624 0.0003
629 624 0.0006
624 625 0.0018
626 625 0.0003
636 625 0.0004
624 626 0.0003
625 626 0.0003
627 626 0.0005
626 627 0.0005
628 627 0.0002
629 627 0.0002
627 628 0.0002
281 629 0.0002
624 629 0.0006
627 629 0.0002
622 630 0.0004
631 630 0.0004
636 630 0.0002
437 631 0.0
630 631 0.0004
632 631 0.0002
631 632 0.0002
634 633 0.0002
636 633 0.0002
640 633 0.0
140 634 0.0
633 634 0.0002
635 634 0.0002
634 635 0.0002
625 636 0.0004
630 636 0.0002
633 636 0.0002
283 637 0.0002
638 637 0.0002
639 637 0.0002
637 638 0.0002
637 639 0.0002
633 640 0.0
353 641 0.0001
488 642 0.0002
643 642 0.0005
647 642 0.0002
332 643 0.0001
642 643 0.0005
644 643 0.0008
643 644 0.0008
645 644 0.0006
646 644 0.0003
644 645 0.0006
644 646 0.0003
336 647 0.0001
642 647 0.0002
649 647 0.0004
864 648 0.0
647 649 0.0004
374 650 0.0003
430 651 0.0006
477 651 0.0001
478 651 0.0001
377 652 0.0001
387 652 0.0001
653 652 0.0002
654 652 0.0001
652 653 0.0002
377 654 0.0002
652 654 0.0001
655 654 0.0001
654 655 0.0001
476 656 0.0002
657 656 0.0001
659 656 0.0001
656 657 0.0001
481 658 0.0
656 659 0.0001
475 660 0.0001
615 661 0.0002
662 661 0.0004
663 661 0.0003
661 662 0.0004
661 663 0.0003
147 664 0.0001
283 664 0.0002
665 664 0.0001
666 664 0.0
664 665 0.0001
664 666 0.0
274 667 0.0004
668 667 0.0002
669 667 0.0002
667 668 0.0002
672 668 0.0002
713 668 0.0001
667 669 0.0002
670 669 0.0001
671 669 0.0002
669 670 0.0001
714 670 0.0004
715 670 0.0012
669 671 0.0002
706 671 0.0002
710 671 0.0002
668 672 0.0002
302 673 0.0002
680 673 0.0001
720 673 0.0001
302 674 0.0001
293 675 0.0009
677 675 0.0003
678 675 0.0001
157 676 0.0001
675 677 0.0003
681 677 0.0002
686 677 0.0
675 678 0.0001
679 678 0.0001
683 678 0.0002
678 679 0.0001
682 679 0.0001
684 679 0.0003
673 680 0.0001
677 681 0.0002
679 682 0.0001
678 683 0.0002
684 683 0.0007
685 683 0.0006
322 684 0.0002
679 684 0.0003
683 684 0.0007
685 684 0.0009
683 685 0.0006
684 685 0.0009
725 685 0.0003
729 685 0.0002
677 686 0.0
296 687 0.0002
688 687 0.0004
694 687 0.0001
78 688 0.0003
687 688 0.0004
689 688 0.0004
78 689 0.0002
328 689 0.0001
688 689 0.0004
692 689 0.0003
780 690 0.0003
295 691 0.0001
52 692 0.0001
689 692 0.0003
693 692 0.0001
268 693 0.0001
328 693 0.0001
692 693 0.0001
687 694 0.0001
296 695 0.0001
696 695 0.0001
697 695 0.0001
695 696 0.0001
695 697 0.0001
698 697 0.0001
699 697 0.0001
697 698 0.0001
697 699 0.0001
299 700 0.0
300 701 0.0001
703 701 0.0002
782 701 0.0001
168 702 0.0006
701 703 0.0002
704 703 0.0002
705 703 0.0002
394 704 0.0001
703 704 0.0002
730 704 0.0009
703 705 0.0002
671 706 0.0002
707 706 0.0005
708 706 0.0005
706 707 0.0005
706 708 0.0005
835 709 0.0001
671 710 0.0002
711 710 0.0003
712 710 0.0001
710 711 0.0003
710 712 0.0001
668 713 0.0001
670 714 0.0004
670 715 0.0012
716 715 0.0006
717 715 0.0002
715 716 0.0006
715 717 0.0002
718 717 0.0005
719 717 0.0003
717 718 0.0005
150 719 0.0
301 719 0.0002
717 719 0.0003
673 720 0.0001
721 720 0.0002
722 720 0.0016
720 721 0.0002
151 722 0.0004
720 722 0.0016
724 722 0.0002
151 723 0.0008
740 723 0.0002
741 723 0.0
742 723 0.0002
722 724 0.0002
738 724 0.0002
739 724 0.0006
685 725 0.0003
727 725 0.0001
732 725 0.0005
744 725 0.0001
730 726 0.0001
725 727 0.0001
526 728 0.0005
685 729 0.0002
166 730 0.0003
704 730 0.0009
726 730 0.0001
731 730 0.0001
730 731 0.0001
725 732 0.0005
733 732 0.0001
734 732 0.0005
746 732 0.0
732 733 0.0001
732 734 0.0005
735 734 0.0001
738 734 0.0003
734 735 0.0001
737 735 0.0002
738 735 0.0005
572 736 0.0002
593 736 0.0001
595 736 0.0012
735 737 0.0002
749 737 0.0001
750 737 0.0003
724 738 0.0002
734 738 0.0003
735 738 0.0005
724 739 0.0006
740 739 0.0003
752 739 0.0002
723 740 0.0002
739 740 0.0003
743 740 0.0001
723 741 0.0
723 742 0.0002
157 743 0.0001
740 743 0.0001
756 743 0.0001
725 744 0.0001
745 744 0.0004
762 744 0.0001
744 745 0.0004
732 746 0.0
747 746 0.0012
750 746 0.0002
746 747 0.0012
748 747 0.0002
760 747 0.0001
747 748 0.0002
757 748 0.0002
758 748 0.0001
737 749 0.0001
737 750 0.0003
746 750 0.0002
751 750 0.0001
750 751 0.0001
739 752 0.0002
753 752 0.0003
755 752 0.0001
752 753 0.0003
754 753 0.0002
757 753 0.0001
753 754 0.0002
752 755 0.0001
743 756 0.0001
748 757 0.0002
753 757 0.0001
758 757 0.0
761 757 0.0003
768 757 0.0001
748 758 0.0001
757 758 0.0
759 758 0.0001
758 759 0.0001
747 760 0.0001
762 760 0.0001
764 760 0.0002
757 761 0.0003
744 762 0.0001
760 762 0.0001
763 762 0.0001
762 763 0.0001
760 764 0.0002
765 764 0.0002
767 764 0.0002
168 765 0.0002
764 765 0.0002
766 765 0.0004
765 766 0.0004
764 767 0.0002
757 768 0.0001
769 768 0.0003
771 768 0.0001
768 769 0.0003
775 769 0.0001
778 769 0.0001
168 770 0.0009
768 771 0.0001
772 771 0.0002
773 771 0.0001
771 772 0.0002
771 773 0.0001
774 773 0.0002
779 773 0.0001
773 774 0.0002
769 775 0.0001
776 775 0.0001
777 775 0.0001
775 776 0.0001
780 776 0.0004
786 776 0.0001
775 777 0.0001
769 778 0.0001
773 779 0.0001
161 780 0.0005
690 780 0.0003
776 780 0.0004
781 780 0.0003
780 781 0.0003
701 782 0.0001
783 782 0.0003
784 782 0.0005
782 783 0.0003
782 784 0.0005
786 784 0.0002
787 784 0.0001
187 785 0.0002
776 786 0.0001
784 786 0.0002
788 786 0.0004
784 787 0.0001
786 788 0.0004
789 788 0.0002
795 788 0.0001
204 789 0.0001
788 789 0.0002
790 789 0.0002
213 790 0.0002
214 790 0.0001
789 790 0.0002
791 790 0.0001
885 790 0.0001
790 791 0.0001
792 791 0.0001
814 791 0.0001
791 792 0.0001
793 792 0.0006
817 792 0.0001
792 793 0.0006
858 794 0.0002
788 795 0.0001
796 795 0.0004
798 795 0.0001
795 796 0.0004
797 796 0.0001
799 796 0.0011
804 796 0.0001
796 797 0.0001
799 797 0.0001
802 797 0.001
815 797 0.0001
795 798 0.0001
796 799 0.0011
797 799 0.0001
800 799 0.0001
801 799 0.0001
35 800 0.0001
799 800 0.0001
851 800 0.0001
35 801 0.0001
799 801 0.0001
804 801 0.0002
797 802 0.001
803 802 0.0002
819 802 0.0001
802 803 0.0002
796 804 0.0001
801 804 0.0002
805 804 0.0001
169 805 0.0001
804 805 0.0001
806 805 0.0005
160 806 0.0001
174 806 0.0001
805 806 0.0005
807 806 0.0003
199 807 0.0001
806 807 0.0003
808 807 0.0001
807 808 0.0001
809 808 0.0022
810 808 0.0007
109 809 0.0002
808 809 0.0022
810 809 0.0005
808 810 0.0007
809 810 0.0005
811 810 0.0006
813 810 0.0002
226 811 0.0001
810 811 0.0006
812 811 0.0002
811 812 0.0002
810 813 0.0002
184 814 0.0001
791 814 0.0001
815 814 0.0002
816 814 0.0001
219 815 0.0002
797 815 0.0001
814 815 0.0002
180 816 0.0006
181 816 0.0005
814 816 0.0001
818 816 0.0003
792 817 0.0001
187 818 0.0001
816 818 0.0003
819 818 0.0006
802 819 0.0001
818 819 0.0006
853 819 0.0001
110 820 0.0003
165 821 0.0002
169 821 0.0006
338 821 0.0002
822 821 0.0006
221 822 0.0005
223 822 0.0002
821 822 0.0006
823 822 0.001
196 823 0.0003
822 823 0.001
824 823 0.0005
165 824 0.0001
196 824 0.0005
823 824 0.0005
825 824 0.0003
839 824 0.0004
824 825 0.0003
148 826 0.0012
827 826 0.0001
828 826 0.0001
826 827 0.0001
826 828 0.0001
829 828 0.0008
832 828 0.0002
152 829 0.0001
828 829 0.0008
830 829 0.0009
107 830 0.0002
829 830 0.0009
831 830 0.0004
107 831 0.001
830 831 0.0004
886 831 0.0003
828 832 0.0002
833 832 0.0001
846 832 0.0002
832 833 0.0001
149 834 0.0001
149 835 0.0002
709 835 0.0001
837 835 0.0005
148 836 0.0002
837 836 0.0041
884 836 0.0001
835 837 0.0005
836 837 0.0041
838 837 0.0002
837 838 0.0002
152 839 0.0001
824 839 0.0004
840 839 0.0011
839 840 0.0011
841 840 0.0008
843 840 0.0001
840 841 0.0008
842 841 0.0011
843 841 0.0001
841 842 0.0011
850 842 0.0001
851 842 0.0001
840 843 0.0001
841 843 0.0001
844 843 0.0001
845 843 0.0002
843 844 0.0001
843 845 0.0002
855 845 0.0002
856 845 0.0004
832 846 0.0002
107 847 0.0006
887 847 0.0002
889 847 0.0001
200 848 0.0004
154 849 0.0
864 849 0.0015
869 849 0.0001
842 850 0.0001
857 850 0.0001
858 850 0.0005
800 851 0.0001
842 851 0.0001
852 851 0.003
851 852 0.003
853 852 0.0002
854 852 0.0001
819 853 0.0001
852 853 0.0002
875 853 0.0002
852 854 0.0001
845 855 0.0002
845 856 0.0004
850 857 0.0001
794 858 0.0002
850 858 0.0005
860 858 0.0001
861 858 0.0003
196 859 0.0013
858 860 0.0001
858 861 0.0003
862 861 0.0003
878 861 0.0001
861 862 0.0003
863 862 0.0003
880 862 0.0001
120 863 0.0001
862 863 0.0003
877 863 0.0001
648 864 0.0
849 864 0.0015
865 864 0.0006
113 865 0.0
864 865 0.0006
866 865 0.0003
865 866 0.0003
867 866 0.0001
868 866 0.0002
866 867 0.0001
122 868 0.0
866 868 0.0002
871 868 0.0001
872 868 0.0001
874 868 0.0
849 869 0.0001
20 870 0.0001
27 870 0.0002
44 870 0.0001
868 871 0.0001
123 872 0.0001
868 872 0.0001
873 872 0.0
872 873 0.0
118 874 0.0001
868 874 0.0
876 874 0.0
853 875 0.0002
874 876 0.0
863 877 0.0001
861 878 0.0001
879 878 0.0002
883 878 0.0002
878 879 0.0002
862 880 0.0001
881 880 0.0007
882 880 0.0001
880 881 0.0007
880 882 0.0001
878 883 0.0002
17 884 0.0001
329 884 0.0004
836 884 0.0001
790 885 0.0001
831 886 0.0003
847 887 0.0002
107 888 0.0001
847 889 0.0001
890 889 0.0002
892 889 0.0
492 890 0.0002
889 890 0.0002
891 890 0.0001
890 891 0.0001
889 892 0.0
893 892 0.0003
896 892 0.0002
892 893 0.0003
894 893 0.0002
895 893 0.0002
893 894 0.0002
104 895 0.0003
285 895 0.0007
893 895 0.0002
892 896 0.0002
897 896 0.0001
898 896 0.0001
899 896 0.0002
896 897 0.0001
896 898 0.0001
896 899 0.0002
