2 1 0.0112
3 1 0.0114
4 1 0.0145
5 1 0.0116
6 1 0.0147
7 1 0.0143
8 1 0.012
9 1 0.0137
10 1 0.0127
11 1 0.0121
12 1 0.0157
13 1 0.0092
15 1 0.0052
19 1 0.0071
22 1 0.0077
29 1 0.0097
34 1 0.0071
45 1 0.0083
47 1 0.0027
52 1 0.0082
56 1 0.0051
67 1 0.0021
85 1 0.0096
86 1 0.0093
276 1 0.0007
283 1 0.0018
1 2 0.0112
37 2 0.0317
41 2 0.0164
1 3 0.0114
44 3 0.0088
126 3 0.0027
1 4 0.0145
23 4 0.0046
28 4 0.0045
1 5 0.0116
83 5 0.0042
202 5 0.0041
1 6 0.0147
82 6 0.0069
84 6 0.0031
87 6 0.0122
1 7 0.0143
78 7 0.019
81 7 0.0162
1 8 0.012
70 8 0.0639
77 8 0.0054
79 8 0.0112
288 8 0.0011
1 9 0.0137
68 9 0.0066
69 9 0.008
1 10 0.0127
59 10 0.0126
66 10 0.0042
1 11 0.0121
53 11 0.0249
54 11 0.0033
1 12 0.0157
48 12 0.0077
51 12 0.011
1 13 0.0092
14 13 0.0091
92 13 0.0117
13 14 0.0091
93 14 0.0122
94 14 0.0079
287 14 0.0041
1 15 0.0052
16 15 0.0039
17 15 0.0298
15 16 0.0039
180 16 0.0197
184 16 0.0056
15 17 0.0298
18 17 0.0085
180 17 0.0153
17 18 0.0085
174 18 0.0149
175 18 0.0022
1 19 0.0071
23 19 0.004
548 19 0.0078
549 19 0.0031
172 20 0.0051
173 20 0.001
549 20 0.0036
26 21 0.0094
172 21 0.0152
548 21 0.0068
1 22 0.0077
4 23 0.0046
19 23 0.004
24 23 0.006
23 24 0.006
26 24 0.0037
27 24 0.0033
26 25 0.0217
157 25 0.0135
163 25 0.0028
21 26 0.0094
24 26 0.0037
25 26 0.0217
24 27 0.0033
156 27 0.0455
157 27 0.0481
4 28 0.0045
36 28 0.0042
156 28 0.0417
1 29 0.0097
30 29 0.0044
31 29 0.011
29 30 0.0044
29 31 0.011
32 31 0.003
33 31 0.0354
31 32 0.003
31 33 0.0354
1 34 0.0071
35 34 0.0034
36 34 0.0067
34 35 0.0034
97 35 0.0004
98 35 0.0071
28 36 0.0042
34 36 0.0067
98 36 0.0258
144 36 0.0122
2 37 0.0317
38 37 0.0048
39 37 0.0025
37 38 0.0048
37 39 0.0025
40 39 0.0074
41 39 0.0287
39 40 0.0074
95 40 0.0016
96 40 0.0021
2 41 0.0164
39 41 0.0287
42 41 0.0405
110 41 0.0062
41 42 0.0405
43 42 0.0011
126 42 0.001
42 43 0.0011
3 44 0.0088
1 45 0.0083
46 45 0.002
91 45 0.0022
45 46 0.002
89 46 0.0116
90 46 0.0104
1 47 0.0027
12 48 0.0077
49 48 0.0037
50 48 0.0081
48 49 0.0037
48 50 0.0081
12 51 0.011
1 52 0.0082
11 53 0.0249
11 54 0.0033
55 54 0.0009
266 54 0.0049
54 55 0.0009
1 56 0.0051
57 56 0.0044
58 56 0.0013
56 57 0.0044
264 57 0.0047
265 57 0.0042
56 58 0.0013
10 59 0.0126
60 59 0.0318
65 59 0.0
59 60 0.0318
61 60 0.0079
64 60 0.001
60 61 0.0079
62 61 0.0277
63 61 0.0024
231 61 0.005
251 61 0.0014
61 62 0.0277
250 62 0.0035
251 62 0.0142
61 63 0.0024
60 64 0.001
59 65 0.0
10 66 0.0042
1 67 0.0021
9 68 0.0066
9 69 0.008
220 69 0.0043
231 69 0.0096
8 70 0.0639
71 70 0.016
209 70 0.0051
70 71 0.016
72 71 0.019
74 71 0.0139
71 72 0.019
73 72 0.0096
215 72 0.0088
72 73 0.0096
71 74 0.0139
75 74 0.0033
76 74 0.0021
74 75 0.0033
74 76 0.0021
8 77 0.0054
7 78 0.019
79 78 0.0432
80 78 0.0035
8 79 0.0112
78 79 0.0432
204 79 0.0084
78 80 0.0035
7 81 0.0162
6 82 0.0069
5 83 0.0042
6 84 0.0031
1 85 0.0096
1 86 0.0093
6 87 0.0122
88 87 0.002
203 87 0.0016
87 88 0.002
46 89 0.0116
46 90 0.0104
45 91 0.0022
13 92 0.0117
14 93 0.0122
14 94 0.0079
194 94 0.0236
201 94 0.0006
40 95 0.0016
40 96 0.0021
35 97 0.0004
35 98 0.0071
36 98 0.0258
100 98 0.0014
150 98 0.0005
307 99 0.0007
98 100 0.0014
101 100 0.0007
103 100 0.0032
100 101 0.0007
102 101 0.0038
308 101 0.0012
101 102 0.0038
307 102 0.0019
308 102 0.0018
100 103 0.0032
104 103 0.0012
105 103 0.0047
103 104 0.0012
107 104 0.003
309 104 0.0005
103 105 0.0047
106 105 0.0031
317 105 0.0006
105 106 0.0031
104 107 0.003
108 107 0.0033
109 107 0.0025
107 108 0.0033
107 109 0.0025
310 109 0.001
316 109 0.0005
41 110 0.0062
111 110 0.0039
125 110 0.0012
379 110 0.0003
110 111 0.0039
112 111 0.0032
113 111 0.0084
111 112 0.0032
111 113 0.0084
114 113 0.0064
115 113 0.0078
113 114 0.0064
113 115 0.0078
116 115 0.0007
120 115 0.002
122 115 0.0035
115 116 0.0007
117 116 0.0025
120 116 0.0008
116 117 0.0025
118 117 0.0008
119 117 0.0004
117 118 0.0008
117 119 0.0004
115 120 0.002
116 120 0.0008
320 120 0.0004
324 121 0.0015
115 122 0.0035
125 122 0.0014
380 122 0.0032
124 123 0.0019
324 123 0.001
380 123 0.0006
123 124 0.0019
110 125 0.0012
122 125 0.0014
379 125 0.0004
3 126 0.0027
42 126 0.001
127 126 0.0129
128 126 0.0203
126 127 0.0129
126 128 0.0203
129 128 0.002
134 128 0.0146
128 129 0.002
130 129 0.0008
133 129 0.0011
129 130 0.0008
131 130 0.0039
132 130 0.0033
130 131 0.0039
130 132 0.0033
129 133 0.0011
135 133 0.0008
326 133 0.0024
327 133 0.0004
128 134 0.0146
135 134 0.0007
137 134 0.0084
133 135 0.0008
134 135 0.0007
136 135 0.0016
135 136 0.0016
134 137 0.0084
138 137 0.0011
139 137 0.0017
137 138 0.0011
137 139 0.0017
140 139 0.0017
141 139 0.0074
139 140 0.0017
139 141 0.0074
142 141 0.0047
332 141 0.0013
141 142 0.0047
143 142 0.0041
329 142 0.0026
142 143 0.0041
36 144 0.0122
145 144 0.0071
147 144 0.0036
144 145 0.0071
146 145 0.0234
155 145 0.0036
145 146 0.0234
151 146 0.0119
155 146 0.0064
144 147 0.0036
148 147 0.006
149 147 0.0032
147 148 0.006
147 149 0.0032
98 150 0.0005
146 151 0.0119
152 151 0.0003
153 151 0.0008
151 152 0.0003
153 152 0.0
307 152 0.0005
151 153 0.0008
152 153 0.0
303 153 0.0017
289 154 0.0014
292 154 0.0028
298 154 0.0002
303 154 0.0019
145 155 0.0036
146 155 0.0064
156 155 0.0052
158 155 0.0013
27 156 0.0455
28 156 0.0417
155 156 0.0052
25 157 0.0135
27 157 0.0481
163 157 0.0057
155 158 0.0013
159 158 0.005
160 158 0.0054
158 159 0.005
158 160 0.0054
162 161 0.006
161 162 0.006
163 162 0.0074
164 162 0.0141
25 163 0.0028
157 163 0.0057
162 163 0.0074
162 164 0.0141
165 164 0.0054
169 164 0.0091
172 164 0.0011
164 165 0.0054
166 165 0.006
290 165 0.0008
165 166 0.006
167 166 0.003
168 166 0.0067
166 167 0.003
166 168 0.0067
374 168 0.0019
375 168 0.0009
164 169 0.0091
170 169 0.0019
171 169 0.0009
169 170 0.0019
169 171 0.0009
20 172 0.0051
21 172 0.0152
164 172 0.0011
20 173 0.001
18 174 0.0149
18 175 0.0022
176 175 0.0136
178 175 0.0064
175 176 0.0136
177 176 0.0032
375 176 0.0031
176 177 0.0032
175 178 0.0064
179 178 0.0051
193 178 0.0007
178 179 0.0051
16 180 0.0197
17 180 0.0153
181 180 0.0102
182 180 0.0128
183 180 0.0333
180 181 0.0102
180 182 0.0128
180 183 0.0333
16 184 0.0056
185 184 0.0028
186 184 0.0098
184 185 0.0028
184 186 0.0098
187 186 0.0065
192 186 0.0021
186 187 0.0065
188 187 0.0062
189 187 0.0057
187 188 0.0062
187 189 0.0057
190 189 0.0035
191 189 0.0033
189 190 0.0035
189 191 0.0033
193 191 0.0014
196 191 0.0014
494 191 0.001
186 192 0.0021
178 193 0.0007
191 193 0.0014
377 193 0.0034
378 193 0.0006
94 194 0.0236
195 194 0.0125
197 194 0.0052
194 195 0.0125
196 195 0.006
198 195 0.0113
191 196 0.0014
195 196 0.006
373 196 0.0009
194 197 0.0052
195 198 0.0113
199 198 0.001
372 198 0.0004
198 199 0.001
200 199 0.0032
371 199 0.0009
199 200 0.0032
94 201 0.0006
370 201 0.0012
485 201 0.0007
5 202 0.0041
87 203 0.0016
79 204 0.0084
205 204 0.0118
208 204 0.0015
204 205 0.0118
206 205 0.0019
207 205 0.0025
368 205 0.0005
369 205 0.001
205 206 0.0019
205 207 0.0025
204 208 0.0015
70 209 0.0051
211 209 0.002
212 209 0.0008
218 209 0.0004
212 210 0.0038
367 210 0.0011
368 210 0.0004
209 211 0.002
212 211 0.0022
213 211 0.0038
209 212 0.0008
210 212 0.0038
211 212 0.0022
211 213 0.0038
214 213 0.0113
366 213 0.0007
213 214 0.0113
72 215 0.0088
217 216 0.0065
218 216 0.0083
363 216 0.0047
216 217 0.0065
209 218 0.0004
216 218 0.0083
219 218 0.0057
218 219 0.0057
69 220 0.0043
221 220 0.0063
224 220 0.0184
220 221 0.0063
222 221 0.0025
224 221 0.0112
226 221 0.0083
362 221 0.0005
221 222 0.0025
223 222 0.0028
226 222 0.0048
222 223 0.0028
356 223 0.0007
358 223 0.0008
220 224 0.0184
221 224 0.0112
225 224 0.0023
224 225 0.0023
226 225 0.0062
227 225 0.0006
221 226 0.0083
222 226 0.0048
225 226 0.0062
225 227 0.0006
228 227 0.0015
229 227 0.0039
227 228 0.0015
227 229 0.0039
230 229 0.0043
355 229 0.0021
229 230 0.0043
61 231 0.005
69 231 0.0096
232 231 0.0089
241 231 0.0036
231 232 0.0089
233 232 0.001
234 232 0.0017
232 233 0.001
234 233 0.0012
235 233 0.0059
232 234 0.0017
233 234 0.0012
237 234 0.002
238 234 0.001
233 235 0.0059
236 235 0.0105
349 235 0.0019
352 235 0.0029
235 236 0.0105
234 237 0.002
234 238 0.001
239 238 0.0083
240 238 0.0082
248 238 0.0018
238 239 0.0083
238 240 0.0082
231 241 0.0036
242 241 0.0013
243 241 0.0016
250 241 0.0011
241 242 0.0013
243 242 0.0057
244 242 0.0059
241 243 0.0016
242 243 0.0057
253 243 0.008
242 244 0.0059
245 244 0.0014
248 244 0.0029
244 245 0.0014
246 245 0.0045
247 245 0.0035
245 246 0.0045
245 247 0.0035
238 248 0.0018
244 248 0.0029
249 248 0.0025
248 249 0.0025
62 250 0.0035
241 250 0.0011
251 250 0.0133
61 251 0.0014
62 251 0.0142
250 251 0.0133
252 251 0.0355
260 251 0.002
251 252 0.0355
253 252 0.0074
255 252 0.0007
243 253 0.008
252 253 0.0074
254 253 0.0007
253 254 0.0007
252 255 0.0007
256 255 0.002
257 255 0.0068
255 256 0.002
255 257 0.0068
258 257 0.0115
259 257 0.0097
257 258 0.0115
257 259 0.0097
251 260 0.002
261 260 0.0174
345 260 0.0008
260 261 0.0174
262 261 0.0153
263 261 0.0113
261 262 0.0153
261 263 0.0113
57 264 0.0047
57 265 0.0042
54 266 0.0049
267 266 0.007
274 266 0.0064
266 267 0.007
268 267 0.007
269 267 0.0017
267 268 0.007
267 269 0.0017
270 269 0.002
346 269 0.0006
269 270 0.002
272 271 0.0003
271 272 0.0003
273 272 0.002
274 272 0.0081
272 273 0.002
266 274 0.0064
272 274 0.0081
551 274 0.0037
343 275 0.0015
344 275 0.0018
551 275 0.0049
1 276 0.0007
278 277 0.0159
277 278 0.0159
279 278 0.0032
280 278 0.0153
284 278 0.0015
278 279 0.0032
278 280 0.0153
281 280 0.0107
283 280 0.0012
280 281 0.0107
282 281 0.0146
283 281 0.0137
281 282 0.0146
1 283 0.0018
280 283 0.0012
281 283 0.0137
278 284 0.0015
285 284 0.005
286 284 0.0019
284 285 0.005
284 286 0.0019
334 286 0.0023
335 286 0.0046
14 287 0.0041
8 288 0.0011
154 289 0.0014
294 289 0.0021
296 289 0.0078
165 290 0.0008
291 290 0.0013
400 290 0.0013
290 291 0.0013
154 292 0.0028
294 292 0.0073
300 292 0.0072
295 293 0.0042
300 293 0.0035
428 293 0.0014
289 294 0.0021
292 294 0.0073
412 294 0.0003
293 295 0.0042
410 295 0.0014
411 295 0.0041
289 296 0.0078
297 296 0.0024
409 296 0.0005
296 297 0.0024
154 298 0.0002
299 298 0.0003
302 298 0.0002
304 298 0.0043
298 299 0.0003
300 299 0.0023
432 299 0.0005
292 300 0.0072
293 300 0.0035
299 300 0.0023
301 300 0.0007
300 301 0.0007
298 302 0.0002
153 303 0.0017
154 303 0.0019
304 303 0.0002
298 304 0.0043
303 304 0.0002
305 304 0.0013
304 305 0.0013
306 305 0.001
308 305 0.0007
432 305 0.0005
305 306 0.001
99 307 0.0007
102 307 0.0019
152 307 0.0005
101 308 0.0012
102 308 0.0018
305 308 0.0007
309 308 0.002
104 309 0.0005
308 309 0.002
439 309 0.0011
109 310 0.001
311 310 0.0051
312 310 0.0079
310 311 0.0051
314 311 0.0008
315 311 0.0005
310 312 0.0079
313 312 0.0007
441 312 0.0008
312 313 0.0007
441 313 0.0012
453 313 0.0006
311 314 0.0008
447 314 0.0029
450 314 0.0108
311 315 0.0005
109 316 0.0005
445 316 0.0036
446 316 0.0018
105 317 0.0006
318 317 0.0007
319 317 0.0001
317 318 0.0007
317 319 0.0001
120 320 0.0004
321 320 0.004
322 320 0.0014
320 321 0.004
320 322 0.0014
323 322 0.0036
445 322 0.0004
322 323 0.0036
443 323 0.0031
454 323 0.0019
121 324 0.0015
123 324 0.001
325 324 0.001
324 325 0.001
133 326 0.0024
327 326 0.0013
328 326 0.001
133 327 0.0004
326 327 0.0013
458 327 0.002
326 328 0.001
459 328 0.0016
460 328 0.0023
142 329 0.0026
330 329 0.0012
459 329 0.0009
329 330 0.0012
331 330 0.0099
462 330 0.0015
468 330 0.0048
330 331 0.0099
463 331 0.0064
465 331 0.0045
141 332 0.0013
333 332 0.0071
471 332 0.0018
332 333 0.0071
286 334 0.0023
286 335 0.0046
336 335 0.0057
337 335 0.0049
335 336 0.0057
335 337 0.0049
339 338 0.003
340 338 0.0077
551 338 0.0011
338 339 0.003
338 340 0.0077
341 340 0.0036
342 340 0.0048
340 341 0.0036
340 342 0.0048
275 343 0.0015
275 344 0.0018
260 345 0.0008
269 346 0.0006
347 346 0.0053
348 346 0.0038
346 347 0.0053
346 348 0.0038
235 349 0.0019
350 349 0.011
351 349 0.0133
349 350 0.011
349 351 0.0133
235 352 0.0029
353 352 0.0053
354 352 0.0029
352 353 0.0053
352 354 0.0029
229 355 0.0021
223 356 0.0007
358 357 0.0036
223 358 0.0008
357 358 0.0036
359 358 0.0102
358 359 0.0102
360 359 0.0062
361 359 0.0069
359 360 0.0062
359 361 0.0069
221 362 0.0005
216 363 0.0047
364 363 0.0149
365 363 0.0105
363 364 0.0149
363 365 0.0105
213 366 0.0007
210 367 0.0011
205 368 0.0005
210 368 0.0004
478 368 0.0009
205 369 0.001
201 370 0.0012
480 370 0.0116
481 370 0.0187
199 371 0.0009
198 372 0.0004
196 373 0.0009
168 374 0.0019
168 375 0.0009
176 375 0.0031
376 375 0.0021
375 376 0.0021
381 376 0.0011
382 376 0.0009
385 376 0.0017
193 377 0.0034
193 378 0.0006
110 379 0.0003
125 379 0.0004
380 379 0.002
122 380 0.0032
123 380 0.0006
379 380 0.002
376 381 0.0011
506 381 0.0027
507 381 0.0047
376 382 0.0009
383 382 0.0013
384 382 0.003
382 383 0.0013
382 384 0.003
376 385 0.0017
386 385 0.0027
395 385 0.0063
385 386 0.0027
387 386 0.0156
390 386 0.0059
386 387 0.0156
388 387 0.0029
389 387 0.0017
387 388 0.0029
387 389 0.0017
386 390 0.0059
391 390 0.0017
392 390 0.0048
390 391 0.0017
390 392 0.0048
393 392 0.0072
394 392 0.0045
392 393 0.0072
392 394 0.0045
385 395 0.0063
396 395 0.0017
397 395 0.0024
395 396 0.0017
395 397 0.0024
398 397 0.0022
406 397 0.0019
397 398 0.0022
399 398 0.0036
404 398 0.0091
398 399 0.0036
290 400 0.0013
401 400 0.0024
406 400 0.026
400 401 0.0024
402 401 0.0019
405 401 0.0118
407 401 0.0042
401 402 0.0019
403 402 0.0027
404 402 0.0087
402 403 0.0027
398 404 0.0091
402 404 0.0087
405 404 0.0011
401 405 0.0118
404 405 0.0011
406 405 0.012
397 406 0.0019
400 406 0.026
405 406 0.012
401 407 0.0042
408 407 0.0032
510 407 0.0009
407 408 0.0032
296 409 0.0005
295 410 0.0014
424 410 0.0116
434 410 0.0005
295 411 0.0041
412 411 0.001
424 411 0.0007
294 412 0.0003
411 412 0.001
550 412 0.004
414 413 0.0007
416 413 0.0008
550 413 0.0068
413 414 0.0007
415 414 0.003
521 414 0.0009
414 415 0.003
413 416 0.0008
417 416 0.0009
418 416 0.0011
416 417 0.0009
416 418 0.0011
419 418 0.0012
550 418 0.0033
418 419 0.0012
420 419 0.0039
529 419 0.002
419 420 0.0039
421 420 0.0021
422 420 0.0152
420 421 0.0021
420 422 0.0152
423 422 0.0025
511 422 0.0013
422 423 0.0025
410 424 0.0116
411 424 0.0007
425 424 0.0036
424 425 0.0036
426 425 0.0049
427 425 0.004
425 426 0.0049
425 427 0.004
512 427 0.0195
520 427 0.0016
293 428 0.0014
429 428 0.0058
433 428 0.0018
428 429 0.0058
430 429 0.0015
432 429 0.0009
429 430 0.0015
431 430 0.0136
435 430 0.0093
430 431 0.0136
432 431 0.0006
438 431 0.0014
439 431 0.0018
299 432 0.0005
305 432 0.0005
429 432 0.0009
431 432 0.0006
428 433 0.0018
434 433 0.0016
435 433 0.0024
410 434 0.0005
433 434 0.0016
435 434 0.0017
430 435 0.0093
433 435 0.0024
434 435 0.0017
436 435 0.002
437 435 0.0019
435 436 0.002
435 437 0.0019
431 438 0.0014
439 438 0.0007
440 438 0.0015
309 439 0.0011
431 439 0.0018
438 439 0.0007
438 440 0.0015
441 440 0.005
442 440 0.001
312 441 0.0008
313 441 0.0012
440 441 0.005
440 442 0.001
323 443 0.0031
444 443 0.0011
445 443 0.0011
443 444 0.0011
316 445 0.0036
322 445 0.0004
443 445 0.0011
316 446 0.0018
314 447 0.0029
448 447 0.0019
449 447 0.0013
447 448 0.0019
447 449 0.0013
314 450 0.0108
451 450 0.0014
452 450 0.0049
450 451 0.0014
450 452 0.0049
313 453 0.0006
323 454 0.0019
455 454 0.0018
456 454 0.0012
457 454 0.0012
454 455 0.0018
454 456 0.0012
454 457 0.0012
327 458 0.002
461 458 0.02
533 458 0.0021
328 459 0.0016
329 459 0.0009
462 459 0.0039
328 460 0.0023
461 460 0.0016
536 460 0.0014
458 461 0.02
460 461 0.0016
536 461 0.0012
330 462 0.0015
459 462 0.0039
538 462 0.0011
331 463 0.0064
464 463 0.0034
547 463 0.0011
463 464 0.0034
331 465 0.0045
466 465 0.0026
467 465 0.0102
465 466 0.0026
465 467 0.0102
330 468 0.0048
469 468 0.003
470 468 0.0045
468 469 0.003
468 470 0.0045
332 471 0.0018
472 471 0.0014
475 471 0.0056
471 472 0.0014
473 472 0.009
474 472 0.0065
472 473 0.009
472 474 0.0065
471 475 0.0056
476 475 0.0025
477 475 0.0101
475 476 0.0025
475 477 0.0101
368 478 0.0009
479 478 0.0027
480 478 0.0052
478 479 0.0027
370 480 0.0116
478 480 0.0052
481 480 0.0047
370 481 0.0187
480 481 0.0047
482 481 0.0222
483 481 0.0159
481 482 0.0222
481 483 0.0159
484 483 0.0061
486 483 0.0118
483 484 0.0061
201 485 0.0007
486 485 0.0054
488 485 0.0025
489 485 0.0079
493 485 0.0016
504 485 0.0012
483 486 0.0118
485 486 0.0054
487 486 0.0115
486 487 0.0115
485 488 0.0025
485 489 0.0079
490 489 0.0042
492 489 0.0027
489 490 0.0042
491 490 0.0069
501 490 0.0068
490 491 0.0069
489 492 0.0027
485 493 0.0016
191 494 0.001
495 494 0.0162
496 494 0.0058
497 494 0.0007
494 495 0.0162
498 495 0.0025
499 495 0.0018
494 496 0.0058
494 497 0.0007
495 498 0.0025
495 499 0.0018
500 499 0.0067
502 499 0.0038
499 500 0.0067
490 501 0.0068
504 501 0.0086
505 501 0.0041
499 502 0.0038
503 502 0.0023
504 502 0.0018
502 503 0.0023
485 504 0.0012
501 504 0.0086
502 504 0.0018
501 505 0.0041
381 506 0.0027
381 507 0.0047
508 507 0.0013
509 507 0.0029
507 508 0.0013
507 509 0.0029
407 510 0.0009
422 511 0.0013
427 512 0.0195
513 512 0.0087
514 512 0.0196
519 512 0.0025
512 513 0.0087
512 514 0.0196
515 514 0.0118
518 514 0.0044
514 515 0.0118
516 515 0.0087
517 515 0.0051
515 516 0.0087
515 517 0.0051
514 518 0.0044
512 519 0.0025
427 520 0.0016
414 521 0.0009
522 521 0.0015
523 521 0.0027
521 522 0.0015
521 523 0.0027
525 524 0.0069
527 524 0.0013
529 524 0.0024
524 525 0.0069
526 525 0.0043
528 525 0.0004
525 526 0.0043
524 527 0.0013
525 528 0.0004
419 529 0.002
524 529 0.0024
530 529 0.004
529 530 0.004
531 530 0.0015
532 530 0.0021
530 531 0.0015
530 532 0.0021
458 533 0.0021
534 533 0.0018
535 533 0.0047
533 534 0.0018
533 535 0.0047
460 536 0.0014
461 536 0.0012
537 536 0.0039
538 536 0.0066
536 537 0.0039
462 538 0.0011
536 538 0.0066
543 538 0.0131
547 538 0.0135
540 539 0.0087
541 539 0.007
542 539 0.0067
547 539 0.0155
539 540 0.0087
539 541 0.007
539 542 0.0067
538 543 0.0131
544 543 0.0078
545 543 0.0051
543 544 0.0078
543 545 0.0051
547 546 0.0027
463 547 0.0011
538 547 0.0135
539 547 0.0155
546 547 0.0027
19 548 0.0078
21 548 0.0068
549 548 0.0234
19 549 0.0031
20 549 0.0036
548 549 0.0234
412 550 0.004
413 550 0.0068
418 550 0.0033
274 551 0.0037
275 551 0.0049
338 551 0.0011
