8 1 0.0005
916 1 0.0001
1299 1 0.0
1305 1 0.0006
293 2 0.0043
334 2 0.0062
455 2 0.0069
828 2 0.0051
1275 2 0.008
7 3 0.0062
80 3 0.0068
229 3 0.0062
820 3 0.0066
1107 3 0.0057
1298 3 0.0079
99 4 0.0071
655 4 0.0059
657 4 0.0076
829 4 0.0056
1117 4 0.0059
1120 4 0.0068
1123 4 0.0079
1146 4 0.0072
1149 4 0.0075
1150 4 0.0078
1245 4 0.0063
1246 4 0.0059
393 5 0.005
434 5 0.0069
506 5 0.0077
538 5 0.0078
736 5 0.0064
1256 5 0.008
275 6 0.006
336 6 0.0053
346 6 0.0058
368 6 0.0057
802 6 0.0071
970 6 0.0079
975 6 0.0075
3 7 0.0062
11 7 0.0007
43 7 0.0007
1 8 0.0005
24 8 0.0
105 8 0.0005
171 9 0.0001
64 10 0.0004
105 10 0.0003
337 10 0.0
7 11 0.0007
12 11 0.0224
1305 11 0.0013
11 12 0.0224
13 12 0.0051
22 12 0.0006
36 12 0.0004
12 13 0.0051
14 13 0.0028
22 13 0.0041
46 13 0.0052
70 13 0.0002
13 14 0.0028
15 14 0.0024
60 14 0.0043
14 15 0.0024
17 15 0.0015
70 15 0.0008
1301 16 0.0
15 17 0.0015
19 17 0.0011
79 17 0.0009
1302 18 0.0
17 19 0.0011
20 19 0.002
79 19 0.0017
19 20 0.002
21 20 0.0016
1068 20 0.001
20 21 0.0016
216 21 0.0001
1068 21 0.0027
1292 21 0.0016
12 22 0.0006
13 22 0.0041
23 22 0.0025
22 23 0.0025
25 23 0.0012
31 23 0.0012
8 24 0.0
23 25 0.0012
28 25 0.0006
36 25 0.0016
38 25 0.0009
559 26 0.0001
207 27 0.0
25 28 0.0006
29 28 0.004
39 28 0.0001
28 29 0.004
30 29 0.0008
31 29 0.0001
29 30 0.0008
215 30 0.0004
1296 30 0.0014
23 31 0.0012
29 31 0.0001
71 31 0.0001
208 32 0.0001
35 33 0.0
206 33 0.0002
230 33 0.0
1120 34 0.0284
33 35 0.0
12 36 0.0004
25 36 0.0016
1307 36 0.0002
1123 37 0.016
25 38 0.0009
41 38 0.0002
206 38 0.0004
28 39 0.0001
1303 40 0.0001
38 41 0.0002
228 42 0.0001
264 42 0.0
341 42 0.0
7 43 0.0007
46 43 0.001
698 43 0.0004
72 44 0.0031
292 44 0.0005
858 44 0.0005
389 45 0.0007
550 45 0.0005
977 45 0.0009
13 46 0.0052
43 46 0.001
49 46 0.0008
60 46 0.0032
802 47 0.0014
312 48 0.0003
948 48 0.0006
951 48 0.0001
46 49 0.0008
50 49 0.0016
219 49 0.0002
49 50 0.0016
54 50 0.0006
61 50 0.0001
52 51 0.0009
57 51 0.0004
833 51 0.0004
51 52 0.0009
57 53 0.0001
821 53 0.0008
1112 53 0.0001
50 54 0.0006
55 54 0.0011
219 54 0.0002
1287 54 0.0001
54 55 0.0011
56 55 0.0018
225 55 0.0001
226 55 0.0
55 56 0.0018
59 56 0.0004
1283 56 0.0001
51 57 0.0004
53 57 0.0001
1112 57 0.0001
331 58 0.0006
838 58 0.0003
842 58 0.0015
56 59 0.0004
595 59 0.0001
1171 59 0.0001
1280 59 0.0004
14 60 0.0043
46 60 0.0032
61 60 0.0012
50 61 0.0001
60 61 0.0012
65 61 0.0001
144 62 0.0004
262 62 0.0011
1291 62 0.0001
292 63 0.0004
322 63 0.0062
1282 63 0.0009
10 64 0.0004
61 65 0.0001
66 65 0.0007
1290 65 0.0
65 66 0.0007
67 66 0.0003
1290 66 0.0001
66 67 0.0003
924 68 0.0001
829 69 0.0333
13 70 0.0002
15 70 0.0008
71 70 0.0023
31 71 0.0001
70 71 0.0023
75 71 0.0003
77 71 0.0001
44 72 0.0031
322 72 0.0013
1251 72 0.0001
74 73 0.0006
926 73 0.002
931 73 0.0006
1141 73 0.0027
73 74 0.0006
488 74 0.0009
604 74 0.0002
71 75 0.0003
215 75 0.0008
1294 75 0.0016
440 76 0.0011
604 76 0.0001
859 76 0.0023
71 77 0.0001
78 77 0.0003
79 77 0.0002
77 78 0.0003
211 78 0.0
213 78 0.0001
1293 78 0.0003
17 79 0.0009
19 79 0.0017
77 79 0.0002
3 80 0.0068
81 80 0.0016
772 80 0.0812
80 81 0.0016
83 81 0.0027
187 81 0.0048
737 82 0.0319
81 83 0.0027
86 83 0.0016
112 83 0.0029
116 83 0.0004
85 84 0.0004
91 84 0.0002
108 84 0.0004
937 84 0.0002
84 85 0.0004
108 85 0.0007
695 85 0.0011
83 86 0.0016
87 86 0.0078
94 86 0.0029
86 87 0.0078
89 87 0.0014
130 87 0.001
95 88 0.0002
97 88 0.0004
695 88 0.0002
1124 88 0.0011
87 89 0.0014
90 89 0.0085
128 89 0.0003
132 89 0.0021
1168 89 0.0001
89 90 0.0085
93 90 0.0005
109 90 0.0001
84 91 0.0002
236 91 0.0007
539 91 0.0001
695 91 0.0013
1298 92 0.1694
90 93 0.0005
134 93 0.0026
142 93 0.0028
86 94 0.0029
96 94 0.0007
104 94 0.0006
88 95 0.0002
94 96 0.0007
101 96 0.0002
117 96 0.0001
88 97 0.0004
103 98 0.0032
937 98 0.0005
1083 98 0.0002
4 99 0.0071
100 99 0.0009
1216 99 0.0347
99 100 0.0009
102 100 0.0003
607 100 0.0004
96 101 0.0002
107 101 0.0001
157 101 0.0004
170 101 0.0003
100 102 0.0003
103 102 0.0002
1083 102 0.0002
98 103 0.0032
102 103 0.0002
108 103 0.0001
94 104 0.0006
107 104 0.0004
204 104 0.0002
8 105 0.0005
10 105 0.0003
171 105 0.0001
494 106 0.0001
933 106 0.0003
935 106 0.0001
101 107 0.0001
104 107 0.0004
109 107 0.0014
84 108 0.0004
85 108 0.0007
103 108 0.0001
607 108 0.0002
90 109 0.0001
107 109 0.0014
111 109 0.0002
865 110 0.0002
1136 110 0.0008
1138 110 0.001
109 111 0.0002
1156 111 0.0001
1157 111 0.0004
83 112 0.0029
114 112 0.0018
174 112 0.0004
839 113 0.001
851 113 0.0022
860 113 0.0016
112 114 0.0018
152 114 0.0022
172 114 0.0004
177 114 0.0017
335 115 0.0004
342 115 0.0013
352 115 0.0007
432 115 0.0027
83 116 0.0004
117 116 0.0001
152 116 0.0001
96 117 0.0001
116 117 0.0001
1277 117 0.0001
576 118 0.0004
1118 118 0.0004
1126 118 0.0003
325 119 0.0
123 120 0.0002
126 120 0.0009
698 120 0.0003
295 121 0.0
759 122 0.0004
760 122 0.0006
1271 122 0.0001
120 123 0.0002
124 123 0.0004
129 123 0.0005
1176 123 0.0001
123 124 0.0004
125 124 0.0005
129 124 0.0005
124 125 0.0005
135 125 0.0001
225 125 0.0002
120 126 0.0009
127 126 0.0011
130 126 0.0003
126 127 0.0011
128 127 0.0012
132 127 0.0002
89 128 0.0003
127 128 0.0012
129 128 0.0008
123 129 0.0005
124 129 0.0005
128 129 0.0008
87 130 0.001
126 130 0.0003
132 130 0.0003
160 131 0.0002
519 131 0.0002
1078 131 0.0004
89 132 0.0021
127 132 0.0002
130 132 0.0003
519 133 0.0007
751 133 0.0015
988 133 0.0001
93 134 0.0026
135 134 0.001
140 134 0.0006
125 135 0.0001
134 135 0.001
137 135 0.0004
391 136 0.0002
677 136 0.0005
751 136 0.0004
885 136 0.0001
135 137 0.0004
220 137 0.0008
222 137 0.0004
139 138 0.0001
151 138 0.0004
780 138 0.0003
138 139 0.0001
134 140 0.0006
594 140 0.0001
1163 140 0.0001
425 141 0.0001
780 141 0.0004
885 141 0.0005
93 142 0.0028
146 142 0.0001
149 142 0.0006
780 143 0.0002
62 144 0.0004
269 144 0.0002
876 144 0.0005
924 144 0.0024
1147 144 0.0001
148 145 0.0002
162 145 0.0003
1054 145 0.0002
142 146 0.0001
661 146 0.002
1162 146 0.0009
208 147 0.0
145 148 0.0002
142 149 0.0006
166 149 0.0001
1162 149 0.0002
270 150 0.0006
272 150 0.0002
588 150 0.0001
138 151 0.0004
161 151 0.0
751 151 0.0002
114 152 0.0022
116 152 0.0001
154 152 0.0025
155 153 0.0
158 153 0.0004
1304 153 0.0002
152 154 0.0025
156 154 0.001
167 154 0.0025
153 155 0.0
154 156 0.001
162 156 0.0029
167 156 0.0002
101 157 0.0004
158 157 0.0042
162 157 0.0004
153 158 0.0004
157 158 0.0042
159 158 0.005
164 158 0.0027
158 159 0.005
160 159 0.0067
164 159 0.0015
131 160 0.0002
159 160 0.0067
161 160 0.0022
151 161 0.0
160 161 0.0022
751 161 0.0013
145 162 0.0003
156 162 0.0029
157 162 0.0004
165 162 0.0023
874 163 0.0002
158 164 0.0027
159 164 0.0015
165 164 0.0029
162 165 0.0023
164 165 0.0029
780 165 0.0008
149 166 0.0001
168 166 0.0002
303 166 0.0003
1162 166 0.0007
154 167 0.0025
156 167 0.0002
169 167 0.0067
166 168 0.0002
167 169 0.0067
1178 169 0.0014
1179 169 0.0047
101 170 0.0003
9 171 0.0001
105 171 0.0001
485 171 0.0001
114 172 0.0004
181 172 0.0001
1278 172 0.0004
1279 172 0.0003
222 173 0.0
112 174 0.0004
175 174 0.0007
1155 174 0.0002
174 175 0.0007
176 175 0.0013
1155 175 0.0001
175 176 0.0013
177 176 0.0014
190 176 0.0002
114 177 0.0017
176 177 0.0014
178 177 0.0017
177 178 0.0017
181 178 0.0009
194 178 0.0007
221 179 0.0001
595 180 0.0006
962 180 0.0004
1165 180 0.0006
172 181 0.0001
178 181 0.0009
183 181 0.0024
1154 181 0.0001
205 182 0.0008
427 182 0.0009
885 182 0.0
181 183 0.0024
1153 183 0.0002
1275 183 0.0001
968 184 0.0001
186 185 0.0001
968 185 0.0042
976 185 0.0
185 186 0.0001
81 187 0.0048
188 187 0.0041
1155 187 0.0022
187 188 0.0041
189 188 0.0012
197 188 0.001
188 189 0.0012
190 189 0.0014
197 189 0.0042
176 190 0.0002
189 190 0.0014
191 190 0.0006
190 191 0.0006
194 191 0.0005
197 191 0.0011
193 192 0.0001
997 192 0.0002
1076 192 0.0001
192 193 0.0001
178 194 0.0007
191 194 0.0005
200 194 0.0
196 195 0.0005
201 195 0.0002
217 195 0.0003
1026 195 0.0
195 196 0.0005
199 196 0.0
1167 196 0.0001
188 197 0.001
189 197 0.0042
191 197 0.0011
533 198 0.0038
535 198 0.0005
805 198 0.0007
196 199 0.0
194 200 0.0
195 201 0.0002
203 202 0.0001
216 202 0.0001
1055 202 0.0008
1292 202 0.0001
202 203 0.0001
104 204 0.0002
182 205 0.0008
871 205 0.0004
1048 205 0.0
33 206 0.0002
38 206 0.0004
207 206 0.002
27 207 0.0
206 207 0.002
208 207 0.0013
239 207 0.0
32 208 0.0001
147 208 0.0
207 208 0.0013
554 209 0.0017
565 209 0.0003
800 209 0.0013
1079 209 0.0006
1293 210 0.0003
78 211 0.0
1068 212 0.0005
1076 212 0.0012
1289 212 0.0001
78 213 0.0001
1294 214 0.0003
30 215 0.0004
75 215 0.0008
1297 215 0.0008
21 216 0.0001
202 216 0.0001
217 216 0.0006
195 217 0.0003
216 217 0.0006
1076 217 0.0006
219 218 0.0002
698 218 0.0001
1176 218 0.0
49 219 0.0002
54 219 0.0002
218 219 0.0002
137 220 0.0008
221 220 0.0007
1173 220 0.0002
179 221 0.0001
220 221 0.0007
949 221 0.0001
952 221 0.0001
137 222 0.0004
173 222 0.0
932 222 0.0001
224 223 0.0001
227 223 0.0
474 223 0.0
1303 223 0.0001
223 224 0.0001
55 225 0.0001
125 225 0.0002
226 225 0.001
55 226 0.0
225 226 0.001
1172 226 0.0001
1173 226 0.0004
223 227 0.0
42 228 0.0001
274 228 0.0001
846 228 0.0001
3 229 0.0062
231 229 0.0015
878 229 0.0003
33 230 0.0
229 231 0.0015
233 231 0.0051
1190 231 0.0026
287 232 0.0
707 232 0.0001
910 232 0.0002
231 233 0.0051
234 233 0.0017
1193 233 0.0001
233 234 0.0017
237 234 0.0006
266 234 0.0007
910 235 0.0001
945 235 0.0
1062 235 0.0002
91 236 0.0007
310 236 0.0002
942 236 0.0005
234 237 0.0006
238 237 0.0025
1099 237 0.0011
237 238 0.0025
271 238 0.0008
1234 238 0.0002
1236 238 0.0001
207 239 0.0
243 240 0.0002
260 240 0.0001
1190 240 0.0022
906 241 0.0001
1062 242 0.0005
240 243 0.0002
244 243 0.0003
1188 243 0.0
243 244 0.0003
246 244 0.0002
1186 244 0.0002
847 245 0.0
244 246 0.0002
249 247 0.0001
253 247 0.0001
1190 247 0.0038
252 248 0.0002
912 248 0.0011
1235 248 0.001
247 249 0.0001
1235 250 0.0002
252 251 0.0002
257 251 0.0017
850 251 0.0014
248 252 0.0002
251 252 0.0002
920 252 0.0004
247 253 0.0001
1181 253 0.0
1185 253 0.0
1235 254 0.0
572 255 0.0003
257 256 0.0009
258 256 0.0004
867 256 0.0004
251 257 0.0017
256 257 0.0009
259 257 0.0009
256 258 0.0004
259 258 0.0004
848 258 0.0002
867 258 0.0001
257 259 0.0009
258 259 0.0004
849 259 0.0013
240 260 0.0001
848 261 0.0001
62 262 0.0011
263 262 0.0006
265 262 0.0002
262 263 0.0006
42 264 0.0
262 265 0.0002
234 266 0.0007
268 266 0.0007
1234 266 0.0032
591 267 0.0002
954 267 0.0004
1147 267 0.0017
266 268 0.0007
271 268 0.0005
1234 268 0.0003
144 269 0.0002
589 269 0.0001
1147 269 0.0017
150 270 0.0006
591 270 0.0003
933 270 0.0004
238 271 0.0008
268 271 0.0005
321 271 0.0011
150 272 0.0002
273 272 0.0003
591 272 0.0004
272 273 0.0003
228 274 0.0001
834 274 0.0003
1111 274 0.0002
6 275 0.006
276 275 0.0002
748 275 0.0035
275 276 0.0002
277 276 0.0104
305 276 0.0048
276 277 0.0104
278 277 0.0176
305 277 0.0153
277 278 0.0176
279 278 0.0197
305 278 0.0192
306 278 0.0059
361 278 0.0001
278 279 0.0197
280 279 0.0083
325 279 0.0003
279 280 0.0083
281 280 0.0066
362 280 0.003
367 280 0.0
280 281 0.0066
283 281 0.0015
295 281 0.0008
494 282 0.0007
935 282 0.0011
1282 282 0.0004
281 283 0.0015
285 283 0.0025
286 283 0.0095
293 283 0.0002
494 284 0.0001
283 285 0.0025
283 286 0.0095
289 286 0.004
333 286 0.0004
232 287 0.0
316 288 0.0001
286 289 0.004
931 290 0.0
883 291 0.0001
44 292 0.0005
63 292 0.0004
1282 292 0.0006
2 293 0.0043
283 293 0.0002
745 293 0.0345
297 294 0.0002
322 294 0.0007
1114 294 0.0009
121 295 0.0
281 295 0.0008
300 295 0.0001
301 295 0.0012
545 296 0.0016
549 296 0.0002
1114 296 0.0026
294 297 0.0002
299 298 0.0014
322 298 0.0084
1114 298 0.0008
298 299 0.0014
1184 299 0.0006
1274 299 0.0006
295 300 0.0001
295 301 0.0012
302 301 0.0044
323 301 0.0027
301 302 0.0044
304 302 0.0001
323 302 0.0027
166 303 0.0003
302 304 0.0001
276 305 0.0048
277 305 0.0153
278 305 0.0192
306 305 0.0205
309 305 0.0122
336 305 0.0032
278 306 0.0059
305 306 0.0205
307 306 0.0128
306 307 0.0128
308 307 0.0061
309 307 0.002
307 308 0.0061
317 308 0.0007
318 308 0.0201
361 308 0.0123
305 309 0.0122
307 309 0.002
338 309 0.0059
343 309 0.0031
236 310 0.0002
320 311 0.0004
324 311 0.0001
326 311 0.0007
48 312 0.0003
313 312 0.0001
948 312 0.0002
312 313 0.0001
314 313 0.0006
349 313 0.0004
942 313 0.0002
313 314 0.0006
315 314 0.0002
1128 314 0.0001
314 315 0.0002
288 316 0.0001
861 316 0.0001
942 316 0.0003
308 317 0.0007
884 317 0.0026
1105 317 0.0001
308 318 0.0201
321 318 0.0014
323 318 0.0006
320 319 0.0005
598 319 0.0004
960 319 0.0006
311 320 0.0004
319 320 0.0005
332 320 0.0001
961 320 0.001
271 321 0.0011
318 321 0.0014
1195 321 0.0
63 322 0.0062
72 322 0.0013
294 322 0.0007
298 322 0.0084
301 323 0.0027
302 323 0.0027
318 323 0.0006
311 324 0.0001
559 324 0.0013
883 324 0.0004
1098 324 0.0021
119 325 0.0
279 325 0.0003
601 325 0.0001
311 326 0.0007
330 326 0.0001
1098 326 0.0002
1018 327 0.0001
1259 328 0.0005
1262 328 0.0024
1263 328 0.0033
1300 328 0.0003
333 329 0.0001
601 329 0.0001
673 329 0.0001
326 330 0.0001
332 330 0.0025
1098 330 0.0038
58 331 0.0006
1133 331 0.0013
1134 331 0.0004
320 332 0.0001
330 332 0.0025
389 332 0.0037
286 333 0.0004
329 333 0.0001
334 333 0.0002
2 334 0.0062
333 334 0.0002
744 334 0.0206
115 335 0.0004
352 335 0.0009
512 335 0.0015
961 335 0.0008
1081 335 0.0021
6 336 0.0053
305 336 0.0032
1288 336 0.0386
10 337 0.0
309 338 0.0059
339 338 0.0112
351 338 0.0005
338 339 0.0112
340 339 0.0105
343 339 0.0342
339 340 0.0105
355 340 0.0002
390 340 0.0019
42 341 0.0
115 342 0.0013
681 342 0.0027
943 342 0.0003
309 343 0.0031
339 343 0.0342
345 343 0.0011
681 344 0.0007
343 345 0.0011
346 345 0.0008
385 345 0.0024
390 345 0.001
6 346 0.0058
345 346 0.0008
750 346 0.0056
350 347 0.0
351 347 0.0014
359 347 0.0001
948 348 0.0001
313 349 0.0004
706 349 0.0001
877 349 0.0001
347 350 0.0
338 351 0.0005
347 351 0.0014
353 351 0.0002
115 352 0.0007
335 352 0.0009
354 352 0.0001
351 353 0.0002
352 354 0.0001
340 355 0.0002
357 356 0.0005
422 356 0.0005
687 356 0.0
356 357 0.0005
1027 358 0.0
347 359 0.0001
445 360 0.0001
278 361 0.0001
308 361 0.0123
362 361 0.0165
280 362 0.003
361 362 0.0165
363 362 0.0002
362 363 0.0002
365 364 0.0003
366 364 0.0007
653 364 0.0001
364 365 0.0003
364 366 0.0007
280 367 0.0
6 368 0.0057
369 368 0.0038
752 368 0.0266
368 369 0.0038
370 369 0.0008
426 369 0.0005
761 369 0.0025
766 369 0.0005
369 370 0.0008
371 370 0.0017
1273 370 0.0002
370 371 0.0017
372 371 0.0097
376 371 0.0013
381 371 0.001
371 372 0.0097
373 372 0.0029
383 372 0.0005
372 373 0.0029
374 373 0.0152
383 373 0.0028
388 373 0.0034
373 374 0.0152
387 374 0.0058
1106 374 0.0001
667 375 0.0
371 376 0.0013
377 376 0.0057
766 376 0.0024
376 377 0.0057
411 377 0.0001
665 377 0.0055
923 378 0.0001
381 379 0.0002
384 379 0.0004
749 379 0.0004
435 380 0.0
371 381 0.001
379 381 0.0002
777 381 0.0044
1270 381 0.0003
515 382 0.0001
602 382 0.0001
972 382 0.0002
372 383 0.0005
373 383 0.0028
384 383 0.0014
379 384 0.0004
383 384 0.0014
749 384 0.0003
759 384 0.0013
345 385 0.0024
386 385 0.01
1273 385 0.0036
385 386 0.01
387 386 0.0096
388 386 0.0095
390 386 0.0073
1273 386 0.0037
374 387 0.0058
386 387 0.0096
388 387 0.0197
390 387 0.0009
373 388 0.0034
386 388 0.0095
387 388 0.0197
45 389 0.0007
332 389 0.0037
512 389 0.0015
961 389 0.0001
340 390 0.0019
345 390 0.001
386 390 0.0073
387 390 0.0009
136 391 0.0002
448 391 0.0004
676 391 0.0004
728 392 0.0007
5 393 0.005
394 393 0.0012
402 393 0.0012
393 394 0.0012
395 394 0.004
408 394 0.006
394 395 0.004
396 395 0.0059
399 395 0.0042
395 396 0.0059
397 396 0.0033
404 396 0.0015
396 397 0.0033
399 397 0.0032
409 397 0.0212
665 397 0.0015
725 398 0.0001
395 399 0.0042
397 399 0.0032
400 399 0.0021
399 400 0.0021
401 400 0.0002
777 400 0.0001
400 401 0.0002
393 402 0.0012
404 402 0.0003
408 402 0.0004
788 403 0.0002
983 403 0.0002
1004 403 0.0004
396 404 0.0015
402 404 0.0003
405 404 0.0014
408 404 0.0055
404 405 0.0014
406 405 0.0025
409 405 0.0001
405 406 0.0025
407 406 0.0045
415 406 0.0021
406 407 0.0045
421 407 0.0001
424 407 0.0016
394 408 0.006
402 408 0.0004
404 408 0.0055
397 409 0.0212
405 409 0.0001
411 409 0.0008
501 410 0.0001
377 411 0.0001
409 411 0.0008
413 411 0.0012
471 412 0.0002
411 413 0.0012
414 413 0.0007
776 413 0.0012
413 414 0.0007
766 414 0.0002
776 414 0.0039
406 415 0.0021
418 415 0.0009
776 415 0.0009
1043 416 0.0001
419 417 0.0001
501 417 0.0015
852 417 0.0
415 418 0.0009
420 418 0.0015
424 418 0.0032
771 418 0.0001
417 419 0.0001
418 420 0.0015
421 420 0.0019
771 420 0.0001
407 421 0.0001
420 421 0.0019
422 421 0.005
424 421 0.0001
356 422 0.0005
421 422 0.005
428 422 0.0002
1032 422 0.0001
651 423 0.0003
407 424 0.0016
418 424 0.0032
421 424 0.0001
141 425 0.0001
369 426 0.0005
428 426 0.0004
779 426 0.0015
182 427 0.0009
453 427 0.0003
885 427 0.0004
422 428 0.0002
426 428 0.0004
429 428 0.0043
763 428 0.0012
428 429 0.0043
430 429 0.0048
795 429 0.0003
798 429 0.0011
1032 429 0.0003
429 430 0.0048
431 430 0.0041
782 430 0.0001
430 431 0.0041
433 431 0.0007
786 431 0.0045
115 432 0.0027
666 432 0.0001
957 432 0.0003
1081 432 0.0008
431 433 0.0007
790 433 0.0002
806 433 0.0005
1013 433 0.0009
1015 433 0.0016
5 434 0.0069
435 434 0.0005
755 434 0.0366
380 435 0.0
434 435 0.0005
436 435 0.0013
435 436 0.0013
438 436 0.0004
441 436 0.0019
1029 436 0.0002
676 437 0.0002
1038 437 0.0003
1064 437 0.0005
436 438 0.0004
439 438 0.0004
1029 438 0.0002
438 439 0.0004
442 439 0.0025
451 439 0.0016
76 440 0.0011
859 440 0.0007
935 440 0.0007
436 441 0.0019
442 441 0.0106
449 441 0.0004
439 442 0.0025
441 442 0.0106
443 442 0.0046
442 443 0.0046
444 443 0.0007
449 443 0.0008
443 444 0.0007
445 444 0.0013
449 444 0.0004
1027 444 0.0003
360 445 0.0001
444 445 0.0013
446 445 0.001
445 446 0.001
499 446 0.0004
503 446 0.0004
543 447 0.0003
571 447 0.0003
1274 447 0.0005
391 448 0.0004
441 449 0.0004
443 449 0.0008
444 449 0.0004
988 450 0.0001
439 451 0.0016
452 451 0.0064
1024 451 0.0001
451 452 0.0064
454 452 0.0014
528 452 0.0001
1025 452 0.0008
427 453 0.0003
855 453 0.0002
1286 453 0.0004
452 454 0.0014
467 454 0.0006
1014 454 0.0041
2 455 0.0069
460 455 0.0002
741 455 0.0123
457 456 0.0013
1014 456 0.0015
1019 456 0.0001
456 457 0.0013
458 457 0.0074
815 457 0.0001
457 458 0.0074
459 458 0.002
464 458 0.001
458 459 0.002
497 459 0.0005
498 459 0.0002
455 460 0.0002
507 461 0.0043
907 461 0.0087
1036 461 0.0011
463 462 0.0038
481 462 0.0001
1014 462 0.0007
462 463 0.0038
464 463 0.0004
487 463 0.0005
458 464 0.001
463 464 0.0004
465 464 0.0002
487 464 0.0001
464 465 0.0002
632 466 0.0001
783 466 0.0001
1036 466 0.0002
1064 466 0.0003
454 467 0.0006
468 467 0.0012
481 467 0.0006
467 468 0.0012
469 468 0.0043
475 468 0.0004
468 469 0.0043
470 469 0.0009
479 469 0.0011
469 470 0.0009
471 470 0.0007
472 470 0.0001
412 471 0.0002
470 471 0.0007
827 471 0.0001
470 472 0.0001
473 472 0.0002
631 472 0.0001
472 473 0.0002
223 474 0.0
468 475 0.0004
476 475 0.001
477 475 0.0001
478 475 0.0001
475 476 0.001
627 476 0.0006
1041 476 0.0002
475 477 0.0001
475 478 0.0001
469 479 0.0011
1100 480 0.0002
462 481 0.0001
467 481 0.0006
482 481 0.001
481 482 0.001
483 482 0.0017
486 482 0.0003
482 483 0.0017
484 483 0.0001
624 483 0.0012
483 484 0.0001
171 485 0.0001
482 486 0.0003
487 486 0.0001
624 486 0.0009
626 486 0.0002
463 487 0.0005
464 487 0.0001
486 487 0.0001
74 488 0.0009
511 488 0.0003
1140 488 0.0007
490 489 0.0004
583 489 0.0002
1192 489 0.0001
489 490 0.0004
492 491 0.0035
583 491 0.0021
608 491 0.0002
491 492 0.0035
493 492 0.0014
608 492 0.0001
679 492 0.0001
492 493 0.0014
672 493 0.0014
832 493 0.0008
959 493 0.0002
106 494 0.0001
282 494 0.0007
284 494 0.0001
1282 494 0.0011
1246 495 0.085
672 496 0.0005
459 497 0.0005
459 498 0.0002
446 499 0.0004
500 499 0.0008
568 499 0.0001
631 499 0.0001
499 500 0.0008
501 500 0.0017
631 500 0.0001
410 501 0.0001
417 501 0.0015
500 501 0.0017
827 501 0.0001
504 502 0.0001
581 502 0.0
832 502 0.0008
446 503 0.0004
505 503 0.0001
1069 503 0.0001
502 504 0.0001
503 505 0.0001
5 506 0.0077
508 506 0.0015
757 506 0.0751
461 507 0.0043
583 507 0.0009
1118 507 0.0001
506 508 0.0015
509 508 0.0107
596 508 0.0002
508 509 0.0107
510 509 0.0028
521 509 0.0003
509 510 0.0028
513 510 0.0005
521 510 0.0055
1063 510 0.0001
488 511 0.0003
604 511 0.0002
859 511 0.0001
335 512 0.0015
389 512 0.0015
977 512 0.0013
510 513 0.0005
514 513 0.0006
1034 513 0.0
513 514 0.0006
517 514 0.0003
1049 514 0.0001
382 515 0.0001
516 515 0.0
1264 515 0.0002
515 516 0.0
514 517 0.0003
518 517 0.0005
1047 517 0.0004
517 518 0.0005
520 518 0.0005
1049 518 0.0001
131 519 0.0002
133 519 0.0007
1038 519 0.0005
518 520 0.0005
1043 520 0.0001
1046 520 0.0001
509 521 0.0003
510 521 0.0055
523 521 0.0014
1033 521 0.0001
1225 522 0.0001
521 523 0.0014
524 523 0.0044
660 523 0.0004
1040 523 0.0002
523 524 0.0044
526 524 0.0013
667 524 0.0001
991 525 0.0004
524 526 0.0013
527 526 0.0027
659 526 0.0
526 527 0.0027
529 527 0.0008
532 527 0.0044
452 528 0.0001
527 529 0.0008
530 529 0.0032
1037 529 0.0002
529 530 0.0032
531 530 0.0013
640 530 0.0011
530 531 0.0013
653 531 0.0004
1050 531 0.0003
527 532 0.0044
662 532 0.0002
1051 532 0.0003
198 533 0.0038
534 533 0.0005
536 533 0.001
533 534 0.0005
198 535 0.0005
533 536 0.001
1118 537 0.0
5 538 0.0078
541 538 0.0009
756 538 0.0568
91 539 0.0001
948 540 0.0056
953 540 0.0002
955 540 0.0006
956 540 0.0013
538 541 0.0009
542 541 0.0032
556 541 0.0009
541 542 0.0032
544 542 0.003
566 542 0.0042
447 543 0.0003
542 544 0.003
547 544 0.0015
1258 544 0.0001
296 545 0.0016
546 545 0.0001
572 545 0.0006
545 546 0.0001
544 547 0.0015
548 547 0.0053
570 547 0.002
547 548 0.0053
1093 548 0.0001
1095 548 0.0003
296 549 0.0002
45 550 0.0005
551 550 0.0003
559 550 0.0011
1175 550 0.0017
550 551 0.0003
553 552 0.0003
569 552 0.0004
977 552 0.0003
552 553 0.0003
554 553 0.0011
1175 553 0.0018
209 554 0.0017
553 554 0.0011
555 554 0.0017
554 555 0.0017
557 555 0.0002
580 555 0.0003
1175 555 0.0005
541 556 0.0009
558 556 0.0017
614 556 0.0016
555 557 0.0002
556 558 0.0017
560 558 0.0019
621 558 0.0013
26 559 0.0001
324 559 0.0013
550 559 0.0011
558 560 0.0019
563 560 0.0005
630 560 0.0001
832 561 0.0001
1000 562 0.0001
560 563 0.0005
564 563 0.0013
734 563 0.0001
563 564 0.0013
669 564 0.0108
674 564 0.001
209 565 0.0003
542 566 0.0042
570 566 0.0004
574 566 0.005
569 567 0.0002
943 567 0.0004
977 567 0.0002
499 568 0.0001
552 569 0.0004
567 569 0.0002
800 569 0.0004
547 570 0.002
566 570 0.0004
573 570 0.001
447 571 0.0003
1079 571 0.0002
1274 571 0.0002
255 572 0.0003
545 572 0.0006
575 572 0.0
570 573 0.001
712 573 0.0056
714 573 0.0006
566 574 0.005
577 574 0.0009
582 574 0.0022
590 574 0.0006
572 575 0.0
118 576 0.0004
1137 576 0.0002
1143 576 0.0002
574 577 0.0009
579 577 0.0011
724 577 0.0002
653 578 0.0001
577 579 0.0011
708 579 0.0004
1092 579 0.0004
555 580 0.0003
502 581 0.0
574 582 0.0022
585 582 0.0014
621 582 0.0009
489 583 0.0002
491 583 0.0021
507 583 0.0009
639 584 0.0001
582 585 0.0014
586 585 0.0022
730 585 0.0001
585 586 0.0022
587 586 0.003
622 586 0.0003
586 587 0.003
686 587 0.0008
1084 587 0.0001
150 588 0.0001
269 589 0.0001
574 590 0.0006
592 590 0.0017
727 590 0.0001
267 591 0.0002
270 591 0.0003
272 591 0.0004
954 591 0.0
590 592 0.0017
694 592 0.0009
696 592 0.0001
1184 593 0.0001
140 594 0.0001
59 595 0.0001
180 595 0.0006
1280 595 0.0002
508 596 0.0002
597 596 0.0004
613 596 0.0001
596 597 0.0004
599 597 0.0003
633 597 0.0002
639 597 0.0002
319 598 0.0004
805 598 0.0001
883 598 0.0001
597 599 0.0003
635 599 0.0004
1045 599 0.0001
788 600 0.0
325 601 0.0001
329 601 0.0001
907 601 0.0001
382 602 0.0001
783 603 0.0001
74 604 0.0002
76 604 0.0001
511 604 0.0002
1072 605 0.0003
1078 606 0.0005
100 607 0.0004
108 607 0.0002
695 607 0.0018
491 608 0.0002
492 608 0.0001
611 608 0.0001
660 609 0.0001
1072 610 0.0004
608 611 0.0001
612 611 0.0009
679 611 0.0002
611 612 0.0009
596 613 0.0001
638 613 0.0003
1077 613 0.0003
556 614 0.0016
617 614 0.0002
731 614 0.0001
1050 615 0.0001
735 616 0.0002
614 617 0.0002
618 617 0.0008
639 617 0.0007
617 618 0.0008
619 618 0.0026
637 618 0.0001
618 619 0.0026
620 619 0.0005
731 619 0.0002
619 620 0.0005
1074 620 0.0001
1075 620 0.0001
558 621 0.0013
582 621 0.0009
622 621 0.0027
586 622 0.0003
621 622 0.0027
629 622 0.0002
803 623 0.0002
483 624 0.0012
486 624 0.0009
625 624 0.0014
624 625 0.0014
486 626 0.0002
476 627 0.0006
648 628 0.0001
622 629 0.0002
630 629 0.0002
699 629 0.0001
560 630 0.0001
629 630 0.0002
671 630 0.0001
699 630 0.0001
472 631 0.0001
499 631 0.0001
500 631 0.0001
466 632 0.0001
1064 632 0.0006
1100 632 0.0011
597 633 0.0002
635 633 0.0001
1077 633 0.0004
1067 634 0.0001
599 635 0.0004
633 635 0.0001
636 635 0.0004
1077 635 0.0002
635 636 0.0004
618 637 0.0001
613 638 0.0003
660 638 0.0001
1080 638 0.0001
584 639 0.0001
597 639 0.0002
617 639 0.0007
530 640 0.0011
641 640 0.0027
653 640 0.0011
640 641 0.0027
642 641 0.0025
1052 641 0.0003
1053 641 0.0001
641 642 0.0025
643 642 0.0005
1056 642 0.0
642 643 0.0005
644 643 0.0025
647 643 0.0005
643 644 0.0025
645 644 0.0005
651 644 0.0002
644 645 0.0005
1060 645 0.0002
1061 645 0.0001
735 646 0.0077
1230 646 0.0001
1257 646 0.0001
643 647 0.0005
648 647 0.001
1053 647 0.0001
628 648 0.0001
647 648 0.001
1057 648 0.0005
967 649 0.0002
715 650 0.0015
720 650 0.0001
725 650 0.0018
423 651 0.0003
644 651 0.0002
1058 651 0.0008
967 652 0.0002
364 653 0.0001
531 653 0.0004
578 653 0.0001
640 653 0.0011
886 654 0.0008
888 654 0.0079
1207 654 0.0269
4 655 0.0059
656 655 0.001
767 655 0.0396
655 656 0.001
898 656 0.0052
900 656 0.0015
4 657 0.0076
764 657 0.0259
823 657 0.0001
1047 658 0.0004
1067 658 0.0004
1069 658 0.0001
526 659 0.0
523 660 0.0004
609 660 0.0001
638 660 0.0001
146 661 0.002
532 662 0.0002
663 662 0.0001
664 662 0.0001
662 663 0.0001
662 664 0.0001
377 665 0.0055
397 665 0.0015
777 665 0.0028
432 666 0.0001
375 667 0.0
524 667 0.0001
668 667 0.0002
667 668 0.0002
564 669 0.0108
671 669 0.0013
678 669 0.0002
1286 670 0.0001
630 671 0.0001
669 671 0.0013
678 671 0.0014
880 671 0.0004
493 672 0.0014
496 672 0.0005
1031 672 0.0001
329 673 0.0001
871 673 0.0001
1286 673 0.0002
564 674 0.001
685 674 0.0001
723 674 0.0
676 675 0.0001
677 675 0.0001
1048 675 0.0001
391 676 0.0004
437 676 0.0002
675 676 0.0001
136 677 0.0005
675 677 0.0001
911 677 0.0003
669 678 0.0002
671 678 0.0014
958 678 0.0002
492 679 0.0001
611 679 0.0002
680 679 0.0002
679 680 0.0002
342 681 0.0027
344 681 0.0007
1079 681 0.0004
1094 682 0.0009
1096 682 0.0054
1254 682 0.0017
684 683 0.0011
1211 683 0.0001
1212 683 0.0003
1233 683 0.0015
683 684 0.0011
1211 684 0.0001
1212 684 0.0002
1215 684 0.0003
674 685 0.0001
587 686 0.0008
688 686 0.0017
1084 686 0.0001
356 687 0.0
686 688 0.0017
689 688 0.0021
700 688 0.0004
1090 688 0.0
688 689 0.0021
690 689 0.0014
702 689 0.0003
689 690 0.0014
691 690 0.0006
965 690 0.0014
690 691 0.0006
692 691 0.0026
965 691 0.0006
966 691 0.0006
691 692 0.0026
693 692 0.0014
1090 692 0.0003
692 693 0.0014
953 693 0.0018
955 693 0.0005
592 694 0.0009
696 694 0.0012
730 694 0.0044
85 695 0.0011
88 695 0.0002
91 695 0.0013
607 695 0.0018
592 696 0.0001
694 696 0.0012
697 696 0.0008
696 697 0.0008
936 697 0.0036
944 697 0.001
43 698 0.0004
120 698 0.0003
218 698 0.0001
629 699 0.0001
630 699 0.0001
700 699 0.0009
688 700 0.0004
699 700 0.0009
701 700 0.0009
700 701 0.0009
702 701 0.0006
704 701 0.0005
689 702 0.0003
701 702 0.0006
703 702 0.0002
702 703 0.0002
701 704 0.0005
705 704 0.0003
964 704 0.0001
704 705 0.0003
349 706 0.0001
232 707 0.0001
579 708 0.0004
709 708 0.0008
726 708 0.0001
708 709 0.0008
710 709 0.0016
719 709 0.0015
709 710 0.0016
711 710 0.0018
1246 710 0.0014
710 711 0.0018
1228 711 0.002
1244 711 0.003
573 712 0.0056
713 712 0.0052
719 712 0.0002
712 713 0.0052
714 713 0.0041
718 713 0.0003
573 714 0.0006
713 714 0.0041
716 714 0.0004
718 714 0.0009
650 715 0.0015
728 715 0.0038
981 715 0.0003
714 716 0.0004
717 716 0.0012
1226 716 0.0005
716 717 0.0012
1224 717 0.0013
1226 717 0.0004
1229 717 0.0042
713 718 0.0003
714 718 0.0009
719 718 0.0012
722 718 0.0005
709 719 0.0015
712 719 0.0002
718 719 0.0012
650 720 0.0001
903 721 0.0008
718 722 0.0005
1226 722 0.001
1228 722 0.0018
674 723 0.0
577 724 0.0002
726 724 0.0001
727 724 0.0002
398 725 0.0001
650 725 0.0018
732 725 0.0001
708 726 0.0001
724 726 0.0001
727 726 0.0005
590 727 0.0001
724 727 0.0002
726 727 0.0005
729 727 0.0002
1082 727 0.0
392 728 0.0007
715 728 0.0038
735 728 0.0003
913 728 0.0002
727 729 0.0002
1082 729 0.0002
1091 729 0.0001
585 730 0.0001
694 730 0.0044
1085 730 0.0001
614 731 0.0001
619 731 0.0002
733 731 0.0002
725 732 0.0001
731 733 0.0002
563 734 0.0001
616 735 0.0002
646 735 0.0077
728 735 0.0003
5 736 0.0064
738 736 0.0002
753 736 0.0062
82 737 0.0319
736 738 0.0002
739 738 0.0021
1266 738 0.0
738 739 0.0021
740 739 0.0016
1300 739 0.0019
739 740 0.0016
1269 740 0.0002
1271 740 0.0001
455 741 0.0123
1275 742 0.0307
828 743 0.0415
334 744 0.0206
293 745 0.0345
975 746 0.0532
749 747 0.0005
1271 747 0.0003
1284 747 0.0009
275 748 0.0035
379 749 0.0004
384 749 0.0003
747 749 0.0005
1284 749 0.0018
346 750 0.0056
133 751 0.0015
136 751 0.0004
151 751 0.0002
161 751 0.0013
368 752 0.0266
736 753 0.0062
1256 754 0.008
434 755 0.0366
538 756 0.0568
506 757 0.0751
1117 758 0.0124
122 759 0.0004
384 759 0.0013
760 759 0.0014
122 760 0.0006
759 760 0.0014
1106 760 0.0003
369 761 0.0025
763 761 0.0016
769 761 0.0093
1146 762 0.0364
428 763 0.0012
761 763 0.0016
769 763 0.0018
770 763 0.0013
657 764 0.0259
1149 765 0.0093
369 766 0.0005
376 766 0.0024
414 766 0.0002
769 766 0.0028
655 767 0.0396
1245 768 0.0037
761 769 0.0093
763 769 0.0018
766 769 0.0028
763 770 0.0013
771 770 0.0003
775 770 0.0002
418 771 0.0001
420 771 0.0001
770 771 0.0003
80 772 0.0812
820 773 0.0635
1107 774 0.0961
770 775 0.0002
413 776 0.0012
414 776 0.0039
415 776 0.0009
381 777 0.0044
400 777 0.0001
665 777 0.0028
1225 778 0.0002
426 779 0.0015
782 779 0.0002
803 779 0.0
138 780 0.0003
141 780 0.0004
143 780 0.0002
165 780 0.0008
1225 781 0.0001
430 782 0.0001
779 782 0.0002
784 782 0.0
466 783 0.0001
603 783 0.0001
1038 783 0.0008
782 784 0.0
785 784 0.0001
1013 784 0.0
784 785 0.0001
431 786 0.0045
787 786 0.0043
798 786 0.0004
786 787 0.0043
789 787 0.0005
792 787 0.0036
403 788 0.0002
600 788 0.0
1011 788 0.0001
787 789 0.0005
790 789 0.0022
794 789 0.0004
811 789 0.0001
433 790 0.0002
789 790 0.0022
791 790 0.0019
790 791 0.0019
808 791 0.001
809 791 0.0001
787 792 0.0036
793 792 0.0007
816 792 0.0002
792 793 0.0007
794 793 0.0006
816 793 0.0002
789 794 0.0004
793 794 0.0006
813 794 0.0002
429 795 0.0003
796 795 0.0011
1029 795 0.0
1032 795 0.0013
795 796 0.0011
797 796 0.0001
1023 796 0.0
796 797 0.0001
1024 797 0.0
1025 797 0.0
429 798 0.0011
786 798 0.0004
801 798 0.0001
983 799 0.0006
1006 799 0.0002
1010 799 0.0002
209 800 0.0013
569 800 0.0004
943 800 0.0005
798 801 0.0001
6 802 0.0071
47 802 0.0014
803 802 0.0
623 803 0.0002
779 803 0.0
802 803 0.0
804 803 0.0005
803 804 0.0005
1006 804 0.0004
1011 804 0.0003
198 805 0.0007
598 805 0.0001
963 805 0.0002
433 806 0.0005
807 806 0.0003
810 806 0.0001
806 807 0.0003
791 808 0.001
791 809 0.0001
806 810 0.0001
789 811 0.0001
812 811 0.0005
814 811 0.0004
811 812 0.0005
794 813 0.0002
814 813 0.0002
818 813 0.0002
811 814 0.0004
813 814 0.0002
815 814 0.0001
457 815 0.0001
814 815 0.0001
818 815 0.0001
792 816 0.0002
793 816 0.0002
817 816 0.0006
816 817 0.0006
818 817 0.0001
819 817 0.0001
1019 817 0.0001
813 818 0.0002
815 818 0.0001
817 818 0.0001
817 819 0.0001
3 820 0.0066
773 820 0.0635
821 820 0.0012
53 821 0.0008
820 821 0.0012
822 821 0.0054
830 821 0.0012
901 821 0.0031
821 822 0.0054
823 822 0.002
835 822 0.0089
657 823 0.0001
822 823 0.002
824 823 0.0108
825 823 0.0037
823 824 0.0108
825 824 0.0024
904 824 0.004
823 825 0.0037
824 825 0.0024
826 825 0.0049
825 826 0.0049
829 826 0.0007
900 826 0.0121
471 827 0.0001
501 827 0.0001
831 827 0.0002
2 828 0.0051
743 828 0.0415
1179 828 0.0037
4 829 0.0056
69 829 0.0333
826 829 0.0007
821 830 0.0012
833 830 0.0017
1113 830 0.0051
827 831 0.0002
493 832 0.0008
502 832 0.0008
561 832 0.0001
51 833 0.0004
830 833 0.0017
834 833 0.0018
274 834 0.0003
833 834 0.0018
844 834 0.0019
845 834 0.009
822 835 0.0089
836 835 0.0046
842 835 0.0006
1113 835 0.0047
835 836 0.0046
837 836 0.0032
1148 836 0.0001
836 837 0.0032
838 837 0.0023
1146 837 0.0
58 838 0.0003
837 838 0.0023
839 838 0.0008
113 839 0.001
838 839 0.0008
840 839 0.002
839 840 0.002
841 840 0.0004
851 840 0.0019
840 841 0.0004
58 842 0.0015
835 842 0.0006
843 842 0.0007
842 843 0.0007
844 843 0.0013
1133 843 0.0031
834 844 0.0019
843 844 0.0013
1135 844 0.0039
834 845 0.009
846 845 0.0018
848 845 0.0003
228 846 0.0001
845 846 0.0018
847 846 0.0006
245 847 0.0
846 847 0.0006
905 847 0.0014
258 848 0.0002
261 848 0.0001
845 848 0.0003
849 848 0.0008
259 849 0.0013
848 849 0.0008
850 849 0.001
251 850 0.0014
849 850 0.001
912 850 0.0005
113 851 0.0022
840 851 0.0019
853 851 0.0017
860 851 0.0054
417 852 0.0
851 853 0.0017
854 853 0.0029
1119 853 0.0008
1144 853 0.0001
853 854 0.0029
856 854 0.0017
1119 854 0.0033
453 855 0.0002
854 856 0.0017
857 856 0.0014
1140 856 0.0014
856 857 0.0014
858 857 0.0012
1131 857 0.0001
44 858 0.0005
857 858 0.0012
859 858 0.002
989 858 0.001
76 859 0.0023
440 859 0.0007
511 859 0.0001
858 859 0.002
113 860 0.0016
851 860 0.0054
862 860 0.0022
868 860 0.0035
316 861 0.0001
860 862 0.0022
863 862 0.0154
1134 862 0.005
862 863 0.0154
864 863 0.0063
868 863 0.0026
1136 863 0.003
863 864 0.0063
865 864 0.0033
873 864 0.0006
110 865 0.0002
864 865 0.0033
866 865 0.0021
865 866 0.0021
867 866 0.001
917 866 0.0031
1139 866 0.0006
256 867 0.0004
258 867 0.0001
866 867 0.001
1139 867 0.0002
860 868 0.0035
863 868 0.0026
869 868 0.0014
1145 868 0.0004
868 869 0.0014
870 869 0.0116
872 869 0.0017
925 869 0.001
869 870 0.0116
872 870 0.0032
927 870 0.0003
930 870 0.0002
205 871 0.0004
673 871 0.0001
1286 871 0.0002
869 872 0.0017
870 872 0.0032
873 872 0.0024
864 873 0.0006
872 873 0.0024
875 873 0.0015
163 874 0.0002
897 874 0.0
1159 874 0.0001
873 875 0.0015
876 875 0.0011
923 875 0.0003
144 876 0.0005
875 876 0.0011
930 876 0.0006
349 877 0.0001
229 878 0.0003
879 878 0.0089
881 878 0.0036
1237 878 0.0016
878 879 0.0089
909 879 0.0116
1099 879 0.0002
671 880 0.0004
878 881 0.0036
882 881 0.0073
886 881 0.0115
909 881 0.0153
1196 881 0.0091
881 882 0.0073
884 882 0.0011
1102 882 0.0007
291 883 0.0001
324 883 0.0004
598 883 0.0001
317 884 0.0026
882 884 0.0011
909 884 0.0002
136 885 0.0001
141 885 0.0005
182 885 0.0
427 885 0.0004
654 886 0.0008
881 886 0.0115
887 886 0.0127
886 887 0.0127
888 887 0.0037
1237 887 0.0007
1239 887 0.0004
654 888 0.0079
887 888 0.0037
889 888 0.0103
1239 888 0.0003
888 889 0.0103
890 889 0.0166
1152 889 0.0003
889 890 0.0166
891 890 0.0147
1152 890 0.0011
890 891 0.0147
892 891 0.0127
1152 891 0.0004
891 892 0.0127
893 892 0.0083
1221 892 0.0002
1222 892 0.0007
1223 892 0.0077
892 893 0.0083
894 893 0.006
1223 893 0.0105
1240 893 0.0049
893 894 0.006
895 894 0.017
1241 894 0.0013
894 895 0.017
896 895 0.0072
904 895 0.0062
895 896 0.0072
898 896 0.0017
899 896 0.0018
874 897 0.0
656 898 0.0052
896 898 0.0017
1248 898 0.0029
896 899 0.0018
900 899 0.0062
904 899 0.0008
656 900 0.0015
826 900 0.0121
899 900 0.0062
821 901 0.0031
902 901 0.0018
1151 901 0.0042
901 902 0.0018
903 902 0.0028
1217 902 0.0049
721 903 0.0008
902 903 0.0028
904 903 0.0005
1240 903 0.0015
824 904 0.004
895 904 0.0062
899 904 0.0008
903 904 0.0005
847 905 0.0014
906 905 0.0038
1227 905 0.0001
241 906 0.0001
905 906 0.0038
908 906 0.0006
1158 906 0.0002
461 907 0.0087
601 907 0.0001
972 907 0.0041
906 908 0.0006
910 908 0.0002
1062 908 0.0003
879 909 0.0116
881 909 0.0153
884 909 0.0002
232 910 0.0002
235 910 0.0001
908 910 0.0002
677 911 0.0003
918 911 0.0002
1048 911 0.0
248 912 0.0011
850 912 0.0005
915 912 0.0002
728 913 0.0002
1162 914 0.0007
912 915 0.0002
1 916 0.0001
1142 916 0.0001
1306 916 0.0003
866 917 0.0031
919 917 0.0012
922 917 0.0012
911 918 0.0002
917 919 0.0012
920 919 0.0004
922 919 0.0009
252 920 0.0004
919 920 0.0004
921 920 0.0004
920 921 0.0004
917 922 0.0012
919 922 0.0009
929 922 0.0
378 923 0.0001
875 923 0.0003
924 923 0.0016
68 924 0.0001
144 924 0.0024
923 924 0.0016
869 925 0.001
926 925 0.001
1145 925 0.0027
73 926 0.002
925 926 0.001
927 926 0.0021
870 927 0.0003
926 927 0.0021
928 927 0.0006
931 927 0.0005
927 928 0.0006
930 928 0.0002
954 928 0.0031
922 929 0.0
870 930 0.0002
876 930 0.0006
928 930 0.0002
73 931 0.0006
290 931 0.0
927 931 0.0005
1001 931 0.0018
222 932 0.0001
106 933 0.0003
270 933 0.0004
1001 933 0.0006
1058 934 0.0004
106 935 0.0001
282 935 0.0011
440 935 0.0007
1001 935 0.0001
697 936 0.0036
937 936 0.0019
938 936 0.0002
84 937 0.0002
98 937 0.0005
936 937 0.0019
936 938 0.0002
939 938 0.0017
950 938 0.0008
938 939 0.0017
940 939 0.002
941 939 0.0031
950 939 0.0035
939 940 0.002
939 941 0.0031
942 941 0.0002
950 941 0.001
236 942 0.0005
313 942 0.0002
316 942 0.0003
941 942 0.0002
342 943 0.0003
567 943 0.0004
800 943 0.0005
697 944 0.001
946 944 0.0005
1087 944 0.0005
235 945 0.0
944 946 0.0005
947 946 0.0012
953 946 0.0004
946 947 0.0012
948 947 0.0049
951 947 0.0016
48 948 0.0006
312 948 0.0002
348 948 0.0001
540 948 0.0056
947 948 0.0049
221 949 0.0001
938 950 0.0008
939 950 0.0035
941 950 0.001
951 950 0.0107
48 951 0.0001
947 951 0.0016
950 951 0.0107
221 952 0.0001
540 953 0.0002
693 953 0.0018
946 953 0.0004
267 954 0.0004
591 954 0.0
928 954 0.0031
540 955 0.0006
693 955 0.0005
956 955 0.004
540 956 0.0013
955 956 0.004
957 956 0.0043
432 957 0.0003
956 957 0.0043
1081 957 0.0016
678 958 0.0002
960 958 0.0001
963 958 0.0001
493 959 0.0002
319 960 0.0006
958 960 0.0001
961 960 0.0007
963 960 0.0004
320 961 0.001
335 961 0.0008
389 961 0.0001
960 961 0.0007
180 962 0.0004
805 963 0.0002
958 963 0.0001
960 963 0.0004
704 964 0.0001
690 965 0.0014
691 965 0.0006
966 965 0.0001
691 966 0.0006
965 966 0.0001
967 966 0.0012
649 967 0.0002
652 967 0.0002
966 967 0.0012
969 967 0.0001
184 968 0.0001
185 968 0.0042
1165 968 0.0008
967 969 0.0001
6 970 0.0079
971 970 0.001
1281 970 0.0241
970 971 0.001
972 971 0.0004
973 971 0.0002
382 972 0.0002
907 972 0.0041
971 972 0.0004
971 973 0.0002
974 973 0.0001
1276 973 0.0031
973 974 0.0001
6 975 0.0075
746 975 0.0532
978 975 0.0006
185 976 0.0
45 977 0.0009
512 977 0.0013
552 977 0.0003
567 977 0.0002
975 978 0.0006
979 978 0.0063
995 978 0.0003
998 978 0.0001
978 979 0.0063
980 979 0.0033
1276 979 0.001
979 980 0.0033
981 980 0.0005
1276 980 0.0001
715 981 0.0003
980 981 0.0005
982 981 0.0002
981 982 0.0002
984 982 0.0
987 982 0.0
403 983 0.0002
799 983 0.0006
1004 983 0.0001
982 984 0.0
985 984 0.0001
986 984 0.0002
984 985 0.0001
984 986 0.0002
982 987 0.0
133 988 0.0001
450 988 0.0001
996 988 0.0
858 989 0.001
1018 989 0.0001
1128 989 0.0001
991 990 0.0048
994 990 0.0
1276 990 0.0072
525 991 0.0004
990 991 0.0048
992 991 0.0007
991 992 0.0007
993 992 0.0001
1225 992 0.0001
992 993 0.0001
990 994 0.0
978 995 0.0003
1000 995 0.0006
1005 995 0.0002
988 996 0.0
192 997 0.0002
978 998 0.0001
999 998 0.0
1000 998 0.0012
998 999 0.0
562 1000 0.0001
995 1000 0.0006
998 1000 0.0012
1004 1000 0.0001
931 1001 0.0018
933 1001 0.0006
935 1001 0.0001
1078 1002 0.0004
1230 1003 0.0001
403 1004 0.0004
983 1004 0.0001
1000 1004 0.0001
995 1005 0.0002
799 1006 0.0002
804 1006 0.0004
1007 1006 0.0001
1008 1006 0.0012
1011 1006 0.0002
1006 1007 0.0001
1009 1007 0.0008
1013 1007 0.003
1006 1008 0.0012
1009 1008 0.0001
1010 1008 0.0001
1007 1009 0.0008
1008 1009 0.0001
1010 1009 0.0012
799 1010 0.0002
1008 1010 0.0001
1009 1010 0.0012
788 1011 0.0001
804 1011 0.0003
1006 1011 0.0002
1012 1011 0.0003
1011 1012 0.0003
433 1013 0.0009
784 1013 0.0
1007 1013 0.003
454 1014 0.0041
456 1014 0.0015
462 1014 0.0007
433 1015 0.0016
1016 1015 0.0
1017 1015 0.0001
1015 1016 0.0
1015 1017 0.0001
327 1018 0.0001
989 1018 0.0001
1030 1018 0.0001
456 1019 0.0001
817 1019 0.0001
1020 1019 0.0002
1019 1020 0.0002
1021 1020 0.0008
1023 1020 0.0002
1020 1021 0.0008
1022 1021 0.0001
1023 1021 0.0001
1021 1022 0.0001
796 1023 0.0
1020 1023 0.0002
1021 1023 0.0001
451 1024 0.0001
797 1024 0.0
1025 1024 0.0005
452 1025 0.0008
797 1025 0.0
1024 1025 0.0005
195 1026 0.0
358 1027 0.0
444 1027 0.0003
1028 1027 0.0
1027 1028 0.0
436 1029 0.0002
438 1029 0.0002
795 1029 0.0
1018 1030 0.0001
672 1031 0.0001
422 1032 0.0001
429 1032 0.0003
795 1032 0.0013
521 1033 0.0001
1034 1033 0.0
1040 1033 0.0002
513 1034 0.0
1033 1034 0.0
1035 1034 0.0003
1034 1035 0.0003
1037 1035 0.0004
1040 1035 0.0001
461 1036 0.0011
466 1036 0.0002
1042 1036 0.0004
529 1037 0.0002
1035 1037 0.0004
1039 1037 0.0001
437 1038 0.0003
519 1038 0.0005
783 1038 0.0008
1037 1039 0.0001
523 1040 0.0002
1033 1040 0.0002
1035 1040 0.0001
476 1041 0.0002
1036 1042 0.0004
1048 1042 0.0002
1100 1042 0.0001
416 1043 0.0001
520 1043 0.0001
1044 1043 0.0003
1043 1044 0.0003
599 1045 0.0001
520 1046 0.0001
517 1047 0.0004
658 1047 0.0004
1067 1047 0.0002
205 1048 0.0
675 1048 0.0001
911 1048 0.0
1042 1048 0.0002
514 1049 0.0001
518 1049 0.0001
1052 1049 0.0
531 1050 0.0003
615 1050 0.0001
1071 1050 0.0001
532 1051 0.0003
1071 1051 0.0012
1073 1051 0.0006
641 1052 0.0003
1049 1052 0.0
1053 1052 0.0001
641 1053 0.0001
647 1053 0.0001
1052 1053 0.0001
145 1054 0.0002
202 1055 0.0008
642 1056 0.0
648 1057 0.0005
651 1058 0.0008
934 1058 0.0004
1059 1058 0.0004
1058 1059 0.0004
645 1060 0.0002
645 1061 0.0001
235 1062 0.0002
242 1062 0.0005
908 1062 0.0003
510 1063 0.0001
1065 1063 0.0001
1066 1063 0.0
437 1064 0.0005
466 1064 0.0003
632 1064 0.0006
1063 1065 0.0001
1063 1066 0.0
634 1067 0.0001
658 1067 0.0004
1047 1067 0.0002
20 1068 0.001
21 1068 0.0027
212 1068 0.0005
503 1069 0.0001
658 1069 0.0001
1070 1069 0.0001
1069 1070 0.0001
1050 1071 0.0001
1051 1071 0.0012
1072 1071 0.0001
605 1072 0.0003
610 1072 0.0004
1071 1072 0.0001
1051 1073 0.0006
620 1074 0.0001
620 1075 0.0001
192 1076 0.0001
212 1076 0.0012
217 1076 0.0006
613 1077 0.0003
633 1077 0.0004
635 1077 0.0002
131 1078 0.0004
606 1078 0.0005
1002 1078 0.0004
209 1079 0.0006
571 1079 0.0002
681 1079 0.0004
638 1080 0.0001
335 1081 0.0021
432 1081 0.0008
957 1081 0.0016
727 1082 0.0
729 1082 0.0002
1083 1082 0.0003
98 1083 0.0002
102 1083 0.0002
1082 1083 0.0003
587 1084 0.0001
686 1084 0.0001
1085 1084 0.0004
730 1085 0.0001
1084 1085 0.0004
1086 1085 0.0002
1085 1086 0.0002
1087 1086 0.0004
1090 1086 0.0007
944 1087 0.0005
1086 1087 0.0004
1088 1087 0.0003
1087 1088 0.0003
1295 1089 0.0001
688 1090 0.0
692 1090 0.0003
1086 1090 0.0007
729 1091 0.0001
579 1092 0.0004
548 1093 0.0001
1094 1093 0.0007
1253 1093 0.0006
682 1094 0.0009
1093 1094 0.0007
1095 1094 0.0007
548 1095 0.0003
1094 1095 0.0007
1096 1095 0.0003
682 1096 0.0054
1095 1096 0.0003
1097 1096 0.0009
1096 1097 0.0009
1219 1097 0.0011
1231 1097 0.0009
324 1098 0.0021
326 1098 0.0002
330 1098 0.0038
237 1099 0.0011
879 1099 0.0002
1191 1099 0.0001
480 1100 0.0002
632 1100 0.0011
1042 1100 0.0001
1296 1101 0.0
882 1102 0.0007
1103 1102 0.0009
1200 1102 0.0001
1102 1103 0.0009
1104 1103 0.0009
1106 1103 0.0001
1103 1104 0.0009
317 1105 0.0001
374 1106 0.0001
760 1106 0.0003
1103 1106 0.0001
3 1107 0.0057
774 1107 0.0961
1108 1107 0.0006
1107 1108 0.0006
1109 1108 0.0011
1112 1108 0.0002
1108 1109 0.0011
1110 1109 0.0008
1111 1109 0.0006
1109 1110 0.0008
274 1111 0.0002
1109 1111 0.0006
1112 1111 0.0004
53 1112 0.0001
57 1112 0.0001
1108 1112 0.0002
1111 1112 0.0004
830 1113 0.0051
835 1113 0.0047
1115 1113 0.0006
294 1114 0.0009
296 1114 0.0026
298 1114 0.0008
1113 1115 0.0006
1296 1116 0.0001
4 1117 0.0059
758 1117 0.0124
1119 1117 0.001
118 1118 0.0004
507 1118 0.0001
537 1118 0.0
853 1119 0.0008
854 1119 0.0033
1117 1119 0.001
4 1120 0.0068
34 1120 0.0284
1121 1120 0.0011
1120 1121 0.0011
1122 1121 0.0004
1129 1121 0.0062
1121 1122 0.0004
4 1123 0.0079
37 1123 0.016
1124 1123 0.0006
88 1124 0.0011
1123 1124 0.0006
1125 1124 0.0003
1127 1124 0.0003
1124 1125 0.0003
118 1126 0.0003
1124 1127 0.0003
1128 1127 0.0002
1130 1127 0.0011
1132 1127 0.0004
314 1128 0.0001
989 1128 0.0001
1127 1128 0.0002
1121 1129 0.0062
1130 1129 0.0011
1131 1129 0.0028
1127 1130 0.0011
1129 1130 0.0011
1131 1130 0.0009
857 1131 0.0001
1129 1131 0.0028
1130 1131 0.0009
1127 1132 0.0004
331 1133 0.0013
843 1133 0.0031
1134 1133 0.0011
331 1134 0.0004
862 1134 0.005
1133 1134 0.0011
844 1135 0.0039
1136 1135 0.0045
1138 1135 0.0002
110 1136 0.0008
863 1136 0.003
1135 1136 0.0045
576 1137 0.0002
110 1138 0.001
1135 1138 0.0002
1139 1138 0.0004
866 1139 0.0006
867 1139 0.0002
1138 1139 0.0004
488 1140 0.0007
856 1140 0.0014
1141 1140 0.0018
73 1141 0.0027
1140 1141 0.0018
1144 1141 0.0008
916 1142 0.0001
576 1143 0.0002
853 1144 0.0001
1141 1144 0.0008
1145 1144 0.0002
868 1145 0.0004
925 1145 0.0027
1144 1145 0.0002
4 1146 0.0072
762 1146 0.0364
837 1146 0.0
144 1147 0.0001
267 1147 0.0017
269 1147 0.0017
836 1148 0.0001
1149 1148 0.0001
1150 1148 0.0002
4 1149 0.0075
765 1149 0.0093
1148 1149 0.0001
4 1150 0.0078
1148 1150 0.0002
1285 1150 0.0796
901 1151 0.0042
1152 1151 0.0003
1217 1151 0.0011
889 1152 0.0003
890 1152 0.0011
891 1152 0.0004
1151 1152 0.0003
1218 1152 0.0012
1239 1152 0.001
183 1153 0.0002
181 1154 0.0001
174 1155 0.0002
175 1155 0.0001
187 1155 0.0022
111 1156 0.0001
1164 1156 0.0
1166 1156 0.0
111 1157 0.0004
1159 1157 0.0002
1161 1157 0.0001
906 1158 0.0002
874 1159 0.0001
1157 1159 0.0002
1160 1159 0.0001
1159 1160 0.0001
1157 1161 0.0001
146 1162 0.0009
149 1162 0.0002
166 1162 0.0007
914 1162 0.0007
140 1163 0.0001
1156 1164 0.0
180 1165 0.0006
968 1165 0.0008
1280 1165 0.0007
1290 1165 0.0001
1156 1166 0.0
196 1167 0.0001
89 1168 0.0001
1169 1168 0.0
1170 1168 0.0001
1168 1169 0.0
1168 1170 0.0001
59 1171 0.0001
226 1172 0.0001
220 1173 0.0002
226 1173 0.0004
1174 1173 0.0001
1173 1174 0.0001
550 1175 0.0017
553 1175 0.0018
555 1175 0.0005
123 1176 0.0001
218 1176 0.0
1177 1176 0.0001
1176 1177 0.0001
169 1178 0.0014
169 1179 0.0047
828 1179 0.0037
1180 1179 0.0013
1179 1180 0.0013
253 1181 0.0
1182 1181 0.0001
1183 1181 0.0001
1181 1182 0.0001
1181 1183 0.0001
299 1184 0.0006
593 1184 0.0001
1274 1184 0.0016
253 1185 0.0
244 1186 0.0002
1187 1186 0.0003
1189 1186 0.0001
1186 1187 0.0003
243 1188 0.0
1186 1189 0.0001
231 1190 0.0026
240 1190 0.0022
247 1190 0.0038
1099 1191 0.0001
489 1192 0.0001
233 1193 0.0001
1293 1194 0.0001
321 1195 0.0
881 1196 0.0091
1197 1196 0.0058
1207 1196 0.0025
1196 1197 0.0058
1198 1197 0.0013
1199 1197 0.0004
1197 1198 0.0013
1197 1199 0.0004
1200 1199 0.0001
1202 1199 0.0007
1102 1200 0.0001
1199 1200 0.0001
1201 1200 0.0002
1200 1201 0.0002
1199 1202 0.0007
1203 1202 0.0
1205 1202 0.0001
1215 1202 0.0002
1202 1203 0.0
1204 1203 0.0001
1205 1203 0.0002
1203 1204 0.0001
1202 1205 0.0001
1203 1205 0.0002
1206 1205 0.0002
1205 1206 0.0002
654 1207 0.0269
1196 1207 0.0025
1208 1207 0.0001
1209 1207 0.0001
1207 1208 0.0001
1207 1209 0.0001
1210 1209 0.0001
1211 1209 0.0007
1209 1210 0.0001
683 1211 0.0001
684 1211 0.0001
1209 1211 0.0007
683 1212 0.0003
684 1212 0.0002
1213 1212 0.0005
1233 1212 0.0013
1212 1213 0.0005
1214 1213 0.0004
1215 1213 0.0001
1213 1214 0.0004
684 1215 0.0003
1202 1215 0.0002
1213 1215 0.0001
99 1216 0.0347
902 1217 0.0049
1151 1217 0.0011
1218 1217 0.0016
1152 1218 0.0012
1217 1218 0.0016
1240 1218 0.0066
1097 1219 0.0011
1220 1219 0.0027
1224 1219 0.0006
1219 1220 0.0027
1221 1220 0.0033
1233 1220 0.0009
1255 1220 0.0001
892 1221 0.0002
1220 1221 0.0033
1222 1221 0.0027
892 1222 0.0007
1221 1222 0.0027
1223 1222 0.0011
1224 1222 0.0003
892 1223 0.0077
893 1223 0.0105
1222 1223 0.0011
1241 1223 0.0027
717 1224 0.0013
1219 1224 0.0006
1222 1224 0.0003
1229 1224 0.0025
1249 1224 0.0085
522 1225 0.0001
778 1225 0.0002
781 1225 0.0001
992 1225 0.0001
716 1226 0.0005
717 1226 0.0004
722 1226 0.001
905 1227 0.0001
711 1228 0.002
722 1228 0.0018
1229 1228 0.0006
1250 1228 0.0016
717 1229 0.0042
1224 1229 0.0025
1228 1229 0.0006
1249 1229 0.0103
646 1230 0.0001
1003 1230 0.0001
1252 1230 0.0001
1097 1231 0.0009
1232 1231 0.0008
1254 1231 0.0039
1263 1231 0.0003
1231 1232 0.0008
1259 1232 0.0007
1260 1232 0.0003
1261 1232 0.0003
683 1233 0.0015
1212 1233 0.0013
1220 1233 0.0009
238 1234 0.0002
266 1234 0.0032
268 1234 0.0003
248 1235 0.001
250 1235 0.0002
254 1235 0.0
238 1236 0.0001
878 1237 0.0016
887 1237 0.0007
1238 1237 0.0002
1237 1238 0.0002
887 1239 0.0004
888 1239 0.0003
1152 1239 0.001
893 1240 0.0049
903 1240 0.0015
1218 1240 0.0066
894 1241 0.0013
1223 1241 0.0027
1242 1241 0.0019
1241 1242 0.0019
1243 1242 0.0008
1247 1242 0.0017
1242 1243 0.0008
1247 1243 0.0046
1248 1243 0.0007
711 1244 0.003
1245 1244 0.0004
1248 1244 0.0012
4 1245 0.0063
768 1245 0.0037
1244 1245 0.0004
4 1246 0.0059
495 1246 0.085
710 1246 0.0014
1242 1247 0.0017
1243 1247 0.0046
1248 1247 0.0012
898 1248 0.0029
1243 1248 0.0007
1244 1248 0.0012
1247 1248 0.0012
1249 1248 0.0034
1250 1248 0.0051
1224 1249 0.0085
1229 1249 0.0103
1248 1249 0.0034
1250 1249 0.0098
1228 1250 0.0016
1248 1250 0.0051
1249 1250 0.0098
72 1251 0.0001
1230 1252 0.0001
1093 1253 0.0006
1254 1253 0.0042
1261 1253 0.0002
682 1254 0.0017
1231 1254 0.0039
1253 1254 0.0042
1220 1255 0.0001
5 1256 0.008
754 1256 0.008
1258 1256 0.0001
646 1257 0.0001
544 1258 0.0001
1256 1258 0.0001
1259 1258 0.0001
1260 1258 0.0001
328 1259 0.0005
1232 1259 0.0007
1258 1259 0.0001
1263 1259 0.0006
1232 1260 0.0003
1258 1260 0.0001
1261 1260 0.0007
1232 1261 0.0003
1253 1261 0.0002
1260 1261 0.0007
328 1262 0.0024
1263 1262 0.0022
1271 1262 0.0002
328 1263 0.0033
1231 1263 0.0003
1259 1263 0.0006
1262 1263 0.0022
1265 1263 0.0001
515 1264 0.0002
1267 1264 0.0
1272 1264 0.0001
1263 1265 0.0001
738 1266 0.0
1268 1266 0.0001
1269 1266 0.0001
1264 1267 0.0
1266 1268 0.0001
1269 1268 0.0
1284 1268 0.0002
740 1269 0.0002
1266 1269 0.0001
1268 1269 0.0
381 1270 0.0003
122 1271 0.0001
740 1271 0.0001
747 1271 0.0003
1262 1271 0.0002
1300 1271 0.0003
1264 1272 0.0001
370 1273 0.0002
385 1273 0.0036
386 1273 0.0037
299 1274 0.0006
447 1274 0.0005
571 1274 0.0002
1184 1274 0.0016
2 1275 0.008
183 1275 0.0001
742 1275 0.0307
973 1276 0.0031
979 1276 0.001
980 1276 0.0001
990 1276 0.0072
117 1277 0.0001
172 1278 0.0004
172 1279 0.0003
59 1280 0.0004
595 1280 0.0002
1165 1280 0.0007
970 1281 0.0241
63 1282 0.0009
282 1282 0.0004
292 1282 0.0006
494 1282 0.0011
56 1283 0.0001
747 1284 0.0009
749 1284 0.0018
1268 1284 0.0002
1150 1285 0.0796
453 1286 0.0004
670 1286 0.0001
673 1286 0.0002
871 1286 0.0002
54 1287 0.0001
336 1288 0.0386
212 1289 0.0001
65 1290 0.0
66 1290 0.0001
1165 1290 0.0001
62 1291 0.0001
21 1292 0.0016
202 1292 0.0001
1293 1292 0.0011
78 1293 0.0003
210 1293 0.0003
1194 1293 0.0001
1292 1293 0.0011
75 1294 0.0016
214 1294 0.0003
1295 1294 0.0007
1089 1295 0.0001
1294 1295 0.0007
1297 1295 0.0008
30 1296 0.0014
1101 1296 0.0
1116 1296 0.0001
1297 1296 0.0008
215 1297 0.0008
1295 1297 0.0008
1296 1297 0.0008
3 1298 0.0079
92 1298 0.1694
1299 1298 0.0002
1 1299 0.0
1298 1299 0.0002
1301 1299 0.0001
328 1300 0.0003
739 1300 0.0019
1271 1300 0.0003
16 1301 0.0
1299 1301 0.0001
1302 1301 0.0004
18 1302 0.0
1301 1302 0.0004
1303 1302 0.0005
40 1303 0.0001
223 1303 0.0001
1302 1303 0.0005
153 1304 0.0002
1 1305 0.0006
11 1305 0.0013
1306 1305 0.0003
916 1306 0.0003
1305 1306 0.0003
1307 1306 0.0003
36 1307 0.0002
1306 1307 0.0003
1308 1307 0.0001
1307 1308 0.0001
