2 1 0.0147
44 1 0.0026
45 1 0.0013
54 1 0.0121
62 1 0.0095
78 1 0.0008
79 1 0.0031
143 1 0.0035
144 1 0.0018
153 1 0.0157
154 1 0.0002
177 1 0.0138
218 1 0.0134
315 1 0.0008
316 1 0.0121
319 1 0.0026
322 1 0.0065
346 1 0.0098
348 1 0.0151
352 1 0.0049
370 1 0.0051
374 1 0.0033
404 1 0.0057
486 1 0.0132
501 1 0.0124
502 1 0.0131
505 1 0.0007
507 1 0.0121
553 1 0.0115
559 1 0.0044
566 1 0.0045
569 1 0.0045
575 1 0.0068
576 1 0.0145
605 1 0.014
635 1 0.0022
636 1 0.0125
637 1 0.0123
1064 1 0.0122
1065 1 0.0054
1067 1 0.0107
1 2 0.0147
3 2 0.0071
364 2 0.0265
2 3 0.0071
4 3 0.0363
352 3 0.0081
3 4 0.0363
5 4 0.0114
28 4 0.0186
4 5 0.0114
6 5 0.0301
16 5 0.0352
467 5 0.0052
5 6 0.0301
7 6 0.0019
369 6 0.0112
475 6 0.0141
6 7 0.0019
8 7 0.0053
126 7 0.0021
135 7 0.0039
7 8 0.0053
9 8 0.0037
10 8 0.0058
8 9 0.0037
8 10 0.0058
136 11 0.0018
467 11 0.0796
469 11 0.1293
473 12 0.0919
619 12 0.0015
620 12 0.0317
670 12 0.0043
128 13 0.015
620 13 0.0539
621 13 0.0074
1112 13 0.0336
15 14 0.0323
695 14 0.002
1112 14 0.049
14 15 0.0323
681 15 0.0049
689 15 0.008
5 16 0.0352
17 16 0.0043
363 16 0.0092
16 17 0.0043
18 17 0.0009
21 17 0.0031
17 18 0.0009
19 18 0.0028
20 18 0.0045
18 19 0.0028
18 20 0.0045
17 21 0.0031
22 21 0.0023
25 21 0.0016
21 22 0.0023
23 22 0.0045
25 22 0.0022
22 23 0.0045
24 23 0.0037
27 23 0.0025
23 24 0.0037
21 25 0.0016
22 25 0.0022
26 25 0.0139
25 26 0.0139
27 26 0.0134
709 26 0.0016
23 27 0.0025
26 27 0.0134
711 27 0.003
4 28 0.0186
29 28 0.0023
354 28 0.004
28 29 0.0023
30 29 0.0087
643 29 0.0039
29 30 0.0087
31 30 0.0184
103 30 0.0054
360 30 0.0529
30 31 0.0184
37 31 0.0065
669 31 0.0009
33 32 0.0055
37 32 0.0882
41 32 0.0029
32 33 0.0055
34 33 0.0208
101 33 0.0047
33 34 0.0208
35 34 0.0331
41 34 0.0033
34 35 0.0331
36 35 0.0177
751 35 0.0022
35 36 0.0177
757 36 0.0014
762 36 0.0013
31 37 0.0065
32 37 0.0882
38 37 0.0031
100 37 0.0034
37 38 0.0031
39 38 0.0027
667 38 0.0076
38 39 0.0027
40 39 0.004
41 39 0.0082
39 40 0.004
746 40 0.0007
748 40 0.0011
32 41 0.0029
34 41 0.0033
39 41 0.0082
42 41 0.0305
41 42 0.0305
716 42 0.0082
752 42 0.0214
751 43 0.005
752 43 0.0054
753 43 0.008
1 44 0.0026
45 44 0.0154
97 44 0.0008
1 45 0.0013
44 45 0.0154
46 45 0.009
45 46 0.009
47 46 0.0013
481 46 0.0037
46 47 0.0013
48 47 0.0197
396 47 0.0009
47 48 0.0197
49 48 0.0151
393 48 0.0271
48 49 0.0151
50 49 0.0166
392 49 0.0029
49 50 0.0166
51 50 0.0213
391 50 0.0049
50 51 0.0213
52 51 0.0032
391 51 0.0111
51 52 0.0032
53 52 0.0176
799 52 0.001
52 53 0.0176
784 53 0.0069
788 53 0.0134
799 53 0.0046
1 54 0.0121
56 55 0.0224
78 55 0.002
612 55 0.015
55 56 0.0224
57 56 0.0272
91 56 0.0037
56 57 0.0272
88 57 0.0035
377 57 0.0277
59 58 0.0012
60 58 0.0006
377 58 0.0741
58 59 0.0012
58 60 0.0006
61 60 0.0002
801 60 0.0016
60 61 0.0002
1 62 0.0095
63 62 0.015
1059 62 0.0152
62 63 0.015
343 63 0.084
344 63 0.0522
346 63 0.0078
65 64 0.0049
314 64 0.0073
342 64 0.0344
343 64 0.1179
64 65 0.0049
66 65 0.0143
483 65 0.0021
65 66 0.0143
67 66 0.0256
75 66 0.0035
665 66 0.0024
66 67 0.0256
68 67 0.0022
666 67 0.0018
67 68 0.0022
69 68 0.0121
96 68 0.0082
68 69 0.0121
332 69 0.0391
640 69 0.0023
74 70 0.0004
332 70 0.0111
386 70 0.0039
386 71 0.002
388 71 0.0036
389 71 0.0079
73 72 0.005
389 72 0.004
802 72 0.0006
72 73 0.005
70 74 0.0004
66 75 0.0035
328 75 0.0083
483 75 0.0022
77 76 0.0006
86 76 0.0096
328 76 0.0068
76 77 0.0006
1 78 0.0008
55 78 0.002
613 78 0.0444
1 79 0.0031
80 79 0.0627
345 79 0.0244
79 80 0.0627
81 80 0.1212
482 80 0.0052
80 81 0.1212
82 81 0.0009
342 81 0.0389
81 82 0.0009
83 82 0.0035
611 82 0.0009
82 83 0.0035
84 83 0.0079
336 83 0.0013
340 83 0.0041
83 84 0.0079
85 84 0.0022
339 84 0.0043
84 85 0.0022
86 85 0.0027
330 85 0.0032
336 85 0.0017
76 86 0.0096
85 86 0.0027
87 86 0.0004
334 86 0.0031
86 87 0.0004
57 88 0.0035
89 88 0.0007
91 88 0.0032
88 89 0.0007
837 89 0.0037
838 89 0.0036
91 90 0.0172
92 90 0.0005
611 90 0.0193
612 90 0.0014
56 91 0.0037
88 91 0.0032
90 91 0.0172
90 92 0.0005
94 93 0.0353
314 93 0.0182
323 93 0.0007
1062 93 0.0221
93 94 0.0353
95 94 0.0122
107 94 0.0089
314 94 0.0055
664 94 0.008
94 95 0.0122
96 95 0.03
117 95 0.001
68 96 0.0082
95 96 0.03
661 96 0.0307
44 97 0.0008
98 97 0.0022
99 97 0.0028
642 97 0.0058
97 98 0.0022
97 99 0.0028
37 100 0.0034
101 100 0.0028
481 100 0.0013
33 101 0.0047
100 101 0.0028
102 101 0.0015
101 102 0.0015
30 103 0.0054
104 103 0.0008
105 103 0.0035
103 104 0.0008
103 105 0.0035
106 105 0.0029
668 105 0.0066
105 106 0.0029
94 107 0.0089
113 107 0.0077
1420 107 0.0014
109 108 0.0038
325 108 0.0169
608 108 0.0016
1420 108 0.0129
108 109 0.0038
110 109 0.001
112 109 0.0033
109 110 0.001
111 110 0.0079
811 110 0.0036
110 111 0.0079
812 111 0.0017
816 111 0.0004
109 112 0.0033
831 112 0.0071
834 112 0.0105
107 113 0.0077
114 113 0.0015
326 113 0.0035
113 114 0.0015
382 114 0.0016
660 114 0.0043
116 115 0.0015
660 115 0.0026
829 115 0.0003
115 116 0.0015
806 116 0.0147
818 116 0.0006
95 117 0.001
118 117 0.0082
326 117 0.0028
117 118 0.0082
640 119 0.0024
121 120 0.0719
133 120 0.0055
137 120 0.0024
558 120 0.0872
120 121 0.0719
556 121 0.029
578 121 0.0347
123 122 0.0641
134 122 0.0121
579 122 0.0118
122 123 0.0641
124 123 0.0125
139 123 0.0324
280 123 0.0033
123 124 0.0125
125 124 0.0081
129 124 0.0017
626 124 0.0195
124 125 0.0081
126 125 0.0094
129 125 0.0067
7 126 0.0021
125 126 0.0094
1113 126 0.0539
136 127 0.008
670 127 0.0113
1019 127 0.105
1113 127 0.0113
13 128 0.015
1019 128 0.0327
1020 128 0.0769
1022 128 0.0039
124 129 0.0017
125 129 0.0067
130 129 0.0035
282 129 0.0059
129 130 0.0035
131 130 0.0044
1113 130 0.012
130 131 0.0044
132 131 0.0155
1021 131 0.0031
131 132 0.0155
1015 132 0.1299
1058 132 0.0996
120 133 0.0055
134 133 0.0022
624 133 0.001
122 134 0.0121
133 134 0.0022
135 134 0.0011
7 135 0.0039
134 135 0.0011
478 135 0.003
11 136 0.0018
127 136 0.008
670 136 0.0135
120 137 0.0024
139 138 0.0136
279 138 0.0057
581 138 0.0864
123 139 0.0324
138 139 0.0136
453 139 0.0071
453 140 0.0978
457 140 0.0191
1008 140 0.0007
142 141 0.0226
276 141 0.1626
460 141 0.1145
461 141 0.0176
141 142 0.0226
461 142 0.0201
1325 142 0.0216
1328 142 0.0048
1 143 0.0035
144 143 0.0009
145 143 0.0024
1 144 0.0018
143 144 0.0009
145 144 0.0101
143 145 0.0024
144 145 0.0101
436 145 0.0029
1419 145 0.0031
147 146 0.0012
435 146 0.0009
437 146 0.0026
146 147 0.0012
148 147 0.0006
318 147 0.0015
147 148 0.0006
427 149 0.0074
436 149 0.0006
843 149 0.0006
151 150 0.0025
430 150 0.0009
847 150 0.0019
150 151 0.0025
152 151 0.0006
433 151 0.0014
151 152 0.0006
1 153 0.0157
154 153 0.0026
162 153 0.0008
1 154 0.0002
153 154 0.0026
162 154 0.0024
484 154 0.0387
156 155 0.002
159 155 0.0004
485 155 0.0016
155 156 0.002
157 156 0.0016
422 156 0.0023
156 157 0.0016
158 157 0.004
423 157 0.003
849 157 0.0005
851 157 0.0002
157 158 0.004
845 158 0.0009
846 158 0.001
155 159 0.0004
160 159 0.0005
419 159 0.0049
159 160 0.0005
161 160 0.0007
659 160 0.0022
160 161 0.0007
164 161 0.0016
165 161 0.0069
850 161 0.004
153 162 0.0008
154 162 0.0024
168 162 0.0003
172 162 0.0213
415 162 0.0022
164 163 0.0002
172 163 0.0031
484 163 0.0013
161 164 0.0016
163 164 0.0002
165 164 0.0012
166 164 0.0007
161 165 0.0069
164 165 0.0012
852 165 0.0003
164 166 0.0007
167 166 0.0016
598 166 0.0011
166 167 0.0016
598 167 0.0011
855 167 0.0022
162 168 0.0003
244 168 0.0029
656 168 0.0053
657 168 0.0046
176 169 0.0015
240 169 0.004
244 169 0.0158
656 169 0.0111
171 170 0.0011
601 170 0.0012
1168 170 0.0135
170 171 0.0011
600 171 0.0019
601 171 0.0152
860 171 0.0149
1169 171 0.0014
162 172 0.0213
163 172 0.0031
173 172 0.0011
172 173 0.0011
175 174 0.0005
174 175 0.0005
176 175 0.0007
655 175 0.0011
169 176 0.0015
175 176 0.0007
598 176 0.0049
1 177 0.0138
219 177 0.0321
1067 177 0.047
179 178 0.0324
221 178 0.0399
586 178 0.0075
1067 178 0.0226
178 179 0.0324
494 179 0.1102
584 179 0.0307
1067 179 0.0214
181 180 0.001
206 180 0.0026
489 180 0.023
495 180 0.0099
180 181 0.001
182 181 0.0029
198 181 0.0003
591 181 0.0007
671 181 0.0039
181 182 0.0029
183 182 0.0007
591 182 0.0087
182 183 0.0007
184 183 0.0009
593 183 0.0017
183 184 0.0009
199 184 0.0005
204 184 0.0003
186 185 0.04
490 185 0.0676
503 185 0.0645
185 186 0.04
187 186 0.0048
191 186 0.0201
491 186 0.0687
186 187 0.0048
245 187 0.001
632 187 0.0096
189 188 0.0134
242 188 0.0873
632 188 0.015
188 189 0.0134
190 189 0.0081
235 189 0.0047
189 190 0.0081
231 190 0.002
602 190 0.0596
186 191 0.0201
492 191 0.0189
493 191 0.009
193 192 0.0031
591 192 0.0004
671 192 0.0035
192 193 0.0031
194 193 0.0057
246 193 0.0019
193 194 0.0057
195 194 0.019
197 194 0.0508
194 195 0.019
196 195 0.0032
594 195 0.0016
195 196 0.0032
866 196 0.0161
885 196 0.002
888 196 0.0007
194 197 0.0508
181 198 0.0003
184 199 0.0005
200 199 0.0006
202 199 0.0019
204 199 0.0016
199 200 0.0006
201 200 0.0077
920 200 0.0103
200 201 0.0077
924 201 0.0791
1471 201 0.0181
199 202 0.0019
203 202 0.0011
883 202 0.0016
202 203 0.0011
884 203 0.0094
892 203 0.017
184 204 0.0003
199 204 0.0016
205 204 0.0004
204 205 0.0004
957 205 0.0102
1473 205 0.0031
180 206 0.0026
207 206 0.0009
287 206 0.0026
206 207 0.0009
211 207 0.0005
960 207 0.0002
209 208 0.0055
960 208 0.0054
961 208 0.0054
208 209 0.0055
210 209 0.0066
214 209 0.001
209 210 0.0066
215 210 0.0024
959 210 0.0011
965 210 0.0038
1235 210 0.0009
207 211 0.0005
588 211 0.004
650 211 0.0071
651 211 0.0068
213 212 0.0011
297 212 0.001
653 212 0.0015
212 213 0.0011
214 213 0.0023
649 213 0.0069
209 214 0.001
213 214 0.0023
215 214 0.0025
645 214 0.0085
210 215 0.0024
214 215 0.0025
216 215 0.0071
215 216 0.0071
217 216 0.0055
302 216 0.0056
647 216 0.0123
216 217 0.0055
302 217 0.0031
646 217 0.0039
1 218 0.0134
219 218 0.0495
225 218 0.0364
177 219 0.0321
218 219 0.0495
1069 219 0.0277
221 220 0.0836
497 220 0.0153
1068 220 0.0151
178 221 0.0399
220 221 0.0836
222 221 0.0092
586 221 0.0357
221 222 0.0092
223 222 0.0052
500 222 0.0003
587 222 0.158
222 223 0.0052
224 223 0.0046
1063 223 0.0016
223 224 0.0046
247 224 0.0011
533 224 0.0114
535 224 0.0018
218 225 0.0364
226 225 0.0075
548 225 0.0032
225 226 0.0075
227 226 0.0018
548 226 0.0221
226 227 0.0018
411 227 0.0023
547 227 0.0019
1063 227 0.0045
229 228 0.0034
228 229 0.0034
230 229 0.0088
520 229 0.0015
229 230 0.0088
520 230 0.0023
532 230 0.0027
190 231 0.002
232 231 0.003
862 231 0.0011
231 232 0.003
233 232 0.0009
234 232 0.0004
861 232 0.0006
232 233 0.0009
864 233 0.0197
867 233 0.0045
232 234 0.0004
866 234 0.0001
875 234 0.0004
189 235 0.0047
236 235 0.0044
595 235 0.0009
235 236 0.0044
237 236 0.0013
239 236 0.0017
236 237 0.0013
238 237 0.0074
240 237 0.0009
596 237 0.0012
237 238 0.0074
236 239 0.0017
169 240 0.004
237 240 0.0009
241 240 0.0031
240 241 0.0031
597 241 0.0043
1168 241 0.0004
188 242 0.0873
243 242 0.0132
417 242 0.0007
242 243 0.0132
244 243 0.0016
654 243 0.0037
168 244 0.0029
169 244 0.0158
243 244 0.0016
656 244 0.0091
187 245 0.001
246 245 0.0005
634 245 0.0031
193 246 0.0019
245 246 0.0005
963 246 0.0061
224 247 0.0011
248 247 0.0051
677 247 0.0008
247 248 0.0051
249 248 0.0155
300 248 0.0582
248 249 0.0155
250 249 0.031
302 249 0.0054
249 250 0.031
303 250 0.0623
305 250 0.0085
252 251 0.0439
305 251 0.0013
648 251 0.0127
251 252 0.0439
253 252 0.0523
979 252 0.1129
252 253 0.0523
976 253 0.011
989 253 0.0124
255 254 0.0481
539 254 0.038
672 254 0.0017
678 254 0.0058
254 255 0.0481
673 255 0.0021
1271 255 0.1075
257 256 0.0222
259 256 0.0095
261 256 0.0466
1271 256 0.0847
256 257 0.0222
258 257 0.0068
679 257 0.0069
257 258 0.0068
256 259 0.0095
260 259 0.0064
1479 259 0.0072
259 260 0.0064
1267 260 0.0137
1479 260 0.0236
256 261 0.0466
262 261 0.015
264 261 0.0031
261 262 0.015
263 262 0.0487
1272 262 0.0168
1541 262 0.0234
262 263 0.0487
1280 263 0.0043
1423 263 0.0115
261 264 0.0031
1263 264 0.0552
1422 264 0.0028
266 265 0.0517
398 265 0.0008
399 265 0.0334
568 265 0.0527
265 266 0.0517
267 266 0.0146
1070 266 0.085
266 267 0.0146
268 267 0.016
451 267 0.0035
1070 267 0.0151
267 268 0.016
270 269 0.0326
452 269 0.0012
511 269 0.1163
269 270 0.0326
271 270 0.0393
273 270 0.0113
270 271 0.0393
313 271 0.0057
513 271 0.0667
464 272 0.0018
465 272 0.029
513 272 0.0346
270 273 0.0113
274 273 0.009
277 273 0.0457
313 273 0.0029
273 274 0.009
275 274 0.0073
313 274 0.0016
1000 274 0.0055
274 275 0.0073
276 275 0.0071
1002 275 0.0097
141 276 0.1626
275 276 0.0071
278 276 0.0932
273 277 0.0457
278 277 0.0108
279 277 0.0022
276 278 0.0932
277 278 0.0108
457 278 0.0059
138 279 0.0057
277 279 0.0022
582 279 0.0541
123 280 0.0033
281 280 0.0015
282 280 0.0011
280 281 0.0015
129 282 0.0059
280 282 0.0011
454 282 0.0031
284 283 0.0583
285 283 0.0101
286 283 0.018
465 283 0.0148
283 284 0.0583
993 284 0.0511
1001 284 0.0241
283 285 0.0101
283 286 0.018
996 286 0.0067
997 286 0.0169
206 287 0.0026
289 288 0.0004
288 289 0.0004
290 289 0.0021
551 289 0.002
590 289 0.0016
289 290 0.0021
291 290 0.0037
293 290 0.0063
290 291 0.0037
292 291 0.0094
964 291 0.0216
291 292 0.0094
290 293 0.0063
294 293 0.0009
551 293 0.003
293 294 0.0009
295 294 0.0023
297 294 0.0026
298 294 0.0038
294 295 0.0023
296 295 0.0014
297 295 0.0027
299 295 0.0037
295 296 0.0014
212 297 0.001
294 297 0.0026
295 297 0.0027
294 298 0.0038
295 299 0.0037
248 300 0.0582
301 300 0.0012
676 300 0.0008
300 301 0.0012
216 302 0.0056
217 302 0.0031
249 302 0.0054
250 303 0.0623
304 303 0.0014
307 303 0.0209
303 304 0.0014
250 305 0.0085
251 305 0.0013
306 305 0.0042
305 306 0.0042
307 306 0.0381
309 306 0.037
303 307 0.0209
306 307 0.0381
308 307 0.005
307 308 0.005
965 308 0.001
975 308 0.0014
306 309 0.037
310 309 0.0042
312 309 0.0117
309 310 0.0042
311 310 0.0503
648 310 0.0083
310 311 0.0503
312 311 0.0341
968 311 0.0156
309 312 0.0117
311 312 0.0341
974 312 0.0021
271 313 0.0057
273 313 0.0029
274 313 0.0016
64 314 0.0073
93 314 0.0182
94 314 0.0055
1 315 0.0008
1 316 0.0121
317 316 0.004
320 316 0.002
316 317 0.004
318 317 0.0037
347 317 0.0053
147 318 0.0015
317 318 0.0037
608 318 0.03
1 319 0.0026
316 320 0.002
321 320 0.0198
322 320 0.0009
320 321 0.0198
1 322 0.0065
320 322 0.0009
350 322 0.0076
93 323 0.0007
324 323 0.0261
349 323 0.0006
323 324 0.0261
108 325 0.0169
113 326 0.0035
117 326 0.0028
327 326 0.0042
326 327 0.0042
75 328 0.0083
76 328 0.0068
329 328 0.0298
330 328 0.011
328 329 0.0298
85 330 0.0032
328 330 0.011
339 330 0.0027
332 331 0.0097
333 331 0.0008
639 331 0.0013
69 332 0.0391
70 332 0.0111
331 332 0.0097
331 333 0.0008
86 334 0.0031
335 334 0.0014
610 334 0.0013
334 335 0.0014
83 336 0.0013
85 336 0.0017
337 336 0.0015
336 337 0.0015
338 337 0.0014
614 337 0.0015
337 338 0.0014
84 339 0.0043
330 339 0.0027
340 339 0.0123
83 340 0.0041
339 340 0.0123
341 340 0.0092
340 341 0.0092
342 341 0.0024
483 341 0.002
64 342 0.0344
81 342 0.0389
341 342 0.0024
344 342 0.0083
345 342 0.0095
63 343 0.084
64 343 0.1179
344 343 0.1197
63 344 0.0522
342 344 0.0083
343 344 0.1197
345 344 0.0191
79 345 0.0244
342 345 0.0095
344 345 0.0191
346 345 0.0255
1 346 0.0098
63 346 0.0078
345 346 0.0255
317 347 0.0053
1 348 0.0151
1061 348 0.0157
1064 348 0.0578
323 349 0.0006
350 349 0.0042
1064 349 0.0558
322 350 0.0076
349 350 0.0042
351 350 0.0035
350 351 0.0035
1 352 0.0049
3 352 0.0081
353 352 0.0046
355 352 0.0077
1065 352 0.002
352 353 0.0046
354 353 0.0172
617 353 0.0016
28 354 0.004
353 354 0.0172
356 354 0.0627
643 354 0.0132
352 355 0.0077
354 356 0.0627
357 356 0.0213
618 356 0.0062
356 357 0.0213
358 357 0.0032
360 357 0.013
357 358 0.0032
359 358 0.0041
362 358 0.0012
358 359 0.0041
30 360 0.0529
357 360 0.013
361 360 0.0022
360 361 0.0022
358 362 0.0012
16 363 0.0092
2 364 0.0265
365 364 0.0327
576 364 0.0443
364 365 0.0327
366 365 0.0106
576 365 0.0138
365 366 0.0106
367 366 0.0067
577 366 0.0075
366 367 0.0067
368 367 0.0175
373 367 0.0055
367 368 0.0175
369 368 0.0648
479 368 0.0069
6 369 0.0112
368 369 0.0648
624 369 0.005
1 370 0.0051
372 371 0.003
371 372 0.003
373 372 0.0032
561 372 0.0049
367 373 0.0055
372 373 0.0032
375 373 0.1059
1 374 0.0033
375 374 0.0326
577 374 0.0165
373 375 0.1059
374 375 0.0326
376 375 0.0098
375 376 0.0098
57 377 0.0277
58 377 0.0741
378 377 0.0046
377 378 0.0046
379 378 0.0264
793 378 0.0006
378 379 0.0264
380 379 0.0042
799 379 0.0008
379 380 0.0042
381 380 0.0029
790 380 0.0002
380 381 0.0029
792 381 0.0028
798 381 0.0006
114 382 0.0016
383 382 0.0009
660 382 0.0025
382 383 0.0009
384 383 0.0064
385 383 0.0029
383 384 0.0064
803 384 0.0003
804 384 0.0004
805 384 0.0003
383 385 0.0029
70 386 0.0039
71 386 0.002
387 386 0.0439
386 387 0.0439
71 388 0.0036
71 389 0.0079
72 389 0.004
390 389 0.001
389 390 0.001
50 391 0.0049
51 391 0.0111
392 391 0.005
49 392 0.0029
391 392 0.005
767 392 0.0043
48 393 0.0271
394 393 0.0016
764 393 0.0006
393 394 0.0016
395 394 0.0015
778 394 0.0005
394 395 0.0015
47 396 0.0009
397 396 0.0027
764 396 0.0025
396 397 0.0027
265 398 0.0008
265 399 0.0334
400 399 0.0021
1070 399 0.009
399 400 0.0021
517 400 0.0008
518 400 0.0184
402 401 0.0037
403 401 0.0018
518 401 0.002
527 401 0.0019
401 402 0.0037
401 403 0.0018
1 404 0.0057
405 404 0.0007
409 404 0.0068
404 405 0.0007
406 405 0.0017
412 405 0.0019
405 406 0.0017
407 406 0.0066
408 406 0.017
406 407 0.0066
406 408 0.017
404 409 0.0068
410 409 0.0033
548 409 0.0048
409 410 0.0033
411 410 0.0032
548 410 0.016
227 411 0.0023
410 411 0.0032
412 411 0.0093
405 412 0.0019
411 412 0.0093
413 412 0.0016
412 413 0.0016
628 414 0.0224
629 414 0.0072
630 414 0.0041
162 415 0.0022
416 415 0.0005
635 415 0.0015
415 416 0.0005
417 416 0.0014
418 416 0.0127
242 417 0.0007
416 417 0.0014
418 417 0.002
416 418 0.0127
417 418 0.002
1418 418 0.0047
159 419 0.0049
421 420 0.0063
426 420 0.0044
1419 420 0.0031
420 421 0.0063
422 421 0.0009
424 421 0.0037
156 422 0.0023
421 422 0.0009
423 422 0.007
424 422 0.0021
157 423 0.003
422 423 0.007
429 423 0.0006
421 424 0.0037
422 424 0.0021
425 424 0.0031
424 425 0.0031
420 426 0.0044
149 427 0.0074
428 427 0.0019
847 427 0.001
427 428 0.0019
423 429 0.0006
150 430 0.0009
431 430 0.0021
432 430 0.0014
430 431 0.0021
430 432 0.0014
151 433 0.0014
434 433 0.0007
844 433 0.0011
433 434 0.0007
146 435 0.0009
145 436 0.0029
149 436 0.0006
437 436 0.0074
146 437 0.0026
436 437 0.0074
438 437 0.0021
638 437 0.0009
437 438 0.0021
439 438 0.0032
445 438 0.0014
438 439 0.0032
440 439 0.0029
606 439 0.0006
439 440 0.0029
441 440 0.0055
447 440 0.004
440 441 0.0055
442 441 0.0026
606 441 0.0017
441 442 0.0026
443 442 0.0032
444 442 0.0021
442 443 0.0032
442 444 0.0021
438 445 0.0014
446 445 0.0007
447 445 0.0033
445 446 0.0007
440 447 0.004
445 447 0.0033
448 447 0.0041
447 448 0.0041
450 449 0.0815
449 450 0.0815
267 451 0.0035
452 451 0.0146
555 451 0.0124
269 452 0.0012
451 452 0.0146
555 452 0.0073
139 453 0.0071
140 453 0.0978
454 453 0.0041
282 454 0.0031
453 454 0.0041
455 454 0.0017
454 455 0.0017
456 455 0.0048
1008 455 0.002
455 456 0.0048
140 457 0.0191
278 457 0.0059
458 457 0.0167
457 458 0.0167
459 458 0.003
460 458 0.1163
458 459 0.003
141 460 0.1145
458 460 0.1163
463 460 0.0062
1007 460 0.003
141 461 0.0176
142 461 0.0201
462 461 0.0445
461 462 0.0445
1004 462 0.0407
1296 462 0.0066
460 463 0.0062
1005 463 0.0352
1011 463 0.0654
1014 463 0.0025
272 464 0.0018
272 465 0.029
283 465 0.0148
466 465 0.0026
465 466 0.0026
5 467 0.0052
11 467 0.0796
468 467 0.0024
467 468 0.0024
11 469 0.1293
470 469 0.0013
471 469 0.0334
469 470 0.0013
469 471 0.0334
472 471 0.0045
473 471 0.1778
471 472 0.0045
12 473 0.0919
471 473 0.1778
474 473 0.0022
473 474 0.0022
6 475 0.0141
476 475 0.002
477 475 0.3015
475 476 0.002
475 477 0.3015
135 478 0.003
368 479 0.0069
481 480 0.0163
46 481 0.0037
100 481 0.0013
480 481 0.0163
80 482 0.0052
65 483 0.0021
75 483 0.0022
341 483 0.002
154 484 0.0387
163 484 0.0013
485 484 0.0543
155 485 0.0016
484 485 0.0543
1419 485 0.0014
1 486 0.0132
487 486 0.124
490 486 0.0324
486 487 0.124
488 487 0.0094
584 487 0.1053
487 488 0.0094
489 488 0.0065
585 488 0.0133
180 489 0.023
488 489 0.0065
490 489 0.01
185 490 0.0676
486 490 0.0324
489 490 0.01
491 490 0.0178
503 490 0.0778
186 491 0.0687
490 491 0.0178
492 491 0.054
191 492 0.0189
491 492 0.054
493 492 0.0154
191 493 0.009
492 493 0.0154
627 493 0.0271
179 494 0.1102
495 494 0.0413
585 494 0.0736
587 494 0.0447
180 495 0.0099
494 495 0.0413
496 495 0.0017
585 495 0.0842
495 496 0.0017
549 496 0.0014
550 496 0.0014
220 497 0.0153
498 497 0.0027
499 497 0.0025
497 498 0.0027
497 499 0.0025
1063 499 0.0009
1069 499 0.0011
222 500 0.0003
1 501 0.0124
1 502 0.0131
503 502 0.0553
504 502 0.0059
185 503 0.0645
490 503 0.0778
502 503 0.0553
502 504 0.0059
1 505 0.0007
506 505 0.0009
635 505 0.0035
505 506 0.0009
633 506 0.0004
1418 506 0.0006
1 507 0.0121
509 508 0.0647
508 509 0.0647
515 509 0.0201
516 509 0.0067
515 510 0.0402
269 511 0.1163
512 511 0.0786
515 511 0.0646
511 512 0.0786
271 513 0.0667
272 513 0.0346
514 513 0.0048
513 514 0.0048
509 515 0.0201
510 515 0.0402
511 515 0.0646
509 516 0.0067
400 517 0.0008
400 518 0.0184
401 518 0.002
519 518 0.0015
518 519 0.0015
229 520 0.0015
230 520 0.0023
521 520 0.0016
524 520 0.0042
520 521 0.0016
522 521 0.0017
541 521 0.001
521 522 0.0017
523 522 0.0044
544 522 0.004
522 523 0.0044
520 524 0.0042
525 524 0.0206
527 524 0.0125
524 525 0.0206
526 525 0.002
527 525 0.0095
528 525 0.0033
525 526 0.002
401 527 0.0019
524 527 0.0125
525 527 0.0095
525 528 0.0033
529 528 0.0017
531 528 0.0015
528 529 0.0017
530 529 0.0022
1003 529 0.004
529 530 0.0022
528 531 0.0015
230 532 0.0027
224 533 0.0114
534 533 0.0074
680 533 0.0245
533 534 0.0074
536 534 0.0032
537 534 0.0171
224 535 0.0018
534 536 0.0032
534 537 0.0171
538 537 0.0017
539 537 0.0099
537 538 0.0017
254 539 0.038
537 539 0.0099
540 539 0.0017
539 540 0.0017
542 540 0.0064
546 540 0.0032
521 541 0.001
540 542 0.0064
544 542 0.002
546 542 0.0081
546 543 0.0022
522 544 0.004
542 544 0.002
545 544 0.0072
544 545 0.0072
540 546 0.0032
542 546 0.0081
543 546 0.0022
227 547 0.0019
225 548 0.0032
226 548 0.0221
409 548 0.0048
410 548 0.016
496 549 0.0014
496 550 0.0014
289 551 0.002
293 551 0.003
552 551 0.0031
551 552 0.0031
1 553 0.0115
556 553 0.008
562 553 0.0084
555 554 0.0057
562 554 0.0013
565 554 0.0055
451 555 0.0124
452 555 0.0073
554 555 0.0057
565 555 0.0023
121 556 0.029
553 556 0.008
558 556 0.0326
558 557 0.0423
120 558 0.0872
556 558 0.0326
557 558 0.0423
559 558 0.017
1 559 0.0044
558 559 0.017
560 559 0.0206
559 560 0.0206
372 561 0.0049
553 562 0.0084
554 562 0.0013
563 562 0.0069
562 563 0.0069
564 563 0.0043
567 563 0.0151
563 564 0.0043
565 564 0.0045
567 564 0.005
554 565 0.0055
555 565 0.0023
564 565 0.0045
1 566 0.0045
567 566 0.0032
568 566 0.026
563 567 0.0151
564 567 0.005
566 567 0.0032
265 568 0.0527
566 568 0.026
569 568 0.1933
575 568 0.0547
1 569 0.0045
568 569 0.1933
570 569 0.0021
575 569 0.0733
569 570 0.0021
571 570 0.0048
572 570 0.0076
570 571 0.0048
570 572 0.0076
573 572 0.0016
574 572 0.0044
572 573 0.0016
572 574 0.0044
1 575 0.0068
568 575 0.0547
569 575 0.0733
1 576 0.0145
364 576 0.0443
365 576 0.0138
577 576 0.0011
366 577 0.0075
374 577 0.0165
576 577 0.0011
121 578 0.0347
579 578 0.0811
581 578 0.0424
122 579 0.0118
578 579 0.0811
580 579 0.0133
579 580 0.0133
138 581 0.0864
578 581 0.0424
582 581 0.0029
279 582 0.0541
581 582 0.0029
583 582 0.007
582 583 0.007
179 584 0.0307
487 584 0.1053
585 584 0.007
488 585 0.0133
494 585 0.0736
495 585 0.0842
584 585 0.007
178 586 0.0075
221 586 0.0357
587 586 0.3623
222 587 0.158
494 587 0.0447
586 587 0.3623
211 588 0.004
589 588 0.0024
653 588 0.0036
588 589 0.0024
289 590 0.0016
181 591 0.0007
182 591 0.0087
192 591 0.0004
592 591 0.0019
591 592 0.0019
183 593 0.0017
195 594 0.0016
235 595 0.0009
237 596 0.0012
241 597 0.0043
166 598 0.0011
167 598 0.0011
176 598 0.0049
600 599 0.0027
862 599 0.0165
1169 599 0.0017
171 600 0.0019
599 600 0.0027
862 600 0.0013
1169 600 0.0043
170 601 0.0012
171 601 0.0152
858 601 0.0042
190 602 0.0596
603 602 0.0055
604 602 0.004
602 603 0.0055
602 604 0.004
1 605 0.014
439 606 0.0006
441 606 0.0017
607 606 0.0043
606 607 0.0043
108 608 0.0016
318 608 0.03
609 608 0.0569
608 609 0.0569
334 610 0.0013
82 611 0.0009
90 611 0.0193
612 611 0.0022
55 612 0.015
90 612 0.0014
611 612 0.0022
78 613 0.0444
337 614 0.0015
616 615 0.0028
615 616 0.0028
353 617 0.0016
356 618 0.0062
12 619 0.0015
12 620 0.0317
13 620 0.0539
621 620 0.004
13 621 0.0074
620 621 0.004
622 621 0.0088
621 622 0.0088
623 622 0.0053
710 622 0.0049
622 623 0.0053
703 623 0.0013
1112 623 0.003
133 624 0.001
369 624 0.005
625 624 0.007
624 625 0.007
124 626 0.0195
493 627 0.0271
628 627 0.0134
671 627 0.0018
414 628 0.0224
627 628 0.0134
631 628 0.0197
414 629 0.0072
414 630 0.0041
628 631 0.0197
187 632 0.0096
188 632 0.015
633 632 0.0007
506 633 0.0004
632 633 0.0007
1418 633 0.0038
245 634 0.0031
1 635 0.0022
415 635 0.0015
505 635 0.0035
1 636 0.0125
1 637 0.0123
437 638 0.0009
331 639 0.0013
69 640 0.0023
119 640 0.0024
641 640 0.0015
640 641 0.0015
97 642 0.0058
29 643 0.0039
354 643 0.0132
644 643 0.0027
643 644 0.0027
214 645 0.0085
217 646 0.0039
216 647 0.0123
251 648 0.0127
310 648 0.0083
968 648 0.0079
979 648 0.0187
982 648 0.0018
213 649 0.0069
211 650 0.0071
211 651 0.0068
652 651 0.0066
653 651 0.0092
651 652 0.0066
212 653 0.0015
588 653 0.0036
651 653 0.0092
243 654 0.0037
175 655 0.0011
657 655 0.0009
658 655 0.0013
168 656 0.0053
169 656 0.0111
244 656 0.0091
657 656 0.0132
168 657 0.0046
655 657 0.0009
656 657 0.0132
655 658 0.0013
160 659 0.0022
114 660 0.0043
115 660 0.0026
382 660 0.0025
96 661 0.0307
662 661 0.0107
663 661 0.003
661 662 0.0107
661 663 0.003
94 664 0.008
665 664 0.0037
666 664 0.0028
66 665 0.0024
664 665 0.0037
666 665 0.0052
67 666 0.0018
664 666 0.0028
665 666 0.0052
38 667 0.0076
105 668 0.0066
31 669 0.0009
12 670 0.0043
127 670 0.0113
136 670 0.0135
1019 670 0.0081
181 671 0.0039
192 671 0.0035
627 671 0.0018
254 672 0.0017
255 673 0.0021
674 673 0.0035
675 673 0.0058
673 674 0.0035
673 675 0.0058
300 676 0.0008
247 677 0.0008
254 678 0.0058
257 679 0.0069
533 680 0.0245
15 681 0.0049
682 681 0.0086
685 681 0.0263
686 681 0.0044
681 682 0.0086
683 682 0.0056
1128 682 0.0005
682 683 0.0056
684 683 0.0026
1136 683 0.0027
683 684 0.0026
1152 684 0.0155
1154 684 0.0012
681 685 0.0263
686 685 0.049
698 685 0.0037
681 686 0.0044
685 686 0.049
687 686 0.0029
686 687 0.0029
688 687 0.002
1121 687 0.0011
687 688 0.002
1114 688 0.0043
1117 688 0.0049
15 689 0.008
690 689 0.0267
1035 689 0.0007
689 690 0.0267
1023 690 0.0054
1032 690 0.004
1035 690 0.0029
692 691 0.0026
694 691 0.0049
1035 691 0.0055
691 692 0.0026
693 692 0.0096
694 692 0.0044
1107 692 0.0009
692 693 0.0096
1104 693 0.0165
1106 693 0.0007
691 694 0.0049
692 694 0.0044
1111 694 0.0547
14 695 0.002
696 695 0.0198
697 695 0.0054
695 696 0.0198
695 697 0.0054
685 698 0.0037
699 698 0.0039
702 698 0.0067
698 699 0.0039
700 699 0.0034
701 699 0.0084
699 700 0.0034
1109 700 0.0036
1114 700 0.0012
699 701 0.0084
698 702 0.0067
623 703 0.0013
704 703 0.0039
706 703 0.0111
703 704 0.0039
705 704 0.0047
706 704 0.0041
704 705 0.0047
707 705 0.0007
711 705 0.0006
703 706 0.0111
704 706 0.0041
707 706 0.0133
705 707 0.0007
706 707 0.0133
708 707 0.0041
707 708 0.0041
26 709 0.0016
622 710 0.0049
27 711 0.003
705 711 0.0006
712 711 0.0023
714 711 0.0022
711 712 0.0023
713 712 0.0031
747 712 0.0038
712 713 0.0031
711 714 0.0022
1151 715 0.014
42 716 0.0082
717 716 0.0193
728 716 0.0459
716 717 0.0193
718 717 0.0119
725 717 0.0024
717 718 0.0119
719 718 0.0202
750 718 0.0084
718 719 0.0202
720 719 0.0154
750 719 0.0082
719 720 0.0154
721 720 0.0073
723 720 0.0016
720 721 0.0073
723 721 0.0026
747 721 0.0042
1151 721 0.0109
1147 722 0.0089
1149 722 0.0133
1151 722 0.0012
1152 722 0.011
720 723 0.0016
721 723 0.0026
724 723 0.0018
723 724 0.0018
717 725 0.0024
726 725 0.0013
731 725 0.0031
725 726 0.0013
727 726 0.0044
1158 726 0.0115
726 727 0.0044
716 728 0.0459
729 728 0.0172
737 728 0.0063
754 728 0.0026
728 729 0.0172
730 729 0.0052
736 729 0.0027
729 730 0.0052
731 730 0.0066
733 730 0.0006
734 730 0.0026
725 731 0.0031
730 731 0.0066
732 731 0.0016
731 732 0.0016
782 732 0.0092
1161 732 0.0011
730 733 0.0006
730 734 0.0026
735 734 0.0015
736 734 0.0169
742 734 0.0018
734 735 0.0015
729 736 0.0027
734 736 0.0169
737 736 0.0056
728 737 0.0063
736 737 0.0056
738 737 0.0126
737 738 0.0126
740 738 0.0083
743 738 0.008
775 739 0.0039
776 739 0.016
781 739 0.0066
738 740 0.0083
741 740 0.0023
777 740 0.0015
740 741 0.0023
734 742 0.0018
738 743 0.008
744 743 0.0023
755 743 0.0027
743 744 0.0023
773 745 0.0025
40 746 0.0007
747 746 0.0012
749 746 0.0143
750 746 0.0026
712 747 0.0038
721 747 0.0042
746 747 0.0012
40 748 0.0011
746 749 0.0143
718 750 0.0084
719 750 0.0082
746 750 0.0026
35 751 0.0022
43 751 0.005
752 751 0.0067
42 752 0.0214
43 752 0.0054
751 752 0.0067
43 753 0.008
754 753 0.001
756 753 0.0027
728 754 0.0026
753 754 0.001
755 754 0.0085
743 755 0.0027
754 755 0.0085
757 755 0.0011
753 756 0.0027
36 757 0.0014
755 757 0.0011
758 757 0.0097
757 758 0.0097
759 758 0.0009
760 758 0.0009
761 758 0.0022
758 759 0.0009
758 760 0.0009
758 761 0.0022
36 762 0.0013
763 762 0.0031
765 762 0.0127
762 763 0.0031
393 764 0.0006
396 764 0.0025
765 764 0.0025
762 765 0.0127
764 765 0.0025
766 765 0.0075
765 766 0.0075
392 767 0.0043
768 767 0.0005
769 767 0.0461
778 767 0.0041
767 768 0.0005
772 768 0.0042
1302 768 0.0011
767 769 0.0461
770 769 0.0351
779 769 0.0519
769 770 0.0351
771 770 0.0057
781 770 0.0024
770 771 0.0057
772 771 0.0012
1165 771 0.0003
768 772 0.0042
771 772 0.0012
1167 772 0.0006
745 773 0.0025
774 773 0.0037
777 773 0.0012
778 773 0.0024
773 774 0.0037
775 774 0.0159
776 774 0.0029
739 775 0.0039
774 775 0.0159
780 775 0.0049
739 776 0.016
774 776 0.0029
777 776 0.0055
740 777 0.0015
773 777 0.0012
776 777 0.0055
394 778 0.0005
767 778 0.0041
773 778 0.0024
779 778 0.0061
769 779 0.0519
778 779 0.0061
780 779 0.0034
775 780 0.0049
779 780 0.0034
781 780 0.0023
739 781 0.0066
770 781 0.0024
780 781 0.0023
782 781 0.0043
732 782 0.0092
781 782 0.0043
783 782 0.0037
782 783 0.0037
53 784 0.0069
785 784 0.0133
1300 784 0.0018
784 785 0.0133
786 785 0.0069
1298 785 0.0019
785 786 0.0069
787 786 0.0058
1297 786 0.0101
786 787 0.0058
53 788 0.0134
789 788 0.0032
792 788 0.0064
788 789 0.0032
790 789 0.0211
792 789 0.007
800 789 0.0008
380 790 0.0002
789 790 0.0211
791 790 0.0005
790 791 0.0005
381 792 0.0028
788 792 0.0064
789 792 0.007
378 793 0.0006
794 793 0.0049
797 793 0.0007
793 794 0.0049
795 794 0.0007
796 794 0.0005
794 795 0.0007
794 796 0.0005
793 797 0.0007
381 798 0.0006
52 799 0.001
53 799 0.0046
379 799 0.0008
789 800 0.0008
60 801 0.0016
72 802 0.0006
384 803 0.0003
384 804 0.0004
384 805 0.0003
116 806 0.0147
807 806 0.0097
819 806 0.0001
806 807 0.0097
808 807 0.0006
820 807 0.0006
807 808 0.0006
809 808 0.0008
821 808 0.0013
808 809 0.0008
810 809 0.0008
811 809 0.0002
821 809 0.0057
809 810 0.0008
814 810 0.003
823 810 0.0129
110 811 0.0036
809 811 0.0002
812 811 0.0028
829 811 0.0007
111 812 0.0017
811 812 0.0028
813 812 0.0039
812 813 0.0039
814 813 0.0121
815 813 0.0002
810 814 0.003
813 814 0.0121
826 814 0.0004
813 815 0.0002
111 816 0.0004
817 816 0.0001
839 816 0.0008
816 817 0.0001
116 818 0.0006
806 819 0.0001
807 820 0.0006
808 821 0.0013
809 821 0.0057
822 821 0.0053
821 822 0.0053
810 823 0.0129
824 823 0.0003
825 823 0.002
823 824 0.0003
823 825 0.002
814 826 0.0004
827 826 0.0001
828 826 0.0028
826 827 0.0001
826 828 0.0028
115 829 0.0003
811 829 0.0007
830 829 0.0003
829 830 0.0003
112 831 0.0071
832 831 0.0041
833 831 0.0019
831 832 0.0041
831 833 0.0019
112 834 0.0105
835 834 0.0016
836 834 0.0015
840 834 0.0005
834 835 0.0016
834 836 0.0015
89 837 0.0037
89 838 0.0036
816 839 0.0008
834 840 0.0005
841 840 0.0005
842 840 0.0004
840 841 0.0005
840 842 0.0004
149 843 0.0006
433 844 0.0011
158 845 0.0009
158 846 0.001
150 847 0.0019
427 847 0.001
848 847 0.0046
847 848 0.0046
157 849 0.0005
161 850 0.004
157 851 0.0002
165 852 0.0003
853 852 0.0005
857 852 0.0135
852 853 0.0005
854 853 0.0016
856 853 0.0006
853 854 0.0016
856 854 0.0026
861 854 0.0005
167 855 0.0022
853 856 0.0006
854 856 0.0026
858 856 0.0005
852 857 0.0135
601 858 0.0042
856 858 0.0005
859 858 0.0024
858 859 0.0024
171 860 0.0149
232 861 0.0006
854 861 0.0005
863 861 0.0023
231 862 0.0011
599 862 0.0165
600 862 0.0013
861 863 0.0023
233 864 0.0197
866 865 0.0234
196 866 0.0161
234 866 0.0001
865 866 0.0234
233 867 0.0045
868 867 0.0017
870 867 0.0032
874 867 0.0002
867 868 0.0017
869 868 0.0005
871 868 0.0002
878 868 0.0002
868 869 0.0005
867 870 0.0032
868 871 0.0002
873 872 0.0006
872 873 0.0006
867 874 0.0002
234 875 0.0004
876 875 0.0017
882 875 0.0004
875 876 0.0017
877 876 0.0009
900 876 0.0009
876 877 0.0009
868 878 0.0002
879 878 0.0003
880 878 0.0001
878 879 0.0003
881 879 0.0027
1465 879 0.0065
878 880 0.0001
881 880 0.0005
1170 880 0.0004
879 881 0.0027
880 881 0.0005
1171 881 0.0005
1173 881 0.0
875 882 0.0004
912 882 0.0003
1171 882 0.0005
202 883 0.0016
884 883 0.017
886 883 0.0007
203 884 0.0094
883 884 0.017
891 884 0.0039
196 885 0.002
886 885 0.0009
888 885 0.0005
883 886 0.0007
885 886 0.0009
887 886 0.0023
886 887 0.0023
196 888 0.0007
885 888 0.0005
897 888 0.0026
1468 889 0.0015
897 890 0.0006
1466 890 0.0079
1468 890 0.0031
884 891 0.0039
893 891 0.0177
1468 891 0.0075
203 892 0.017
891 893 0.0177
909 893 0.0126
911 893 0.0141
895 894 0.0022
894 895 0.0022
896 895 0.0018
911 895 0.0011
895 896 0.0018
888 897 0.0026
890 897 0.0006
898 897 0.0011
897 898 0.0011
899 898 0.0018
902 898 0.0021
898 899 0.0018
901 899 0.0167
902 899 0.0085
876 900 0.0009
901 900 0.0008
912 900 0.0002
899 901 0.0167
900 901 0.0008
903 901 0.0162
1467 901 0.0015
898 902 0.0021
899 902 0.0085
1467 902 0.0099
901 903 0.0162
904 903 0.0008
905 903 0.0014
903 904 0.0008
905 904 0.0009
913 904 0.0022
1180 904 0.0004
903 905 0.0014
904 905 0.0009
906 905 0.0009
905 906 0.0009
907 906 0.0004
914 906 0.0017
906 907 0.0004
908 907 0.0006
915 907 0.0036
907 908 0.0006
909 908 0.0012
919 908 0.0018
893 909 0.0126
908 909 0.0012
910 909 0.0067
909 910 0.0067
893 911 0.0141
895 911 0.0011
1466 911 0.0072
882 912 0.0003
900 912 0.0002
1177 912 0.0008
904 913 0.0022
914 913 0.0013
917 913 0.0059
906 914 0.0017
913 914 0.0013
915 914 0.001
907 915 0.0036
914 915 0.001
916 915 0.0051
915 916 0.0051
917 916 0.0016
919 916 0.0004
925 916 0.0013
913 917 0.0059
916 917 0.0016
918 917 0.0012
1195 917 0.0003
917 918 0.0012
1182 918 0.0002
1186 918 0.0007
908 919 0.0018
916 919 0.0004
921 919 0.0015
200 920 0.0103
921 920 0.0039
924 920 0.1452
939 920 0.0015
919 921 0.0015
920 921 0.0039
922 921 0.0026
921 922 0.0026
923 922 0.0065
934 922 0.0018
922 923 0.0065
926 923 0.0077
927 923 0.0024
201 924 0.0791
920 924 0.1452
941 924 0.032
916 925 0.0013
923 926 0.0077
923 927 0.0024
928 927 0.0064
937 927 0.0132
927 928 0.0064
929 928 0.0104
938 928 0.0333
928 929 0.0104
930 929 0.0019
933 929 0.0009
929 930 0.0019
931 930 0.0014
1199 930 0.0002
930 931 0.0014
932 931 0.0031
1202 931 0.0011
931 932 0.0031
929 933 0.0009
1202 933 0.0006
1213 933 0.0004
922 934 0.0018
935 934 0.0005
936 934 0.0002
934 935 0.0005
1216 935 0.0003
1227 935 0.0004
934 936 0.0002
1223 936 0.0013
1226 936 0.0019
927 937 0.0132
928 938 0.0333
920 939 0.0015
940 939 0.0012
945 939 0.0031
939 940 0.0012
1233 940 0.0056
1239 940 0.009
924 941 0.032
942 941 0.0022
1477 941 0.0051
941 942 0.0022
943 942 0.0008
948 942 0.0013
942 943 0.0008
944 943 0.0032
945 943 0.0013
946 943 0.0092
943 944 0.0032
1237 944 0.0013
1238 944 0.0029
939 945 0.0031
943 945 0.0013
947 945 0.0009
943 946 0.0092
945 947 0.0009
942 948 0.0013
949 948 0.003
950 948 0.0132
948 949 0.003
952 949 0.0031
958 949 0.001
1244 949 0.0009
948 950 0.0132
951 950 0.003
954 950 0.0011
950 951 0.003
952 951 0.0069
953 951 0.0017
949 952 0.0031
951 952 0.0069
953 952 0.002
959 952 0.001
951 953 0.0017
952 953 0.002
954 953 0.0038
959 953 0.0012
950 954 0.0011
953 954 0.0038
955 954 0.0036
954 955 0.0036
956 955 0.0059
1475 955 0.0015
955 956 0.0059
957 956 0.003
1475 956 0.0022
205 957 0.0102
956 957 0.003
1473 957 0.0039
949 958 0.001
210 959 0.0011
952 959 0.001
953 959 0.0012
207 960 0.0002
208 960 0.0054
961 960 0.0026
208 961 0.0054
960 961 0.0026
962 961 0.0088
961 962 0.0088
246 963 0.0061
291 964 0.0216
210 965 0.0038
308 965 0.001
966 965 0.0032
1237 965 0.0018
965 966 0.0032
1245 966 0.0019
1246 966 0.0152
970 967 0.0058
1242 967 0.0011
1246 967 0.0025
311 968 0.0156
648 968 0.0079
969 968 0.0197
968 969 0.0197
970 969 0.002
974 969 0.0038
967 970 0.0058
969 970 0.002
971 970 0.0068
1243 970 0.0057
970 971 0.0068
972 971 0.002
1243 971 0.0025
971 972 0.002
973 972 0.0014
1240 972 0.002
972 973 0.0014
1220 973 0.0022
1241 973 0.0028
312 974 0.0021
969 974 0.0038
975 974 0.0136
308 975 0.0014
974 975 0.0136
1246 975 0.0029
253 976 0.011
977 976 0.0408
1491 976 0.0127
976 977 0.0408
978 977 0.0176
1491 977 0.03
977 978 0.0176
252 979 0.1129
648 979 0.0187
980 979 0.015
979 980 0.015
981 980 0.0047
982 980 0.0895
980 981 0.0047
984 981 0.0019
987 981 0.0257
648 982 0.0018
980 982 0.0895
983 982 0.0019
982 983 0.0019
984 983 0.0009
986 983 0.0008
981 984 0.0019
983 984 0.0009
985 984 0.0018
984 985 0.0018
983 986 0.0008
1234 986 0.0065
1249 986 0.0018
1250 986 0.0004
981 987 0.0257
988 987 0.0042
1251 987 0.0008
1260 987 0.0042
987 988 0.0042
1255 988 0.0114
1259 988 0.0027
253 989 0.0124
990 989 0.1549
1322 989 0.0043
989 990 0.1549
991 990 0.0187
992 990 0.0382
990 991 0.0187
1262 991 0.0451
1494 991 0.0076
990 992 0.0382
284 993 0.0511
994 993 0.0108
995 993 0.1172
993 994 0.0108
993 995 0.1172
1275 995 0.016
1416 995 0.0133
286 996 0.0067
286 997 0.0169
998 997 0.0093
999 997 0.0167
997 998 0.0093
997 999 0.0167
274 1000 0.0055
284 1001 0.0241
275 1002 0.0097
529 1003 0.004
462 1004 0.0407
1018 1004 0.0124
1284 1004 0.0131
463 1005 0.0352
1006 1005 0.0368
1016 1005 0.0032
1005 1006 0.0368
1288 1006 0.0215
1293 1006 0.0182
460 1007 0.003
1009 1007 0.0066
1011 1007 0.0007
140 1008 0.0007
455 1008 0.002
1009 1008 0.0022
1007 1009 0.0066
1008 1009 0.0022
1010 1009 0.0073
1009 1010 0.0073
463 1011 0.0654
1007 1011 0.0007
1012 1011 0.0203
1011 1012 0.0203
1013 1012 0.0048
1287 1012 0.0034
1012 1013 0.0048
463 1014 0.0025
132 1015 0.1299
1016 1015 0.0023
1029 1015 0.0271
1005 1016 0.0032
1015 1016 0.0023
1017 1016 0.0033
1016 1017 0.0033
1030 1017 0.0101
1293 1017 0.0074
1004 1018 0.0124
127 1019 0.105
128 1019 0.0327
670 1019 0.0081
1020 1019 0.0459
128 1020 0.0769
1019 1020 0.0459
1021 1020 0.0095
131 1021 0.0031
1020 1021 0.0095
1058 1021 0.0021
128 1022 0.0039
690 1023 0.0054
1024 1023 0.0064
1054 1023 0.079
1023 1024 0.0064
1025 1024 0.0107
1031 1024 0.0137
1024 1025 0.0107
1026 1025 0.0116
1055 1025 0.0071
1094 1025 0.0049
1025 1026 0.0116
1027 1026 0.148
1028 1026 0.0541
1026 1027 0.148
1079 1027 0.0389
1403 1027 0.0084
1026 1028 0.0541
1071 1028 0.0065
1082 1028 0.0046
1015 1029 0.0271
1030 1029 0.0067
1048 1029 0.0251
1058 1029 0.0076
1017 1030 0.0101
1029 1030 0.0067
1031 1030 0.0036
1024 1031 0.0137
1030 1031 0.0036
1293 1031 0.0291
1294 1031 0.0133
690 1032 0.004
1033 1032 0.0034
1044 1032 0.0236
1032 1033 0.0034
1034 1033 0.0057
1039 1033 0.0102
1042 1033 0.0048
1033 1034 0.0057
689 1035 0.0007
690 1035 0.0029
691 1035 0.0055
1036 1035 0.0207
1035 1036 0.0207
1037 1036 0.0034
1038 1036 0.0051
1036 1037 0.0034
1036 1038 0.0051
1033 1039 0.0102
1040 1039 0.0017
1041 1039 0.0036
1039 1040 0.0017
1041 1040 0.0095
1097 1040 0.02
1111 1040 0.0366
1039 1041 0.0036
1040 1041 0.0095
1095 1041 0.0101
1033 1042 0.0048
1043 1042 0.0042
1045 1042 0.0023
1047 1042 0.0022
1042 1043 0.0042
1032 1044 0.0236
1045 1044 0.0253
1057 1044 0.0014
1042 1045 0.0023
1044 1045 0.0253
1046 1045 0.0026
1045 1046 0.0026
1083 1046 0.0025
1092 1046 0.0022
1042 1047 0.0022
1029 1048 0.0251
1049 1048 0.0249
1051 1048 0.0044
1048 1049 0.0249
1050 1049 0.0024
1051 1049 0.0083
1049 1050 0.0024
1048 1051 0.0044
1049 1051 0.0083
1052 1051 0.0089
1053 1051 0.0026
1051 1052 0.0089
1051 1053 0.0026
1023 1054 0.079
1025 1055 0.0071
1056 1055 0.0104
1294 1055 0.0102
1055 1056 0.0104
1044 1057 0.0014
132 1058 0.0996
1021 1058 0.0021
1029 1058 0.0076
62 1059 0.0152
1060 1059 0.0637
1062 1059 0.0572
1059 1060 0.0637
1061 1060 0.0527
1062 1060 0.0464
348 1061 0.0157
1060 1061 0.0527
1064 1061 0.0385
93 1062 0.0221
1059 1062 0.0572
1060 1062 0.0464
223 1063 0.0016
227 1063 0.0045
499 1063 0.0009
1 1064 0.0122
348 1064 0.0578
349 1064 0.0558
1061 1064 0.0385
1 1065 0.0054
352 1065 0.002
1066 1065 0.0065
1065 1066 0.0065
1 1067 0.0107
177 1067 0.047
178 1067 0.0226
179 1067 0.0214
1068 1067 0.0577
220 1068 0.0151
1067 1068 0.0577
1069 1068 0.0136
219 1069 0.0277
499 1069 0.0011
1068 1069 0.0136
266 1070 0.085
267 1070 0.0151
399 1070 0.009
1028 1071 0.0065
1072 1071 0.0005
1090 1071 0.0014
1071 1072 0.0005
1073 1072 0.0059
1093 1072 0.0026
1072 1073 0.0059
1074 1073 0.002
1078 1073 0.0127
1073 1074 0.002
1075 1074 0.0074
1090 1074 0.0018
1074 1075 0.0074
1076 1075 0.0119
1081 1075 0.0102
1404 1075 0.0353
1075 1076 0.0119
1077 1076 0.0442
1405 1076 0.015
1076 1077 0.0442
1078 1077 0.0053
1400 1077 0.0434
1073 1078 0.0127
1077 1078 0.0053
1340 1078 0.1702
1027 1079 0.0389
1080 1079 0.0074
1334 1079 0.0051
1079 1080 0.0074
1081 1080 0.009
1335 1080 0.0216
1075 1081 0.0102
1080 1081 0.009
1090 1081 0.0171
1028 1082 0.0046
1083 1082 0.0024
1085 1082 0.0032
1046 1083 0.0025
1082 1083 0.0024
1084 1083 0.004
1083 1084 0.004
1082 1085 0.0032
1086 1085 0.0009
1087 1085 0.0013
1085 1086 0.0009
1085 1087 0.0013
1088 1087 0.0009
1089 1087 0.001
1087 1088 0.0009
1087 1089 0.001
1071 1090 0.0014
1074 1090 0.0018
1081 1090 0.0171
1091 1090 0.0044
1090 1091 0.0044
1046 1092 0.0022
1093 1092 0.0015
1108 1092 0.0053
1072 1093 0.0026
1092 1093 0.0015
1353 1093 0.0015
1025 1094 0.0049
1041 1095 0.0101
1096 1095 0.0016
1097 1095 0.0047
1095 1096 0.0016
1355 1096 0.0025
1360 1096 0.0005
1040 1097 0.02
1095 1097 0.0047
1098 1097 0.0135
1104 1097 0.0064
1111 1097 0.004
1097 1098 0.0135
1099 1098 0.0068
1102 1098 0.0007
1098 1099 0.0068
1100 1099 0.0023
1103 1099 0.0004
1099 1100 0.0023
1101 1100 0.0036
1360 1100 0.0005
1100 1101 0.0036
1098 1102 0.0007
1099 1103 0.0004
693 1104 0.0165
1097 1104 0.0064
1105 1104 0.0069
1104 1105 0.0069
693 1106 0.0007
1119 1106 0.003
1361 1106 0.0004
692 1107 0.0009
1092 1108 0.0053
700 1109 0.0036
1110 1109 0.0068
1120 1109 0.0008
1109 1110 0.0068
694 1111 0.0547
1040 1111 0.0366
1097 1111 0.004
13 1112 0.0336
14 1112 0.049
623 1112 0.003
126 1113 0.0539
127 1113 0.0113
130 1113 0.012
688 1114 0.0043
700 1114 0.0012
1115 1114 0.0065
1114 1115 0.0065
1116 1115 0.0042
1117 1115 0.0207
1115 1116 0.0042
688 1117 0.0049
1115 1117 0.0207
1118 1117 0.0036
1117 1118 0.0036
1106 1119 0.003
1365 1119 0.0003
1425 1119 0.0004
1109 1120 0.0008
1122 1120 0.0018
1366 1120 0.001
687 1121 0.0011
1122 1121 0.0022
1126 1121 0.0007
1120 1122 0.0018
1121 1122 0.0022
1123 1122 0.0012
1122 1123 0.0012
1124 1123 0.0018
1131 1123 0.004
1123 1124 0.0018
1125 1124 0.0037
1127 1124 0.0032
1124 1125 0.0037
1129 1125 0.009
1134 1125 0.0105
1121 1126 0.0007
1127 1126 0.0014
1130 1126 0.0016
1124 1127 0.0032
1126 1127 0.0014
1128 1127 0.0077
682 1128 0.0005
1127 1128 0.0077
1129 1128 0.0021
1125 1129 0.009
1128 1129 0.0021
1139 1129 0.0074
1384 1129 0.0014
1126 1130 0.0016
1123 1131 0.004
1132 1131 0.0091
1133 1131 0.0048
1131 1132 0.0091
1426 1132 0.0054
1431 1132 0.0041
1131 1133 0.0048
1125 1134 0.0105
1135 1134 0.0158
1428 1134 0.0219
1134 1135 0.0158
1378 1135 0.0208
1427 1135 0.0178
683 1136 0.0027
1137 1136 0.0022
1141 1136 0.0006
1136 1137 0.0022
1138 1137 0.0026
1139 1137 0.0079
1137 1138 0.0026
1142 1138 0.0008
1159 1138 0.0026
1129 1139 0.0074
1137 1139 0.0079
1140 1139 0.0007
1139 1140 0.0007
1136 1141 0.0006
1138 1142 0.0008
1143 1142 0.0053
1159 1142 0.0032
1142 1143 0.0053
1144 1143 0.0014
1145 1143 0.0014
1146 1143 0.0013
1143 1144 0.0014
1143 1145 0.0014
1143 1146 0.0013
722 1147 0.0089
1151 1148 0.0323
722 1149 0.0133
1151 1150 0.0044
715 1151 0.014
721 1151 0.0109
722 1151 0.0012
1148 1151 0.0323
1150 1151 0.0044
684 1152 0.0155
722 1152 0.011
1154 1152 0.0013
1154 1153 0.0007
1155 1153 0.002
1158 1153 0.0103
1159 1153 0.0017
684 1154 0.0012
1152 1154 0.0013
1153 1154 0.0007
1153 1155 0.002
1156 1155 0.0011
1157 1155 0.001
1163 1155 0.0007
1155 1156 0.0011
1155 1157 0.001
726 1158 0.0115
1153 1158 0.0103
1160 1158 0.0021
1138 1159 0.0026
1142 1159 0.0032
1153 1159 0.0017
1158 1160 0.0021
732 1161 0.0011
1162 1161 0.0196
1303 1161 0.0029
1161 1162 0.0196
1163 1162 0.0025
1308 1162 0.008
1155 1163 0.0007
1162 1163 0.0025
1164 1163 0.0049
1163 1164 0.0049
1308 1164 0.0095
1309 1164 0.0007
1380 1164 0.0006
771 1165 0.0003
1166 1165 0.0038
1303 1165 0.0014
1165 1166 0.0038
772 1167 0.0006
170 1168 0.0135
241 1168 0.0004
1169 1168 0.0009
171 1169 0.0014
599 1169 0.0017
600 1169 0.0043
1168 1169 0.0009
880 1170 0.0004
881 1171 0.0005
882 1171 0.0005
1172 1171 0.0004
1171 1172 0.0004
1175 1172 0.0023
1179 1172 0.0002
881 1173 0.0
1174 1173 0.0001
1175 1173 0.0003
1173 1174 0.0001
1172 1175 0.0023
1173 1175 0.0003
1393 1175 0.0
1177 1176 0.0011
912 1177 0.0008
1176 1177 0.0011
1178 1177 0.0005
1177 1178 0.0005
1172 1179 0.0002
1180 1179 0.0002
1392 1179 0.0001
904 1180 0.0004
1179 1180 0.0002
1181 1180 0.0001
1180 1181 0.0001
918 1182 0.0002
1183 1182 0.0004
1184 1182 0.0011
1182 1183 0.0004
1185 1183 0.0002
1394 1183 0.0001
1182 1184 0.0011
1183 1185 0.0002
918 1186 0.0007
1187 1186 0.0002
1192 1186 0.0003
1195 1186 0.0008
1186 1187 0.0002
1188 1187 0.0037
1190 1187 0.0003
1187 1188 0.0037
1189 1188 0.0005
1191 1188 0.0024
1188 1189 0.0005
1187 1190 0.0003
1188 1191 0.0024
1186 1192 0.0003
1193 1192 0.0015
1195 1192 0.0003
1192 1193 0.0015
1194 1193 0.0002
1196 1193 0.0003
1193 1194 0.0002
917 1195 0.0003
1186 1195 0.0008
1192 1195 0.0003
1193 1196 0.0003
1197 1196 0.0007
1198 1196 0.0019
1196 1197 0.0007
1196 1198 0.0019
930 1199 0.0002
1202 1200 0.0097
1203 1200 0.0341
1204 1200 0.0016
1206 1201 0.0017
931 1202 0.0011
933 1202 0.0006
1200 1202 0.0097
1209 1202 0.0006
1200 1203 0.0341
1204 1203 0.0008
1207 1203 0.0014
1200 1204 0.0016
1203 1204 0.0008
1205 1204 0.0004
1204 1205 0.0004
1201 1206 0.0017
1203 1207 0.0014
1208 1207 0.0014
1389 1207 0.0001
1207 1208 0.0014
1211 1208 0.0009
1391 1208 0.0015
1202 1209 0.0006
1210 1209 0.003
1211 1209 0.0016
1209 1210 0.003
1211 1210 0.0018
1249 1210 0.0004
1208 1211 0.0009
1209 1211 0.0016
1210 1211 0.0018
1212 1211 0.0052
1211 1212 0.0052
933 1213 0.0004
1214 1213 0.009
1222 1213 0.0038
1481 1213 0.0264
1213 1214 0.009
1215 1214 0.0019
1217 1214 0.0042
1214 1215 0.0019
1218 1215 0.0017
1234 1215 0.0008
935 1216 0.0003
1217 1216 0.0028
1232 1216 0.0022
1214 1217 0.0042
1216 1217 0.0028
1218 1217 0.006
1215 1218 0.0017
1217 1218 0.006
1219 1218 0.0021
1234 1218 0.021
1218 1219 0.0021
1220 1219 0.0041
1234 1219 0.0013
973 1220 0.0022
1219 1220 0.0041
1225 1220 0.0013
1481 1221 0.0038
1213 1222 0.0038
936 1223 0.0013
1225 1224 0.0074
1226 1224 0.0017
1233 1224 0.0009
1220 1225 0.0013
1224 1225 0.0074
1231 1225 0.0009
936 1226 0.0019
1224 1226 0.0017
1231 1226 0.0018
935 1227 0.0004
1228 1227 0.0022
1229 1227 0.0011
1227 1228 0.0022
1229 1228 0.0012
1231 1228 0.0013
1227 1229 0.0011
1228 1229 0.0012
1230 1229 0.001
1229 1230 0.001
1225 1231 0.0009
1226 1231 0.0018
1228 1231 0.0013
1216 1232 0.0022
940 1233 0.0056
1224 1233 0.0009
1241 1233 0.0007
986 1234 0.0065
1215 1234 0.0008
1218 1234 0.021
1219 1234 0.0013
210 1235 0.0009
1236 1235 0.0028
1244 1235 0.002
1235 1236 0.0028
1237 1236 0.0032
1244 1236 0.0042
944 1237 0.0013
965 1237 0.0018
1236 1237 0.0032
1238 1237 0.0031
944 1238 0.0029
1237 1238 0.0031
1245 1238 0.0041
940 1239 0.009
1240 1239 0.001
1242 1239 0.0038
972 1240 0.002
1239 1240 0.001
1241 1240 0.0034
973 1241 0.0028
1233 1241 0.0007
1240 1241 0.0034
967 1242 0.0011
1239 1242 0.0038
1243 1242 0.0037
970 1243 0.0057
971 1243 0.0025
1242 1243 0.0037
949 1244 0.0009
1235 1244 0.002
1236 1244 0.0042
966 1245 0.0019
1238 1245 0.0041
1247 1245 0.0086
966 1246 0.0152
967 1246 0.0025
975 1246 0.0029
1247 1246 0.003
1245 1247 0.0086
1246 1247 0.003
1248 1247 0.0017
1247 1248 0.0017
986 1249 0.0018
1210 1249 0.0004
1250 1249 0.0007
986 1250 0.0004
1249 1250 0.0007
1386 1250 0.0003
1388 1250 0.0003
987 1251 0.0008
1252 1251 0.001
1261 1251 0.0014
1251 1252 0.001
1253 1252 0.0004
1485 1252 0.0003
1252 1253 0.0004
1254 1253 0.0024
1485 1253 0.0025
1253 1254 0.0024
1310 1254 0.012
1315 1254 0.0283
988 1255 0.0114
1256 1255 0.0138
1258 1255 0.0084
1255 1256 0.0138
1257 1256 0.0142
1316 1256 0.0103
1256 1257 0.0142
1314 1257 0.0027
1317 1257 0.0042
1255 1258 0.0084
988 1259 0.0027
987 1260 0.0042
1318 1260 0.0032
1319 1260 0.01
1251 1261 0.0014
991 1262 0.0451
1320 1262 0.022
1493 1262 0.0055
264 1263 0.0552
1264 1263 0.0165
1268 1263 0.018
1495 1263 0.0039
1263 1264 0.0165
1265 1264 0.0035
1266 1264 0.0026
1264 1265 0.0035
1264 1266 0.0026
260 1267 0.0137
1263 1268 0.018
1269 1268 0.012
1270 1268 0.0114
1268 1269 0.012
1268 1270 0.0114
255 1271 0.1075
256 1271 0.0847
1541 1271 0.0149
262 1272 0.0168
1273 1272 0.0781
1277 1272 0.0264
1541 1272 0.0663
1272 1273 0.0781
1274 1273 0.02
1423 1273 0.0114
1273 1274 0.02
1279 1274 0.0274
1282 1274 0.0418
1499 1274 0.065
1503 1274 0.0414
1505 1274 0.049
995 1275 0.016
1276 1275 0.0197
1278 1275 0.0097
1275 1276 0.0197
1277 1276 0.0242
1278 1276 0.0209
1272 1277 0.0264
1276 1277 0.0242
1278 1277 0.0194
1275 1278 0.0097
1276 1278 0.0209
1277 1278 0.0194
1274 1279 0.0274
263 1280 0.0043
1281 1280 0.0174
1423 1280 0.0257
1280 1281 0.0174
1282 1281 0.0202
1323 1281 0.0053
1274 1282 0.0418
1281 1282 0.0202
1497 1282 0.0216
1498 1282 0.0461
1506 1283 0.0409
1004 1284 0.0131
1285 1284 0.0886
1286 1284 0.0403
1333 1284 0.0046
1284 1285 0.0886
1329 1285 0.0045
1330 1285 0.0077
1284 1286 0.0403
1012 1287 0.0034
1006 1288 0.0215
1289 1288 0.0062
1290 1288 0.0151
1288 1289 0.0062
1288 1290 0.0151
1291 1290 0.0273
1292 1290 0.0145
1290 1291 0.0273
1290 1292 0.0145
1006 1293 0.0182
1017 1293 0.0074
1031 1293 0.0291
1031 1294 0.0133
1055 1294 0.0102
1295 1294 0.0116
1294 1295 0.0116
462 1296 0.0066
786 1297 0.0101
785 1298 0.0019
1299 1298 0.0015
1300 1298 0.0039
1298 1299 0.0015
784 1300 0.0018
1298 1300 0.0039
1301 1300 0.0014
1300 1301 0.0014
768 1302 0.0011
1161 1303 0.0029
1165 1303 0.0014
1304 1303 0.001
1303 1304 0.001
1305 1304 0.0
1307 1304 0.0013
1308 1304 0.0026
1304 1305 0.0
1306 1305 0.0036
1307 1305 0.0094
1305 1306 0.0036
1307 1306 0.0148
1375 1306 0.0002
1376 1306 0.003
1304 1307 0.0013
1305 1307 0.0094
1306 1307 0.0148
1372 1307 0.0006
1162 1308 0.008
1164 1308 0.0095
1304 1308 0.0026
1164 1309 0.0007
1254 1310 0.012
1311 1310 0.0023
1313 1310 0.0051
1310 1311 0.0023
1312 1311 0.0211
1313 1311 0.0219
1311 1312 0.0211
1313 1312 0.0179
1395 1312 0.0018
1310 1313 0.0051
1311 1313 0.0219
1312 1313 0.0179
1317 1313 0.0052
1257 1314 0.0027
1254 1315 0.0283
1256 1316 0.0103
1317 1316 0.0237
1488 1316 0.0045
1257 1317 0.0042
1313 1317 0.0052
1316 1317 0.0237
1399 1317 0.009
1260 1318 0.0032
1260 1319 0.01
1262 1320 0.022
1321 1320 0.0155
1490 1320 0.0047
1320 1321 0.0155
1489 1321 0.0036
1540 1321 0.0037
989 1322 0.0043
1281 1323 0.0053
1324 1323 0.0242
1496 1323 0.0115
1323 1324 0.0242
142 1325 0.0216
1327 1325 0.0023
1507 1325 0.021
1509 1326 0.061
1325 1327 0.0023
142 1328 0.0048
1285 1329 0.0045
1285 1330 0.0077
1331 1330 0.0049
1332 1330 0.0077
1330 1331 0.0049
1330 1332 0.0077
1284 1333 0.0046
1079 1334 0.0051
1080 1335 0.0216
1336 1335 0.0242
1337 1335 0.0402
1335 1336 0.0242
1335 1337 0.0402
1338 1337 0.0157
1339 1337 0.0257
1337 1338 0.0157
1337 1339 0.0257
1078 1340 0.1702
1341 1340 0.0153
1344 1340 0.0956
1340 1341 0.0153
1342 1341 0.003
1343 1341 0.0043
1341 1342 0.003
1400 1342 0.0045
1414 1342 0.0037
1341 1343 0.0043
1345 1343 0.0045
1435 1343 0.001
1340 1344 0.0956
1345 1344 0.0028
1350 1344 0.0014
1351 1344 0.0038
1343 1345 0.0045
1344 1345 0.0028
1346 1345 0.0066
1345 1346 0.0066
1347 1346 0.0014
1348 1346 0.0039
1349 1346 0.0009
1346 1347 0.0014
1346 1348 0.0039
1346 1349 0.0009
1344 1350 0.0014
1344 1351 0.0038
1352 1351 0.0014
1353 1351 0.0082
1351 1352 0.0014
1093 1353 0.0015
1351 1353 0.0082
1354 1353 0.0011
1353 1354 0.0011
1096 1355 0.0025
1356 1355 0.0017
1357 1355 0.0016
1358 1355 0.0018
1359 1355 0.0004
1355 1356 0.0017
1355 1357 0.0016
1355 1358 0.0018
1355 1359 0.0004
1096 1360 0.0005
1100 1360 0.0005
1364 1360 0.0
1106 1361 0.0004
1362 1361 0.0001
1363 1361 0.0001
1361 1362 0.0001
1361 1363 0.0001
1360 1364 0.0
1119 1365 0.0003
1120 1366 0.001
1367 1366 0.0018
1431 1366 0.0059
1432 1366 0.0028
1366 1367 0.0018
1368 1367 0.007
1370 1367 0.0171
1367 1368 0.007
1369 1368 0.0244
1370 1368 0.0174
1368 1369 0.0244
1371 1369 0.0234
1373 1369 0.0062
1377 1369 0.0067
1424 1369 0.004
1367 1370 0.0171
1368 1370 0.0174
1430 1370 0.0093
1369 1371 0.0234
1372 1371 0.0241
1431 1371 0.0014
1307 1372 0.0006
1371 1372 0.0241
1373 1372 0.0113
1379 1372 0.0073
1369 1373 0.0062
1372 1373 0.0113
1376 1373 0.002
1377 1374 0.0005
1306 1375 0.0002
1306 1376 0.003
1373 1376 0.002
1377 1376 0.0023
1369 1377 0.0067
1374 1377 0.0005
1376 1377 0.0023
1135 1378 0.0208
1379 1378 0.0023
1383 1378 0.0065
1427 1378 0.0085
1372 1379 0.0073
1378 1379 0.0023
1380 1379 0.0034
1164 1380 0.0006
1379 1380 0.0034
1381 1380 0.0152
1380 1381 0.0152
1382 1381 0.0148
1383 1381 0.0227
1381 1382 0.0148
1378 1383 0.0065
1381 1383 0.0227
1384 1383 0.0032
1129 1384 0.0014
1383 1384 0.0032
1385 1384 0.0034
1384 1385 0.0034
1250 1386 0.0003
1387 1386 0.0014
1391 1386 0.0018
1386 1387 0.0014
1250 1388 0.0003
1207 1389 0.0001
1390 1389 0.0024
1391 1389 0.0082
1389 1390 0.0024
1208 1391 0.0015
1386 1391 0.0018
1389 1391 0.0082
1179 1392 0.0001
1175 1393 0.0
1183 1394 0.0001
1312 1395 0.0018
1396 1395 0.0861
1512 1395 0.0079
1395 1396 0.0861
1397 1396 0.0449
1398 1396 0.0335
1396 1397 0.0449
1396 1398 0.0335
1533 1398 0.1753
1536 1398 0.063
1317 1399 0.009
1077 1400 0.0434
1342 1400 0.0045
1401 1400 0.0077
1407 1400 0.0269
1400 1401 0.0077
1402 1401 0.069
1413 1401 0.0393
1401 1402 0.069
1437 1402 0.0792
1449 1402 0.0054
1027 1403 0.0084
1075 1404 0.0353
1405 1404 0.1893
1434 1404 0.037
1076 1405 0.015
1404 1405 0.1893
1406 1405 0.0706
1407 1405 0.059
1405 1406 0.0706
1408 1406 0.131
1433 1406 0.014
1400 1407 0.0269
1405 1407 0.059
1408 1407 0.0864
1411 1407 0.0195
1406 1408 0.131
1407 1408 0.0864
1409 1408 0.0743
1408 1409 0.0743
1410 1409 0.035
1411 1409 0.0253
1409 1410 0.035
1412 1410 0.1701
1433 1410 0.0858
1407 1411 0.0195
1409 1411 0.0253
1412 1411 0.0246
1410 1412 0.1701
1411 1412 0.0246
1413 1412 0.11
1401 1413 0.0393
1412 1413 0.11
1433 1413 0.1338
1342 1414 0.0037
1415 1414 0.0027
1463 1414 0.005
1414 1415 0.0027
995 1416 0.0133
1417 1416 0.0321
1506 1416 0.0382
1416 1417 0.0321
418 1418 0.0047
506 1418 0.0006
633 1418 0.0038
145 1419 0.0031
420 1419 0.0031
485 1419 0.0014
107 1420 0.0014
108 1420 0.0129
1421 1420 0.0011
1420 1421 0.0011
264 1422 0.0028
263 1423 0.0115
1273 1423 0.0114
1280 1423 0.0257
1369 1424 0.004
1425 1424 0.0167
1430 1424 0.0176
1119 1425 0.0004
1424 1425 0.0167
1430 1425 0.0274
1132 1426 0.0054
1427 1426 0.0106
1431 1426 0.0173
1135 1427 0.0178
1378 1427 0.0085
1426 1427 0.0106
1428 1427 0.0221
1134 1428 0.0219
1427 1428 0.0221
1429 1428 0.0066
1428 1429 0.0066
1370 1430 0.0093
1424 1430 0.0176
1425 1430 0.0274
1132 1431 0.0041
1366 1431 0.0059
1371 1431 0.0014
1426 1431 0.0173
1366 1432 0.0028
1406 1433 0.014
1410 1433 0.0858
1413 1433 0.1338
1404 1434 0.037
1343 1435 0.001
1436 1435 0.0328
1438 1435 0.0124
1435 1436 0.0328
1445 1436 0.0204
1461 1436 0.015
1402 1437 0.0792
1516 1437 0.0052
1537 1437 0.0108
1435 1438 0.0124
1439 1438 0.0041
1442 1438 0.0072
1438 1439 0.0041
1440 1439 0.0073
1441 1439 0.0159
1450 1439 0.0008
1439 1440 0.0073
1451 1440 0.0224
1456 1440 0.0035
1439 1441 0.0159
1438 1442 0.0072
1443 1442 0.0102
1444 1442 0.0119
1442 1443 0.0102
1442 1444 0.0119
1436 1445 0.0204
1446 1445 0.0135
1447 1445 0.0084
1448 1445 0.0087
1445 1446 0.0135
1445 1447 0.0084
1445 1448 0.0087
1402 1449 0.0054
1439 1450 0.0008
1440 1451 0.0224
1452 1451 0.0064
1457 1451 0.002
1451 1452 0.0064
1453 1452 0.0129
1454 1452 0.0033
1452 1453 0.0129
1452 1454 0.0033
1455 1454 0.0013
1458 1454 0.0025
1454 1455 0.0013
1440 1456 0.0035
1457 1456 0.0114
1460 1456 0.0032
1451 1457 0.002
1456 1457 0.0114
1458 1457 0.007
1454 1458 0.0025
1457 1458 0.007
1459 1458 0.0101
1458 1459 0.0101
1456 1460 0.0032
1436 1461 0.015
1462 1461 0.0371
1463 1461 0.0115
1461 1462 0.0371
1414 1463 0.005
1461 1463 0.0115
1464 1463 0.015
1463 1464 0.015
879 1465 0.0065
890 1466 0.0079
911 1466 0.0072
1467 1466 0.006
901 1467 0.0015
902 1467 0.0099
1466 1467 0.006
889 1468 0.0015
890 1468 0.0031
891 1468 0.0075
1469 1468 0.0013
1470 1468 0.0023
1468 1469 0.0013
1468 1470 0.0023
201 1471 0.0181
1472 1471 0.0257
1477 1471 0.0079
1471 1472 0.0257
1473 1472 0.008
1474 1472 0.0131
205 1473 0.0031
957 1473 0.0039
1472 1473 0.008
1472 1474 0.0131
1475 1474 0.0124
1476 1474 0.0018
955 1475 0.0015
956 1475 0.0022
1474 1475 0.0124
1474 1476 0.0018
941 1477 0.0051
1471 1477 0.0079
1478 1477 0.0055
1477 1478 0.0055
259 1479 0.0072
260 1479 0.0236
1480 1479 0.025
1479 1480 0.025
1213 1481 0.0264
1221 1481 0.0038
1482 1481 0.0159
1481 1482 0.0159
1483 1482 0.0085
1484 1482 0.0081
1482 1483 0.0085
1482 1484 0.0081
1252 1485 0.0003
1253 1485 0.0025
1486 1485 0.0043
1487 1485 0.0082
1485 1486 0.0043
1485 1487 0.0082
1316 1488 0.0045
1321 1489 0.0036
1320 1490 0.0047
976 1491 0.0127
977 1491 0.03
1492 1491 0.0065
1491 1492 0.0065
1262 1493 0.0055
991 1494 0.0076
1263 1495 0.0039
1323 1496 0.0115
1282 1497 0.0216
1282 1498 0.0461
1274 1499 0.065
1500 1499 0.0441
1501 1499 0.0518
1502 1499 0.0512
1499 1500 0.0441
1499 1501 0.0518
1499 1502 0.0512
1274 1503 0.0414
1504 1503 0.035
1505 1503 0.12
1503 1504 0.035
1274 1505 0.049
1503 1505 0.12
1506 1505 0.1976
1283 1506 0.0409
1416 1506 0.0382
1505 1506 0.1976
1325 1507 0.021
1508 1507 0.0229
1509 1507 0.0416
1507 1508 0.0229
1326 1509 0.061
1507 1509 0.0416
1510 1509 0.0943
1511 1509 0.0515
1509 1510 0.0943
1509 1511 0.0515
1395 1512 0.0079
1513 1512 0.0425
1515 1512 0.2889
1512 1513 0.0425
1514 1513 0.0137
1520 1513 0.0133
1522 1513 0.0225
1513 1514 0.0137
1512 1515 0.2889
1516 1515 0.0316
1524 1515 0.0517
1437 1516 0.0052
1515 1516 0.0316
1517 1516 0.0278
1516 1517 0.0278
1518 1517 0.0342
1520 1517 0.0519
1517 1518 0.0342
1519 1518 0.0054
1523 1518 0.0146
1518 1519 0.0054
1513 1520 0.0133
1517 1520 0.0519
1521 1520 0.0035
1520 1521 0.0035
1513 1522 0.0225
1518 1523 0.0146
1515 1524 0.0517
1525 1524 0.0065
1526 1524 0.0235
1524 1525 0.0065
1524 1526 0.0235
1527 1526 0.0087
1528 1526 0.0422
1526 1527 0.0087
1526 1528 0.0422
1529 1528 0.01
1530 1528 0.0267
1528 1529 0.01
1528 1530 0.0267
1531 1530 0.0199
1532 1530 0.0167
1530 1531 0.0199
1530 1532 0.0167
1398 1533 0.1753
1534 1533 0.0218
1535 1533 0.0716
1533 1534 0.0218
1533 1535 0.0716
1398 1536 0.063
1437 1537 0.0108
1538 1537 0.0158
1539 1537 0.0296
1537 1538 0.0158
1537 1539 0.0296
1321 1540 0.0037
262 1541 0.0234
1271 1541 0.0149
1272 1541 0.0663
