64 1 0.0217
297 1 0.0036
301 1 0.0012
3 2 0.0308
77 2 0.0183
100 2 0.0014
106 2 0.0192
152 2 0.0016
167 2 0.0062
169 2 0.0027
170 2 0.0014
174 2 0.0016
2 3 0.0308
4 3 0.0029
5 3 0.0018
3 4 0.0029
5 4 0.0037
21 4 0.0045
3 5 0.0018
4 5 0.0037
6 5 0.002
13 5 0.006
59 5 0.0008
5 6 0.002
7 6 0.0028
13 6 0.0045
14 6 0.0236
6 7 0.0028
8 7 0.0025
17 7 0.0049
7 8 0.0025
10 8 0.0015
59 8 0.0008
68 9 0.0042
112 9 0.0023
178 9 0.0012
8 10 0.0015
11 10 0.0059
19 10 0.0092
20 10 0.0035
10 11 0.0059
75 11 0.0007
81 11 0.0009
179 12 0.0007
226 12 0.0027
284 12 0.0036
5 13 0.006
6 13 0.0045
14 13 0.0041
6 14 0.0236
13 14 0.0041
15 14 0.0183
14 15 0.0183
17 15 0.0024
32 15 0.0016
18 16 0.0028
62 16 0.0016
195 16 0.0016
314 16 0.0024
7 17 0.0049
15 17 0.0024
19 17 0.0013
51 17 0.0008
16 18 0.0028
62 18 0.0013
90 18 0.0036
10 19 0.0092
17 19 0.0013
20 19 0.0022
10 20 0.0035
19 20 0.0022
27 20 0.0007
4 21 0.0045
22 21 0.0008
24 21 0.0015
55 21 0.0006
21 22 0.0008
300 23 0.0041
21 24 0.0015
26 24 0.0008
28 24 0.0014
256 25 0.0011
24 26 0.0008
20 27 0.0007
24 28 0.0014
29 28 0.0046
89 28 0.0015
28 29 0.0046
89 29 0.0019
91 29 0.0012
283 30 0.0015
60 31 0.0014
149 31 0.0018
184 31 0.0046
245 31 0.0046
15 32 0.0016
33 32 0.0014
35 32 0.0005
37 32 0.0035
32 33 0.0014
61 33 0.0008
203 33 0.0005
172 34 0.001
184 34 0.0014
246 34 0.0007
283 34 0.0032
32 35 0.0005
76 35 0.0003
205 35 0.0003
163 36 0.0009
172 36 0.0086
252 36 0.0009
32 37 0.0035
40 37 0.0006
44 37 0.0031
43 38 0.0005
239 39 0.0013
241 39 0.006
245 39 0.0022
37 40 0.0006
41 40 0.0046
209 40 0.0003
40 41 0.0046
71 41 0.001
87 41 0.0019
53 42 0.001
38 43 0.0005
88 43 0.0014
307 43 0.0018
37 44 0.0031
47 44 0.0011
66 44 0.0006
308 45 0.0016
240 46 0.0011
44 47 0.0011
51 47 0.0015
66 47 0.0056
207 47 0.0006
49 48 0.0014
52 48 0.0008
224 48 0.0032
48 49 0.0014
113 50 0.0014
264 50 0.0009
275 50 0.0005
17 51 0.0008
47 51 0.0015
72 51 0.0009
48 52 0.0008
42 53 0.001
54 53 0.001
236 53 0.0014
262 53 0.001
53 54 0.001
21 55 0.0006
57 55 0.0008
227 55 0.0006
160 56 0.0005
253 56 0.0026
262 56 0.0017
55 57 0.0008
262 58 0.0019
5 59 0.0008
8 59 0.0008
73 59 0.0004
31 60 0.0014
33 61 0.0008
16 62 0.0016
18 62 0.0013
193 62 0.0028
236 63 0.0005
1 64 0.0217
290 64 0.001
295 64 0.0165
301 64 0.0015
302 64 0.0125
316 64 0.0017
70 65 0.0007
77 65 0.0007
82 65 0.0011
44 66 0.0006
47 66 0.0056
67 66 0.0036
69 66 0.0012
66 67 0.0036
9 68 0.0042
250 68 0.0033
290 68 0.001
66 69 0.0012
65 70 0.0007
41 71 0.001
51 72 0.0009
59 73 0.0004
87 74 0.0013
11 75 0.0007
80 75 0.0008
210 75 0.0006
215 75 0.0005
35 76 0.0003
2 77 0.0183
65 77 0.0007
95 77 0.0003
117 78 0.0012
142 79 0.0007
75 80 0.0008
217 80 0.002
218 80 0.0018
11 81 0.0009
83 81 0.001
310 81 0.0006
65 82 0.0011
85 82 0.0007
86 82 0.0012
81 83 0.001
208 83 0.0032
311 83 0.0008
290 84 0.0007
82 85 0.0007
82 86 0.0012
93 86 0.0007
95 86 0.0009
151 86 0.0006
41 87 0.0019
74 87 0.0013
183 87 0.0007
43 88 0.0014
28 89 0.0015
29 89 0.0019
289 89 0.0006
291 89 0.0015
18 90 0.0036
29 91 0.0012
94 91 0.0013
287 91 0.0023
105 92 0.0005
124 92 0.0007
228 92 0.0019
287 92 0.0019
86 93 0.0007
91 94 0.0013
97 94 0.0006
230 94 0.0004
77 95 0.0003
86 95 0.0009
96 95 0.0004
95 96 0.0004
94 97 0.0006
181 98 0.0024
264 98 0.0058
265 98 0.0013
152 99 0.0013
153 99 0.0144
186 99 0.0081
202 99 0.0007
2 100 0.0014
102 100 0.0015
103 100 0.0008
157 101 0.0022
100 102 0.0015
103 102 0.0019
120 102 0.0024
100 103 0.0008
102 103 0.0019
105 103 0.0029
116 104 0.0007
92 105 0.0005
103 105 0.0029
287 105 0.0007
2 106 0.0192
107 106 0.0017
129 106 0.0006
106 107 0.0017
109 107 0.0013
110 107 0.0039
189 108 0.0032
107 109 0.0013
110 109 0.0023
119 109 0.0003
272 109 0.0006
107 110 0.0039
109 110 0.0023
111 110 0.0009
110 111 0.0009
114 111 0.0003
126 111 0.0031
278 111 0.0013
9 112 0.0023
250 112 0.0068
313 112 0.0023
50 113 0.0014
111 114 0.0003
116 115 0.0054
132 115 0.0007
281 115 0.0007
104 116 0.0007
115 116 0.0054
117 116 0.002
78 117 0.0012
116 117 0.002
285 117 0.0005
184 118 0.0026
109 119 0.0003
102 120 0.0024
121 120 0.0015
288 120 0.0017
120 121 0.0015
123 121 0.0004
124 121 0.0024
132 122 0.0007
121 123 0.0004
231 123 0.0007
233 123 0.0006
92 124 0.0007
121 124 0.0024
125 124 0.0007
228 124 0.0003
124 125 0.0007
111 126 0.0031
127 126 0.001
277 126 0.0016
126 127 0.001
292 128 0.0014
106 129 0.0006
130 129 0.0036
140 129 0.0013
129 130 0.0036
134 130 0.0014
194 130 0.0089
148 131 0.0007
115 132 0.0007
122 132 0.0007
194 132 0.0006
144 133 0.0019
232 133 0.0015
292 133 0.002
130 134 0.0014
135 134 0.0006
136 134 0.002
134 135 0.0006
134 136 0.002
137 136 0.0011
138 136 0.0022
136 137 0.0011
136 138 0.0022
139 138 0.0011
145 138 0.0008
138 139 0.0011
129 140 0.0013
141 140 0.0015
166 140 0.001
140 141 0.0015
142 141 0.0012
234 141 0.0034
79 142 0.0007
141 142 0.0012
144 142 0.0006
234 143 0.0006
133 144 0.0019
142 144 0.0006
292 144 0.0008
138 145 0.0008
147 145 0.0005
148 145 0.0097
155 146 0.001
145 147 0.0005
131 148 0.0007
145 148 0.0097
150 148 0.0005
31 149 0.0018
148 150 0.0005
86 151 0.0006
2 152 0.0016
99 152 0.0013
153 152 0.0012
99 153 0.0144
152 153 0.0012
154 153 0.0007
186 153 0.0042
247 153 0.0009
153 154 0.0007
155 154 0.0027
160 154 0.0053
166 154 0.0015
146 155 0.001
154 155 0.0027
236 155 0.0007
237 155 0.0047
268 156 0.0011
101 157 0.0022
158 157 0.0007
161 157 0.0015
186 157 0.0062
157 158 0.0007
159 158 0.001
164 158 0.0069
165 158 0.0015
158 159 0.001
160 159 0.0011
238 159 0.0021
56 160 0.0005
154 160 0.0053
159 160 0.0011
157 161 0.0015
162 161 0.0017
164 161 0.0009
161 162 0.0017
163 162 0.0019
244 162 0.0015
36 163 0.0009
162 163 0.0019
247 163 0.0007
158 164 0.0069
161 164 0.0009
165 164 0.0021
242 164 0.0056
158 165 0.0015
164 165 0.0021
239 165 0.0018
140 166 0.001
154 166 0.0015
234 166 0.0038
2 167 0.0062
168 167 0.0058
199 167 0.0035
167 168 0.0058
169 168 0.0052
193 168 0.0011
2 169 0.0027
168 169 0.0052
188 169 0.0011
2 170 0.0014
171 170 0.018
191 170 0.0014
170 171 0.018
173 171 0.0063
178 171 0.001
313 171 0.0009
34 172 0.001
36 172 0.0086
246 172 0.0031
171 173 0.0063
2 174 0.0016
175 174 0.009
201 174 0.0059
174 175 0.009
176 175 0.0022
199 175 0.0018
175 176 0.0022
177 176 0.0045
201 176 0.0023
176 177 0.0045
252 177 0.0016
258 177 0.0027
9 178 0.0012
171 178 0.001
179 178 0.0059
12 179 0.0007
178 179 0.0059
180 179 0.0012
181 179 0.0007
179 180 0.0012
182 180 0.0007
282 180 0.0022
98 181 0.0024
179 181 0.0007
264 181 0.005
180 182 0.0007
87 183 0.0007
31 184 0.0046
34 184 0.0014
118 184 0.0026
187 185 0.0016
250 185 0.0059
313 185 0.0028
99 186 0.0081
153 186 0.0042
157 186 0.0062
185 187 0.0016
293 187 0.0031
296 187 0.0019
169 188 0.0011
189 188 0.0022
195 188 0.0036
108 189 0.0032
188 189 0.0022
190 189 0.002
191 189 0.0021
189 190 0.002
300 190 0.0011
303 190 0.0017
170 191 0.0014
189 191 0.0021
192 191 0.0024
191 192 0.0024
62 193 0.0028
168 193 0.0011
195 193 0.0008
130 194 0.0089
132 194 0.0006
269 194 0.0005
16 195 0.0016
188 195 0.0036
193 195 0.0008
196 195 0.003
195 196 0.003
197 196 0.0024
314 196 0.0015
196 197 0.0024
198 197 0.0043
303 197 0.0019
197 198 0.0043
306 198 0.002
307 198 0.0016
167 199 0.0035
175 199 0.0018
200 199 0.0006
199 200 0.0006
174 201 0.0059
176 201 0.0023
202 201 0.0015
99 202 0.0007
201 202 0.0015
248 202 0.0021
33 203 0.0005
205 203 0.0012
206 203 0.0038
253 204 0.0012
35 205 0.0003
203 205 0.0012
220 205 0.0005
203 206 0.0038
221 206 0.0003
222 206 0.0009
47 207 0.0006
83 208 0.0032
40 209 0.0003
75 210 0.0006
211 210 0.0033
213 210 0.0005
210 211 0.0033
212 211 0.0005
214 211 0.0004
211 212 0.0005
210 213 0.0005
211 214 0.0004
75 215 0.0005
216 215 0.0006
225 215 0.0006
215 216 0.0006
80 217 0.002
80 218 0.0018
219 218 0.0003
223 218 0.0004
218 219 0.0003
205 220 0.0005
206 221 0.0003
206 222 0.0009
218 223 0.0004
48 224 0.0032
238 224 0.0021
240 224 0.0013
215 225 0.0006
12 226 0.0027
55 227 0.0006
92 228 0.0019
124 228 0.0003
229 228 0.0005
228 229 0.0005
94 230 0.0004
123 231 0.0007
133 232 0.0015
123 233 0.0006
141 234 0.0034
143 234 0.0006
166 234 0.0038
235 234 0.0012
234 235 0.0012
53 236 0.0014
63 236 0.0005
155 236 0.0007
155 237 0.0047
159 238 0.0021
224 238 0.0021
253 238 0.0017
39 239 0.0013
165 239 0.0018
240 239 0.0043
46 240 0.0011
224 240 0.0013
239 240 0.0043
39 241 0.006
164 242 0.0056
243 242 0.001
245 242 0.0008
242 243 0.001
162 244 0.0015
245 244 0.0023
246 244 0.0038
31 245 0.0046
39 245 0.0022
242 245 0.0008
244 245 0.0023
34 246 0.0007
172 246 0.0031
244 246 0.0038
153 247 0.0009
163 247 0.0007
248 247 0.006
202 248 0.0021
247 248 0.006
249 248 0.0009
248 249 0.0009
68 250 0.0033
112 250 0.0068
185 250 0.0059
298 250 0.0038
255 251 0.0012
36 252 0.0009
177 252 0.0016
254 252 0.0043
56 253 0.0026
204 253 0.0012
238 253 0.0017
252 254 0.0043
255 254 0.0014
256 254 0.0019
259 254 0.0024
251 255 0.0012
254 255 0.0014
283 255 0.0053
25 256 0.0011
254 256 0.0019
257 256 0.0038
259 256 0.001
261 256 0.0021
256 257 0.0038
177 258 0.0027
259 258 0.004
263 258 0.001
254 259 0.0024
256 259 0.001
258 259 0.004
260 259 0.0011
259 260 0.0011
256 261 0.0021
286 261 0.0021
312 261 0.0017
53 262 0.001
56 262 0.0017
58 262 0.0019
258 263 0.001
50 264 0.0009
98 264 0.0058
181 264 0.005
275 264 0.0011
98 265 0.0013
266 265 0.0017
268 265 0.0026
274 265 0.0004
265 266 0.0017
267 266 0.0006
280 266 0.0012
266 267 0.0006
156 268 0.0011
265 268 0.0026
270 268 0.0015
194 269 0.0005
268 270 0.0015
271 270 0.0015
273 270 0.0018
279 270 0.0013
270 271 0.0015
109 272 0.0006
270 273 0.0018
265 274 0.0004
50 275 0.0005
264 275 0.0011
276 275 0.0015
275 276 0.0015
126 277 0.0016
111 278 0.0013
270 279 0.0013
266 280 0.0012
115 281 0.0007
180 282 0.0022
30 283 0.0015
34 283 0.0032
255 283 0.0053
12 284 0.0036
117 285 0.0005
261 286 0.0021
91 287 0.0023
92 287 0.0019
105 287 0.0007
120 288 0.0017
89 289 0.0006
64 290 0.001
68 290 0.001
84 290 0.0007
302 290 0.0012
89 291 0.0015
128 292 0.0014
133 292 0.002
144 292 0.0008
187 293 0.0031
294 293 0.0012
298 293 0.0016
293 294 0.0012
295 294 0.0024
302 294 0.0022
64 295 0.0165
294 295 0.0024
297 295 0.0033
187 296 0.0019
297 296 0.0023
318 296 0.002
1 297 0.0036
295 297 0.0033
296 297 0.0023
250 298 0.0038
293 298 0.0016
299 298 0.0023
298 299 0.0023
23 300 0.0041
190 300 0.0011
301 300 0.0016
1 301 0.0012
64 301 0.0015
300 301 0.0016
64 302 0.0125
290 302 0.0012
294 302 0.0022
190 303 0.0017
197 303 0.0019
304 303 0.0035
303 304 0.0035
305 304 0.0007
316 304 0.0009
304 305 0.0007
198 306 0.002
43 307 0.0018
198 307 0.0016
308 307 0.0027
45 308 0.0016
307 308 0.0027
309 308 0.001
308 309 0.001
81 310 0.0006
83 311 0.0008
261 312 0.0017
112 313 0.0023
171 313 0.0009
185 313 0.0028
16 314 0.0024
196 314 0.0015
315 314 0.0021
314 315 0.0021
64 316 0.0017
304 316 0.0009
317 316 0.0011
316 317 0.0011
296 318 0.002
