569 1 0.0013
570 1 0.0004
572 1 0.0003
3 2 0.0022
11 2 0.0001
13 2 0.0001
21 2 0.0028
55 2 0.0001
357 2 0.0001
526 2 0.0043
529 2 0.0026
532 2 0.0024
2 3 0.0022
193 3 0.0005
194 3 0.0003
8 4 0.0001
144 4 0.0002
194 4 0.0003
6 5 0.0011
59 5 0.0001
572 5 0.0002
5 6 0.0011
59 6 0.0001
127 6 0.0005
158 7 0.0011
4 8 0.0001
9 8 0.0002
10 8 0.0005
132 8 0.0001
8 9 0.0002
8 10 0.0005
126 10 0.0001
136 10 0.0002
2 11 0.0001
12 11 0.0002
24 11 0.0
11 12 0.0002
18 12 0.0002
59 12 0.0
2 13 0.0001
14 13 0.0003
410 13 0.0001
13 14 0.0003
15 14 0.0001
16 14 0.0005
410 14 0.0001
14 15 0.0001
121 15 0.0002
409 15 0.0004
14 16 0.0005
17 16 0.0003
19 16 0.0002
16 17 0.0003
113 17 0.0001
116 17 0.0006
12 18 0.0002
20 18 0.0001
27 18 0.0002
16 19 0.0002
113 19 0.0001
130 19 0.0027
18 20 0.0001
29 20 0.0003
59 20 0.0001
2 21 0.0028
343 21 0.001
524 21 0.0006
23 22 0.0002
30 22 0.0005
524 22 0.0012
22 23 0.0002
94 23 0.0001
340 23 0.0003
11 24 0.0
26 24 0.0005
170 24 0.0002
70 25 0.0002
103 25 0.0002
340 25 0.0004
24 26 0.0005
28 26 0.0003
59 26 0.0001
18 27 0.0002
28 27 0.0009
32 27 0.0015
26 28 0.0003
27 28 0.0009
29 28 0.001
20 29 0.0003
28 29 0.001
59 29 0.0001
22 30 0.0005
31 30 0.001
36 30 0.0003
112 30 0.0002
30 31 0.001
33 31 0.0003
335 31 0.0004
27 32 0.0015
31 33 0.0003
34 33 0.001
75 33 0.0011
76 33 0.0004
33 34 0.001
35 34 0.0002
76 34 0.0007
34 35 0.0002
79 35 0.0005
90 35 0.0002
30 36 0.0003
38 36 0.0011
356 36 0.0003
47 37 0.0008
170 37 0.001
567 37 0.0001
36 38 0.0011
40 38 0.0005
108 38 0.0017
59 39 0.0014
215 39 0.0002
567 39 0.0005
38 40 0.0005
42 41 0.0008
343 41 0.0007
354 41 0.0003
41 42 0.0008
43 42 0.0003
350 42 0.0002
351 42 0.0001
42 43 0.0003
44 43 0.0006
353 43 0.0003
43 44 0.0006
45 44 0.0012
353 44 0.0006
44 45 0.0012
48 45 0.0003
50 45 0.0013
47 46 0.0005
170 46 0.0006
203 46 0.0002
37 47 0.0008
46 47 0.0005
215 47 0.0005
567 47 0.0002
45 48 0.0003
49 48 0.0004
494 48 0.0003
48 49 0.0004
45 50 0.0013
51 50 0.0002
54 50 0.0008
493 50 0.0001
50 51 0.0002
52 51 0.0005
53 51 0.0004
51 52 0.0005
51 53 0.0004
483 53 0.0004
485 53 0.0002
50 54 0.0008
2 55 0.0001
56 55 0.0003
69 55 0.0001
55 56 0.0003
57 56 0.0022
60 56 0.0003
56 57 0.0022
58 57 0.0004
230 57 0.0002
231 57 0.0004
57 58 0.0004
61 58 0.0003
236 58 0.0009
5 59 0.0001
6 59 0.0001
12 59 0.0
20 59 0.0001
26 59 0.0001
29 59 0.0001
39 59 0.0014
143 59 0.0024
215 59 0.0001
571 59 0.0003
56 60 0.0003
58 61 0.0003
62 61 0.0003
64 61 0.0006
67 61 0.0002
247 61 0.0003
61 62 0.0003
63 62 0.0006
287 62 0.0001
62 63 0.0006
64 63 0.0002
288 63 0.0001
61 64 0.0006
63 64 0.0002
65 64 0.001
64 65 0.001
66 65 0.0002
289 65 0.0007
290 65 0.0003
65 66 0.0002
274 66 0.0001
278 66 0.0002
281 66 0.0001
289 66 0.0004
61 67 0.0002
68 67 0.0002
322 67 0.0001
67 68 0.0002
261 68 0.0004
262 68 0.0004
55 69 0.0001
74 69 0.0002
314 69 0.0004
25 70 0.0002
263 71 0.0001
314 71 0.0004
327 71 0.0002
122 72 0.0001
129 73 0.0001
69 74 0.0002
33 75 0.0011
78 75 0.0002
112 75 0.0003
335 75 0.0004
33 76 0.0004
34 76 0.0007
77 76 0.0001
78 76 0.0004
76 77 0.0001
75 78 0.0002
76 78 0.0004
93 78 0.0
35 79 0.0005
80 79 0.0028
90 79 0.0004
79 80 0.0028
81 80 0.0002
85 80 0.0008
80 81 0.0002
82 81 0.0005
83 81 0.0002
81 82 0.0005
381 82 0.0001
382 82 0.0001
81 83 0.0002
84 83 0.0003
378 83 0.0004
83 84 0.0003
80 85 0.0008
86 85 0.0004
88 85 0.0002
85 86 0.0004
87 86 0.0001
362 86 0.0001
86 87 0.0001
361 87 0.0001
363 87 0.0001
85 88 0.0002
89 88 0.0011
364 88 0.0
375 88 0.0001
88 89 0.0011
364 89 0.0
367 89 0.0004
35 90 0.0002
79 90 0.0004
91 90 0.0007
90 91 0.0007
92 91 0.0006
360 91 0.0001
91 92 0.0006
358 92 0.0
359 92 0.0001
78 93 0.0
23 94 0.0001
95 94 0.0001
96 94 0.0003
383 94 0.0001
94 95 0.0001
94 96 0.0003
384 96 0.0001
388 96 0.0
510 96 0.0
98 97 0.0002
104 97 0.0002
130 97 0.0004
401 97 0.0
97 98 0.0002
99 98 0.0006
102 98 0.0002
98 99 0.0006
100 99 0.0007
101 99 0.0007
99 100 0.0007
99 101 0.0007
98 102 0.0002
25 103 0.0002
97 104 0.0002
105 104 0.0001
106 104 0.0006
104 105 0.0001
104 106 0.0006
107 106 0.0002
387 106 0.0
389 106 0.0
106 107 0.0002
390 107 0.0003
397 107 0.0002
38 108 0.0017
109 108 0.0021
111 108 0.0002
108 109 0.0021
110 109 0.0003
315 109 0.0001
109 110 0.0003
108 111 0.0002
30 112 0.0002
75 112 0.0003
337 112 0.0002
17 113 0.0001
19 113 0.0001
114 113 0.0001
401 113 0.0001
113 114 0.0001
115 114 0.0004
402 114 0.0
114 115 0.0004
17 116 0.0006
117 116 0.0003
120 116 0.0004
116 117 0.0003
118 117 0.0005
119 117 0.0005
408 117 0.0001
117 118 0.0005
117 119 0.0005
116 120 0.0004
15 121 0.0002
403 121 0.0001
409 121 0.0003
72 122 0.0001
123 122 0.0003
409 122 0.0001
122 123 0.0003
124 123 0.0003
321 123 0.0001
123 124 0.0003
410 125 0.0001
10 126 0.0001
128 126 0.0002
129 126 0.0001
406 126 0.0001
6 127 0.0005
143 127 0.0003
571 127 0.0014
126 128 0.0002
73 129 0.0001
126 129 0.0001
406 129 0.0003
19 130 0.0027
97 130 0.0004
131 130 0.0001
130 131 0.0001
8 132 0.0001
133 132 0.0002
441 132 0.0001
132 133 0.0002
134 133 0.0002
135 133 0.0006
133 134 0.0002
437 134 0.0004
440 134 0.0001
133 135 0.0006
435 135 0.0002
436 135 0.0001
10 136 0.0002
137 136 0.0006
141 136 0.0001
405 136 0.0
136 137 0.0006
138 137 0.0002
139 137 0.0001
137 138 0.0002
428 138 0.0001
429 138 0.0001
441 138 0.0002
137 139 0.0001
140 139 0.0003
424 139 0.0001
139 140 0.0003
419 140 0.0
424 140 0.0003
136 141 0.0001
142 141 0.0005
414 141 0.0001
141 142 0.0005
411 142 0.0001
422 142 0.0
59 143 0.0024
127 143 0.0003
571 143 0.0003
4 144 0.0002
145 144 0.0003
158 144 0.0006
144 145 0.0003
146 145 0.0003
147 145 0.0003
151 145 0.0003
145 146 0.0003
148 146 0.0002
157 146 0.0003
145 147 0.0003
146 148 0.0002
149 148 0.0004
150 148 0.0001
148 149 0.0004
148 150 0.0001
145 151 0.0003
152 151 0.0001
156 151 0.0001
151 152 0.0001
153 152 0.0003
154 152 0.0008
152 153 0.0003
155 153 0.0013
438 153 0.0002
152 154 0.0008
153 155 0.0013
151 156 0.0001
146 157 0.0003
7 158 0.0011
144 158 0.0006
159 158 0.0002
158 159 0.0002
160 159 0.0003
171 159 0.0003
159 160 0.0003
161 160 0.0002
162 160 0.0009
167 160 0.0001
160 161 0.0002
160 162 0.0009
163 162 0.0011
164 162 0.0003
165 162 0.0002
162 163 0.0011
162 164 0.0003
162 165 0.0002
166 165 0.0006
439 165 0.0001
165 166 0.0006
160 167 0.0001
168 167 0.0002
169 167 0.0003
167 168 0.0002
459 168 0.0003
460 168 0.0001
167 169 0.0003
446 169 0.0002
449 169 0.0001
452 169 0.0006
24 170 0.0002
37 170 0.001
46 170 0.0006
159 171 0.0003
172 171 0.0004
462 171 0.0001
171 172 0.0004
173 172 0.0004
175 172 0.0006
172 173 0.0004
174 173 0.0018
518 173 0.0001
173 174 0.0018
177 174 0.001
184 174 0.0003
188 174 0.0005
192 174 0.0001
208 174 0.0001
172 175 0.0006
176 175 0.0002
462 175 0.0001
175 176 0.0002
174 177 0.001
178 177 0.0001
179 177 0.0006
177 178 0.0001
177 179 0.0006
180 179 0.0001
181 179 0.0004
179 180 0.0001
179 181 0.0004
182 181 0.0002
183 181 0.0002
181 182 0.0002
181 183 0.0002
174 184 0.0003
185 184 0.0007
470 184 0.0001
184 185 0.0007
186 185 0.0005
187 185 0.0006
185 186 0.0005
185 187 0.0006
174 188 0.0005
189 188 0.0002
190 188 0.0004
188 189 0.0002
188 190 0.0004
191 190 0.0005
466 190 0.0002
190 191 0.0005
174 192 0.0001
521 192 0.0001
522 192 0.0001
3 193 0.0005
194 193 0.0005
195 193 0.0004
3 194 0.0003
4 194 0.0003
193 194 0.0005
195 194 0.0005
193 195 0.0004
194 195 0.0005
196 195 0.0006
195 196 0.0006
197 196 0.0023
201 196 0.0012
196 197 0.0023
198 197 0.0009
209 197 0.0009
197 198 0.0009
199 198 0.0009
209 198 0.0007
198 199 0.0009
200 199 0.0022
220 199 0.0005
199 200 0.0022
202 200 0.0006
220 200 0.001
537 200 0.0014
196 201 0.0012
202 201 0.001
209 201 0.0042
200 202 0.0006
201 202 0.001
204 202 0.0003
209 202 0.0008
46 203 0.0002
230 203 0.0001
241 203 0.0001
202 204 0.0003
206 205 0.0012
210 205 0.0002
537 205 0.0017
205 206 0.0012
207 206 0.0003
537 206 0.0007
206 207 0.0003
208 207 0.0015
212 207 0.0011
174 208 0.0001
207 208 0.0015
213 208 0.0006
197 209 0.0009
198 209 0.0007
201 209 0.0042
202 209 0.0008
205 210 0.0002
211 210 0.0003
212 210 0.0007
210 211 0.0003
207 212 0.0011
210 212 0.0007
213 212 0.0007
208 213 0.0006
212 213 0.0007
214 213 0.0003
213 214 0.0003
216 214 0.0002
217 214 0.0001
39 215 0.0002
47 215 0.0005
59 215 0.0001
214 216 0.0002
218 216 0.0001
219 216 0.0009
214 217 0.0001
216 218 0.0001
216 219 0.0009
199 220 0.0005
200 220 0.001
221 220 0.002
227 220 0.0003
220 221 0.002
222 221 0.0013
537 221 0.0006
221 222 0.0013
223 222 0.0007
225 222 0.0011
222 223 0.0007
224 223 0.0008
225 223 0.0019
223 224 0.0008
227 224 0.0006
568 224 0.0012
222 225 0.0011
223 225 0.0019
226 225 0.0006
225 226 0.0006
220 227 0.0003
224 227 0.0006
228 227 0.0011
227 228 0.0011
229 228 0.0007
572 228 0.0003
228 229 0.0007
57 230 0.0002
203 230 0.0001
239 230 0.0002
57 231 0.0004
232 231 0.0005
233 231 0.0002
231 232 0.0005
233 232 0.0006
235 232 0.0002
231 233 0.0002
232 233 0.0006
234 233 0.0004
237 233 0.0005
233 234 0.0004
235 234 0.0003
237 234 0.0013
232 235 0.0002
234 235 0.0003
239 235 0.0012
240 235 0.0004
244 235 0.0002
58 236 0.0009
237 236 0.0003
238 236 0.0001
233 237 0.0005
234 237 0.0013
236 237 0.0003
236 238 0.0001
230 239 0.0002
235 239 0.0012
240 239 0.0004
235 240 0.0004
239 240 0.0004
241 240 0.0011
203 241 0.0001
240 241 0.0011
242 241 0.0009
306 241 0.0003
241 242 0.0009
243 242 0.0003
306 242 0.0003
242 243 0.0003
303 243 0.0001
304 243 0.0002
235 244 0.0002
245 244 0.0002
246 244 0.0001
244 245 0.0002
301 245 0.0001
302 245 0.0002
244 246 0.0001
299 246 0.0003
300 246 0.0002
61 247 0.0003
248 247 0.0002
250 247 0.0003
257 247 0.0005
289 247 0.0031
247 248 0.0002
249 248 0.0006
548 248 0.0
248 249 0.0006
247 250 0.0003
251 250 0.0005
252 250 0.0006
255 250 0.0004
256 250 0.0005
250 251 0.0005
313 251 0.0001
318 251 0.0001
250 252 0.0006
253 252 0.0006
254 252 0.0003
252 253 0.0006
252 254 0.0003
250 255 0.0004
250 256 0.0005
265 256 0.0001
317 256 0.0001
247 257 0.0005
258 257 0.0004
273 257 0.0002
257 258 0.0004
259 258 0.0006
553 258 0.0
258 259 0.0006
268 259 0.0002
270 259 0.0
271 259 0.0004
314 260 0.0003
68 261 0.0004
68 262 0.0004
71 263 0.0001
327 264 0.0003
329 264 0.0013
331 264 0.0007
256 265 0.0001
266 265 0.0022
312 265 0.0002
265 266 0.0022
267 266 0.0002
309 266 0.0001
266 267 0.0002
308 267 0.0001
547 267 0.0
259 268 0.0002
269 268 0.0001
271 268 0.0007
268 269 0.0001
549 269 0.0001
552 269 0.0001
259 270 0.0
259 271 0.0004
268 271 0.0007
272 271 0.0002
271 272 0.0002
257 273 0.0002
274 273 0.0003
276 273 0.0001
66 274 0.0001
273 274 0.0003
275 274 0.0001
276 274 0.0001
280 274 0.0
289 274 0.0001
274 275 0.0001
273 276 0.0001
274 276 0.0001
277 276 0.0003
276 277 0.0003
66 278 0.0002
279 278 0.0
284 278 0.0003
278 279 0.0
274 280 0.0
66 281 0.0001
282 281 0.0002
283 281 0.0002
281 282 0.0002
281 283 0.0002
278 284 0.0003
285 284 0.0004
286 284 0.0001
284 285 0.0004
284 286 0.0001
62 287 0.0001
63 288 0.0001
295 288 0.0005
296 288 0.0003
65 289 0.0007
66 289 0.0004
247 289 0.0031
274 289 0.0001
65 290 0.0003
291 290 0.0001
294 290 0.0001
290 291 0.0001
292 291 0.001
293 291 0.0009
291 292 0.001
291 293 0.0009
290 294 0.0001
288 295 0.0005
288 296 0.0003
297 296 0.0002
298 296 0.0001
296 297 0.0002
296 298 0.0001
246 299 0.0003
246 300 0.0002
245 301 0.0001
245 302 0.0002
243 303 0.0001
243 304 0.0002
305 304 0.0002
555 304 0.0001
304 305 0.0002
241 306 0.0003
242 306 0.0003
307 306 0.0001
306 307 0.0001
554 307 0.0001
556 307 0.0002
267 308 0.0001
266 309 0.0001
310 309 0.0003
311 309 0.0001
544 309 0.0001
309 310 0.0003
309 311 0.0001
265 312 0.0002
251 313 0.0001
316 313 0.0001
543 313 0.0
69 314 0.0004
71 314 0.0004
260 314 0.0003
109 315 0.0001
313 316 0.0001
256 317 0.0001
251 318 0.0001
319 318 0.0001
320 318 0.001
318 319 0.0001
318 320 0.001
539 320 0.0
542 320 0.0001
123 321 0.0001
67 322 0.0001
323 322 0.0004
326 322 0.001
322 323 0.0004
324 323 0.0005
326 323 0.0008
540 323 0.0002
323 324 0.0005
540 325 0.0004
322 326 0.001
323 326 0.0008
333 326 0.0003
71 327 0.0002
264 327 0.0003
328 327 0.0001
327 328 0.0001
264 329 0.0013
330 329 0.0001
332 329 0.0002
329 330 0.0001
264 331 0.0007
332 331 0.0001
333 331 0.0005
329 332 0.0002
331 332 0.0001
538 332 0.0001
326 333 0.0003
331 333 0.0005
334 333 0.0003
333 334 0.0003
31 335 0.0004
75 335 0.0004
336 335 0.0005
335 336 0.0005
112 337 0.0002
354 337 0.0001
480 337 0.0008
339 338 0.0004
340 338 0.0002
524 338 0.0002
338 339 0.0004
23 340 0.0003
25 340 0.0004
338 340 0.0002
341 340 0.0003
342 340 0.0004
340 341 0.0003
340 342 0.0004
21 343 0.001
41 343 0.0007
344 343 0.0001
525 343 0.0002
343 344 0.0001
345 344 0.0014
346 344 0.0012
347 344 0.0003
344 345 0.0014
344 346 0.0012
344 347 0.0003
348 347 0.0005
349 347 0.0029
347 348 0.0005
347 349 0.0029
42 350 0.0002
42 351 0.0001
352 351 0.0005
353 351 0.0005
351 352 0.0005
488 352 0.0002
491 352 0.0001
43 353 0.0003
44 353 0.0006
351 353 0.0005
41 354 0.0003
337 354 0.0001
355 354 0.0005
354 355 0.0005
36 356 0.0003
2 357 0.0001
92 358 0.0
92 359 0.0001
499 359 0.0001
500 359 0.0001
91 360 0.0001
497 360 0.0
498 360 0.0001
87 361 0.0001
86 362 0.0001
87 363 0.0001
88 364 0.0
89 364 0.0
365 364 0.0007
364 365 0.0007
366 365 0.0002
566 365 0.0004
365 366 0.0002
89 367 0.0004
368 367 0.0007
369 367 0.0004
367 368 0.0007
367 369 0.0004
370 369 0.0005
374 369 0.0002
369 370 0.0005
371 370 0.0002
372 370 0.0001
370 371 0.0002
370 372 0.0001
373 372 0.0002
501 372 0.0
372 373 0.0002
369 374 0.0002
88 375 0.0001
376 375 0.0001
502 375 0.0
375 376 0.0001
377 376 0.0005
378 376 0.0001
379 376 0.0002
376 377 0.0005
83 378 0.0004
376 378 0.0001
380 378 0.0001
376 379 0.0002
378 380 0.0001
82 381 0.0001
82 382 0.0001
94 383 0.0001
96 384 0.0001
385 384 0.0001
386 384 0.0001
502 384 0.0001
384 385 0.0001
384 386 0.0001
106 387 0.0
96 388 0.0
106 389 0.0
107 390 0.0003
391 390 0.0001
396 390 0.0
390 391 0.0001
392 391 0.0006
393 391 0.0004
391 392 0.0006
391 393 0.0004
394 393 0.0002
395 393 0.0001
393 394 0.0002
393 395 0.0001
390 396 0.0
107 397 0.0002
398 397 0.0001
399 397 0.0003
397 398 0.0001
397 399 0.0003
400 399 0.0002
401 399 0.0001
399 400 0.0002
97 401 0.0
113 401 0.0001
399 401 0.0001
114 402 0.0
121 403 0.0001
404 403 0.0
509 403 0.0
403 404 0.0
136 405 0.0
126 406 0.0001
129 406 0.0003
407 406 0.0003
406 407 0.0003
117 408 0.0001
15 409 0.0004
121 409 0.0003
122 409 0.0001
410 409 0.0006
13 410 0.0001
14 410 0.0001
125 410 0.0001
409 410 0.0006
142 411 0.0001
412 411 0.0002
414 411 0.0003
411 412 0.0002
422 412 0.0006
423 412 0.0001
420 413 0.0002
421 413 0.0007
422 413 0.0004
513 413 0.0
141 414 0.0001
411 414 0.0003
415 414 0.0004
414 415 0.0004
416 415 0.0003
418 415 0.0
415 416 0.0003
417 416 0.0001
512 416 0.0
416 417 0.0001
415 418 0.0
140 419 0.0
413 420 0.0002
413 421 0.0007
142 422 0.0
412 422 0.0006
413 422 0.0004
412 423 0.0001
139 424 0.0001
140 424 0.0003
425 424 0.0002
424 425 0.0002
426 425 0.0002
427 425 0.0001
425 426 0.0002
425 427 0.0001
138 428 0.0001
138 429 0.0001
430 429 0.0002
432 429 0.0001
429 430 0.0002
431 430 0.0002
444 430 0.0001
430 431 0.0002
429 432 0.0001
433 432 0.0002
445 432 0.0001
432 433 0.0002
441 434 0.0001
135 435 0.0002
135 436 0.0001
134 437 0.0004
153 438 0.0002
165 439 0.0001
440 439 0.0004
448 439 0.0002
134 440 0.0001
439 440 0.0004
442 440 0.0001
443 440 0.0001
447 440 0.0002
132 441 0.0001
138 441 0.0002
434 441 0.0001
440 442 0.0001
440 443 0.0001
430 444 0.0001
432 445 0.0001
169 446 0.0002
440 447 0.0002
439 448 0.0002
169 449 0.0001
450 449 0.0002
451 449 0.0002
516 449 0.0001
449 450 0.0002
449 451 0.0002
169 452 0.0006
453 452 0.0001
454 452 0.0001
452 453 0.0001
514 453 0.0
515 453 0.0
452 454 0.0001
455 454 0.0004
456 454 0.0004
454 455 0.0004
454 456 0.0004
457 456 0.0002
458 456 0.0003
456 457 0.0002
456 458 0.0003
168 459 0.0003
168 460 0.0001
461 460 0.0001
463 460 0.0004
464 460 0.0012
460 461 0.0001
171 462 0.0001
175 462 0.0001
463 462 0.0004
460 463 0.0004
462 463 0.0004
464 463 0.0003
460 464 0.0012
463 464 0.0003
465 464 0.0002
464 465 0.0002
190 466 0.0002
467 466 0.0002
468 466 0.0001
466 467 0.0002
466 468 0.0001
469 468 0.001
517 468 0.0
468 469 0.001
184 470 0.0001
471 470 0.0002
477 470 0.0003
470 471 0.0002
472 471 0.0003
474 471 0.0002
471 472 0.0003
473 472 0.0001
523 472 0.0
472 473 0.0001
471 474 0.0002
475 474 0.0001
476 474 0.0001
474 475 0.0001
474 476 0.0001
470 477 0.0003
478 477 0.0001
479 477 0.0001
477 478 0.0001
477 479 0.0001
337 480 0.0008
481 480 0.0002
482 480 0.0007
480 481 0.0002
480 482 0.0007
53 483 0.0004
484 483 0.0
492 483 0.0002
483 484 0.0
53 485 0.0002
486 485 0.0004
487 485 0.0003
485 486 0.0004
485 487 0.0003
352 488 0.0002
489 488 0.0001
490 488 0.0002
488 489 0.0001
488 490 0.0002
352 491 0.0001
483 492 0.0002
50 493 0.0001
48 494 0.0003
495 494 0.0001
496 494 0.0001
494 495 0.0001
494 496 0.0001
360 497 0.0
360 498 0.0001
359 499 0.0001
359 500 0.0001
372 501 0.0
375 502 0.0
384 502 0.0001
503 502 0.0001
502 503 0.0001
505 504 0.0003
508 504 0.0004
510 504 0.0001
504 505 0.0003
506 505 0.0003
507 505 0.0002
505 506 0.0003
505 507 0.0002
504 508 0.0004
403 509 0.0
96 510 0.0
504 510 0.0001
511 510 0.0002
510 511 0.0002
416 512 0.0
413 513 0.0
453 514 0.0
453 515 0.0
449 516 0.0001
468 517 0.0
173 518 0.0001
519 518 0.0002
520 518 0.0001
518 519 0.0002
518 520 0.0001
192 521 0.0001
192 522 0.0001
472 523 0.0
21 524 0.0006
22 524 0.0012
338 524 0.0002
343 525 0.0002
2 526 0.0043
527 526 0.0003
528 526 0.0003
526 527 0.0003
526 528 0.0003
2 529 0.0026
530 529 0.0001
531 529 0.0001
529 530 0.0001
529 531 0.0001
2 532 0.0024
533 532 0.0001
536 532 0.0001
532 533 0.0001
534 533 0.0004
535 533 0.0007
533 534 0.0004
533 535 0.0007
557 535 0.0004
560 535 0.0004
532 536 0.0001
200 537 0.0014
205 537 0.0017
206 537 0.0007
221 537 0.0006
332 538 0.0001
320 539 0.0
323 540 0.0002
325 540 0.0004
541 540 0.0002
540 541 0.0002
320 542 0.0001
313 543 0.0
309 544 0.0001
545 544 0.0002
546 544 0.0001
544 545 0.0002
544 546 0.0001
267 547 0.0
248 548 0.0
269 549 0.0001
550 549 0.0003
551 549 0.0002
549 550 0.0003
549 551 0.0002
269 552 0.0001
258 553 0.0
307 554 0.0001
304 555 0.0001
307 556 0.0002
535 557 0.0004
558 557 0.0005
561 557 0.0003
562 557 0.0002
557 558 0.0005
559 558 0.0002
563 558 0.0003
558 559 0.0002
535 560 0.0004
557 561 0.0003
557 562 0.0002
558 563 0.0003
564 563 0.001
565 563 0.0004
563 564 0.001
563 565 0.0004
365 566 0.0004
37 567 0.0001
39 567 0.0005
47 567 0.0002
224 568 0.0012
569 568 0.0003
572 568 0.0003
1 569 0.0013
568 569 0.0003
570 569 0.0003
1 570 0.0004
569 570 0.0003
571 570 0.0011
59 571 0.0003
127 571 0.0014
143 571 0.0003
570 571 0.0011
1 572 0.0003
5 572 0.0002
228 572 0.0003
568 572 0.0003
