2 1 0.0308
53 1 0.0014
57 1 0.0192
85 1 0.0025
99 1 0.0065
101 1 0.0029
102 1 0.0015
105 1 0.0018
280 1 0.0183
1 2 0.0308
3 2 0.0038
4 2 0.0021
2 3 0.0038
4 3 0.0051
16 3 0.0046
2 4 0.0021
3 4 0.0051
5 4 0.0027
10 4 0.0061
34 4 0.0008
4 5 0.0027
6 5 0.0032
10 5 0.0052
11 5 0.0267
5 6 0.0032
7 6 0.0036
13 6 0.0059
6 7 0.0036
8 7 0.0022
34 7 0.0007
7 8 0.0022
9 8 0.0075
14 8 0.0111
15 8 0.0035
8 9 0.0075
42 9 0.0009
44 9 0.001
4 10 0.0061
5 10 0.0052
11 10 0.0046
5 11 0.0267
10 11 0.0046
12 11 0.0208
11 12 0.0208
13 12 0.0026
22 12 0.0017
6 13 0.0059
12 13 0.0026
14 13 0.0015
31 13 0.0008
8 14 0.0111
13 14 0.0015
15 14 0.002
8 15 0.0035
14 15 0.002
39 15 0.0006
3 16 0.0046
17 16 0.0008
18 16 0.0016
32 16 0.0005
16 17 0.0008
16 18 0.0016
19 18 0.0008
20 18 0.0017
18 19 0.0008
18 20 0.0017
21 20 0.0046
47 20 0.0013
20 21 0.0046
47 21 0.002
48 21 0.001
12 22 0.0017
23 22 0.0012
24 22 0.0005
26 22 0.0043
22 23 0.0012
35 23 0.0008
130 23 0.0005
22 24 0.0005
25 24 0.0009
279 24 0.0003
24 25 0.0009
131 25 0.0006
443 25 0.0025
22 26 0.0043
27 26 0.0006
29 26 0.0032
26 27 0.0006
28 27 0.005
152 27 0.0002
27 28 0.005
46 28 0.0019
277 28 0.0011
26 29 0.0032
30 29 0.001
36 29 0.0005
29 30 0.001
31 30 0.0016
36 30 0.0056
133 30 0.0007
13 31 0.0008
30 31 0.0016
40 31 0.0008
16 32 0.0005
33 32 0.0007
419 32 0.0004
32 33 0.0007
4 34 0.0008
7 34 0.0007
41 34 0.0004
23 35 0.0008
29 36 0.0005
30 36 0.0056
37 36 0.0036
38 36 0.0011
36 37 0.0036
36 38 0.0011
15 39 0.0006
31 40 0.0008
34 41 0.0004
411 41 0.003
412 41 0.0016
9 42 0.0009
43 42 0.0009
135 42 0.0006
139 42 0.0004
42 43 0.0009
140 43 0.0025
141 43 0.003
9 44 0.001
45 44 0.001
421 44 0.0006
44 45 0.001
134 45 0.0026
422 45 0.0008
28 46 0.0019
278 46 0.0013
444 46 0.0006
20 47 0.0013
21 47 0.002
401 47 0.0006
404 47 0.0017
21 48 0.001
50 48 0.0014
399 48 0.0024
56 49 0.0004
66 49 0.0009
153 49 0.0016
399 49 0.0019
48 50 0.0014
51 50 0.001
52 50 0.0006
50 51 0.001
154 51 0.0004
157 51 0.0006
50 52 0.0006
1 53 0.0014
54 53 0.0015
55 53 0.0008
53 54 0.0015
55 54 0.0017
62 54 0.0025
53 55 0.0008
54 55 0.0017
56 55 0.0027
49 56 0.0004
55 56 0.0027
399 56 0.0007
1 57 0.0192
58 57 0.0017
69 57 0.0007
57 58 0.0017
59 58 0.0013
60 58 0.0041
58 59 0.0013
60 59 0.0023
319 59 0.0002
390 59 0.0005
58 60 0.0041
59 60 0.0023
61 60 0.001
60 61 0.001
67 61 0.0031
387 61 0.0003
398 61 0.0012
54 62 0.0025
63 62 0.0015
400 62 0.0015
62 63 0.0015
64 63 0.0005
66 63 0.0024
63 64 0.0005
65 64 0.0019
409 64 0.0006
64 65 0.0019
394 65 0.0006
409 65 0.0007
49 66 0.0009
63 66 0.0024
153 66 0.0003
405 66 0.0004
61 67 0.0031
68 67 0.001
397 67 0.0017
67 68 0.001
57 69 0.0007
70 69 0.0037
78 69 0.0016
69 70 0.0037
72 70 0.0015
526 70 0.0099
313 71 0.0007
319 71 0.0009
526 71 0.0007
70 72 0.0015
73 72 0.0006
74 72 0.002
72 73 0.0006
72 74 0.002
75 74 0.0011
76 74 0.0022
74 75 0.0011
74 76 0.0022
77 76 0.0011
82 76 0.0007
76 77 0.0011
69 78 0.0016
79 78 0.0017
98 78 0.001
78 79 0.0017
80 79 0.0012
159 79 0.0033
79 80 0.0012
81 80 0.0006
329 80 0.0007
80 81 0.0006
322 81 0.0009
325 81 0.0021
76 82 0.0007
83 82 0.0015
84 82 0.0131
82 83 0.0015
316 83 0.0009
320 83 0.0006
82 84 0.0131
324 84 0.0007
331 84 0.0004
1 85 0.0025
86 85 0.0019
523 85 0.0019
85 86 0.0019
87 86 0.0007
171 86 0.0009
523 86 0.0179
524 86 0.0041
86 87 0.0007
88 87 0.0032
92 87 0.0064
98 87 0.0014
87 88 0.0032
161 88 0.0008
162 88 0.0052
335 88 0.0007
90 89 0.0009
93 89 0.0017
524 89 0.0066
525 89 0.0021
89 90 0.0009
91 90 0.0015
96 90 0.0073
97 90 0.0015
90 91 0.0015
92 91 0.001
163 91 0.0031
87 92 0.0064
91 92 0.001
259 92 0.0007
89 93 0.0017
94 93 0.0017
96 93 0.0009
93 94 0.0017
95 94 0.0018
168 94 0.0016
94 95 0.0018
171 95 0.0008
247 95 0.0009
90 96 0.0073
93 96 0.0009
97 96 0.0022
166 96 0.0058
90 97 0.0015
96 97 0.0022
164 97 0.0019
78 98 0.001
87 98 0.0014
159 98 0.0038
1 99 0.0065
100 99 0.0067
126 99 0.0032
99 100 0.0067
101 100 0.0074
120 100 0.0011
1 101 0.0029
100 101 0.0074
115 101 0.0013
1 102 0.0015
103 102 0.0202
118 102 0.0014
102 103 0.0202
104 103 0.0078
109 103 0.0009
112 103 0.0009
103 104 0.0078
1 105 0.0018
106 105 0.0093
128 105 0.006
105 106 0.0093
107 106 0.0027
126 106 0.0017
106 107 0.0027
108 107 0.0052
128 107 0.0025
107 108 0.0052
174 108 0.0016
179 108 0.0028
103 109 0.0009
110 109 0.0061
230 109 0.0012
109 110 0.0061
111 110 0.0008
231 110 0.0007
491 110 0.0012
110 111 0.0008
184 111 0.0047
522 111 0.0031
103 112 0.0009
113 112 0.0037
204 112 0.0022
112 113 0.0037
114 113 0.0027
205 113 0.0066
113 114 0.0027
211 114 0.004
214 114 0.0027
101 115 0.0013
116 115 0.0025
122 115 0.0058
115 116 0.0025
117 116 0.0022
118 116 0.0019
237 116 0.0035
116 117 0.0022
218 117 0.0013
220 117 0.0019
102 118 0.0014
116 118 0.0019
119 118 0.0026
118 119 0.0026
100 120 0.0011
121 120 0.0027
122 120 0.0009
120 121 0.0027
234 121 0.0016
235 121 0.0012
115 122 0.0058
120 122 0.0009
123 122 0.0035
234 122 0.0016
122 123 0.0035
124 123 0.003
226 123 0.0013
123 124 0.003
125 124 0.0062
220 124 0.002
124 125 0.0062
221 125 0.002
222 125 0.0023
99 126 0.0032
106 126 0.0017
127 126 0.0006
126 127 0.0006
105 128 0.006
107 128 0.0025
129 128 0.0015
128 129 0.0015
172 129 0.0021
523 129 0.0006
23 130 0.0005
131 130 0.0015
132 130 0.0042
25 131 0.0006
130 131 0.0015
143 131 0.0007
130 132 0.0042
438 132 0.001
441 132 0.0004
30 133 0.0007
45 134 0.0026
42 135 0.0006
136 135 0.0032
527 135 0.0007
135 136 0.0032
137 136 0.0006
138 136 0.0013
136 137 0.0006
157 137 0.0002
437 137 0.0018
528 137 0.0009
136 138 0.0013
148 138 0.0006
151 138 0.0004
42 139 0.0004
146 139 0.0012
147 139 0.0005
43 140 0.0025
43 141 0.003
142 141 0.0009
144 141 0.0009
141 142 0.0009
446 142 0.0006
447 142 0.0004
131 143 0.0007
442 143 0.0009
445 143 0.0012
141 144 0.0009
145 144 0.0008
432 144 0.0006
144 145 0.0008
139 146 0.0012
139 147 0.0005
148 147 0.0025
150 147 0.0008
138 148 0.0006
147 148 0.0025
149 148 0.0019
148 149 0.0019
430 149 0.0029
431 149 0.0012
147 150 0.0008
138 151 0.0004
420 151 0.0017
425 151 0.0008
427 151 0.001
27 152 0.0002
49 153 0.0016
66 153 0.0003
154 153 0.0014
51 154 0.0004
153 154 0.0014
155 154 0.0029
154 155 0.0029
156 155 0.0021
402 155 0.0072
403 155 0.0029
155 156 0.0021
406 156 0.002
407 156 0.0011
408 156 0.003
51 157 0.0006
137 157 0.0002
158 157 0.0019
433 157 0.0006
434 157 0.0006
157 158 0.0019
79 159 0.0033
98 159 0.0038
160 159 0.0012
343 159 0.0005
159 160 0.0012
88 161 0.0008
270 161 0.0031
326 161 0.0028
88 162 0.0052
91 163 0.0031
253 163 0.0026
260 163 0.0025
97 164 0.0019
165 164 0.0043
248 164 0.0013
164 165 0.0043
252 165 0.0016
253 165 0.0012
96 166 0.0058
167 166 0.0011
169 166 0.0008
166 167 0.0011
94 168 0.0016
169 168 0.0026
170 168 0.004
166 169 0.0008
168 169 0.0026
243 169 0.0056
248 169 0.0025
168 170 0.004
245 170 0.0008
246 170 0.003
86 171 0.0009
95 171 0.0008
172 171 0.0052
129 172 0.0021
171 172 0.0052
173 172 0.0008
172 173 0.0008
108 174 0.0016
175 174 0.0047
247 174 0.001
174 175 0.0047
176 175 0.0016
177 175 0.002
180 175 0.0022
175 176 0.0016
240 176 0.0008
241 176 0.0065
175 177 0.002
178 177 0.0039
180 177 0.001
182 177 0.0025
239 177 0.0013
177 178 0.0039
108 179 0.0028
180 179 0.0042
183 179 0.0009
175 180 0.0022
177 180 0.001
179 180 0.0042
181 180 0.0009
180 181 0.0009
177 182 0.0025
224 182 0.0005
225 182 0.0016
179 183 0.0009
111 184 0.0047
193 184 0.0012
195 184 0.001
522 184 0.0056
186 185 0.0023
188 185 0.0024
471 185 0.0004
522 185 0.0015
185 186 0.0023
187 186 0.0011
468 186 0.0005
484 186 0.0003
186 187 0.0011
197 187 0.0009
201 187 0.0018
476 187 0.0006
185 188 0.0024
189 188 0.0016
471 188 0.0003
188 189 0.0016
190 189 0.0019
191 189 0.0058
464 189 0.0009
189 190 0.0019
189 191 0.0058
192 191 0.005
520 191 0.0044
191 192 0.005
465 192 0.0018
469 192 0.0008
184 193 0.0012
194 193 0.0015
196 193 0.0012
193 194 0.0015
184 195 0.001
196 195 0.001
466 195 0.0006
193 196 0.0012
195 196 0.001
467 196 0.0013
187 197 0.0009
198 197 0.0024
200 197 0.0014
488 197 0.0025
197 198 0.0024
199 198 0.001
482 198 0.0008
198 199 0.001
479 199 0.0008
480 199 0.0008
481 199 0.0018
197 200 0.0014
489 200 0.0007
490 200 0.0004
187 201 0.0018
202 201 0.0008
203 201 0.0012
201 202 0.0008
201 203 0.0012
486 203 0.001
487 203 0.0014
112 204 0.0022
205 204 0.0073
230 204 0.0019
113 205 0.0066
204 205 0.0073
206 205 0.0047
216 205 0.0043
205 206 0.0047
207 206 0.0013
230 206 0.0042
206 207 0.0013
208 207 0.0015
210 207 0.0011
516 207 0.0006
207 208 0.0015
209 208 0.0054
517 208 0.0005
518 208 0.0011
208 209 0.0054
273 209 0.011
274 209 0.0011
207 210 0.0011
212 210 0.002
273 210 0.0125
114 211 0.004
212 211 0.0012
216 211 0.0016
210 212 0.002
211 212 0.0012
213 212 0.0021
212 213 0.0021
215 213 0.0027
273 213 0.0165
114 214 0.0027
215 214 0.0029
228 214 0.002
213 215 0.0027
214 215 0.0029
229 215 0.0043
205 216 0.0043
211 216 0.0016
217 216 0.0023
216 217 0.0023
117 218 0.0013
219 218 0.002
238 218 0.0035
218 219 0.002
229 219 0.0012
273 219 0.0016
117 220 0.0019
124 220 0.002
273 220 0.0011
125 221 0.002
125 222 0.0023
223 222 0.0045
273 222 0.0007
222 223 0.0045
224 223 0.0007
273 223 0.0011
182 224 0.0005
223 224 0.0007
273 224 0.003
513 224 0.0004
182 225 0.0016
123 226 0.0013
227 226 0.0022
234 226 0.0025
226 227 0.0022
214 228 0.002
215 229 0.0043
219 229 0.0012
273 229 0.0217
109 230 0.0012
204 230 0.0019
206 230 0.0042
110 231 0.0007
232 231 0.0025
233 231 0.0029
231 232 0.0025
231 233 0.0029
121 234 0.0016
122 234 0.0016
226 234 0.0025
235 234 0.0027
121 235 0.0012
234 235 0.0027
236 235 0.004
235 236 0.004
116 237 0.0035
218 238 0.0035
177 239 0.0013
176 240 0.0008
514 240 0.0013
515 240 0.0016
176 241 0.0065
242 241 0.0017
245 241 0.0038
241 242 0.0017
169 243 0.0056
244 243 0.0046
336 243 0.0007
363 243 0.0007
243 244 0.0046
245 244 0.0019
330 244 0.0029
170 245 0.0008
241 245 0.0038
244 245 0.0019
246 245 0.0013
170 246 0.003
245 246 0.0013
247 246 0.0088
95 247 0.0009
174 247 0.001
246 247 0.0088
164 248 0.0013
169 248 0.0025
249 248 0.0007
248 249 0.0007
250 249 0.004
251 249 0.0017
249 250 0.004
249 251 0.0017
356 251 0.0021
357 251 0.0013
165 252 0.0016
163 253 0.0026
165 253 0.0012
254 253 0.0039
253 254 0.0039
255 254 0.0019
256 254 0.0016
254 255 0.0019
254 256 0.0016
257 256 0.0062
269 256 0.0053
256 257 0.0062
258 257 0.0031
362 257 0.0017
257 258 0.0031
382 258 0.0018
383 258 0.002
92 259 0.0007
261 259 0.0023
326 259 0.0029
163 260 0.0025
261 260 0.0037
269 260 0.0017
259 261 0.0023
260 261 0.0037
262 261 0.0026
385 261 0.0025
261 262 0.0026
263 262 0.01
385 262 0.0018
262 263 0.01
264 263 0.006
347 263 0.001
263 264 0.006
265 264 0.003
268 264 0.0017
264 265 0.003
266 265 0.0037
377 265 0.0017
265 266 0.0037
346 266 0.0015
370 266 0.0075
372 266 0.0018
344 267 0.0036
355 267 0.0006
370 267 0.0048
264 268 0.0017
256 269 0.0053
260 269 0.0017
380 269 0.0016
161 270 0.0031
271 270 0.0017
342 270 0.002
270 271 0.0017
272 271 0.0035
339 271 0.0015
271 272 0.0035
339 272 0.0021
340 272 0.0042
209 273 0.011
210 273 0.0125
213 273 0.0165
219 273 0.0016
220 273 0.0011
222 273 0.0007
223 273 0.0011
224 273 0.003
229 273 0.0217
209 274 0.0011
275 274 0.0037
504 274 0.0006
274 275 0.0037
276 275 0.0046
500 275 0.0007
275 276 0.0046
497 276 0.001
498 276 0.0006
507 276 0.0006
28 277 0.0011
46 278 0.0013
24 279 0.0003
1 280 0.0183
281 280 0.0007
294 280 0.0003
280 281 0.0007
282 281 0.0007
283 281 0.0014
281 282 0.0007
281 283 0.0014
284 283 0.0007
285 283 0.0012
283 284 0.0007
283 285 0.0012
286 285 0.0029
289 285 0.0017
294 285 0.0009
285 286 0.0029
287 286 0.0016
298 286 0.001
286 287 0.0016
288 287 0.0027
292 287 0.0019
287 288 0.0027
293 288 0.0024
310 288 0.003
285 289 0.0017
290 289 0.0053
297 289 0.0009
289 290 0.0053
291 290 0.004
301 290 0.0012
290 291 0.004
304 291 0.0021
305 291 0.0012
287 292 0.0019
288 293 0.0024
308 293 0.0005
309 293 0.0006
451 293 0.0004
280 294 0.0003
285 294 0.0009
295 294 0.0008
294 295 0.0008
296 295 0.0006
297 295 0.0004
460 295 0.0004
295 296 0.0006
289 297 0.0009
295 297 0.0004
299 297 0.0011
300 297 0.0009
286 298 0.001
297 299 0.0011
456 299 0.0011
457 299 0.0012
297 300 0.0009
290 301 0.0012
302 301 0.0014
303 301 0.0016
301 302 0.0014
461 302 0.0016
462 302 0.001
301 303 0.0016
291 304 0.0021
305 304 0.0065
455 304 0.0008
291 305 0.0012
304 305 0.0065
306 305 0.0023
305 306 0.0023
307 306 0.0026
454 306 0.0007
306 307 0.0026
452 307 0.0008
453 307 0.002
293 308 0.0005
293 309 0.0006
288 310 0.003
311 310 0.0009
312 310 0.001
310 311 0.0009
310 312 0.001
71 313 0.0007
314 313 0.0064
388 313 0.0015
313 314 0.0064
315 314 0.003
317 314 0.0009
314 315 0.003
316 315 0.0013
392 315 0.0004
83 316 0.0009
315 316 0.0013
320 316 0.0011
314 317 0.0009
375 318 0.0005
388 318 0.0034
393 318 0.0012
529 318 0.0009
59 319 0.0002
71 319 0.0009
386 319 0.0028
387 319 0.0033
83 320 0.0006
316 320 0.0011
321 320 0.0013
366 320 0.0013
320 321 0.0013
366 321 0.0045
368 321 0.0011
81 322 0.0009
323 322 0.0017
325 322 0.0022
338 322 0.0011
322 323 0.0017
84 324 0.0007
81 325 0.0021
322 325 0.0022
338 325 0.0007
161 326 0.0028
259 326 0.0029
327 326 0.0032
326 327 0.0032
328 327 0.0032
384 327 0.0036
385 327 0.004
327 328 0.0032
334 328 0.002
384 328 0.0103
80 329 0.0007
244 330 0.0029
84 331 0.0004
364 331 0.0009
365 331 0.0017
333 332 0.0039
376 332 0.001
384 332 0.0013
332 333 0.0039
328 334 0.002
373 334 0.0015
374 334 0.0008
88 335 0.0007
243 336 0.0007
337 336 0.0087
358 336 0.0006
359 336 0.0009
336 337 0.0087
322 338 0.0011
325 338 0.0007
339 338 0.0044
271 339 0.0015
272 339 0.0021
338 339 0.0044
272 340 0.0042
341 340 0.0022
369 340 0.0014
340 341 0.0022
270 342 0.002
379 342 0.0032
381 342 0.0009
159 343 0.0005
267 344 0.0036
345 344 0.0017
348 344 0.0018
378 344 0.0034
344 345 0.0017
353 345 0.0014
354 345 0.0017
266 346 0.0015
263 347 0.001
344 348 0.0018
349 348 0.0013
350 348 0.0033
348 349 0.0013
348 350 0.0033
351 350 0.0023
352 350 0.0014
350 351 0.0023
350 352 0.0014
345 353 0.0014
345 354 0.0017
267 355 0.0006
251 356 0.0021
251 357 0.0013
336 358 0.0006
336 359 0.0009
360 359 0.0014
361 359 0.001
359 360 0.0014
359 361 0.001
257 362 0.0017
243 363 0.0007
331 364 0.0009
331 365 0.0017
320 366 0.0013
321 366 0.0045
367 366 0.0036
366 367 0.0036
321 368 0.0011
340 369 0.0014
266 370 0.0075
267 370 0.0048
371 370 0.0028
370 371 0.0028
266 372 0.0018
334 373 0.0015
334 374 0.0008
318 375 0.0005
332 376 0.001
265 377 0.0017
344 378 0.0034
342 379 0.0032
269 380 0.0016
342 381 0.0009
258 382 0.0018
258 383 0.002
327 384 0.0036
328 384 0.0103
332 384 0.0013
385 384 0.0193
261 385 0.0025
262 385 0.0018
327 385 0.004
384 385 0.0193
319 386 0.0028
388 386 0.0008
389 386 0.0007
61 387 0.0003
319 387 0.0033
389 387 0.0012
313 388 0.0015
318 388 0.0034
386 388 0.0008
386 389 0.0007
387 389 0.0012
394 389 0.0015
396 389 0.0012
59 390 0.0005
526 391 0.0003
315 392 0.0004
318 393 0.0012
65 394 0.0006
389 394 0.0015
395 394 0.0016
413 394 0.0007
394 395 0.0016
389 396 0.0012
67 397 0.0017
61 398 0.0012
48 399 0.0024
49 399 0.0019
56 399 0.0007
62 400 0.0015
47 401 0.0006
155 402 0.0072
155 403 0.0029
405 403 0.004
406 403 0.008
47 404 0.0017
417 404 0.0003
419 404 0.0009
66 405 0.0004
403 405 0.004
406 405 0.0031
156 406 0.002
403 406 0.008
405 406 0.0031
156 407 0.0011
409 407 0.0004
416 407 0.0002
156 408 0.003
64 409 0.0006
65 409 0.0007
407 409 0.0004
410 409 0.0018
409 410 0.0018
413 410 0.0013
415 410 0.0007
41 411 0.003
41 412 0.0016
418 412 0.0007
419 412 0.0008
394 413 0.0007
410 413 0.0013
414 413 0.001
413 414 0.001
410 415 0.0007
407 416 0.0002
404 417 0.0003
412 418 0.0007
32 419 0.0004
404 419 0.0009
412 419 0.0008
151 420 0.0017
426 420 0.0023
435 420 0.0016
436 420 0.001
44 421 0.0006
45 422 0.0008
423 422 0.0009
424 422 0.0009
422 423 0.0009
422 424 0.0009
151 425 0.0008
420 426 0.0023
151 427 0.001
428 427 0.0015
429 427 0.0014
427 428 0.0015
427 429 0.0014
149 430 0.0029
149 431 0.0012
144 432 0.0006
157 433 0.0006
157 434 0.0006
420 435 0.0016
420 436 0.001
137 437 0.0018
132 438 0.001
439 438 0.0023
440 438 0.0014
450 438 0.0007
438 439 0.0023
438 440 0.0014
132 441 0.0004
442 441 0.0021
448 441 0.0018
463 441 0.0018
143 442 0.0009
441 442 0.0021
448 442 0.0033
25 443 0.0025
46 444 0.0006
143 445 0.0012
142 446 0.0006
142 447 0.0004
441 448 0.0018
442 448 0.0033
449 448 0.0016
448 449 0.0016
438 450 0.0007
293 451 0.0004
307 452 0.0008
307 453 0.002
306 454 0.0007
304 455 0.0008
299 456 0.0011
299 457 0.0012
458 457 0.0024
459 457 0.0041
457 458 0.0024
457 459 0.0041
295 460 0.0004
302 461 0.0016
302 462 0.001
441 463 0.0018
189 464 0.0009
192 465 0.0018
470 465 0.0023
521 465 0.0061
195 466 0.0006
491 466 0.0003
493 466 0.0012
494 466 0.003
196 467 0.0013
483 467 0.0006
484 467 0.0005
186 468 0.0005
192 469 0.0008
473 469 0.0014
521 469 0.0052
465 470 0.0023
472 470 0.0012
521 470 0.0028
185 471 0.0004
188 471 0.0003
516 471 0.0005
470 472 0.0012
495 472 0.0007
496 472 0.001
469 473 0.0014
474 473 0.0018
475 473 0.002
473 474 0.0018
473 475 0.002
187 476 0.0006
477 476 0.0043
478 476 0.0017
476 477 0.0043
476 478 0.0017
199 479 0.0008
199 480 0.0008
199 481 0.0018
198 482 0.0008
467 483 0.0006
186 484 0.0003
467 484 0.0005
485 484 0.0024
484 485 0.0024
203 486 0.001
203 487 0.0014
197 488 0.0025
200 489 0.0007
200 490 0.0004
110 491 0.0012
466 491 0.0003
492 491 0.0007
491 492 0.0007
466 493 0.0012
466 494 0.003
472 495 0.0007
472 496 0.001
276 497 0.001
508 497 0.0024
510 497 0.0008
512 497 0.0005
276 498 0.0006
499 498 0.0009
511 498 0.0011
498 499 0.0009
275 500 0.0007
501 500 0.005
503 500 0.0004
500 501 0.005
502 501 0.0013
509 501 0.0008
501 502 0.0013
500 503 0.0004
274 504 0.0006
505 504 0.0008
506 504 0.0005
504 505 0.0008
504 506 0.0005
276 507 0.0006
497 508 0.0024
501 509 0.0008
497 510 0.0008
498 511 0.0011
497 512 0.0005
224 513 0.0004
240 514 0.0013
240 515 0.0016
207 516 0.0006
471 516 0.0005
519 516 0.0004
208 517 0.0005
208 518 0.0011
516 519 0.0004
191 520 0.0044
465 521 0.0061
469 521 0.0052
470 521 0.0028
111 522 0.0031
184 522 0.0056
185 522 0.0015
85 523 0.0019
86 523 0.0179
129 523 0.0006
524 523 0.0086
86 524 0.0041
89 524 0.0066
523 524 0.0086
89 525 0.0021
70 526 0.0099
71 526 0.0007
391 526 0.0003
135 527 0.0007
137 528 0.0009
318 529 0.0009
