2 1 0.0124
10 1 0.021
30 1 0.0059
37 1 0.0093
49 1 0.0117
58 1 0.003
61 1 0.0051
62 1 0.0147
63 1 0.0044
65 1 0.0033
67 1 0.0045
69 1 0.0129
71 1 0.0008
79 1 0.0029
80 1 0.0024
83 1 0.0019
84 1 0.006
98 1 0.0042
103 1 0.0154
104 1 0.0137
260 1 0.0035
524 1 0.011
563 1 0.001
568 1 0.0045
578 1 0.0038
584 1 0.015
585 1 0.0073
628 1 0.0066
667 1 0.0048
670 1 0.0091
673 1 0.0003
676 1 0.0114
706 1 0.0027
707 1 0.012
764 1 0.0002
1675 1 0.0039
1 2 0.0124
3 2 0.0244
6 2 0.016
2 3 0.0244
4 3 0.029
527 3 0.0845
3 4 0.029
5 4 0.0979
7 4 0.0139
528 4 0.04
4 5 0.0979
444 5 0.009
447 5 0.0327
1163 5 0.0132
2 6 0.016
7 6 0.0476
1161 6 0.081
4 7 0.0139
6 7 0.0476
8 7 0.0418
20 7 0.0195
1161 7 0.1007
7 8 0.0418
9 8 0.0013
444 8 0.0048
8 9 0.0013
1 10 0.021
11 10 0.0815
1161 10 0.04
10 11 0.0815
12 11 0.0115
32 11 0.0197
11 12 0.0115
13 12 0.0649
19 12 0.0866
12 13 0.0649
14 13 0.049
392 13 0.014
13 14 0.049
15 14 0.0279
389 14 0.0063
14 15 0.0279
16 15 0.0224
34 15 0.0206
379 15 0.0016
15 16 0.0224
17 16 0.0264
380 16 0.0009
16 17 0.0264
381 17 0.0011
382 17 0.0492
19 18 0.0463
20 18 0.0253
1161 18 0.005
12 19 0.0866
18 19 0.0463
390 19 0.0005
392 19 0.0068
7 20 0.0195
18 20 0.0253
21 20 0.0428
20 21 0.0428
22 21 0.0253
390 21 0.0015
21 22 0.0253
23 22 0.0473
393 22 0.0012
22 23 0.0473
24 23 0.045
992 23 0.0247
993 23 0.2183
23 24 0.045
25 24 0.0272
395 24 0.0177
992 24 0.0325
24 25 0.0272
26 25 0.0591
397 25 0.0011
25 26 0.0591
27 26 0.0447
439 26 0.0038
26 27 0.0447
414 27 0.0059
420 27 0.0136
438 27 0.0035
1674 27 0.0126
29 28 0.0052
28 29 0.0052
30 29 0.0089
33 29 0.0517
1 30 0.0059
29 30 0.0089
31 30 0.0204
1675 30 0.0313
30 31 0.0204
32 31 0.0451
33 31 0.0048
11 32 0.0197
31 32 0.0451
1675 32 0.0023
29 33 0.0517
31 33 0.0048
34 33 0.0114
15 34 0.0206
33 34 0.0114
35 34 0.0037
34 35 0.0037
36 35 0.003
374 35 0.0095
35 36 0.003
362 36 0.0045
372 36 0.0043
1604 36 0.0018
1 37 0.0093
38 37 0.0569
47 37 0.0009
37 38 0.0569
39 38 0.003
42 38 0.015
38 39 0.003
40 39 0.011
368 39 0.0004
1598 39 0.0077
39 40 0.011
41 40 0.0151
1602 40 0.0023
40 41 0.0151
352 41 0.0153
1470 41 0.0004
38 42 0.015
43 42 0.004
45 42 0.0111
54 42 0.0084
42 43 0.004
44 43 0.0022
347 43 0.002
43 44 0.0022
42 45 0.0111
46 45 0.0007
51 45 0.0089
45 46 0.0007
37 47 0.0009
48 47 0.0005
368 47 0.0005
47 48 0.0005
370 48 0.0004
371 48 0.0011
1 49 0.0117
50 49 0.0046
55 49 0.0084
49 50 0.0046
52 50 0.0123
326 50 0.001
45 51 0.0089
52 51 0.0218
322 51 0.0012
328 51 0.0078
349 51 0.0007
50 52 0.0123
51 52 0.0218
53 52 0.0039
52 53 0.0039
42 54 0.0084
49 55 0.0084
56 55 0.0003
325 55 0.0052
55 56 0.0003
309 56 0.0045
310 56 0.004
321 56 0.0021
58 57 0.0168
59 57 0.0159
61 57 0.0516
308 57 0.0029
1 58 0.003
57 58 0.0168
59 58 0.0091
62 58 0.0009
57 59 0.0159
58 59 0.0091
60 59 0.0009
309 59 0.002
59 60 0.0009
1 61 0.0051
57 61 0.0516
62 61 0.0028
1 62 0.0147
58 62 0.0009
61 62 0.0028
1 63 0.0044
64 63 0.0068
258 63 0.0013
63 64 0.0068
257 64 0.0112
307 64 0.0011
1 65 0.0033
260 65 0.007
261 65 0.0225
246 66 0.0096
253 66 0.0004
261 66 0.0186
1 67 0.0045
68 67 0.0065
73 67 0.0108
260 67 0.0372
67 68 0.0065
237 68 0.0104
241 68 0.0023
242 68 0.0157
1 69 0.0129
70 69 0.0021
76 69 0.0169
69 70 0.0021
71 70 0.0015
73 70 0.0068
1 71 0.0008
70 71 0.0015
72 71 0.0005
71 72 0.0005
67 73 0.0108
70 73 0.0068
74 73 0.032
210 73 0.0009
73 74 0.032
75 74 0.0285
90 74 0.0006
74 75 0.0285
211 75 0.0059
241 75 0.0134
69 76 0.0169
77 76 0.031
87 76 0.002
76 77 0.031
78 77 0.007
87 77 0.0083
77 78 0.007
91 78 0.0005
193 78 0.0026
1 79 0.0029
80 79 0.0026
82 79 0.0012
1 80 0.0024
79 80 0.0026
81 80 0.0256
80 81 0.0256
79 82 0.0012
1 83 0.0019
93 83 0.0054
986 83 0.0015
1 84 0.006
85 84 0.0103
86 84 0.0106
84 85 0.0103
86 85 0.0001
98 85 0.0099
107 85 0.0087
175 85 0.0011
84 86 0.0106
85 86 0.0001
766 86 0.0017
76 87 0.002
77 87 0.0083
88 87 0.0036
91 87 0.0026
209 87 0.002
87 88 0.0036
89 88 0.001
209 88 0.0016
88 89 0.001
90 89 0.0016
210 89 0.0009
74 90 0.0006
89 90 0.0016
92 90 0.0004
212 90 0.0019
78 91 0.0005
87 91 0.0026
92 91 0.0038
90 92 0.0004
91 92 0.0038
206 92 0.0005
83 93 0.0054
94 93 0.002
95 93 0.0088
178 93 0.0025
93 94 0.002
159 94 0.0026
161 94 0.0037
93 95 0.0088
96 95 0.0002
97 95 0.0024
95 96 0.0002
95 97 0.0024
183 97 0.0008
188 97 0.0013
1 98 0.0042
85 98 0.0099
99 98 0.0153
98 99 0.0153
100 99 0.0779
101 99 0.0463
99 100 0.0779
101 100 0.067
104 100 0.0008
113 100 0.0028
989 100 0.0094
99 101 0.0463
100 101 0.067
102 101 0.0031
106 101 0.0095
101 102 0.0031
115 102 0.0005
121 102 0.004
1 103 0.0154
1 104 0.0137
100 104 0.0008
108 104 0.027
108 105 0.0078
101 106 0.0095
107 106 0.0049
1597 106 0.0015
85 107 0.0087
106 107 0.0049
148 107 0.026
1597 107 0.0181
104 108 0.027
105 108 0.0078
109 108 0.0457
113 108 0.001
108 109 0.0457
110 109 0.0124
726 109 0.0061
109 110 0.0124
111 110 0.0133
1159 110 0.0038
110 111 0.0133
112 111 0.0125
119 111 0.0061
727 111 0.0005
111 112 0.0125
119 112 0.0106
1585 112 0.01
100 113 0.0028
108 113 0.001
114 113 0.0142
119 113 0.0093
989 113 0.0131
990 113 0.0157
991 113 0.0062
113 114 0.0142
115 114 0.0718
991 114 0.0224
102 115 0.0005
114 115 0.0718
116 115 0.0026
117 115 0.0033
118 115 0.0028
115 116 0.0026
115 117 0.0033
115 118 0.0028
111 119 0.0061
112 119 0.0106
113 119 0.0093
120 119 0.0007
119 120 0.0007
122 120 0.0006
149 120 0.0022
987 120 0.0033
102 121 0.004
122 121 0.0055
1597 121 0.0006
120 122 0.0006
121 122 0.0055
123 122 0.0144
147 122 0.0039
988 122 0.0036
122 123 0.0144
124 123 0.007
987 123 0.0004
123 124 0.007
125 124 0.0151
987 124 0.0002
988 124 0.0062
124 125 0.0151
126 125 0.0054
140 125 0.0029
125 126 0.0054
127 126 0.0049
861 126 0.0004
863 126 0.001
126 127 0.0049
128 127 0.0017
129 127 0.0007
150 127 0.0008
127 128 0.0017
129 128 0.0011
130 128 0.0005
127 129 0.0007
128 129 0.0011
130 129 0.0013
128 130 0.0005
129 130 0.0013
131 130 0.0014
132 130 0.003
130 131 0.0014
130 132 0.003
138 132 0.0011
1584 132 0.0039
1585 132 0.0096
1680 132 0.017
134 133 0.017
865 133 0.0032
870 133 0.003
1681 133 0.0131
133 134 0.017
135 134 0.0011
136 134 0.0009
865 134 0.0015
134 135 0.0011
134 136 0.0009
137 136 0.0026
138 136 0.001
136 137 0.0026
132 138 0.0011
136 138 0.001
139 138 0.0012
138 139 0.0012
125 140 0.0029
141 140 0.0046
145 140 0.0018
140 141 0.0046
144 141 0.0014
860 141 0.0043
143 142 0.0012
853 142 0.0006
856 142 0.0023
860 142 0.0115
864 142 0.0004
142 143 0.0012
144 143 0.004
153 143 0.0018
141 144 0.0014
143 144 0.004
145 144 0.0049
140 145 0.0018
144 145 0.0049
1677 145 0.0187
147 146 0.0065
988 146 0.0051
1676 146 0.0096
122 147 0.0039
146 147 0.0065
148 147 0.0179
107 148 0.026
147 148 0.0179
167 148 0.022
1597 148 0.0399
120 149 0.0022
150 149 0.0007
1215 149 0.0008
127 150 0.0008
149 150 0.0007
151 150 0.0004
152 150 0.0003
1215 150 0.0011
150 151 0.0004
150 152 0.0003
143 153 0.0018
154 153 0.0033
159 153 0.0011
160 153 0.0009
153 154 0.0033
155 154 0.006
157 154 0.0141
160 154 0.0004
154 155 0.006
156 155 0.0014
848 155 0.0019
155 156 0.0014
154 157 0.0141
158 157 0.0014
852 157 0.0008
157 158 0.0014
162 158 0.0007
852 158 0.0008
1012 158 0.0005
94 159 0.0026
153 159 0.0011
160 159 0.0041
153 160 0.0009
154 160 0.0004
159 160 0.0041
161 160 0.0013
94 161 0.0037
160 161 0.0013
162 161 0.0046
1158 161 0.0021
158 162 0.0007
161 162 0.0046
163 162 0.0013
162 163 0.0013
844 163 0.0201
847 163 0.001
1158 164 0.0005
166 165 0.0009
181 165 0.0011
843 165 0.0026
1158 165 0.0025
165 166 0.0009
148 167 0.022
168 167 0.002
169 167 0.001
167 168 0.002
169 168 0.0012
1679 168 0.0014
167 169 0.001
168 169 0.0012
170 169 0.0033
169 170 0.0033
171 170 0.0017
172 170 0.0051
1678 170 0.0039
170 171 0.0017
170 172 0.0051
173 172 0.0093
174 172 0.0101
172 173 0.0093
172 174 0.0101
85 175 0.0011
176 175 0.0007
177 175 0.0006
175 176 0.0007
175 177 0.0006
93 178 0.0025
179 178 0.0037
189 178 0.0004
178 179 0.0037
180 179 0.0016
208 179 0.0007
179 180 0.0016
181 180 0.0027
190 180 0.0017
165 181 0.0011
180 181 0.0027
182 181 0.0034
181 182 0.0034
190 182 0.001
841 182 0.0006
97 183 0.0008
184 183 0.0003
185 183 0.0003
186 183 0.0003
187 183 0.0005
207 183 0.0003
183 184 0.0003
183 185 0.0003
183 186 0.0003
183 187 0.0005
97 188 0.0013
178 189 0.0004
180 190 0.0017
182 190 0.001
191 190 0.0081
190 191 0.0081
192 191 0.0016
839 191 0.0018
191 192 0.0016
194 192 0.0005
198 192 0.0017
837 192 0.003
78 193 0.0026
194 193 0.008
204 193 0.0048
234 193 0.0025
192 194 0.0005
193 194 0.008
195 194 0.0059
194 195 0.0059
196 195 0.005
203 195 0.0018
195 196 0.005
197 196 0.0021
1157 196 0.0008
196 197 0.0021
198 197 0.0018
1156 197 0.0046
192 198 0.0017
197 198 0.0018
1005 198 0.0011
1156 198 0.0144
200 199 0.0034
202 199 0.0005
1157 199 0.0041
199 200 0.0034
201 200 0.0012
1156 200 0.0015
200 201 0.0012
199 202 0.0005
195 203 0.0018
228 203 0.0003
832 203 0.0003
834 203 0.0041
1474 203 0.0007
193 204 0.0048
205 204 0.0009
232 204 0.0005
204 205 0.0009
92 206 0.0005
232 206 0.0004
234 206 0.0008
183 207 0.0003
179 208 0.0007
87 209 0.002
88 209 0.0016
210 209 0.0004
73 210 0.0009
89 210 0.0009
209 210 0.0004
75 211 0.0059
212 211 0.0079
216 211 0.02
90 212 0.0019
211 212 0.0079
213 212 0.0069
212 213 0.0069
214 213 0.0115
216 213 0.0141
213 214 0.0115
215 214 0.0029
217 214 0.0009
214 215 0.0029
211 216 0.02
213 216 0.0141
219 216 0.0002
214 217 0.0009
219 218 0.0072
231 218 0.0053
241 218 0.0322
216 219 0.0002
218 219 0.0072
220 219 0.0074
219 220 0.0074
221 220 0.0105
231 220 0.0037
262 220 0.0087
1596 220 0.0012
220 221 0.0105
222 221 0.0098
235 221 0.0003
265 221 0.0003
221 222 0.0098
223 222 0.0109
233 222 0.0005
222 223 0.0109
224 223 0.0106
232 223 0.0004
223 224 0.0106
225 224 0.0014
227 224 0.0069
224 225 0.0014
226 225 0.0004
232 225 0.0003
236 225 0.0007
225 226 0.0004
224 227 0.0069
228 227 0.0059
266 227 0.0064
203 228 0.0003
227 228 0.0059
229 228 0.0287
832 228 0.0037
228 229 0.0287
267 229 0.0027
1004 229 0.0003
267 230 0.0016
830 230 0.0012
831 230 0.0005
218 231 0.0053
220 231 0.0037
239 231 0.0011
204 232 0.0005
206 232 0.0004
223 232 0.0004
225 232 0.0003
234 232 0.0008
222 233 0.0005
193 234 0.0025
206 234 0.0008
232 234 0.0008
221 235 0.0003
225 236 0.0007
68 237 0.0104
238 237 0.0008
239 237 0.0029
237 238 0.0008
231 239 0.0011
237 239 0.0029
240 239 0.0008
239 240 0.0008
68 241 0.0023
75 241 0.0134
218 241 0.0322
68 242 0.0157
243 242 0.0109
254 242 0.0014
242 243 0.0109
244 243 0.0157
255 243 0.0036
268 243 0.0002
243 244 0.0157
245 244 0.0027
256 244 0.0007
244 245 0.0027
259 245 0.0026
302 245 0.0022
1596 245 0.0046
66 246 0.0096
247 246 0.0075
254 246 0.0022
246 247 0.0075
248 247 0.0013
255 247 0.0004
256 247 0.0007
247 248 0.0013
249 248 0.0067
256 248 0.0071
269 248 0.0035
248 249 0.0067
250 249 0.0008
271 249 0.0026
249 250 0.0008
251 250 0.0053
257 250 0.0208
250 251 0.0053
252 251 0.0117
1155 251 0.0024
251 252 0.0117
271 252 0.0124
281 252 0.0015
66 253 0.0004
242 254 0.0014
246 254 0.0022
255 254 0.0008
243 255 0.0036
247 255 0.0004
254 255 0.0008
244 256 0.0007
247 256 0.0007
248 256 0.0071
270 256 0.0014
64 257 0.0112
250 257 0.0208
307 257 0.0003
63 258 0.0013
245 259 0.0026
302 259 0.0007
824 259 0.0021
1596 259 0.0024
1 260 0.0035
65 260 0.007
67 260 0.0372
261 260 0.0072
65 261 0.0225
66 261 0.0186
260 261 0.0072
220 262 0.0087
263 262 0.0014
828 262 0.0001
262 263 0.0014
264 263 0.0006
825 263 0.0011
263 264 0.0006
221 265 0.0003
227 266 0.0064
267 266 0.0016
828 266 0.0022
229 267 0.0027
230 267 0.0016
266 267 0.0016
243 268 0.0002
248 269 0.0035
256 270 0.0014
249 271 0.0026
252 271 0.0124
272 271 0.0069
283 271 0.0053
271 272 0.0069
273 272 0.0091
278 272 0.0016
272 273 0.0091
274 273 0.0086
276 273 0.0004
273 274 0.0086
275 274 0.0009
277 274 0.0005
279 274 0.0013
274 275 0.0009
273 276 0.0004
274 277 0.0005
272 278 0.0016
280 278 0.0036
302 278 0.0012
823 278 0.0006
274 279 0.0013
280 279 0.0009
821 279 0.0007
822 279 0.0004
278 280 0.0036
279 280 0.0009
817 280 0.0014
821 280 0.0015
252 281 0.0015
282 281 0.0006
767 281 0.003
281 282 0.0006
271 283 0.0053
284 283 0.0003
285 283 0.0004
283 284 0.0003
283 285 0.0004
287 286 0.0071
301 286 0.0028
306 286 0.0009
286 287 0.0071
288 287 0.0162
297 287 0.0048
287 288 0.0162
289 288 0.0044
303 288 0.0033
288 289 0.0044
290 289 0.0067
293 289 0.0016
289 290 0.0067
291 290 0.0008
292 290 0.0246
290 291 0.0008
290 292 0.0246
293 292 0.0027
294 292 0.0017
295 292 0.0008
296 292 0.0006
289 293 0.0016
292 293 0.0027
809 293 0.0047
1214 293 0.0027
292 294 0.0017
809 294 0.001
810 294 0.0013
813 294 0.0005
292 295 0.0008
292 296 0.0006
287 297 0.0048
299 297 0.0034
301 297 0.0006
814 298 0.0004
297 299 0.0034
300 299 0.0006
301 299 0.0004
299 300 0.0006
286 301 0.0028
297 301 0.0006
299 301 0.0004
245 302 0.0022
259 302 0.0007
278 302 0.0012
288 303 0.0033
304 303 0.0034
806 303 0.0008
303 304 0.0034
305 304 0.0038
312 304 0.0025
304 305 0.0038
286 306 0.0009
64 307 0.0011
257 307 0.0003
308 307 0.0084
314 307 0.003
57 308 0.0029
307 308 0.0084
309 308 0.0122
313 308 0.0043
56 309 0.0045
59 309 0.002
308 309 0.0122
56 310 0.004
311 310 0.0033
313 310 0.0032
317 310 0.0054
310 311 0.0033
312 311 0.0016
1472 311 0.0034
304 312 0.0025
311 312 0.0016
317 312 0.0032
319 312 0.0006
808 312 0.0009
1472 312 0.0052
308 313 0.0043
310 313 0.0032
314 313 0.0076
1472 313 0.0054
307 314 0.003
313 314 0.0076
315 314 0.0063
316 314 0.0035
1472 314 0.006
314 315 0.0063
314 316 0.0035
310 317 0.0054
312 317 0.0032
318 317 0.0042
320 317 0.0006
317 318 0.0042
319 318 0.0007
1003 318 0.0023
312 319 0.0006
318 319 0.0007
808 319 0.0016
317 320 0.0006
56 321 0.0021
322 321 0.0053
325 321 0.0011
51 322 0.0012
321 322 0.0053
323 322 0.0154
324 322 0.0041
322 323 0.0154
322 324 0.0041
55 325 0.0052
321 325 0.0011
326 325 0.0013
50 326 0.001
325 326 0.0013
327 326 0.0014
326 327 0.0014
51 328 0.0078
329 328 0.0265
335 328 0.0014
328 329 0.0265
330 329 0.0134
1469 329 0.0003
329 330 0.0134
331 330 0.0223
335 330 0.0017
346 330 0.007
1471 330 0.0005
330 331 0.0223
332 331 0.0145
336 331 0.0084
343 331 0.0155
1586 331 0.0011
331 332 0.0145
333 332 0.0069
803 332 0.0022
332 333 0.0069
334 333 0.0082
784 333 0.0039
1001 333 0.0004
1464 333 0.0004
333 334 0.0082
345 334 0.0085
774 334 0.0073
328 335 0.0014
330 335 0.0017
807 335 0.0007
331 336 0.0084
337 336 0.0026
339 336 0.0136
1587 336 0.0146
336 337 0.0026
338 337 0.003
791 337 0.0013
803 337 0.0018
337 338 0.003
803 338 0.001
804 338 0.0009
336 339 0.0136
340 339 0.0049
341 339 0.0018
1587 339 0.0039
339 340 0.0049
341 340 0.0033
794 340 0.0017
799 340 0.0027
339 341 0.0018
340 341 0.0033
342 341 0.0021
1586 341 0.0023
341 342 0.0021
807 342 0.0051
1214 342 0.0022
1586 342 0.0004
331 343 0.0155
344 343 0.0023
1467 343 0.0008
343 344 0.0023
787 344 0.0009
790 344 0.001
334 345 0.0085
778 345 0.0037
782 345 0.001
330 346 0.007
805 346 0.0005
1467 346 0.0011
43 347 0.002
348 347 0.001
349 347 0.0016
1598 347 0.0019
347 348 0.001
1469 348 0.0022
1598 348 0.0086
51 349 0.0007
347 349 0.0016
350 349 0.001
349 350 0.001
1598 351 0.0005
41 352 0.0153
353 352 0.0197
357 352 0.032
1470 352 0.001
1601 352 0.0005
352 353 0.0197
354 353 0.0017
356 353 0.0028
353 354 0.0017
355 354 0.0032
364 354 0.0008
769 354 0.0002
354 355 0.0032
981 355 0.0037
983 355 0.0023
353 356 0.0028
366 356 0.0017
367 356 0.0014
352 357 0.032
358 357 0.0072
363 357 0.0036
357 358 0.0072
359 358 0.0052
1605 358 0.0036
358 359 0.0052
360 359 0.01
362 359 0.0053
364 359 0.0115
359 360 0.01
361 360 0.0155
405 360 0.0008
360 361 0.0155
373 361 0.0045
1210 361 0.0217
36 362 0.0045
359 362 0.0053
1604 362 0.0013
357 363 0.0036
1599 363 0.0174
1605 363 0.0269
354 364 0.0008
359 364 0.0115
365 364 0.001
364 365 0.001
356 366 0.0017
356 367 0.0014
39 368 0.0004
47 368 0.0005
369 368 0.0003
368 369 0.0003
48 370 0.0004
48 371 0.0011
1602 371 0.0004
1603 371 0.001
36 372 0.0043
361 373 0.0045
405 373 0.0047
1606 373 0.0108
35 374 0.0095
377 374 0.0012
379 374 0.0133
376 375 0.0084
382 375 0.0152
384 375 0.0011
375 376 0.0084
377 376 0.0059
379 376 0.0156
385 376 0.0074
1674 376 0.0027
374 377 0.0012
376 377 0.0059
378 377 0.0056
377 378 0.0056
399 378 0.0018
402 378 0.0079
15 379 0.0016
374 379 0.0133
376 379 0.0156
16 380 0.0009
381 380 0.0021
389 380 0.0126
17 381 0.0011
380 381 0.0021
383 381 0.0008
17 382 0.0492
375 382 0.0152
383 382 0.0039
381 383 0.0008
382 383 0.0039
388 383 0.0085
395 383 0.002
375 384 0.0011
376 385 0.0074
386 385 0.0022
387 385 0.0047
385 386 0.0022
385 387 0.0047
383 388 0.0085
396 388 0.0058
397 388 0.0024
14 389 0.0063
380 389 0.0126
395 389 0.0019
19 390 0.0005
21 390 0.0015
391 390 0.0101
390 391 0.0101
392 391 0.0053
393 391 0.0028
13 392 0.014
19 392 0.0068
391 392 0.0053
22 393 0.0012
391 393 0.0028
394 393 0.0006
393 394 0.0006
24 395 0.0177
383 395 0.002
389 395 0.0019
388 396 0.0058
25 397 0.0011
388 397 0.0024
398 397 0.0014
397 398 0.0014
378 399 0.0018
400 399 0.0326
1674 399 0.0164
399 400 0.0326
401 400 0.0104
402 400 0.003
400 401 0.0104
406 401 0.0048
408 401 0.0045
410 401 0.0051
1608 401 0.0426
378 402 0.0079
400 402 0.003
403 402 0.0039
404 402 0.007
402 403 0.0039
402 404 0.007
405 404 0.003
1606 404 0.002
360 405 0.0008
373 405 0.0047
404 405 0.003
401 406 0.0048
1210 406 0.0082
1211 406 0.006
1212 406 0.0061
1606 406 0.0008
981 407 0.0016
982 407 0.0035
983 407 0.0097
1210 407 0.0046
401 408 0.0045
409 408 0.0053
412 408 0.0281
977 408 0.0035
1212 408 0.0123
408 409 0.0053
413 409 0.0034
974 409 0.0252
401 410 0.0051
411 410 0.0087
418 410 0.0052
410 411 0.0087
412 411 0.0057
419 411 0.0047
408 412 0.0281
411 412 0.0057
413 412 0.0031
409 413 0.0034
412 413 0.0031
973 413 0.0063
27 414 0.0059
415 414 0.0076
416 414 0.0098
414 415 0.0076
1607 415 0.0054
1608 415 0.0074
414 416 0.0098
429 416 0.0096
1607 416 0.0044
431 417 0.0009
1607 417 0.0116
1608 417 0.0087
410 418 0.0052
419 418 0.0057
428 418 0.0018
973 418 0.0023
411 419 0.0047
418 419 0.0057
973 419 0.0066
27 420 0.0136
421 420 0.0214
429 420 0.0024
433 420 0.0163
420 421 0.0214
422 421 0.0057
430 421 0.0097
421 422 0.0057
423 422 0.0125
432 422 0.005
422 423 0.0125
424 423 0.0308
968 423 0.0009
423 424 0.0308
425 424 0.0031
426 424 0.0153
424 425 0.0031
969 425 0.0438
971 425 0.0041
424 426 0.0153
427 426 0.0038
428 426 0.0081
1205 426 0.0027
426 427 0.0038
418 428 0.0018
426 428 0.0081
972 428 0.015
416 429 0.0096
420 429 0.0024
430 429 0.0038
421 430 0.0097
429 430 0.0038
1607 430 0.0037
417 431 0.0009
422 432 0.005
420 433 0.0163
434 433 0.0021
437 433 0.0009
441 433 0.0026
433 434 0.0021
435 434 0.009
443 434 0.0111
1670 434 0.0019
434 435 0.009
436 435 0.0087
1669 435 0.0018
435 436 0.0087
964 436 0.0123
966 436 0.0033
967 436 0.0028
433 437 0.0009
27 438 0.0035
439 438 0.004
441 438 0.0018
1671 438 0.0022
26 439 0.0038
438 439 0.004
440 439 0.0029
439 440 0.0029
460 440 0.0314
1673 440 0.0599
433 441 0.0026
438 441 0.0018
442 441 0.0025
461 441 0.0042
1671 441 0.0019
441 442 0.0025
434 443 0.0111
474 443 0.0007
478 443 0.007
5 444 0.009
8 444 0.0048
448 444 0.0103
1195 444 0.0056
446 445 0.0036
992 445 0.0047
1194 445 0.0108
445 446 0.0036
453 446 0.0024
454 446 0.0032
5 447 0.0327
448 447 0.0162
456 447 0.0189
444 448 0.0103
447 448 0.0162
449 448 0.0049
1195 448 0.0267
448 449 0.0049
450 449 0.0053
456 449 0.0029
449 450 0.0053
451 450 0.0044
457 450 0.0005
450 451 0.0044
452 451 0.0056
458 451 0.0026
451 452 0.0056
455 452 0.0079
459 452 0.0034
446 453 0.0024
446 454 0.0032
452 455 0.0079
447 456 0.0189
449 456 0.0029
457 456 0.0489
450 457 0.0005
456 457 0.0489
1164 457 0.2013
451 458 0.0026
459 458 0.0033
462 458 0.0264
1164 458 0.1246
452 459 0.0034
458 459 0.0033
1673 459 0.0031
440 460 0.0314
461 460 0.0077
471 460 0.0053
1671 460 0.0203
1672 460 0.0052
441 461 0.0042
460 461 0.0077
488 461 0.0011
1672 461 0.0273
458 462 0.0264
463 462 0.0053
466 462 0.0145
994 462 0.0296
462 463 0.0053
464 463 0.0071
471 463 0.0027
463 464 0.0071
465 464 0.0056
471 464 0.0017
464 465 0.0056
462 466 0.0145
467 466 0.016
484 466 0.0026
466 467 0.016
468 467 0.0141
470 467 0.0016
467 468 0.0141
469 468 0.007
473 468 0.0044
468 469 0.007
474 469 0.0056
476 469 0.0067
504 469 0.0051
467 470 0.0016
460 471 0.0053
463 471 0.0027
464 471 0.0017
472 471 0.007
473 471 0.0031
1673 471 0.0061
471 472 0.007
473 472 0.003
486 472 0.0118
468 473 0.0044
471 473 0.0031
472 473 0.003
443 474 0.0007
469 474 0.0056
475 474 0.0009
474 475 0.0009
469 476 0.0067
477 476 0.0263
481 476 0.0186
483 476 0.0054
476 477 0.0263
478 477 0.0013
479 477 0.0077
443 478 0.007
477 478 0.0013
480 478 0.0144
477 479 0.0077
480 479 0.0162
481 479 0.0076
478 480 0.0144
479 480 0.0162
961 480 0.0424
476 481 0.0186
479 481 0.0076
482 481 0.0038
481 482 0.0038
483 482 0.0088
960 482 0.0114
476 483 0.0054
482 483 0.0088
956 483 0.0029
466 484 0.0026
485 484 0.0013
491 484 0.0212
484 485 0.0013
472 486 0.0118
487 486 0.0023
1672 486 0.0141
486 487 0.0023
461 488 0.0011
490 489 0.0527
519 489 0.0064
994 489 0.0119
489 490 0.0527
491 490 0.0139
494 490 0.0147
484 491 0.0212
490 491 0.0139
492 491 0.0293
491 492 0.0293
493 492 0.0083
496 492 0.0118
492 493 0.0083
497 493 0.0109
1610 493 0.0015
490 494 0.0147
495 494 0.0256
1613 494 0.0029
494 495 0.0256
514 495 0.0015
521 495 0.0091
492 496 0.0118
497 496 0.0611
509 496 0.0053
493 497 0.0109
496 497 0.0611
498 497 0.0101
506 497 0.0059
497 498 0.0101
499 498 0.0118
503 498 0.0107
506 498 0.0051
1610 498 0.012
498 499 0.0118
500 499 0.0051
505 499 0.0034
499 500 0.0051
501 500 0.0022
502 500 0.0028
503 500 0.0057
500 501 0.0022
500 502 0.0028
498 503 0.0107
500 503 0.0057
1611 503 0.0062
469 504 0.0051
505 504 0.011
1610 504 0.0042
499 505 0.0034
504 505 0.011
1609 505 0.0018
497 506 0.0059
498 506 0.0051
507 506 0.0023
1611 506 0.0022
506 507 0.0023
508 507 0.0042
770 507 0.002
1611 507 0.0114
507 508 0.0042
496 509 0.0053
510 509 0.0121
512 509 0.0029
509 510 0.0121
511 510 0.0034
954 510 0.0015
510 511 0.0034
512 511 0.0042
953 511 0.0119
954 511 0.0055
509 512 0.0029
511 512 0.0042
513 512 0.0103
512 513 0.0103
514 513 0.0062
515 513 0.0095
495 514 0.0015
513 514 0.0062
516 514 0.0151
517 514 0.0135
513 515 0.0095
771 515 0.0046
949 515 0.0018
514 516 0.0151
531 516 0.0094
948 516 0.0021
514 517 0.0135
521 517 0.0088
530 517 0.0153
1614 517 0.1262
522 518 0.0282
559 518 0.0329
995 518 0.0059
489 519 0.0064
520 519 0.0094
995 519 0.0139
1613 519 0.0045
519 520 0.0094
495 521 0.0091
517 521 0.0088
1612 521 0.0032
518 522 0.0282
1163 522 0.0708
1198 522 0.0457
537 523 0.024
1162 523 0.0706
1198 523 0.0309
1 524 0.011
525 524 0.0118
527 524 0.0356
561 524 0.0004
524 525 0.0118
526 525 0.0094
527 525 0.0032
557 525 0.0031
525 526 0.0094
562 526 0.0004
1190 526 0.0134
1196 526 0.0885
3 527 0.0845
524 527 0.0356
525 527 0.0032
528 527 0.0033
4 528 0.04
527 528 0.0033
529 528 0.0054
528 529 0.0054
517 530 0.0153
531 530 0.0047
533 530 0.0046
540 530 0.0011
516 531 0.0094
530 531 0.0047
532 531 0.0044
533 531 0.0844
531 532 0.0044
947 532 0.0053
948 532 0.009
530 533 0.0046
531 533 0.0844
534 533 0.0123
1165 533 0.0222
533 534 0.0123
941 534 0.0322
1701 534 0.0372
536 535 0.0069
556 535 0.0004
1190 535 0.0306
1191 535 0.0235
535 536 0.0069
552 536 0.0599
1192 536 0.0641
523 537 0.024
538 537 0.0235
1193 537 0.0559
537 538 0.0235
539 538 0.033
544 538 0.0106
538 539 0.033
540 539 0.0385
772 539 0.0132
530 540 0.0011
539 540 0.0385
541 540 0.0257
540 541 0.0257
542 541 0.0257
1165 541 0.0006
541 542 0.0257
543 542 0.0173
952 542 0.0038
1165 542 0.0039
542 543 0.0173
936 543 0.0306
940 543 0.008
538 544 0.0106
545 544 0.0003
546 544 0.0004
544 545 0.0003
544 546 0.0004
549 547 0.0019
552 547 0.003
1193 547 0.0061
1695 547 0.0022
550 548 0.0053
1694 548 0.0064
1696 548 0.0048
547 549 0.0019
548 550 0.0053
555 550 0.0044
1694 550 0.0155
740 551 0.0409
930 551 0.0359
1697 551 0.0118
536 552 0.0599
547 552 0.003
1692 552 0.0058
555 553 0.0074
1692 553 0.0218
1693 553 0.0034
555 554 0.0064
1189 554 0.0131
1697 554 0.0777
550 555 0.0044
553 555 0.0074
554 555 0.0064
535 556 0.0004
525 557 0.0031
558 557 0.0038
575 557 0.0261
557 558 0.0038
518 559 0.0329
560 559 0.0053
995 559 0.0296
1614 559 0.0158
559 560 0.0053
524 561 0.0004
526 562 0.0004
1 563 0.001
564 563 0.001
567 563 0.0003
563 564 0.001
565 564 0.0013
566 564 0.0004
564 565 0.0013
564 566 0.0004
563 567 0.0003
1 568 0.0045
569 568 0.0186
571 568 0.0018
577 568 0.0121
578 568 0.0374
568 569 0.0186
570 569 0.0028
571 569 0.0026
569 570 0.0028
568 571 0.0018
569 571 0.0026
572 571 0.002
573 571 0.0008
576 571 0.0048
571 572 0.002
573 572 0.0021
575 572 0.0005
571 573 0.0008
572 573 0.0021
574 573 0.0049
575 573 0.0051
573 574 0.0049
583 574 0.0252
741 574 0.0049
557 575 0.0261
572 575 0.0005
573 575 0.0051
571 576 0.0048
568 577 0.0121
1 578 0.0038
568 578 0.0374
579 578 0.0418
627 578 0.0074
578 579 0.0418
580 579 0.0389
627 579 0.0326
579 580 0.0389
581 580 0.0125
588 580 0.0329
580 581 0.0125
582 581 0.0094
589 581 0.0138
581 582 0.0094
583 582 0.0106
590 582 0.0077
739 582 0.0089
574 583 0.0252
582 583 0.0106
1189 583 0.0192
1 584 0.015
585 584 0.0065
623 584 0.0003
1 585 0.0073
584 585 0.0065
586 585 0.0214
621 585 0.0019
585 586 0.0214
587 586 0.0812
621 586 0.0051
622 586 0.0072
627 586 0.0165
586 587 0.0812
588 587 0.0281
605 587 0.0237
616 587 0.0054
580 588 0.0329
587 588 0.0281
589 588 0.0152
581 589 0.0138
588 589 0.0152
590 589 0.0499
596 589 0.0016
582 590 0.0077
589 590 0.0499
591 590 0.0403
590 591 0.0403
592 591 0.077
595 591 0.005
591 592 0.077
593 592 0.045
603 592 0.0326
592 593 0.045
594 593 0.0769
601 593 0.0046
603 593 0.0262
742 593 0.0136
1170 593 0.0006
593 594 0.0769
933 594 0.0017
1723 594 0.0026
591 595 0.005
603 595 0.0408
604 595 0.0029
589 596 0.0016
597 596 0.0013
1170 596 0.0031
596 597 0.0013
598 597 0.0018
1170 597 0.0084
597 598 0.0018
599 598 0.0019
600 598 0.0027
608 598 0.0058
1166 598 0.0032
598 599 0.0019
598 600 0.0027
593 601 0.0046
602 601 0.0038
1166 601 0.0045
601 602 0.0038
592 603 0.0326
593 603 0.0262
595 603 0.0408
595 604 0.0029
587 605 0.0237
606 605 0.0091
665 605 0.0011
605 606 0.0091
607 606 0.0076
608 606 0.0016
665 606 0.0028
606 607 0.0076
608 607 0.0077
613 607 0.0059
598 608 0.0058
606 608 0.0016
607 608 0.0077
609 608 0.0049
608 609 0.0049
612 609 0.0023
653 609 0.008
918 609 0.0179
611 610 0.0091
654 610 0.0051
656 610 0.0021
918 610 0.0193
610 611 0.0091
612 611 0.0091
650 611 0.0507
609 612 0.0023
611 612 0.0091
648 612 0.0069
650 612 0.004
607 613 0.0059
614 613 0.0051
615 613 0.0031
613 614 0.0051
613 615 0.0031
587 616 0.0054
617 616 0.0003
618 616 0.004
625 616 0.0023
616 617 0.0003
616 618 0.004
619 618 0.0044
625 618 0.0057
626 618 0.0052
618 619 0.0044
620 619 0.0027
633 619 0.024
619 620 0.0027
585 621 0.0019
586 621 0.0051
622 621 0.0112
586 622 0.0072
621 622 0.0112
623 622 0.0195
584 623 0.0003
622 623 0.0195
624 623 0.0428
623 624 0.0428
625 624 0.0064
630 624 0.004
616 625 0.0023
618 625 0.0057
624 625 0.0064
618 626 0.0052
578 627 0.0074
579 627 0.0326
586 627 0.0165
1 628 0.0066
629 628 0.0239
631 628 0.0022
628 629 0.0239
630 629 0.0068
635 629 0.0088
660 629 0.001
624 630 0.004
629 630 0.0068
632 630 0.0028
628 631 0.0022
630 632 0.0028
633 632 0.0053
638 632 0.0116
619 633 0.024
632 633 0.0053
634 633 0.0043
633 634 0.0043
648 634 0.0194
651 634 0.0058
629 635 0.0088
636 635 0.0038
661 635 0.0002
635 636 0.0038
637 636 0.009
657 636 0.0021
752 636 0.0008
636 637 0.009
658 637 0.0006
687 637 0.0091
632 638 0.0116
639 638 0.0173
659 638 0.0006
638 639 0.0173
640 639 0.0302
750 639 0.0006
639 640 0.0302
641 640 0.0197
745 640 0.0009
640 641 0.0197
642 641 0.0129
646 641 0.001
641 642 0.0129
643 642 0.0072
645 642 0.0034
746 642 0.0006
642 643 0.0072
644 643 0.007
696 643 0.0021
1035 643 0.0011
643 644 0.007
645 644 0.0009
901 644 0.0826
642 645 0.0034
644 645 0.0009
903 645 0.002
641 646 0.001
647 646 0.0023
903 646 0.0018
646 647 0.0023
612 648 0.0069
634 648 0.0194
649 648 0.0022
648 649 0.0022
650 649 0.0056
904 649 0.0046
905 649 0.0022
611 650 0.0507
612 650 0.004
649 650 0.0056
906 650 0.0146
634 651 0.0058
652 651 0.0021
904 651 0.003
651 652 0.0021
609 653 0.008
919 653 0.0016
1515 653 0.0034
1518 653 0.0032
610 654 0.0051
655 654 0.0075
917 654 0.0015
654 655 0.0075
914 655 0.0104
918 655 0.0051
1515 655 0.0026
610 656 0.0021
916 656 0.0018
1054 656 0.0013
636 657 0.0021
637 658 0.0006
638 659 0.0006
629 660 0.001
661 660 0.0049
701 660 0.0011
635 661 0.0002
660 661 0.0049
663 661 0.0023
663 662 0.0016
661 663 0.0023
662 663 0.0016
664 663 0.0048
663 664 0.0048
605 665 0.0011
606 665 0.0028
666 665 0.0008
665 666 0.0008
1 667 0.0048
676 667 0.0035
1594 667 0.069
698 668 0.0022
1592 668 0.0265
1594 668 0.0429
678 669 0.002
680 669 0.0054
1592 669 0.0131
1595 669 0.0021
1 670 0.0091
671 670 0.0046
674 670 0.0004
737 670 0.0016
670 671 0.0046
675 671 0.0003
738 671 0.0045
1593 671 0.0114
683 672 0.0088
753 672 0.0009
765 672 0.0022
1593 672 0.0357
1 673 0.0003
674 673 0.0004
700 673 0.0006
670 674 0.0004
673 674 0.0004
675 674 0.0014
699 674 0.0031
671 675 0.0003
674 675 0.0014
698 675 0.0014
1 676 0.0114
667 676 0.0035
677 676 0.0045
676 677 0.0045
700 677 0.0003
1594 677 0.0144
669 678 0.002
679 678 0.0053
682 678 0.0029
678 679 0.0053
757 679 0.0615
898 679 0.0021
669 680 0.0054
681 680 0.0017
682 680 0.003
680 681 0.0017
897 681 0.0007
1580 681 0.0008
678 682 0.0029
680 682 0.003
756 682 0.0053
672 683 0.0088
684 683 0.0033
702 683 0.0066
764 683 0.0022
683 684 0.0033
685 684 0.0049
762 684 0.0036
684 685 0.0049
686 685 0.0025
758 685 0.0039
685 686 0.0025
734 686 0.0008
762 686 0.0056
637 687 0.0091
688 687 0.0145
747 687 0.0106
687 688 0.0145
689 688 0.004
694 688 0.0093
688 689 0.004
690 689 0.0045
693 689 0.0048
689 690 0.0045
691 690 0.003
692 690 0.0069
1033 690 0.0045
1034 690 0.0093
690 691 0.003
895 691 0.0041
897 691 0.003
1032 691 0.0201
690 692 0.0069
896 692 0.0055
1033 692 0.0094
1034 692 0.0142
1501 692 0.0059
689 693 0.0048
694 693 0.0021
1034 693 0.0006
688 694 0.0093
693 694 0.0021
695 694 0.0068
697 694 0.0077
694 695 0.0068
696 695 0.0026
899 695 0.0016
643 696 0.0021
695 696 0.0026
1575 696 0.0009
1576 696 0.0011
1834 696 0.0013
694 697 0.0077
751 697 0.0106
1513 697 0.0124
668 698 0.0022
675 698 0.0014
699 698 0.0014
674 699 0.0031
698 699 0.0014
700 699 0.001
673 700 0.0006
677 700 0.0003
699 700 0.001
660 701 0.0011
683 702 0.0066
703 702 0.0065
704 702 0.0003
762 702 0.0021
702 703 0.0065
704 703 0.0019
763 703 0.007
884 703 0.003
702 704 0.0003
703 704 0.0019
705 704 0.0005
724 704 0.0003
704 705 0.0005
1 706 0.0027
715 706 0.0056
726 706 0.0113
1 707 0.012
708 707 0.0039
709 707 0.0017
707 708 0.0039
709 708 0.0042
710 708 0.0089
707 709 0.0017
708 709 0.0042
764 709 0.0012
708 710 0.0089
711 710 0.0019
715 710 0.0085
710 711 0.0019
712 711 0.0081
764 711 0.0006
711 712 0.0081
713 712 0.0014
714 712 0.0014
712 713 0.0014
712 714 0.0014
706 715 0.0056
710 715 0.0085
716 715 0.0274
1160 715 0.0008
715 716 0.0274
717 716 0.0167
720 716 0.0031
716 717 0.0167
718 717 0.0134
723 717 0.0094
731 717 0.0066
717 718 0.0134
719 718 0.0035
1582 718 0.0077
718 719 0.0035
728 719 0.0084
729 719 0.0013
1581 719 0.0034
716 720 0.0031
721 720 0.013
726 720 0.0021
720 721 0.013
722 721 0.0029
728 721 0.0007
721 722 0.0029
727 722 0.0005
730 722 0.0023
717 723 0.0094
724 723 0.0024
725 723 0.0023
704 724 0.0003
723 724 0.0024
735 724 0.0126
723 725 0.0023
732 725 0.0011
733 725 0.006
109 726 0.0061
706 726 0.0113
720 726 0.0021
1159 726 0.0098
111 727 0.0005
722 727 0.0005
1159 727 0.0076
719 728 0.0084
721 728 0.0007
1583 728 0.0071
719 729 0.0013
871 729 0.0007
1681 729 0.0012
722 730 0.0023
1583 730 0.004
1585 730 0.0048
717 731 0.0066
732 731 0.0028
1582 731 0.0121
725 732 0.0011
731 732 0.0028
736 732 0.0013
1581 732 0.0037
1582 732 0.0075
1682 732 0.003
725 733 0.006
735 733 0.0167
761 733 0.0074
875 733 0.0002
686 734 0.0008
763 734 0.0018
885 734 0.0009
888 734 0.0031
724 735 0.0126
733 735 0.0167
761 735 0.0025
732 736 0.0013
875 736 0.0238
1682 736 0.0029
670 737 0.0016
671 738 0.0045
582 739 0.0089
1189 739 0.0253
1699 739 0.0527
551 740 0.0409
930 740 0.2356
1699 740 0.0152
574 741 0.0049
593 742 0.0136
743 742 0.0138
1691 742 0.0199
742 743 0.0138
1182 743 0.0623
1691 743 0.0402
920 744 0.117
1171 744 0.006
1188 744 0.116
640 745 0.0009
642 746 0.0006
687 747 0.0106
748 747 0.0031
749 747 0.0046
747 748 0.0031
747 749 0.0046
639 750 0.0006
697 751 0.0106
896 751 0.0012
900 751 0.0337
1513 751 0.0228
636 752 0.0008
672 753 0.0009
754 753 0.0018
755 753 0.0019
753 754 0.0018
753 755 0.0019
682 756 0.0053
679 757 0.0615
889 757 0.0028
892 757 0.002
1031 757 0.0039
685 758 0.0039
759 758 0.001
760 758 0.0006
758 759 0.001
758 760 0.0006
733 761 0.0074
735 761 0.0025
877 761 0.004
880 761 0.0222
684 762 0.0036
686 762 0.0056
702 762 0.0021
763 762 0.002
703 763 0.007
734 763 0.0018
762 763 0.002
1 764 0.0002
683 764 0.0022
709 764 0.0012
711 764 0.0006
672 765 0.0022
86 766 0.0017
281 767 0.003
768 767 0.0003
814 767 0.0003
767 768 0.0003
354 769 0.0002
507 770 0.002
515 771 0.0046
539 772 0.0132
773 772 0.0027
934 772 0.0067
1696 772 0.0012
772 773 0.0027
334 774 0.0073
775 774 0.0194
776 774 0.0076
777 774 0.0051
996 774 0.0055
774 775 0.0194
1154 775 0.0318
1439 775 0.0022
774 776 0.0076
996 776 0.0019
1453 776 0.0084
774 777 0.0051
345 778 0.0037
779 778 0.0014
780 778 0.003
781 778 0.006
778 779 0.0014
778 780 0.003
778 781 0.006
345 782 0.001
783 782 0.0036
1002 782 0.0004
782 783 0.0036
333 784 0.0039
785 784 0.0024
1001 784 0.0026
784 785 0.0024
786 785 0.0028
1001 785 0.0014
1213 785 0.0011
785 786 0.0028
344 787 0.0009
788 787 0.0085
789 787 0.0048
1464 787 0.0014
787 788 0.0085
999 788 0.014
1000 788 0.0058
1209 788 0.0009
787 789 0.0048
344 790 0.001
337 791 0.0013
792 791 0.0022
793 791 0.0004
791 792 0.0022
791 793 0.0004
340 794 0.0017
795 794 0.0012
796 794 0.0006
797 794 0.001
798 794 0.0005
794 795 0.0012
794 796 0.0006
794 797 0.001
794 798 0.0005
340 799 0.0027
800 799 0.0007
801 799 0.001
802 799 0.0018
799 800 0.0007
799 801 0.001
799 802 0.0018
332 803 0.0022
337 803 0.0018
338 803 0.001
338 804 0.0009
346 805 0.0005
303 806 0.0008
807 806 0.0037
808 806 0.0028
335 807 0.0007
342 807 0.0051
806 807 0.0037
312 808 0.0009
319 808 0.0016
806 808 0.0028
293 809 0.0047
294 809 0.001
1214 809 0.006
294 810 0.0013
811 810 0.0023
812 810 0.0026
810 811 0.0023
810 812 0.0026
294 813 0.0005
298 814 0.0004
767 814 0.0003
815 814 0.0005
816 814 0.001
814 815 0.0005
814 816 0.001
280 817 0.0014
818 817 0.0018
819 817 0.0031
820 817 0.003
821 817 0.002
817 818 0.0018
817 819 0.0031
817 820 0.003
279 821 0.0007
280 821 0.0015
817 821 0.002
279 822 0.0004
278 823 0.0006
259 824 0.0021
263 825 0.0011
826 825 0.0045
827 825 0.0072
828 825 0.0004
825 826 0.0045
825 827 0.0072
262 828 0.0001
266 828 0.0022
825 828 0.0004
829 828 0.0004
828 829 0.0004
230 830 0.0012
230 831 0.0005
203 832 0.0003
228 832 0.0037
833 832 0.0009
832 833 0.0009
203 834 0.0041
835 834 0.0007
836 834 0.0011
834 835 0.0007
834 836 0.0011
192 837 0.003
838 837 0.0072
1008 837 0.0024
837 838 0.0072
191 839 0.0018
840 839 0.0113
842 839 0.0039
1006 839 0.0054
839 840 0.0113
182 841 0.0006
839 842 0.0039
165 843 0.0026
163 844 0.0201
845 844 0.006
846 844 0.0029
847 844 0.001
1009 844 0.0037
1011 844 0.0012
844 845 0.006
844 846 0.0029
163 847 0.001
844 847 0.001
1012 847 0.0036
155 848 0.0019
849 848 0.0023
850 848 0.002
851 848 0.0023
853 848 0.001
848 849 0.0023
848 850 0.002
848 851 0.0023
157 852 0.0008
158 852 0.0008
1012 852 0.0011
142 853 0.0006
848 853 0.001
854 853 0.0021
855 853 0.0008
853 854 0.0021
853 855 0.0008
142 856 0.0023
857 856 0.0007
858 856 0.0016
859 856 0.0005
856 857 0.0007
856 858 0.0016
856 859 0.0005
141 860 0.0043
142 860 0.0115
861 860 0.0002
126 861 0.0004
860 861 0.0002
862 861 0.001
861 862 0.001
126 863 0.001
142 864 0.0004
133 865 0.0032
134 865 0.0015
866 865 0.0019
865 866 0.0019
867 866 0.0057
870 866 0.0004
866 867 0.0057
868 867 0.0012
869 867 0.0039
872 867 0.0005
873 867 0.0005
1013 867 0.0042
867 868 0.0012
867 869 0.0039
133 870 0.003
866 870 0.0004
871 870 0.0027
729 871 0.0007
870 871 0.0027
872 871 0.0152
867 872 0.0005
871 872 0.0152
873 872 0.0121
874 872 0.0015
867 873 0.0005
872 873 0.0121
875 873 0.0014
1497 873 0.0011
872 874 0.0015
1016 874 0.0015
1683 874 0.0037
733 875 0.0002
736 875 0.0238
873 875 0.0014
876 875 0.0012
1017 875 0.0089
1497 875 0.001
875 876 0.0012
761 877 0.004
878 877 0.0009
879 877 0.0026
877 878 0.0009
877 879 0.0026
761 880 0.0222
881 880 0.0067
882 880 0.0189
883 880 0.0062
887 880 0.0019
1021 880 0.0023
880 881 0.0067
880 882 0.0189
1023 882 0.0058
1026 882 0.0069
880 883 0.0062
887 883 0.0244
1483 883 0.0049
703 884 0.003
885 884 0.0023
887 884 0.0052
1028 884 0.0019
734 885 0.0009
884 885 0.0023
886 885 0.0092
885 886 0.0092
880 887 0.0019
883 887 0.0244
884 887 0.0052
734 888 0.0031
757 889 0.0028
890 889 0.0042
891 889 0.0092
1217 889 0.001
889 890 0.0042
889 891 0.0092
757 892 0.002
893 892 0.0044
894 892 0.0013
1029 892 0.0004
892 893 0.0044
1030 893 0.0023
1514 893 0.0018
892 894 0.0013
691 895 0.0041
1031 895 0.0038
1033 895 0.0058
1500 895 0.0012
1501 895 0.0035
692 896 0.0055
751 896 0.0012
1034 896 0.0023
1512 896 0.0035
681 897 0.0007
691 897 0.003
898 897 0.0007
679 898 0.0021
897 898 0.0007
1032 898 0.0055
695 899 0.0016
900 899 0.0047
1513 899 0.0086
1572 899 0.004
751 900 0.0337
899 900 0.0047
1219 900 0.0384
644 901 0.0826
902 901 0.0137
1036 901 0.0011
1037 901 0.0098
901 902 0.0137
645 903 0.002
646 903 0.0018
1040 903 0.0016
649 904 0.0046
651 904 0.003
1038 904 0.15
1041 904 0.0158
649 905 0.0022
650 906 0.0146
907 906 0.0114
910 906 0.0133
913 906 0.0134
906 907 0.0114
908 907 0.0186
909 907 0.0076
907 908 0.0186
907 909 0.0076
906 910 0.0133
911 910 0.0473
912 910 0.037
910 911 0.0473
1042 911 0.0564
1048 911 0.0038
910 912 0.037
906 913 0.0134
915 913 0.006
1045 913 0.003
655 914 0.0104
1049 914 0.0039
1052 914 0.0044
1054 914 0.0086
913 915 0.006
656 916 0.0018
654 917 0.0015
609 918 0.0179
610 918 0.0193
655 918 0.0051
653 919 0.0016
1517 919 0.0049
1518 919 0.0069
744 920 0.117
921 920 0.0198
922 920 0.0088
923 920 0.0095
1070 920 0.0079
1071 920 0.0129
1083 920 0.0059
1089 920 0.0041
1520 920 0.0004
920 921 0.0198
920 922 0.0088
920 923 0.0095
1072 923 0.0077
1074 923 0.0088
1075 923 0.0175
1071 924 0.0074
926 925 0.009
927 925 0.0098
928 925 0.0101
929 925 0.0071
1090 925 0.0049
1691 925 0.009
925 926 0.009
930 926 0.0057
1091 926 0.085
925 927 0.0098
925 928 0.0101
925 929 0.0071
551 930 0.0359
740 930 0.2356
926 930 0.0057
931 930 0.0056
932 930 0.0087
1096 930 0.0035
930 931 0.0056
930 932 0.0087
594 933 0.0017
772 934 0.0067
935 934 0.0095
1097 934 0.0057
1098 934 0.0064
934 935 0.0095
543 936 0.0306
937 936 0.004
938 936 0.0046
940 936 0.0014
1101 936 0.0059
1121 936 0.0047
1378 936 0.0112
936 937 0.004
1104 937 0.0076
1109 937 0.0097
1121 937 0.0164
936 938 0.0046
1111 938 0.0054
1115 938 0.006
1384 938 0.0113
1126 939 0.0093
1127 939 0.0078
1363 939 0.0156
1381 939 0.0431
1383 939 0.0109
543 940 0.008
936 940 0.0014
1722 940 0.0173
534 941 0.0322
942 941 0.002
943 941 0.0017
944 941 0.0021
945 941 0.0062
946 941 0.0035
1701 941 0.0042
941 942 0.002
941 943 0.0017
941 944 0.0021
941 945 0.0062
1130 945 0.0059
1141 945 0.0045
941 946 0.0035
532 947 0.0053
516 948 0.0021
532 948 0.009
949 948 0.0075
515 949 0.0018
948 949 0.0075
950 949 0.0132
951 949 0.0167
1133 949 0.0034
1141 949 0.0066
949 950 0.0132
949 951 0.0167
1134 951 0.0104
1137 951 0.0283
542 952 0.0038
511 953 0.0119
954 953 0.0091
1394 953 0.0048
510 954 0.0015
511 954 0.0055
953 954 0.0091
1399 954 0.0015
1611 955 0.0003
483 956 0.0029
957 956 0.0039
958 956 0.001
959 956 0.0033
1143 956 0.004
956 957 0.0039
956 958 0.001
956 959 0.0033
482 960 0.0114
1144 960 0.0022
1145 960 0.0024
1147 960 0.007
1202 960 0.0013
480 961 0.0424
962 961 0.012
963 961 0.0051
964 961 0.0052
1147 961 0.0262
961 962 0.012
1147 962 0.0047
1204 962 0.0112
961 963 0.0051
436 964 0.0123
961 964 0.0052
965 964 0.0039
964 965 0.0039
436 966 0.0033
436 967 0.0028
423 968 0.0009
425 969 0.0438
970 969 0.0193
1149 969 0.004
1150 969 0.0039
969 970 0.0193
1148 970 0.0003
1203 970 0.0029
425 971 0.0041
428 972 0.015
413 973 0.0063
418 973 0.0023
419 973 0.0066
1151 973 0.0061
1152 973 0.0141
409 974 0.0252
975 974 0.0075
976 974 0.0088
1153 974 0.005
1207 974 0.0011
1208 974 0.0033
1209 974 0.0028
974 975 0.0075
974 976 0.0088
408 977 0.0035
978 977 0.0096
979 977 0.01
980 977 0.0085
977 978 0.0096
977 979 0.01
977 980 0.0085
355 981 0.0037
407 981 0.0016
983 981 0.008
407 982 0.0035
355 983 0.0023
407 983 0.0097
981 983 0.008
984 983 0.0109
985 983 0.0119
1209 983 0.0055
983 984 0.0109
983 985 0.0119
83 986 0.0015
120 987 0.0033
123 987 0.0004
124 987 0.0002
122 988 0.0036
124 988 0.0062
146 988 0.0051
100 989 0.0094
113 989 0.0131
990 989 0.0212
113 990 0.0157
989 990 0.0212
991 990 0.0049
113 991 0.0062
114 991 0.0224
990 991 0.0049
23 992 0.0247
24 992 0.0325
445 992 0.0047
993 992 0.0209
23 993 0.2183
992 993 0.0209
1194 993 0.0244
462 994 0.0296
489 994 0.0119
995 994 0.0096
518 995 0.0059
519 995 0.0139
559 995 0.0296
994 995 0.0096
774 996 0.0055
776 996 0.0019
997 996 0.005
998 996 0.0037
996 997 0.005
996 998 0.0037
1453 998 0.0017
1454 998 0.0008
788 999 0.014
788 1000 0.0058
333 1001 0.0004
784 1001 0.0026
785 1001 0.0014
782 1002 0.0004
318 1003 0.0023
229 1004 0.0003
198 1005 0.0011
1007 1005 0.0017
1008 1005 0.0081
839 1006 0.0054
1007 1006 0.0088
1473 1006 0.0018
1005 1007 0.0017
1006 1007 0.0088
1008 1007 0.0049
837 1008 0.0024
1005 1008 0.0081
1007 1008 0.0049
844 1009 0.0037
1010 1009 0.006
1011 1009 0.0053
1475 1009 0.0015
1009 1010 0.006
1011 1010 0.0019
1475 1010 0.0017
844 1011 0.0012
1009 1011 0.0053
1010 1011 0.0019
158 1012 0.0005
847 1012 0.0036
852 1012 0.0011
867 1013 0.0042
1014 1013 0.0102
1015 1013 0.0021
1013 1014 0.0102
1013 1015 0.0021
874 1016 0.0015
875 1017 0.0089
1018 1017 0.0108
1019 1017 0.0057
1020 1017 0.0027
1017 1018 0.0108
1218 1018 0.0199
1497 1018 0.0022
1017 1019 0.0057
1017 1020 0.0027
880 1021 0.0023
1022 1021 0.0146
1026 1021 0.0061
1218 1021 0.0025
1684 1021 0.0022
1021 1022 0.0146
882 1023 0.0058
1024 1023 0.0199
1025 1023 0.0226
1023 1024 0.0199
1023 1025 0.0226
882 1026 0.0069
1021 1026 0.0061
1027 1026 0.0044
1026 1027 0.0044
884 1028 0.0019
892 1029 0.0004
893 1030 0.0023
757 1031 0.0039
895 1031 0.0038
1032 1031 0.0045
691 1032 0.0201
898 1032 0.0055
1031 1032 0.0045
690 1033 0.0045
692 1033 0.0094
895 1033 0.0058
690 1034 0.0093
692 1034 0.0142
693 1034 0.0006
896 1034 0.0023
643 1035 0.0011
901 1036 0.0011
1037 1036 0.0015
1545 1036 0.0019
901 1037 0.0098
1036 1037 0.0015
1544 1037 0.0163
904 1038 0.15
1039 1038 0.0151
1040 1038 0.0014
1038 1039 0.0151
1535 1039 0.0195
1543 1039 0.0054
903 1040 0.0016
1038 1040 0.0014
1543 1040 0.0341
904 1041 0.0158
911 1042 0.0564
1043 1042 0.0123
1044 1042 0.0137
1529 1042 0.0127
1042 1043 0.0123
1529 1043 0.0217
1532 1043 0.0044
1533 1043 0.0077
1042 1044 0.0137
913 1045 0.003
1046 1045 0.0059
1047 1045 0.0045
1045 1046 0.0059
1045 1047 0.0045
911 1048 0.0038
914 1049 0.0039
1050 1049 0.0387
1051 1049 0.0461
1049 1050 0.0387
1051 1050 0.1105
1053 1050 0.0194
1056 1050 0.0042
1179 1050 0.0251
1049 1051 0.0461
1050 1051 0.1105
1177 1051 0.0138
1178 1051 0.0156
914 1052 0.0044
1053 1052 0.0049
1176 1052 0.0018
1050 1053 0.0194
1052 1053 0.0049
1176 1053 0.0022
656 1054 0.0013
914 1054 0.0086
1055 1054 0.0069
1245 1054 0.0041
1054 1055 0.0069
1050 1056 0.0042
1057 1056 0.023
1063 1056 0.0149
1070 1056 0.0056
1056 1057 0.023
1058 1057 0.0136
1180 1057 0.009
1057 1058 0.0136
1059 1058 0.0099
1220 1058 0.0013
1058 1059 0.0099
1060 1059 0.0256
1068 1059 0.0047
1059 1060 0.0256
1061 1060 0.0035
1068 1060 0.0097
1180 1060 0.0102
1060 1061 0.0035
1062 1061 0.0077
1264 1061 0.0107
1061 1062 0.0077
1056 1063 0.0149
1064 1063 0.0126
1071 1063 0.0031
1180 1063 0.0273
1063 1064 0.0126
1065 1064 0.0151
1181 1064 0.0126
1064 1065 0.0151
1066 1065 0.0059
1067 1065 0.0009
1181 1065 0.018
1221 1065 0.012
1271 1065 0.0046
1065 1066 0.0059
1065 1067 0.0009
1059 1068 0.0047
1060 1068 0.0097
1069 1068 0.0174
1068 1069 0.0174
920 1070 0.0079
1056 1070 0.0056
1176 1070 0.0029
1520 1070 0.0131
1524 1070 0.0132
920 1071 0.0129
924 1071 0.0074
1063 1071 0.0031
923 1072 0.0077
1073 1072 0.0063
1074 1072 0.0039
1072 1073 0.0063
1271 1073 0.0081
1283 1073 0.0175
923 1074 0.0088
1072 1074 0.0039
1082 1074 0.0061
923 1075 0.0175
1076 1075 0.0177
1079 1075 0.0043
1075 1076 0.0177
1077 1076 0.0291
1080 1076 0.0116
1076 1077 0.0291
1078 1077 0.0167
1081 1077 0.0122
1077 1078 0.0167
1222 1078 0.0095
1225 1078 0.0212
1228 1078 0.0218
1528 1078 0.0166
1075 1079 0.0043
1301 1079 0.0174
1527 1079 0.0068
1076 1080 0.0116
1077 1081 0.0122
1074 1082 0.0061
920 1083 0.0059
1084 1083 0.0051
1085 1083 0.0063
1086 1083 0.0135
1083 1084 0.0051
1083 1085 0.0063
1083 1086 0.0135
1087 1086 0.0106
1088 1086 0.011
1107 1086 0.0038
1086 1087 0.0106
1086 1088 0.011
920 1089 0.0041
925 1090 0.0049
926 1091 0.085
1092 1091 0.0076
1093 1091 0.0114
1094 1091 0.0129
1095 1091 0.012
1091 1092 0.0076
1091 1093 0.0114
1091 1094 0.0129
1091 1095 0.012
930 1096 0.0035
934 1097 0.0057
934 1098 0.0064
1099 1098 0.031
1100 1098 0.0215
1098 1099 0.031
1098 1100 0.0215
936 1101 0.0059
1102 1101 0.0231
1103 1101 0.0123
1101 1102 0.0231
1101 1103 0.0123
937 1104 0.0076
1105 1104 0.0121
1106 1104 0.0106
1107 1104 0.0034
1104 1105 0.0121
1104 1106 0.0106
1086 1107 0.0038
1104 1107 0.0034
1108 1107 0.0095
1107 1108 0.0095
937 1109 0.0097
1110 1109 0.0022
1121 1109 0.0068
1771 1109 0.0021
1109 1110 0.0022
938 1111 0.0054
1112 1111 0.0051
1113 1111 0.0018
1111 1112 0.0051
1113 1112 0.0157
1118 1112 0.004
1335 1112 0.0026
1111 1113 0.0018
1112 1113 0.0157
1114 1113 0.0045
1113 1114 0.0045
938 1115 0.006
1116 1115 0.0131
1117 1115 0.0087
1115 1116 0.0131
1234 1116 0.0118
1327 1116 0.0112
1115 1117 0.0087
1112 1118 0.004
1119 1118 0.0072
1120 1118 0.0058
1307 1118 0.0053
1118 1119 0.0072
1236 1119 0.0101
1239 1119 0.0165
1302 1119 0.0191
1308 1119 0.0573
1118 1120 0.0058
936 1121 0.0047
937 1121 0.0164
1109 1121 0.0068
1123 1122 0.009
1376 1122 0.0045
1383 1122 0.0095
1122 1123 0.009
1124 1123 0.0179
1125 1123 0.0059
1123 1124 0.0179
1244 1124 0.0042
1328 1124 0.0078
1123 1125 0.0059
939 1126 0.0093
1376 1126 0.0119
1377 1126 0.0077
939 1127 0.0078
1128 1127 0.0101
1354 1127 0.0049
1363 1127 0.0402
1374 1127 0.0136
1127 1128 0.0101
1354 1128 0.018
1355 1128 0.0446
1363 1128 0.0165
1377 1128 0.0182
1338 1129 0.0072
1355 1129 0.0262
1376 1129 0.0108
945 1130 0.0059
1131 1130 0.0193
1133 1130 0.032
1380 1130 0.061
1130 1131 0.0193
1132 1131 0.0074
1374 1131 0.0035
1380 1131 0.0119
1131 1132 0.0074
1354 1132 0.021
1356 1132 0.0689
1374 1132 0.0054
949 1133 0.0034
1130 1133 0.032
1243 1133 0.0095
1382 1133 0.0199
951 1134 0.0104
1135 1134 0.0033
1136 1134 0.0032
1134 1135 0.0033
1134 1136 0.0032
951 1137 0.0283
1138 1137 0.0098
1392 1137 0.0101
1137 1138 0.0098
1139 1138 0.0146
1140 1138 0.0622
1392 1138 0.0106
1138 1139 0.0146
1241 1139 0.0073
1243 1139 0.001
1138 1140 0.0622
945 1141 0.0045
949 1141 0.0066
1142 1141 0.0089
1141 1142 0.0089
956 1143 0.004
960 1144 0.0022
1199 1144 0.0097
1201 1144 0.0066
960 1145 0.0024
1147 1146 0.0046
960 1147 0.007
961 1147 0.0262
962 1147 0.0047
1146 1147 0.0046
970 1148 0.0003
969 1149 0.004
969 1150 0.0039
973 1151 0.0061
973 1152 0.0141
974 1153 0.005
775 1154 0.0318
251 1155 0.0024
197 1156 0.0046
198 1156 0.0144
200 1156 0.0015
1157 1156 0.0022
196 1157 0.0008
199 1157 0.0041
1156 1157 0.0022
161 1158 0.0021
164 1158 0.0005
165 1158 0.0025
110 1159 0.0038
726 1159 0.0098
727 1159 0.0076
715 1160 0.0008
6 1161 0.081
7 1161 0.1007
10 1161 0.04
18 1161 0.005
523 1162 0.0706
5 1163 0.0132
522 1163 0.0708
1164 1163 0.0226
457 1164 0.2013
458 1164 0.1246
1163 1164 0.0226
533 1165 0.0222
541 1165 0.0006
542 1165 0.0039
598 1166 0.0032
601 1166 0.0045
1167 1166 0.0101
1166 1167 0.0101
1168 1167 0.0027
1169 1167 0.0003
1517 1167 0.0134
1167 1168 0.0027
1167 1169 0.0003
1182 1169 0.004
1187 1169 0.0021
593 1170 0.0006
596 1170 0.0031
597 1170 0.0084
744 1171 0.006
1172 1171 0.005
1173 1171 0.0085
1171 1172 0.005
1171 1173 0.0085
1174 1173 0.0022
1175 1173 0.0105
1173 1174 0.0022
1173 1175 0.0105
1523 1175 0.016
1524 1175 0.0052
1052 1176 0.0018
1053 1176 0.0022
1070 1176 0.0029
1051 1177 0.0138
1051 1178 0.0156
1050 1179 0.0251
1057 1180 0.009
1060 1180 0.0102
1063 1180 0.0273
1181 1180 0.006
1064 1181 0.0126
1065 1181 0.018
1180 1181 0.006
1264 1181 0.005
743 1182 0.0623
1169 1182 0.004
1183 1182 0.1545
1182 1183 0.1545
1184 1183 0.0039
1188 1183 0.0259
1183 1184 0.0039
1185 1184 0.0033
1187 1184 0.0045
1184 1185 0.0033
1186 1185 0.0111
1188 1185 0.0025
1185 1186 0.0111
1516 1186 0.0169
1519 1186 0.0106
1169 1187 0.0021
1184 1187 0.0045
1517 1187 0.0009
744 1188 0.116
1183 1188 0.0259
1185 1188 0.0025
554 1189 0.0131
583 1189 0.0192
739 1189 0.0253
526 1190 0.0134
535 1190 0.0306
1191 1190 0.0133
535 1191 0.0235
1190 1191 0.0133
1192 1191 0.0403
536 1192 0.0641
1191 1192 0.0403
1193 1192 0.0179
537 1193 0.0559
547 1193 0.0061
1192 1193 0.0179
445 1194 0.0108
993 1194 0.0244
1195 1194 0.0294
444 1195 0.0056
448 1195 0.0267
1194 1195 0.0294
526 1196 0.0885
1197 1196 0.0584
1198 1196 0.0222
1196 1197 0.0584
522 1198 0.0457
523 1198 0.0309
1196 1198 0.0222
1144 1199 0.0097
1200 1199 0.0102
1397 1199 0.0059
1199 1200 0.0102
1397 1200 0.0155
1404 1200 0.0109
1144 1201 0.0066
1401 1201 0.0042
1407 1201 0.0033
960 1202 0.0013
1407 1202 0.0008
1408 1202 0.0061
1409 1202 0.0051
970 1203 0.0029
1425 1203 0.0243
1588 1203 0.008
962 1204 0.0112
1411 1204 0.0085
1417 1204 0.0139
1424 1204 0.0009
426 1205 0.0027
1206 1205 0.0011
1432 1205 0.0038
1205 1206 0.0011
974 1207 0.0011
1432 1207 0.0016
1626 1207 0.0017
1631 1207 0.0012
974 1208 0.0033
788 1209 0.0009
974 1209 0.0028
983 1209 0.0055
1446 1209 0.0017
1466 1209 0.0126
361 1210 0.0217
406 1210 0.0082
407 1210 0.0046
1211 1210 0.0058
406 1211 0.006
1210 1211 0.0058
1212 1211 0.0041
406 1212 0.0061
408 1212 0.0123
1211 1212 0.0041
785 1213 0.0011
293 1214 0.0027
342 1214 0.0022
809 1214 0.006
149 1215 0.0008
150 1215 0.0011
1216 1215 0.0006
1215 1216 0.0006
889 1217 0.001
1477 1217 0.008
1483 1217 0.0076
1018 1218 0.0199
1021 1218 0.0025
1490 1218 0.0123
1491 1218 0.0112
900 1219 0.0384
1499 1219 0.0107
1510 1219 0.0047
1512 1219 0.0038
1834 1219 0.0013
1058 1220 0.0013
1245 1220 0.01
1246 1220 0.076
1065 1221 0.012
1251 1221 0.0265
1268 1221 0.0166
1078 1222 0.0095
1223 1222 0.011
1224 1222 0.0041
1283 1222 0.02
1222 1223 0.011
1233 1223 0.0249
1283 1223 0.0158
1222 1224 0.0041
1078 1225 0.0212
1226 1225 0.0167
1227 1225 0.0078
1225 1226 0.0167
1227 1226 0.0223
1272 1226 0.0091
1225 1227 0.0078
1226 1227 0.0223
1229 1227 0.0127
1078 1228 0.0218
1229 1228 0.0045
1230 1228 0.0262
1232 1228 0.0053
1281 1228 0.0041
1227 1229 0.0127
1228 1229 0.0045
1278 1229 0.0056
1280 1229 0.018
1228 1230 0.0262
1231 1230 0.0137
1232 1230 0.0057
1527 1230 0.014
1230 1231 0.0137
1284 1231 0.0177
1287 1231 0.0216
1527 1231 0.0096
1228 1232 0.0053
1230 1232 0.0057
1284 1232 0.0542
1223 1233 0.0249
1116 1234 0.0118
1235 1234 0.0071
1305 1234 0.0034
1234 1235 0.0071
1323 1235 0.003
1324 1235 0.0097
1327 1235 0.0099
1119 1236 0.0101
1237 1236 0.0166
1311 1236 0.0058
1312 1236 0.0211
1236 1237 0.0166
1238 1237 0.0083
1525 1237 0.0044
1526 1237 0.0062
1237 1238 0.0083
1119 1239 0.0165
1240 1239 0.0169
1301 1239 0.0034
1239 1240 0.0169
1139 1241 0.0073
1242 1241 0.0165
1385 1241 0.0125
1241 1242 0.0165
1243 1242 0.0026
1390 1242 0.0114
1133 1243 0.0095
1139 1243 0.001
1242 1243 0.0026
1371 1243 0.0085
1391 1243 0.0028
1726 1243 0.0019
1124 1244 0.0042
1054 1245 0.0041
1220 1245 0.01
1837 1245 0.0016
1220 1246 0.076
1247 1246 0.007
1248 1246 0.0038
1249 1246 0.0068
1250 1246 0.0072
1258 1246 0.0043
1529 1246 0.0028
1796 1246 0.0023
1246 1247 0.007
1246 1248 0.0038
1246 1249 0.0068
1246 1250 0.0072
1529 1250 0.0009
1837 1250 0.0102
1221 1251 0.0265
1252 1251 0.054
1263 1251 0.0163
1251 1252 0.054
1253 1252 0.0248
1257 1252 0.0161
1261 1252 0.0135
1252 1253 0.0248
1254 1253 0.0204
1259 1253 0.1365
1260 1253 0.0166
1253 1254 0.0204
1255 1254 0.0427
1797 1254 0.022
1254 1255 0.0427
1256 1255 0.018
1795 1255 0.0166
1255 1256 0.018
1794 1256 0.0096
1848 1256 0.0105
1849 1256 0.0065
1252 1257 0.0161
1258 1257 0.006
1259 1257 0.0088
1246 1258 0.0043
1257 1258 0.006
1259 1258 0.003
1253 1259 0.1365
1257 1259 0.0088
1258 1259 0.003
1253 1260 0.0166
1252 1261 0.0135
1262 1261 0.0086
1263 1261 0.0134
1261 1262 0.0086
1793 1262 0.0037
1850 1262 0.0304
1251 1263 0.0163
1261 1263 0.0134
1269 1263 0.0042
1790 1263 0.0027
1061 1264 0.0107
1181 1264 0.005
1265 1264 0.0059
1266 1264 0.0039
1267 1264 0.0078
1264 1265 0.0059
1264 1266 0.0039
1264 1267 0.0078
1221 1268 0.0166
1269 1268 0.0143
1275 1268 0.0035
1263 1269 0.0042
1268 1269 0.0143
1270 1269 0.004
1276 1269 0.0075
1787 1269 0.0046
1269 1270 0.004
1065 1271 0.0046
1073 1271 0.0081
1272 1271 0.0116
1275 1271 0.0037
1226 1272 0.0091
1271 1272 0.0116
1273 1272 0.0081
1275 1272 0.0064
1278 1272 0.0061
1272 1273 0.0081
1274 1273 0.0291
1783 1273 0.0154
1273 1274 0.0291
1278 1274 0.0131
1782 1274 0.0059
1268 1275 0.0035
1271 1275 0.0037
1272 1275 0.0064
1276 1275 0.01
1269 1276 0.0075
1275 1276 0.01
1277 1276 0.0302
1276 1277 0.0302
1787 1277 0.0044
1789 1277 0.0054
1229 1278 0.0056
1272 1278 0.0061
1274 1278 0.0131
1279 1278 0.02
1278 1279 0.02
1778 1279 0.031
1779 1279 0.0432
1229 1280 0.018
1228 1281 0.0041
1776 1281 0.0493
1777 1281 0.0147
1776 1282 0.0032
1777 1282 0.0247
1778 1282 0.008
1073 1283 0.0175
1222 1283 0.02
1223 1283 0.0158
1231 1284 0.0177
1232 1284 0.0542
1285 1284 0.0349
1284 1285 0.0349
1286 1285 0.0167
1776 1285 0.0086
1285 1286 0.0167
1231 1287 0.0216
1288 1287 0.0171
1295 1287 0.0066
1296 1287 0.0167
1298 1287 0.0076
1287 1288 0.0171
1289 1288 0.0029
1290 1288 0.0105
1293 1288 0.0105
1288 1289 0.0029
1288 1290 0.0105
1291 1290 0.0125
1292 1290 0.011
1290 1291 0.0125
1290 1292 0.011
1288 1293 0.0105
1294 1293 0.0097
1772 1293 0.0089
1775 1293 0.0043
1293 1294 0.0097
1287 1295 0.0066
1287 1296 0.0167
1297 1296 0.0152
1769 1296 0.004
1296 1297 0.0152
1767 1297 0.0229
1770 1297 0.0106
1287 1298 0.0076
1299 1298 0.0199
1301 1298 0.0319
1298 1299 0.0199
1300 1299 0.0112
1525 1299 0.024
1299 1300 0.0112
1079 1301 0.0174
1239 1301 0.0034
1298 1301 0.0319
1119 1302 0.0191
1303 1302 0.0187
1304 1302 0.0097
1302 1303 0.0187
1302 1304 0.0097
1234 1305 0.0034
1306 1305 0.0193
1313 1305 0.0065
1325 1305 0.0062
1305 1306 0.0193
1325 1306 0.0051
1751 1306 0.0057
1755 1306 0.0044
1118 1307 0.0053
1119 1308 0.0573
1309 1308 0.0139
1310 1308 0.0048
1308 1309 0.0139
1308 1310 0.0048
1236 1311 0.0058
1236 1312 0.0211
1313 1312 0.0138
1320 1312 0.0083
1305 1313 0.0065
1312 1313 0.0138
1314 1313 0.0053
1315 1313 0.0042
1316 1313 0.0037
1757 1313 0.0049
1762 1313 0.0029
1313 1314 0.0053
1313 1315 0.0042
1760 1315 0.0117
1761 1315 0.0021
1313 1316 0.0037
1318 1317 0.0132
1319 1317 0.0093
1525 1317 0.0073
1526 1317 0.0195
1767 1317 0.0026
1317 1318 0.0132
1317 1319 0.0093
1320 1319 0.0081
1321 1319 0.0792
1312 1320 0.0083
1319 1320 0.0081
1526 1320 0.0099
1319 1321 0.0792
1322 1321 0.0146
1766 1321 0.0095
1321 1322 0.0146
1235 1323 0.003
1235 1324 0.0097
1325 1324 0.01
1326 1324 0.0178
1305 1325 0.0062
1306 1325 0.0051
1324 1325 0.01
1324 1326 0.0178
1746 1326 0.0159
1750 1326 0.0057
1751 1326 0.0153
1116 1327 0.0112
1235 1327 0.0099
1330 1327 0.0018
1124 1328 0.0078
1329 1328 0.0053
1332 1328 0.0156
1328 1329 0.0053
1330 1329 0.0066
1331 1329 0.0047
1327 1330 0.0018
1329 1330 0.0066
1743 1330 0.0081
1329 1331 0.0047
1741 1331 0.0042
1742 1331 0.003
1328 1332 0.0156
1333 1332 0.0046
1334 1332 0.0061
1336 1332 0.0109
1741 1332 0.0078
1332 1333 0.0046
1737 1333 0.0101
1738 1333 0.0274
1741 1333 0.0018
1332 1334 0.0061
1112 1335 0.0026
1332 1336 0.0109
1337 1336 0.0034
1734 1336 0.0019
1336 1337 0.0034
1129 1338 0.0072
1339 1338 0.0114
1348 1338 0.0022
1726 1338 0.0056
1338 1339 0.0114
1340 1339 0.0122
1349 1339 0.0074
1729 1339 0.0026
1339 1340 0.0122
1341 1340 0.0054
1344 1340 0.0121
1347 1340 0.0099
1340 1341 0.0054
1342 1341 0.0062
1343 1341 0.0053
1341 1342 0.0062
1729 1342 0.0081
1730 1342 0.0454
1341 1343 0.0053
1340 1344 0.0121
1345 1344 0.0139
1346 1344 0.0172
1344 1345 0.0139
1727 1345 0.0164
1728 1345 0.008
1344 1346 0.0172
1340 1347 0.0099
1338 1348 0.0022
1339 1349 0.0074
1350 1349 0.0102
1725 1349 0.0027
1349 1350 0.0102
1351 1350 0.0065
1352 1350 0.0017
1353 1350 0.0026
1350 1351 0.0065
1350 1352 0.0017
1350 1353 0.0026
1127 1354 0.0049
1128 1354 0.018
1132 1354 0.021
1128 1355 0.0446
1129 1355 0.0262
1356 1355 0.0146
1132 1356 0.0689
1355 1356 0.0146
1357 1356 0.0094
1356 1357 0.0094
1358 1357 0.0234
1364 1357 0.0039
1371 1357 0.0025
1725 1357 0.0035
1357 1358 0.0234
1359 1358 0.0128
1360 1358 0.0019
1362 1358 0.0023
1373 1358 0.0026
1358 1359 0.0128
1360 1359 0.0108
1361 1359 0.0532
1358 1360 0.0019
1359 1360 0.0108
1361 1360 0.0039
1720 1360 0.0039
1721 1360 0.015
1359 1361 0.0532
1360 1361 0.0039
1362 1361 0.0052
1358 1362 0.0023
1361 1362 0.0052
1724 1362 0.007
939 1363 0.0156
1127 1363 0.0402
1128 1363 0.0165
1377 1363 0.0137
1357 1364 0.0039
1365 1364 0.0053
1366 1364 0.0058
1364 1365 0.0053
1367 1365 0.0051
1370 1365 0.0052
1364 1366 0.0058
1365 1367 0.0051
1368 1367 0.0074
1369 1367 0.0055
1367 1368 0.0074
1367 1369 0.0055
1365 1370 0.0052
1243 1371 0.0085
1357 1371 0.0025
1372 1371 0.0091
1373 1371 0.0083
1371 1372 0.0091
1373 1372 0.0045
1720 1372 0.0011
1358 1373 0.0026
1371 1373 0.0083
1372 1373 0.0045
1127 1374 0.0136
1131 1374 0.0035
1132 1374 0.0054
1375 1374 0.0144
1381 1374 0.0007
1374 1375 0.0144
1122 1376 0.0045
1126 1376 0.0119
1129 1376 0.0108
1377 1376 0.0177
1126 1377 0.0077
1128 1377 0.0182
1363 1377 0.0137
1376 1377 0.0177
936 1378 0.0112
1379 1378 0.0242
1384 1378 0.0138
1378 1379 0.0242
1380 1379 0.0082
1381 1379 0.0126
1130 1380 0.061
1131 1380 0.0119
1379 1380 0.0082
939 1381 0.0431
1374 1381 0.0007
1379 1381 0.0126
1133 1382 0.0199
939 1383 0.0109
1122 1383 0.0095
1384 1383 0.0188
938 1384 0.0113
1378 1384 0.0138
1383 1384 0.0188
1241 1385 0.0125
1386 1385 0.0064
1387 1385 0.0038
1388 1385 0.0045
1713 1385 0.0035
1385 1386 0.0064
1385 1387 0.0038
1385 1388 0.0045
1389 1388 0.0086
1718 1388 0.0039
1388 1389 0.0086
1242 1390 0.0114
1719 1390 0.0027
1720 1390 0.0025
1243 1391 0.0028
1137 1392 0.0101
1138 1392 0.0106
1393 1392 0.0048
1392 1393 0.0048
953 1394 0.0048
1395 1394 0.0024
1396 1394 0.0109
1703 1394 0.0032
1714 1394 0.0023
1394 1395 0.0024
1394 1396 0.0109
1707 1396 0.0101
1714 1396 0.0031
1715 1396 0.0007
1199 1397 0.0059
1200 1397 0.0155
1398 1397 0.0033
1399 1397 0.0052
1400 1397 0.0016
1397 1398 0.0033
954 1399 0.0015
1397 1399 0.0052
1714 1399 0.0016
1397 1400 0.0016
1201 1401 0.0042
1402 1401 0.001
1403 1401 0.0053
1710 1401 0.0034
1717 1401 0.0011
1401 1402 0.001
1401 1403 0.0053
1200 1404 0.0109
1405 1404 0.0053
1406 1404 0.0047
1404 1405 0.0053
1404 1406 0.0047
1201 1407 0.0033
1202 1407 0.0008
1410 1407 0.0019
1202 1408 0.0061
1202 1409 0.0051
1407 1410 0.0019
1204 1411 0.0085
1412 1411 0.0141
1413 1411 0.008
1414 1411 0.0039
1415 1411 0.0019
1416 1411 0.0005
1411 1412 0.0141
1411 1413 0.008
1661 1413 0.0069
1662 1413 0.0699
1411 1414 0.0039
1411 1415 0.0019
1665 1415 0.0114
1666 1415 0.0065
1411 1416 0.0005
1204 1417 0.0139
1418 1417 0.003
1419 1417 0.0079
1420 1417 0.0005
1421 1417 0.0204
1648 1417 0.0056
1651 1417 0.0072
1660 1417 0.0075
1417 1418 0.003
1417 1419 0.0079
1417 1420 0.0005
1417 1421 0.0204
1422 1421 0.0005
1423 1421 0.0008
1421 1422 0.0005
1421 1423 0.0008
1204 1424 0.0009
1203 1425 0.0243
1426 1425 0.0042
1427 1425 0.0069
1425 1426 0.0042
1428 1426 0.0007
1430 1426 0.0087
1425 1427 0.0069
1429 1427 0.0072
1433 1427 0.0004
1639 1427 0.002
1426 1428 0.0007
1646 1428 0.0014
1647 1428 0.0003
1427 1429 0.0072
1430 1429 0.0051
1643 1429 0.0017
1426 1430 0.0087
1429 1430 0.0051
1431 1430 0.0024
1430 1431 0.0024
1205 1432 0.0038
1207 1432 0.0016
1433 1432 0.0084
1427 1433 0.0004
1432 1433 0.0084
1434 1433 0.0028
1435 1433 0.0052
1436 1433 0.0076
1437 1433 0.0014
1438 1433 0.0072
1433 1434 0.0028
1639 1434 0.002
1642 1434 0.001
1433 1435 0.0052
1433 1436 0.0076
1433 1437 0.0014
1433 1438 0.0072
1633 1438 0.0007
1635 1438 0.0174
1638 1438 0.0129
775 1439 0.0022
1440 1439 0.0012
1462 1439 0.0082
1439 1440 0.0012
1441 1440 0.0009
1443 1440 0.0057
1449 1440 0.0369
1456 1440 0.001
1440 1441 0.0009
1442 1441 0.0011
1446 1441 0.0085
1465 1441 0.0005
1441 1442 0.0011
1440 1443 0.0057
1444 1443 0.0025
1448 1443 0.014
1443 1444 0.0025
1445 1444 0.004
1627 1444 0.0072
1444 1445 0.004
1448 1445 0.0085
1620 1445 0.0069
1209 1446 0.0017
1441 1446 0.0085
1447 1446 0.0015
1446 1447 0.0015
1628 1447 0.0031
1629 1447 0.0027
1443 1448 0.014
1445 1448 0.0085
1616 1448 0.0163
1440 1449 0.0369
1450 1449 0.0012
1451 1449 0.0032
1452 1449 0.0049
1624 1449 0.0026
1449 1450 0.0012
1449 1451 0.0032
1449 1452 0.0049
776 1453 0.0084
998 1453 0.0017
1454 1453 0.007
1455 1453 0.0034
1456 1453 0.0016
998 1454 0.0008
1453 1454 0.007
1459 1454 0.0013
1453 1455 0.0034
1440 1456 0.001
1453 1456 0.0016
1457 1456 0.0013
1458 1456 0.0016
1456 1457 0.0013
1456 1458 0.0016
1454 1459 0.0013
1460 1459 0.0008
1461 1459 0.0085
1621 1459 0.0005
1459 1460 0.0008
1459 1461 0.0085
1439 1462 0.0082
1463 1462 0.0015
1465 1462 0.0031
1462 1463 0.0015
1464 1463 0.0006
1466 1463 0.0011
333 1464 0.0004
787 1464 0.0014
1463 1464 0.0006
1441 1465 0.0005
1462 1465 0.0031
1466 1465 0.003
1209 1466 0.0126
1463 1466 0.0011
1465 1466 0.003
343 1467 0.0008
346 1467 0.0011
1468 1467 0.0006
1467 1468 0.0006
329 1469 0.0003
348 1469 0.0022
1470 1469 0.0009
1471 1469 0.0071
41 1470 0.0004
352 1470 0.001
1469 1470 0.0009
1471 1470 0.0013
330 1471 0.0005
1469 1471 0.0071
1470 1471 0.0013
311 1472 0.0034
312 1472 0.0052
313 1472 0.0054
314 1472 0.006
1006 1473 0.0018
203 1474 0.0007
1009 1475 0.0015
1010 1475 0.0017
1476 1475 0.0021
1475 1476 0.0021
1217 1477 0.008
1478 1477 0.0036
1479 1477 0.0088
1477 1478 0.0036
1477 1479 0.0088
1480 1479 0.0153
1481 1479 0.0109
1482 1479 0.0078
1479 1480 0.0153
1479 1481 0.0109
1479 1482 0.0078
1686 1482 0.003
1687 1482 0.004
883 1483 0.0049
1217 1483 0.0076
1484 1483 0.0122
1490 1483 0.0081
1684 1483 0.0235
1483 1484 0.0122
1485 1484 0.0226
1487 1484 0.0223
1685 1484 0.0037
1484 1485 0.0226
1486 1485 0.0154
1688 1485 0.0057
1485 1486 0.0154
1484 1487 0.0223
1488 1487 0.0191
1489 1487 0.0169
1487 1488 0.0191
1487 1489 0.0169
1218 1490 0.0123
1483 1490 0.0081
1491 1490 0.0105
1684 1490 0.0069
1218 1491 0.0112
1490 1491 0.0105
1492 1491 0.0142
1493 1491 0.0099
1494 1491 0.0055
1491 1492 0.0142
1491 1493 0.0099
1495 1493 0.0013
1496 1493 0.0012
1491 1494 0.0055
1493 1495 0.0013
1493 1496 0.0012
873 1497 0.0011
875 1497 0.001
1018 1497 0.0022
1498 1497 0.0026
1497 1498 0.0026
1219 1499 0.0107
1500 1499 0.0382
1501 1499 0.0049
1512 1499 0.0048
895 1500 0.0012
1499 1500 0.0382
1502 1500 0.0477
692 1501 0.0059
895 1501 0.0035
1499 1501 0.0049
1500 1502 0.0477
1503 1502 0.0346
1504 1502 0.0046
1502 1503 0.0346
1507 1503 0.0506
1508 1503 0.0099
1510 1503 0.0035
1511 1503 0.0027
1835 1503 0.0008
1502 1504 0.0046
1505 1504 0.0026
1506 1504 0.002
1504 1505 0.0026
1504 1506 0.002
1503 1507 0.0506
1839 1507 0.0045
1842 1507 0.0052
1843 1507 0.002
1503 1508 0.0099
1509 1508 0.0079
1833 1508 0.0022
1844 1508 0.0067
1845 1508 0.0075
1508 1509 0.0079
1219 1510 0.0047
1503 1510 0.0035
1836 1510 0.0055
1503 1511 0.0027
896 1512 0.0035
1219 1512 0.0038
1499 1512 0.0048
697 1513 0.0124
751 1513 0.0228
899 1513 0.0086
893 1514 0.0018
653 1515 0.0034
655 1515 0.0026
1516 1515 0.0348
1186 1516 0.0169
1515 1516 0.0348
1518 1516 0.0109
1519 1516 0.0071
919 1517 0.0049
1167 1517 0.0134
1187 1517 0.0009
1519 1517 0.0058
653 1518 0.0032
919 1518 0.0069
1516 1518 0.0109
1186 1519 0.0106
1516 1519 0.0071
1517 1519 0.0058
920 1520 0.0004
1070 1520 0.0131
1521 1520 0.0184
1524 1520 0.0256
1520 1521 0.0184
1522 1521 0.002
1523 1521 0.0498
1521 1522 0.002
1175 1523 0.016
1521 1523 0.0498
1524 1523 0.0381
1070 1524 0.0132
1175 1524 0.0052
1520 1524 0.0256
1523 1524 0.0381
1237 1525 0.0044
1299 1525 0.024
1317 1525 0.0073
1526 1525 0.007
1237 1526 0.0062
1317 1526 0.0195
1320 1526 0.0099
1525 1526 0.007
1079 1527 0.0068
1230 1527 0.014
1231 1527 0.0096
1078 1528 0.0166
1042 1529 0.0127
1043 1529 0.0217
1246 1529 0.0028
1250 1529 0.0009
1530 1529 0.0082
1531 1529 0.0093
1534 1529 0.0086
1798 1529 0.0037
1803 1529 0.0077
1529 1530 0.0082
1801 1530 0.0057
1802 1530 0.0102
1529 1531 0.0093
1043 1532 0.0044
1043 1533 0.0077
1837 1533 0.0013
1838 1533 0.0022
1529 1534 0.0086
1039 1535 0.0195
1536 1535 0.006
1537 1535 0.0355
1543 1535 0.0046
1806 1535 0.0034
1535 1536 0.006
1535 1537 0.0355
1538 1537 0.0124
1539 1537 0.0561
1542 1537 0.0091
1537 1538 0.0124
1541 1538 0.0013
1806 1538 0.0071
1808 1538 0.0041
1537 1539 0.0561
1540 1539 0.0072
1541 1539 0.0117
1539 1540 0.0072
1538 1541 0.0013
1539 1541 0.0117
1553 1541 0.0011
1537 1542 0.0091
1039 1543 0.0054
1040 1543 0.0341
1535 1543 0.0046
1037 1544 0.0163
1545 1544 0.0054
1546 1544 0.0042
1547 1544 0.0187
1548 1544 0.022
1549 1544 0.026
1036 1545 0.0019
1544 1545 0.0054
1553 1545 0.0012
1569 1545 0.001
1544 1546 0.0042
1552 1546 0.0047
1553 1546 0.0073
1544 1547 0.0187
1552 1547 0.0154
1556 1547 0.0556
1544 1548 0.022
1564 1548 0.0017
1565 1548 0.0082
1568 1548 0.0016
1544 1549 0.026
1550 1549 0.0164
1561 1549 0.0237
1549 1550 0.0164
1551 1550 0.0013
1834 1550 0.0011
1550 1551 0.0013
1546 1552 0.0047
1547 1552 0.0154
1554 1552 0.0065
1541 1553 0.0011
1545 1553 0.0012
1546 1553 0.0073
1552 1554 0.0065
1555 1554 0.0035
1570 1554 0.0015
1554 1555 0.0035
1547 1556 0.0556
1557 1556 0.0097
1559 1556 0.0063
1556 1557 0.0097
1558 1557 0.0267
1820 1557 0.0014
1557 1558 0.0267
1812 1558 0.0164
1818 1558 0.0032
1556 1559 0.0063
1560 1559 0.0095
1823 1559 0.0213
1559 1560 0.0095
1824 1560 0.0032
1825 1560 0.0094
1549 1561 0.0237
1562 1561 0.0022
1563 1561 0.0041
1577 1561 0.0025
1561 1562 0.0022
1561 1563 0.0041
1548 1564 0.0017
1548 1565 0.0082
1566 1565 0.0099
1567 1565 0.0021
1565 1566 0.0099
1571 1566 0.0178
1828 1566 0.013
1565 1567 0.0021
1548 1568 0.0016
1545 1569 0.001
1554 1570 0.0015
1566 1571 0.0178
899 1572 0.004
1573 1572 0.0025
1574 1572 0.0016
1572 1573 0.0025
1572 1574 0.0016
696 1575 0.0009
696 1576 0.0011
1561 1577 0.0025
1578 1577 0.0033
1579 1577 0.0033
1577 1578 0.0033
1577 1579 0.0033
1832 1579 0.0023
1835 1579 0.0018
681 1580 0.0008
719 1581 0.0034
732 1581 0.0037
1682 1581 0.0028
1683 1581 0.0009
718 1582 0.0077
731 1582 0.0121
732 1582 0.0075
728 1583 0.0071
730 1583 0.004
1584 1583 0.0054
132 1584 0.0039
1583 1584 0.0054
1680 1584 0.0085
112 1585 0.01
132 1585 0.0096
730 1585 0.0048
331 1586 0.0011
341 1586 0.0023
342 1586 0.0004
1587 1586 0.0018
336 1587 0.0146
339 1587 0.0039
1586 1587 0.0018
1203 1588 0.008
1589 1588 0.0005
1590 1588 0.0017
1591 1588 0.0026
1588 1589 0.0005
1588 1590 0.0017
1588 1591 0.0026
668 1592 0.0265
669 1592 0.0131
1593 1592 0.0043
671 1593 0.0114
672 1593 0.0357
1592 1593 0.0043
667 1594 0.069
668 1594 0.0429
677 1594 0.0144
669 1595 0.0021
220 1596 0.0012
245 1596 0.0046
259 1596 0.0024
1615 1596 0.0011
106 1597 0.0015
107 1597 0.0181
121 1597 0.0006
148 1597 0.0399
39 1598 0.0077
347 1598 0.0019
348 1598 0.0086
351 1598 0.0005
363 1599 0.0174
1600 1599 0.0133
1604 1599 0.0011
1605 1599 0.0142
1599 1600 0.0133
1601 1600 0.0107
1603 1600 0.003
352 1601 0.0005
1600 1601 0.0107
1602 1601 0.0082
40 1602 0.0023
371 1602 0.0004
1601 1602 0.0082
371 1603 0.001
1600 1603 0.003
1604 1603 0.001
36 1604 0.0018
362 1604 0.0013
1599 1604 0.0011
1603 1604 0.001
358 1605 0.0036
363 1605 0.0269
1599 1605 0.0142
373 1606 0.0108
404 1606 0.002
406 1606 0.0008
415 1607 0.0054
416 1607 0.0044
417 1607 0.0116
430 1607 0.0037
401 1608 0.0426
415 1608 0.0074
417 1608 0.0087
505 1609 0.0018
493 1610 0.0015
498 1610 0.012
504 1610 0.0042
503 1611 0.0062
506 1611 0.0022
507 1611 0.0114
955 1611 0.0003
521 1612 0.0032
494 1613 0.0029
519 1613 0.0045
1614 1613 0.0116
517 1614 0.1262
559 1614 0.0158
1613 1614 0.0116
1596 1615 0.0011
1448 1616 0.0163
1617 1616 0.0058
1618 1616 0.0043
1619 1616 0.0023
1616 1617 0.0058
1616 1618 0.0043
1616 1619 0.0023
1445 1620 0.0069
1459 1621 0.0005
1622 1621 0.003
1623 1621 0.0039
1624 1621 0.0023
1621 1622 0.003
1621 1623 0.0039
1449 1624 0.0026
1621 1624 0.0023
1625 1624 0.0129
1624 1625 0.0129
1207 1626 0.0017
1627 1626 0.0021
1632 1626 0.0017
1633 1626 0.0041
1444 1627 0.0072
1626 1627 0.0021
1628 1627 0.0018
1630 1627 0.0017
1631 1627 0.0046
1447 1628 0.0031
1627 1628 0.0018
1631 1628 0.0034
1447 1629 0.0027
1627 1630 0.0017
1207 1631 0.0012
1627 1631 0.0046
1628 1631 0.0034
1626 1632 0.0017
1438 1633 0.0007
1626 1633 0.0041
1634 1633 0.0022
1633 1634 0.0022
1438 1635 0.0174
1636 1635 0.0069
1637 1635 0.0048
1635 1636 0.0069
1635 1637 0.0048
1438 1638 0.0129
1427 1639 0.002
1434 1639 0.002
1640 1639 0.0132
1641 1639 0.0151
1639 1640 0.0132
1639 1641 0.0151
1434 1642 0.001
1429 1643 0.0017
1644 1643 0.012
1645 1643 0.0072
1643 1644 0.012
1643 1645 0.0072
1428 1646 0.0014
1428 1647 0.0003
1417 1648 0.0056
1649 1648 0.0022
1650 1648 0.0023
1648 1649 0.0022
1648 1650 0.0023
1417 1651 0.0072
1652 1651 0.0051
1653 1651 0.0065
1654 1651 0.0077
1651 1652 0.0051
1651 1653 0.0065
1651 1654 0.0077
1656 1655 0.0028
1657 1655 0.0105
1660 1655 0.0315
1655 1656 0.0028
1655 1657 0.0105
1658 1657 0.0101
1659 1657 0.007
1657 1658 0.0101
1657 1659 0.007
1417 1660 0.0075
1655 1660 0.0315
1661 1660 0.01
1668 1660 0.0044
1413 1661 0.0069
1660 1661 0.01
1667 1661 0.0037
1413 1662 0.0699
1663 1662 0.015
1664 1662 0.0053
1662 1663 0.015
1662 1664 0.0053
1415 1665 0.0114
1415 1666 0.0065
1661 1667 0.0037
1660 1668 0.0044
435 1669 0.0018
434 1670 0.0019
438 1671 0.0022
441 1671 0.0019
460 1671 0.0203
460 1672 0.0052
461 1672 0.0273
486 1672 0.0141
440 1673 0.0599
459 1673 0.0031
471 1673 0.0061
27 1674 0.0126
376 1674 0.0027
399 1674 0.0164
1 1675 0.0039
30 1675 0.0313
32 1675 0.0023
146 1676 0.0096
1677 1676 0.019
1679 1676 0.0026
145 1677 0.0187
1676 1677 0.019
1678 1677 0.0013
170 1678 0.0039
1677 1678 0.0013
1679 1678 0.0032
168 1679 0.0014
1676 1679 0.0026
1678 1679 0.0032
132 1680 0.017
1584 1680 0.0085
1681 1680 0.0103
133 1681 0.0131
729 1681 0.0012
1680 1681 0.0103
732 1682 0.003
736 1682 0.0029
1581 1682 0.0028
1683 1682 0.0025
874 1683 0.0037
1581 1683 0.0009
1682 1683 0.0025
1021 1684 0.0022
1483 1684 0.0235
1490 1684 0.0069
1484 1685 0.0037
1482 1686 0.003
1482 1687 0.004
1485 1688 0.0057
1689 1688 0.0025
1690 1688 0.0016
1688 1689 0.0025
1688 1690 0.0016
742 1691 0.0199
743 1691 0.0402
925 1691 0.009
552 1692 0.0058
553 1692 0.0218
1693 1692 0.0047
553 1693 0.0034
1692 1693 0.0047
1694 1693 0.0103
548 1694 0.0064
550 1694 0.0155
1693 1694 0.0103
1695 1694 0.0078
547 1695 0.0022
1694 1695 0.0078
1696 1695 0.0048
1698 1695 0.0117
548 1696 0.0048
772 1696 0.0012
1695 1696 0.0048
1697 1696 0.0023
551 1697 0.0118
554 1697 0.0777
1696 1697 0.0023
1699 1697 0.0251
1695 1698 0.0117
739 1699 0.0527
740 1699 0.0152
1697 1699 0.0251
1700 1699 0.0036
1699 1700 0.0036
534 1701 0.0372
941 1701 0.0042
1702 1701 0.0248
1701 1702 0.0248
1394 1703 0.0032
1704 1703 0.0088
1706 1703 0.0035
1715 1703 0.0042
1703 1704 0.0088
1715 1705 0.0099
1703 1706 0.0035
1396 1707 0.0101
1708 1707 0.0043
1709 1707 0.0063
1707 1708 0.0043
1707 1709 0.0063
1401 1710 0.0034
1711 1710 0.0208
1712 1710 0.0184
1710 1711 0.0208
1710 1712 0.0184
1385 1713 0.0035
1394 1714 0.0023
1396 1714 0.0031
1399 1714 0.0016
1396 1715 0.0007
1703 1715 0.0042
1705 1715 0.0099
1716 1715 0.0044
1715 1716 0.0044
1401 1717 0.0011
1388 1718 0.0039
1390 1719 0.0027
1360 1720 0.0039
1372 1720 0.0011
1390 1720 0.0025
1360 1721 0.015
940 1722 0.0173
594 1723 0.0026
1362 1724 0.007
1349 1725 0.0027
1357 1725 0.0035
1726 1725 0.0064
1243 1726 0.0019
1338 1726 0.0056
1725 1726 0.0064
1345 1727 0.0164
1345 1728 0.008
1339 1729 0.0026
1342 1729 0.0081
1733 1729 0.0059
1342 1730 0.0454
1731 1730 0.0434
1732 1730 0.0163
1730 1731 0.0434
1730 1732 0.0163
1729 1733 0.0059
1336 1734 0.0019
1735 1734 0.0038
1736 1734 0.0068
1734 1735 0.0038
1734 1736 0.0068
1737 1736 0.0418
1739 1736 0.0099
1333 1737 0.0101
1736 1737 0.0418
1738 1737 0.0555
1333 1738 0.0274
1737 1738 0.0555
1739 1738 0.029
1736 1739 0.0099
1738 1739 0.029
1740 1739 0.008
1742 1739 0.0057
1739 1740 0.008
1331 1741 0.0042
1332 1741 0.0078
1333 1741 0.0018
1742 1741 0.05
1331 1742 0.003
1739 1742 0.0057
1741 1742 0.05
1330 1743 0.0081
1744 1743 0.0041
1745 1743 0.0091
1743 1744 0.0041
1743 1745 0.0091
1326 1746 0.0159
1747 1746 0.0171
1748 1746 0.0094
1749 1746 0.0156
1746 1747 0.0171
1746 1748 0.0094
1746 1749 0.0156
1326 1750 0.0057
1306 1751 0.0057
1326 1751 0.0153
1752 1751 0.0171
1755 1751 0.0091
1751 1752 0.0171
1753 1752 0.0017
1754 1752 0.0054
1752 1753 0.0017
1752 1754 0.0054
1306 1755 0.0044
1751 1755 0.0091
1756 1755 0.0113
1755 1756 0.0113
1313 1757 0.0049
1758 1757 0.0283
1759 1757 0.0291
1757 1758 0.0283
1757 1759 0.0291
1315 1760 0.0117
1315 1761 0.0021
1313 1762 0.0029
1763 1762 0.0039
1764 1762 0.0087
1765 1762 0.0521
1762 1763 0.0039
1762 1764 0.0087
1762 1765 0.0521
1321 1766 0.0095
1297 1767 0.0229
1317 1767 0.0026
1768 1767 0.0052
1767 1768 0.0052
1296 1769 0.004
1297 1770 0.0106
1109 1771 0.0021
1293 1772 0.0089
1773 1772 0.011
1774 1772 0.0208
1772 1773 0.011
1772 1774 0.0208
1293 1775 0.0043
1281 1776 0.0493
1282 1776 0.0032
1285 1776 0.0086
1777 1776 0.026
1281 1777 0.0147
1282 1777 0.0247
1776 1777 0.026
1778 1777 0.0069
1279 1778 0.031
1282 1778 0.008
1777 1778 0.0069
1279 1779 0.0432
1780 1779 0.0079
1781 1779 0.0094
1779 1780 0.0079
1779 1781 0.0094
1274 1782 0.0059
1273 1783 0.0154
1784 1783 0.0376
1785 1783 0.0051
1786 1783 0.0259
1783 1784 0.0376
1783 1785 0.0051
1783 1786 0.0259
1269 1787 0.0046
1277 1787 0.0044
1788 1787 0.0151
1787 1788 0.0151
1277 1789 0.0054
1263 1790 0.0027
1791 1790 0.0084
1792 1790 0.0068
1790 1791 0.0084
1790 1792 0.0068
1262 1793 0.0037
1256 1794 0.0096
1255 1795 0.0166
1246 1796 0.0023
1254 1797 0.022
1529 1798 0.0037
1799 1798 0.0048
1800 1798 0.0038
1798 1799 0.0048
1798 1800 0.0038
1530 1801 0.0057
1530 1802 0.0102
1529 1803 0.0077
1804 1803 0.0226
1805 1803 0.0089
1803 1804 0.0226
1803 1805 0.0089
1535 1806 0.0034
1538 1806 0.0071
1807 1806 0.0088
1806 1807 0.0088
1538 1808 0.0041
1809 1808 0.0051
1810 1808 0.0026
1811 1808 0.006
1808 1809 0.0051
1808 1810 0.0026
1808 1811 0.006
1558 1812 0.0164
1813 1812 0.0058
1814 1812 0.0074
1815 1812 0.0092
1816 1812 0.0089
1817 1812 0.0043
1812 1813 0.0058
1812 1814 0.0074
1812 1815 0.0092
1812 1816 0.0089
1812 1817 0.0043
1558 1818 0.0032
1819 1818 0.0129
1820 1818 0.0082
1818 1819 0.0129
1557 1820 0.0014
1818 1820 0.0082
1821 1820 0.008
1823 1820 0.0118
1820 1821 0.008
1822 1821 0.0037
1823 1821 0.0031
1821 1822 0.0037
1559 1823 0.0213
1820 1823 0.0118
1821 1823 0.0031
1560 1824 0.0032
1560 1825 0.0094
1826 1825 0.0062
1827 1825 0.0057
1825 1826 0.0062
1825 1827 0.0057
1566 1828 0.013
1829 1828 0.0033
1830 1828 0.0166
1831 1828 0.0139
1828 1829 0.0033
1828 1830 0.0166
1828 1831 0.0139
1579 1832 0.0023
1508 1833 0.0022
696 1834 0.0013
1219 1834 0.0013
1550 1834 0.0011
1836 1834 0.0023
1503 1835 0.0008
1579 1835 0.0018
1836 1835 0.0025
1510 1836 0.0055
1834 1836 0.0023
1835 1836 0.0025
1245 1837 0.0016
1250 1837 0.0102
1533 1837 0.0013
1533 1838 0.0022
1507 1839 0.0045
1840 1839 0.0042
1841 1839 0.0024
1839 1840 0.0042
1839 1841 0.0024
1507 1842 0.0052
1507 1843 0.002
1508 1844 0.0067
1508 1845 0.0075
1846 1845 0.0213
1847 1845 0.002
1845 1846 0.0213
1845 1847 0.002
1256 1848 0.0105
1256 1849 0.0065
1262 1850 0.0304
