3 1 0.0044
6 1 0.0057
14 1 0.0077
16 1 0.0083
32 1 0.004
117 1 0.004
147 1 0.0038
168 1 0.0079
532 1 0.0042
37 2 0.0083
38 2 0.0069
43 2 0.0033
45 2 0.0038
48 2 0.0031
49 2 0.0026
53 2 0.0081
57 2 0.0041
59 2 0.0036
60 2 0.0028
371 2 0.0023
436 2 0.0021
446 2 0.0042
1 3 0.0044
4 3 0.007
187 3 0.045
3 4 0.007
5 4 0.0034
6 4 0.0047
218 4 0.0037
4 5 0.0034
7 5 0.0115
9 5 0.0049
228 5 0.0021
1 6 0.0057
4 6 0.0047
15 6 0.0005
5 7 0.0115
8 7 0.0023
236 7 0.0015
7 8 0.0023
9 8 0.0011
54 8 0.0005
61 8 0.0002
5 9 0.0049
8 9 0.0011
10 9 0.004
62 9 0.0004
9 10 0.004
11 10 0.001
15 10 0.0003
10 11 0.001
12 11 0.013
22 11 0.0005
11 12 0.013
13 12 0.0026
63 12 0.0006
12 13 0.0026
52 13 0.0015
63 13 0.0024
1 14 0.0077
15 14 0.0007
192 14 0.0112
6 15 0.0005
10 15 0.0003
14 15 0.0007
1 16 0.0083
17 16 0.0013
191 16 0.0181
16 17 0.0013
18 17 0.0028
27 17 0.0015
17 18 0.0028
19 18 0.0038
29 18 0.0083
18 19 0.0038
20 19 0.0022
24 19 0.0026
29 19 0.0064
19 20 0.0022
21 20 0.0072
24 20 0.0005
20 21 0.0072
22 21 0.0013
35 21 0.0008
11 22 0.0005
21 22 0.0013
23 22 0.0072
22 23 0.0072
35 23 0.0001
52 23 0.0006
19 24 0.0026
20 24 0.0005
25 24 0.0087
28 24 0.0009
24 25 0.0087
26 25 0.0003
31 25 0.002
25 26 0.0003
17 27 0.0015
28 27 0.0086
29 27 0.0077
24 28 0.0009
27 28 0.0086
30 28 0.0012
33 28 0.0003
18 29 0.0083
19 29 0.0064
27 29 0.0077
28 30 0.0012
31 30 0.006
34 30 0.0062
25 31 0.002
30 31 0.006
39 31 0.0021
239 31 0.0002
1 32 0.004
33 32 0.0018
65 32 0.0031
28 33 0.0003
32 33 0.0018
34 33 0.0034
30 34 0.0062
33 34 0.0034
367 34 0.0001
21 35 0.0008
23 35 0.0001
36 35 0.0037
35 36 0.0037
37 36 0.0032
38 36 0.0016
51 36 0.0056
2 37 0.0083
36 37 0.0032
204 37 0.0324
2 38 0.0069
36 38 0.0016
205 38 0.0063
31 39 0.0021
40 39 0.0064
51 39 0.0013
39 40 0.0064
41 40 0.003
241 40 0.0003
40 41 0.003
42 41 0.0023
46 41 0.0064
41 42 0.0023
43 42 0.0009
44 42 0.0009
2 43 0.0033
42 43 0.0009
207 43 0.0368
42 44 0.0009
45 44 0.0014
51 44 0.0002
2 45 0.0038
44 45 0.0014
206 45 0.0044
41 46 0.0064
47 46 0.0026
50 46 0.002
46 47 0.0026
48 47 0.0003
49 47 0.0
2 48 0.0031
47 48 0.0003
208 48 0.014
2 49 0.0026
47 49 0.0
209 49 0.0005
46 50 0.002
36 51 0.0056
39 51 0.0013
44 51 0.0002
13 52 0.0015
23 52 0.0006
53 52 0.0002
2 53 0.0081
52 53 0.0002
203 53 0.0025
8 54 0.0005
55 54 0.0056
370 54 0.0005
54 55 0.0056
56 55 0.0025
58 55 0.0003
55 56 0.0025
57 56 0.0007
446 56 0.0011
2 57 0.0041
56 57 0.0007
201 57 0.0052
55 58 0.0003
59 58 0.0001
60 58 0.0001
2 59 0.0036
58 59 0.0001
200 59 0.0095
2 60 0.0028
58 60 0.0001
199 60 0.0005
8 61 0.0002
9 62 0.0004
63 62 0.0001
64 62 0.0001
12 63 0.0006
13 63 0.0024
62 63 0.0001
62 64 0.0001
32 65 0.0031
66 65 0.0001
67 65 0.0004
65 66 0.0001
81 66 0.001
82 66 0.0003
65 67 0.0004
68 67 0.0011
75 67 0.0045
115 67 0.0021
67 68 0.0011
69 68 0.0003
73 68 0.0014
68 69 0.0003
70 69 0.0003
73 69 0.0012
363 69 0.0001
69 70 0.0003
71 70 0.0018
74 70 0.0004
70 71 0.0018
72 71 0.0008
365 71 0.0004
71 72 0.0008
80 72 0.0001
360 72 0.0018
403 72 0.0006
68 73 0.0014
69 73 0.0012
74 73 0.0041
70 74 0.0004
73 74 0.0041
76 74 0.0012
78 74 0.0001
67 75 0.0045
76 75 0.0082
86 75 0.003
74 76 0.0012
75 76 0.0082
77 76 0.0002
76 77 0.0002
79 77 0.0003
84 77 0.0001
74 78 0.0001
79 78 0.0003
80 78 0.0003
77 79 0.0003
78 79 0.0003
80 79 0.0004
72 80 0.0001
78 80 0.0003
79 80 0.0004
360 80 0.0001
66 81 0.001
82 81 0.0016
362 81 0.0
66 82 0.0003
81 82 0.0016
83 82 0.0002
367 82 0.0008
82 83 0.0002
77 84 0.0001
85 84 0.001
110 84 0.0001
84 85 0.001
111 85 0.0001
517 85 0.0001
75 86 0.003
87 86 0.0032
90 86 0.0007
134 86 0.001
86 87 0.0032
88 87 0.0003
369 87 0.0004
87 88 0.0003
89 88 0.0001
369 88 0.0002
88 89 0.0001
92 89 0.0003
108 89 0.0002
86 90 0.0007
91 90 0.0049
134 90 0.0005
242 90 0.0002
90 91 0.0049
92 91 0.0005
94 91 0.0004
369 91 0.0008
89 92 0.0003
91 92 0.0005
93 92 0.0021
92 93 0.0021
107 93 0.0001
113 93 0.0003
91 94 0.0004
95 94 0.0005
243 94 0.0194
94 95 0.0005
96 95 0.0044
102 95 0.0009
95 96 0.0044
97 96 0.0006
100 96 0.0005
96 97 0.0006
98 97 0.0001
107 97 0.0002
97 98 0.0001
109 98 0.0001
454 98 0.0029
454 99 0.0026
96 100 0.0005
101 100 0.0014
106 100 0.0001
100 101 0.0014
508 101 0.0003
509 101 0.0002
95 102 0.0009
103 102 0.0001
104 102 0.0007
102 103 0.0001
102 104 0.0007
105 104 0.0001
399 104 0.0001
104 105 0.0001
100 106 0.0001
93 107 0.0001
97 107 0.0002
113 107 0.0001
89 108 0.0002
109 108 0.0005
112 108 0.0
98 109 0.0001
108 109 0.0005
269 109 0.0001
84 110 0.0001
85 111 0.0001
108 112 0.0
93 113 0.0003
107 113 0.0001
114 113 0.0001
113 114 0.0001
67 115 0.0021
116 115 0.0005
120 115 0.0001
115 116 0.0005
127 116 0.0001
132 116 0.0001
1 117 0.004
118 117 0.0001
190 117 0.0082
117 118 0.0001
135 118 0.0001
137 118 0.0004
144 118 0.0001
137 119 0.0003
138 119 0.0005
140 119 0.0005
115 120 0.0001
121 120 0.0002
135 120 0.0002
120 121 0.0002
122 121 0.0004
124 121 0.0004
121 122 0.0004
123 122 0.0018
124 122 0.0005
507 122 0.0002
122 123 0.0018
124 123 0.0003
125 123 0.0007
121 124 0.0004
122 124 0.0005
123 124 0.0003
123 125 0.0007
126 125 0.0002
402 125 0.0001
125 126 0.0002
116 127 0.0001
128 127 0.0003
130 127 0.0004
127 128 0.0003
129 128 0.0003
507 128 0.0002
128 129 0.0003
401 129 0.0002
507 129 0.0001
127 130 0.0004
131 130 0.0
398 130 0.0001
130 131 0.0
116 132 0.0001
133 132 0.0017
134 132 0.0
132 133 0.0017
358 133 0.0007
396 133 0.0004
86 134 0.001
90 134 0.0005
132 134 0.0
118 135 0.0001
120 135 0.0002
136 135 0.0043
135 136 0.0043
137 136 0.0018
138 136 0.0001
118 137 0.0004
119 137 0.0003
136 137 0.0018
119 138 0.0005
136 138 0.0001
139 138 0.0013
138 139 0.0013
354 139 0.0003
500 139 0.0002
119 140 0.0005
141 140 0.0001
143 140 0.0002
140 141 0.0001
142 141 0.0002
143 141 0.0004
145 141 0.0001
141 142 0.0002
140 143 0.0002
141 143 0.0004
357 143 0.0003
118 144 0.0001
145 144 0.0001
320 144 0.0001
141 145 0.0001
144 145 0.0001
146 145 0.0001
145 146 0.0001
318 146 0.0006
323 146 0.0001
1 147 0.0038
148 147 0.0005
188 147 0.022
147 148 0.0005
149 148 0.0056
154 148 0.0044
148 149 0.0056
150 149 0.0022
155 149 0.0015
149 150 0.0022
151 150 0.0015
153 150 0.0007
150 151 0.0015
152 151 0.0007
534 151 0.0002
151 152 0.0007
153 152 0.0007
246 152 0.0002
338 152 0.0005
380 152 0.0023
150 153 0.0007
152 153 0.0007
344 153 0.0001
148 154 0.0044
155 154 0.0014
156 154 0.0016
149 155 0.0015
154 155 0.0014
163 155 0.0008
154 156 0.0016
157 156 0.0023
159 156 0.0003
156 157 0.0023
158 157 0.0023
160 157 0.0003
157 158 0.0023
163 158 0.0008
165 158 0.0017
156 159 0.0003
162 159 0.0006
301 159 0.0008
326 159 0.0001
157 160 0.0003
161 160 0.0066
162 160 0.0006
167 160 0.003
160 161 0.0066
162 161 0.0024
285 161 0.0104
159 162 0.0006
160 162 0.0006
161 162 0.0024
301 162 0.0014
155 163 0.0008
158 163 0.0008
164 163 0.0004
163 164 0.0004
293 164 0.0009
335 164 0.0001
158 165 0.0017
166 165 0.0027
296 165 0.0
165 166 0.0027
167 166 0.0044
286 166 0.0003
160 167 0.003
166 167 0.0044
285 167 0.002
1 168 0.0079
169 168 0.0009
534 168 0.0001
168 169 0.0009
170 169 0.0008
215 169 0.0004
169 170 0.0008
171 170 0.0018
252 170 0.0001
170 171 0.0018
172 171 0.001
175 171 0.0005
171 172 0.001
173 172 0.0016
252 172 0.0018
172 173 0.0016
174 173 0.0006
276 173 0.0
173 174 0.0006
179 174 0.001
183 174 0.0003
171 175 0.0005
176 175 0.0005
178 175 0.0006
280 175 0.0001
175 176 0.0005
177 176 0.0006
178 176 0.0005
176 177 0.0006
179 177 0.0003
182 177 0.0002
198 177 0.0001
175 178 0.0006
176 178 0.0005
280 178 0.0001
174 179 0.001
177 179 0.0003
180 179 0.0002
179 180 0.0002
181 180 0.0012
182 180 0.0005
180 181 0.0012
182 181 0.0001
531 181 0.0007
177 182 0.0002
180 182 0.0005
181 182 0.0001
174 183 0.0003
184 183 0.0013
528 183 0.0001
183 184 0.0013
185 184 0.0003
476 184 0.0
184 185 0.0003
186 185 0.0003
476 185 0.0002
185 186 0.0003
3 187 0.045
147 188 0.022
532 189 0.0476
117 190 0.0082
16 191 0.0181
14 192 0.0112
525 193 0.0351
526 194 0.0138
527 195 0.0139
436 196 0.0056
529 197 0.0119
177 198 0.0001
60 199 0.0005
59 200 0.0095
57 201 0.0052
446 202 0.001
53 203 0.0025
37 204 0.0324
38 205 0.0063
45 206 0.0044
43 207 0.0368
48 208 0.014
49 209 0.0005
211 210 0.0005
279 210 0.0
536 210 0.0008
210 211 0.0005
212 211 0.0009
379 211 0.0001
383 211 0.0001
211 212 0.0009
213 212 0.0006
383 212 0.0001
212 213 0.0006
214 213 0.0001
391 213 0.0
213 214 0.0001
251 214 0.0002
478 214 0.0001
169 215 0.0004
216 215 0.0006
270 215 0.0
215 216 0.0006
217 216 0.0012
266 216 0.0001
216 217 0.0012
253 217 0.0002
255 217 0.0007
4 218 0.0037
219 218 0.0011
271 218 0.0
218 219 0.0011
220 219 0.0017
232 219 0.001
219 220 0.0017
221 220 0.0106
228 220 0.0012
220 221 0.0106
222 221 0.0009
229 221 0.0008
230 221 0.0001
221 222 0.0009
223 222 0.0025
226 222 0.0003
222 223 0.0025
224 223 0.0013
227 223 0.0001
223 224 0.0013
225 224 0.0016
431 224 0.0001
224 225 0.0016
226 225 0.0017
431 225 0.0002
222 226 0.0003
225 226 0.0017
238 226 0.0016
419 226 0.0
223 227 0.0001
5 228 0.0021
220 228 0.0012
236 228 0.0012
221 229 0.0008
230 229 0.0015
232 229 0.0003
221 230 0.0001
229 230 0.0015
231 230 0.0001
230 231 0.0001
234 231 0.0022
433 231 0.0002
219 232 0.001
229 232 0.0003
233 232 0.0007
232 233 0.0007
234 233 0.0002
272 233 0.0001
231 234 0.0022
233 234 0.0002
235 234 0.0
234 235 0.0
7 236 0.0015
228 236 0.0012
237 236 0.0001
236 237 0.0001
226 238 0.0016
405 238 0.0004
410 238 0.0075
31 239 0.0002
240 239 0.0007
368 239 0.0004
239 240 0.0007
241 240 0.0002
368 240 0.0007
40 241 0.0003
240 241 0.0002
368 241 0.0007
90 242 0.0002
243 242 0.0001
244 242 0.0
94 243 0.0194
242 243 0.0001
245 243 0.0001
242 244 0.0
243 245 0.0001
152 246 0.0002
247 246 0.0002
338 246 0.0003
352 246 0.0001
246 247 0.0002
248 247 0.0003
281 247 0.0011
380 247 0.0001
247 248 0.0003
249 248 0.0001
349 248 0.0001
248 249 0.0001
250 249 0.0001
382 249 0.0
249 250 0.0001
214 251 0.0002
170 252 0.0001
172 252 0.0018
273 252 0.0003
217 253 0.0002
254 253 0.0011
373 253 0.0001
253 254 0.0011
372 254 0.0
467 254 0.0001
468 254 0.0001
217 255 0.0007
256 255 0.0
257 255 0.0007
255 256 0.0
255 257 0.0007
258 257 0.0001
259 257 0.0044
257 258 0.0001
263 258 0.0002
264 258 0.0001
257 259 0.0044
260 259 0.0006
265 259 0.0001
259 260 0.0006
261 260 0.0011
265 260 0.0
260 261 0.0011
262 261 0.0001
376 261 0.0001
261 262 0.0001
258 263 0.0002
258 264 0.0001
259 265 0.0001
260 265 0.0
351 265 0.0001
216 266 0.0001
267 266 0.0
268 266 0.0001
266 267 0.0
377 267 0.0004
378 267 0.0001
266 268 0.0001
109 269 0.0001
451 269 0.0003
452 269 0.0003
453 269 0.0007
215 270 0.0
218 271 0.0
233 272 0.0001
252 273 0.0003
274 273 0.0013
276 273 0.001
278 273 0.0
273 274 0.0013
275 274 0.0002
475 274 0.0
274 275 0.0002
173 276 0.0
273 276 0.001
528 276 0.0001
528 277 0.0004
273 278 0.0
210 279 0.0
175 280 0.0001
178 280 0.0001
536 280 0.0001
247 281 0.0011
282 281 0.0008
352 281 0.0002
281 282 0.0008
283 282 0.0002
352 282 0.0001
479 282 0.0001
282 283 0.0002
284 283 0.0001
347 283 0.0002
283 284 0.0001
161 285 0.0104
167 285 0.002
286 285 0.0006
166 286 0.0003
285 286 0.0006
287 286 0.0014
286 287 0.0014
288 287 0.0018
384 287 0.0006
287 288 0.0018
289 288 0.0008
297 288 0.0001
288 289 0.0008
290 289 0.0003
384 289 0.0011
289 290 0.0003
291 290 0.0003
292 290 0.0
290 291 0.0003
386 291 0.0003
387 291 0.0002
388 291 0.0004
290 292 0.0
164 293 0.0009
294 293 0.0001
296 293 0.0002
293 294 0.0001
295 294 0.0001
337 294 0.0001
294 295 0.0001
165 296 0.0
293 296 0.0002
297 296 0.001
288 297 0.0001
296 297 0.001
298 297 0.0001
297 298 0.0001
299 298 0.0003
300 298 0.0001
298 299 0.0003
298 300 0.0001
159 301 0.0008
162 301 0.0014
302 301 0.0001
306 301 0.0025
301 302 0.0001
303 302 0.0002
395 302 0.0
302 303 0.0002
304 303 0.0001
305 303 0.0001
303 304 0.0001
303 305 0.0001
301 306 0.0025
307 306 0.0002
309 306 0.003
306 307 0.0002
308 307 0.0002
309 307 0.0005
307 308 0.0002
353 308 0.0002
487 308 0.0001
306 309 0.003
307 309 0.0005
310 309 0.0008
309 310 0.0008
311 310 0.0006
318 310 0.0002
310 311 0.0006
312 311 0.0015
481 311 0.0002
311 312 0.0015
313 312 0.0001
314 312 0.0015
312 313 0.0001
312 314 0.0015
315 314 0.0029
392 314 0.0001
314 315 0.0029
316 315 0.0001
317 315 0.0002
315 316 0.0001
315 317 0.0002
146 318 0.0006
310 318 0.0002
481 318 0.0005
320 319 0.0005
324 319 0.0012
532 319 0.0002
144 320 0.0001
319 320 0.0005
321 320 0.0002
320 321 0.0002
322 321 0.0002
323 321 0.0
321 322 0.0002
323 322 0.0001
325 322 0.0004
146 323 0.0001
321 323 0.0
322 323 0.0001
319 324 0.0012
325 324 0.0001
326 324 0.0005
322 325 0.0004
324 325 0.0001
334 325 0.0007
159 326 0.0001
324 326 0.0005
327 326 0.0005
326 327 0.0005
328 327 0.0009
334 327 0.0001
327 328 0.0009
329 328 0.0001
330 328 0.0002
328 329 0.0001
328 330 0.0002
331 330 0.0001
332 330 0.0002
330 331 0.0001
330 332 0.0002
333 332 0.0001
334 332 0.0001
332 333 0.0001
325 334 0.0007
327 334 0.0001
332 334 0.0001
164 335 0.0001
336 335 0.0001
346 335 0.0
335 336 0.0001
337 336 0.0002
389 336 0.0001
294 337 0.0001
336 337 0.0002
390 337 0.0001
152 338 0.0005
246 338 0.0003
339 338 0.0002
338 339 0.0002
340 339 0.0015
341 339 0.0001
339 340 0.0015
341 340 0.0001
344 340 0.0002
339 341 0.0001
340 341 0.0001
342 341 0.0001
341 342 0.0001
343 342 0.0001
480 342 0.0001
342 343 0.0001
153 344 0.0001
340 344 0.0002
345 344 0.0
344 345 0.0
335 346 0.0
283 347 0.0002
348 347 0.0001
349 347 0.0001
347 348 0.0001
248 349 0.0001
347 349 0.0001
350 349 0.0
349 350 0.0
265 351 0.0001
374 351 0.0002
474 351 0.0001
246 352 0.0001
281 352 0.0002
282 352 0.0001
308 353 0.0002
139 354 0.0003
355 354 0.0004
356 354 0.0003
354 355 0.0004
490 355 0.0
491 355 0.0001
354 356 0.0003
492 356 0.0001
493 356 0.0001
494 356 0.0
143 357 0.0003
133 358 0.0007
359 358 0.0001
396 358 0.0002
358 359 0.0001
72 360 0.0018
80 360 0.0001
361 360 0.0008
360 361 0.0008
404 361 0.0027
518 361 0.0001
81 362 0.0
69 363 0.0001
364 363 0.0007
365 363 0.0042
363 364 0.0007
71 365 0.0004
363 365 0.0042
366 365 0.0001
365 366 0.0001
34 367 0.0001
82 367 0.0008
368 367 0.0024
239 368 0.0004
240 368 0.0007
241 368 0.0007
367 368 0.0024
87 369 0.0004
88 369 0.0002
91 369 0.0008
54 370 0.0005
371 370 0.0002
421 370 0.0001
2 371 0.0023
370 371 0.0002
530 371 0.002
254 372 0.0
253 373 0.0001
463 373 0.0001
464 373 0.0002
351 374 0.0002
375 374 0.0004
376 374 0.0019
473 374 0.0001
374 375 0.0004
469 375 0.0005
472 375 0.0003
523 375 0.0001
261 376 0.0001
374 376 0.0019
524 376 0.0001
267 377 0.0004
267 378 0.0001
211 379 0.0001
381 379 0.0002
535 379 0.0001
152 380 0.0023
247 380 0.0001
381 380 0.0006
379 381 0.0002
380 381 0.0006
382 381 0.0004
249 382 0.0
381 382 0.0004
383 382 0.0006
211 383 0.0001
212 383 0.0001
382 383 0.0006
287 384 0.0006
289 384 0.0011
385 384 0.0
384 385 0.0
291 386 0.0003
291 387 0.0002
291 388 0.0004
336 389 0.0001
337 390 0.0001
213 391 0.0
314 392 0.0001
393 392 0.0003
486 392 0.0
392 393 0.0003
394 393 0.0006
485 393 0.0001
393 394 0.0006
483 394 0.0001
484 394 0.0001
302 395 0.0
133 396 0.0004
358 396 0.0002
397 396 0.0004
396 397 0.0004
398 397 0.0006
506 397 0.0014
130 398 0.0001
397 398 0.0006
399 398 0.0015
104 399 0.0001
398 399 0.0015
400 399 0.0007
399 400 0.0007
456 400 0.0003
459 400 0.0009
129 401 0.0002
501 401 0.0
502 401 0.0001
125 402 0.0001
495 402 0.0011
497 402 0.0004
499 402 0.0003
72 403 0.0006
447 403 0.0008
449 403 0.0001
361 404 0.0027
448 404 0.0002
519 404 0.0001
520 404 0.0001
238 405 0.0004
406 405 0.0008
419 405 0.0002
405 406 0.0008
407 406 0.0021
419 406 0.001
406 407 0.0021
408 407 0.0007
419 407 0.0016
407 408 0.0007
409 408 0.0004
418 408 0.0004
408 409 0.0004
419 409 0.0002
425 409 0.0002
238 410 0.0075
411 410 0.0015
415 410 0.0004
410 411 0.0015
412 411 0.0024
415 411 0.0004
411 412 0.0024
413 412 0.0006
416 412 0.0006
412 413 0.0006
414 413 0.0004
424 413 0.0002
413 414 0.0004
421 414 0.0008
422 414 0.0004
410 415 0.0004
411 415 0.0004
416 415 0.0068
412 416 0.0006
415 416 0.0068
417 416 0.0002
416 417 0.0002
418 417 0.0009
420 417 0.0004
408 418 0.0004
417 418 0.0009
428 418 0.0003
226 419 0.0
405 419 0.0002
406 419 0.001
407 419 0.0016
409 419 0.0002
417 420 0.0004
424 420 0.0001
429 420 0.0004
430 420 0.0004
370 421 0.0001
414 421 0.0008
422 421 0.0003
414 422 0.0004
421 422 0.0003
423 422 0.0098
422 423 0.0098
424 423 0.0001
443 423 0.0006
413 424 0.0002
420 424 0.0001
423 424 0.0001
409 425 0.0002
426 425 0.0002
427 425 0.0001
425 426 0.0002
425 427 0.0001
418 428 0.0003
420 429 0.0004
420 430 0.0004
224 431 0.0001
225 431 0.0002
432 431 0.0006
431 432 0.0006
231 433 0.0002
434 433 0.0008
435 433 0.0006
433 434 0.0008
433 435 0.0006
2 436 0.0021
196 436 0.0056
437 436 0.0004
436 437 0.0004
438 437 0.0004
439 437 0.0004
440 437 0.0016
437 438 0.0004
437 439 0.0004
437 440 0.0016
441 440 0.0005
442 440 0.0003
440 441 0.0005
440 442 0.0003
423 443 0.0006
444 443 0.0003
445 443 0.0005
443 444 0.0003
443 445 0.0005
2 446 0.0042
56 446 0.0011
202 446 0.001
403 447 0.0008
404 448 0.0002
449 448 0.0002
516 448 0.0004
517 448 0.001
403 449 0.0001
448 449 0.0002
514 449 0.0001
531 450 0.0002
269 451 0.0003
269 452 0.0003
269 453 0.0007
98 454 0.0029
99 454 0.0026
455 454 0.0003
454 455 0.0003
400 456 0.0003
457 456 0.0003
458 456 0.0002
456 457 0.0003
456 458 0.0002
400 459 0.0009
460 459 0.0003
461 459 0.0001
462 459 0.0001
503 459 0.0022
459 460 0.0003
459 461 0.0001
459 462 0.0001
373 463 0.0001
373 464 0.0002
465 464 0.0002
466 464 0.0002
464 465 0.0002
464 466 0.0002
254 467 0.0001
254 468 0.0001
375 469 0.0005
470 469 0.0002
471 469 0.0003
469 470 0.0002
469 471 0.0003
375 472 0.0003
374 473 0.0001
351 474 0.0001
274 475 0.0
476 475 0.0004
477 475 0.0003
184 476 0.0
185 476 0.0002
475 476 0.0004
475 477 0.0003
214 478 0.0001
282 479 0.0001
342 480 0.0001
311 481 0.0002
318 481 0.0005
482 481 0.0001
481 482 0.0001
394 483 0.0001
394 484 0.0001
393 485 0.0001
392 486 0.0
308 487 0.0001
488 487 0.0006
489 487 0.0001
487 488 0.0006
487 489 0.0001
355 490 0.0
355 491 0.0001
356 492 0.0001
356 493 0.0001
356 494 0.0
402 495 0.0011
496 495 0.0003
498 495 0.0002
495 496 0.0003
402 497 0.0004
495 498 0.0002
402 499 0.0003
139 500 0.0002
401 501 0.0
401 502 0.0001
459 503 0.0022
504 503 0.0002
505 503 0.0
503 504 0.0002
503 505 0.0
397 506 0.0014
122 507 0.0002
128 507 0.0002
129 507 0.0001
101 508 0.0003
101 509 0.0002
510 509 0.0003
511 509 0.0006
509 510 0.0003
509 511 0.0006
512 511 0.0003
513 511 0.0002
511 512 0.0003
511 513 0.0002
449 514 0.0001
515 514 0.0005
517 514 0.0001
514 515 0.0005
448 516 0.0004
85 517 0.0001
448 517 0.001
514 517 0.0001
361 518 0.0001
404 519 0.0001
404 520 0.0001
521 520 0.0003
522 520 0.0006
520 521 0.0003
520 522 0.0006
375 523 0.0001
376 524 0.0001
193 525 0.0351
194 526 0.0138
195 527 0.0139
183 528 0.0001
276 528 0.0001
277 528 0.0004
197 529 0.0119
371 530 0.002
181 531 0.0007
450 531 0.0002
533 531 0.0003
1 532 0.0042
189 532 0.0476
319 532 0.0002
531 533 0.0003
151 534 0.0002
168 534 0.0001
535 534 0.0008
379 535 0.0001
534 535 0.0008
536 535 0.0008
210 536 0.0008
280 536 0.0001
535 536 0.0008
