846 1 0.0
857 1 0.0001
1157 1 0.0001
3 2 0.0026
278 2 0.0035
310 2 0.0001
332 2 0.0023
401 2 0.0001
403 2 0.0002
424 2 0.0001
2 3 0.0026
4 3 0.0006
14 3 0.0006
27 3 0.0002
35 3 0.0001
266 3 0.0003
3 4 0.0006
5 4 0.0009
27 4 0.0004
4 5 0.0009
8 5 0.0004
9 5 0.0019
11 5 0.0011
31 5 0.0003
7 6 0.0016
17 6 0.0029
897 6 0.0006
918 6 0.0004
6 7 0.0016
41 7 0.0003
65 7 0.0002
5 8 0.0004
122 8 0.0002
138 8 0.0028
5 9 0.0019
10 9 0.0004
85 9 0.0001
9 10 0.0004
88 10 0.0003
152 10 0.0001
5 11 0.0011
12 11 0.0005
44 11 0.0002
11 12 0.0005
65 13 0.0003
3 14 0.0006
18 14 0.0002
22 14 0.0006
491 15 0.0001
874 15 0.0015
896 15 0.0019
897 15 0.0011
17 16 0.0003
596 16 0.0006
874 16 0.002
6 17 0.0029
16 17 0.0003
94 17 0.0005
596 17 0.0003
14 18 0.0002
20 18 0.0005
203 18 0.0002
220 19 0.0004
222 19 0.0002
251 19 0.0003
779 19 0.0005
18 20 0.0005
1087 21 0.0006
14 22 0.0006
216 22 0.0001
235 22 0.0002
24 23 0.0003
94 23 0.0003
584 23 0.0003
596 23 0.0027
23 24 0.0003
25 24 0.0003
592 24 0.0001
594 24 0.0002
939 24 0.0002
24 25 0.0003
592 25 0.0002
983 25 0.0005
28 26 0.0001
709 26 0.0001
907 26 0.0001
3 27 0.0002
4 27 0.0004
44 27 0.0005
26 28 0.0001
908 29 0.0003
907 30 0.0004
5 31 0.0003
33 32 0.0002
34 32 0.0001
908 32 0.0001
32 33 0.0002
32 34 0.0001
534 34 0.0004
535 34 0.0003
3 35 0.0001
36 35 0.0004
38 35 0.0004
35 36 0.0004
902 37 0.0002
35 38 0.0004
42 38 0.0003
705 38 0.0001
913 39 0.0002
45 40 0.0001
215 40 0.0002
913 40 0.0
7 41 0.0003
164 41 0.0
628 41 0.0002
939 41 0.0003
38 42 0.0003
45 43 0.0001
49 43 0.0002
914 43 0.0001
974 43 0.0001
11 44 0.0002
27 44 0.0005
46 44 0.0018
56 44 0.0001
64 44 0.001
40 45 0.0001
43 45 0.0001
398 45 0.0001
402 45 0.0001
44 46 0.0018
48 46 0.0003
66 46 0.0006
547 47 0.0001
46 48 0.0003
51 48 0.0003
706 48 0.0001
43 49 0.0002
386 49 0.0006
393 49 0.0003
398 50 0.0001
48 51 0.0003
52 51 0.0002
70 51 0.0002
51 52 0.0002
53 52 0.0004
702 52 0.0002
52 53 0.0004
55 54 0.0009
378 54 0.0001
920 54 0.0001
54 55 0.0009
240 55 0.0018
383 55 0.0001
44 56 0.0001
57 56 0.0007
58 56 0.0004
59 56 0.0003
722 56 0.0002
56 57 0.0007
56 58 0.0004
59 58 0.0007
713 58 0.0002
56 59 0.0003
58 59 0.0007
713 59 0.0004
717 59 0.0003
722 59 0.0002
61 60 0.0004
63 60 0.0004
375 60 0.0003
60 61 0.0004
161 62 0.0004
393 62 0.0019
1152 62 0.0001
60 63 0.0004
374 63 0.0001
475 63 0.0003
44 64 0.001
66 64 0.0007
77 64 0.0002
7 65 0.0002
13 65 0.0003
1057 65 0.0001
46 66 0.0006
64 66 0.0007
70 66 0.0002
75 66 0.0002
68 67 0.0004
78 67 0.0001
930 67 0.0004
67 68 0.0004
73 68 0.0002
375 68 0.0001
573 68 0.0001
686 69 0.0002
691 69 0.0001
1061 69 0.0004
51 70 0.0002
66 70 0.0002
687 70 0.0002
702 70 0.0001
455 71 0.0001
703 72 0.0001
68 73 0.0002
74 73 0.0003
737 73 0.0001
73 74 0.0003
76 74 0.0002
712 74 0.0002
66 75 0.0002
74 76 0.0002
64 77 0.0002
67 78 0.0001
79 78 0.0002
365 78 0.0001
78 79 0.0002
196 80 0.0001
225 80 0.0001
247 80 0.0001
653 80 0.0001
999 81 0.0
363 82 0.0001
707 82 0.0
998 82 0.0001
461 83 0.0002
657 83 0.0007
659 83 0.0002
309 84 0.0001
324 84 0.001
620 84 0.001
9 85 0.0001
683 85 0.0002
685 85 0.0001
937 86 0.0001
267 87 0.0001
10 88 0.0003
93 88 0.0003
110 88 0.0002
630 88 0.0001
90 89 0.0001
91 89 0.0002
923 89 0.0001
89 90 0.0001
89 91 0.0002
933 92 0.0001
88 93 0.0003
96 93 0.0003
97 93 0.0009
17 94 0.0005
23 94 0.0003
939 94 0.005
1087 94 0.0003
1133 95 0.0002
93 96 0.0003
93 97 0.0009
99 97 0.0004
641 97 0.0002
650 97 0.0001
100 98 0.0001
101 98 0.0002
513 98 0.0002
97 99 0.0004
658 99 0.0
661 99 0.0001
98 100 0.0001
98 101 0.0002
995 102 0.0001
104 103 0.0002
105 103 0.0001
995 103 0.0002
103 104 0.0002
103 105 0.0001
107 106 0.0001
108 106 0.0007
963 106 0.0001
106 107 0.0001
106 108 0.0007
111 109 0.0001
786 109 0.0001
969 109 0.0001
88 110 0.0002
113 110 0.0011
690 110 0.0001
109 111 0.0001
872 112 0.0001
110 113 0.0011
115 113 0.0006
117 113 0.0002
666 113 0.0001
453 114 0.0003
601 114 0.0005
1093 114 0.0007
113 115 0.0006
116 115 0.0005
670 115 0.0001
115 116 0.0005
113 117 0.0002
997 118 0.0
120 119 0.0001
121 119 0.0002
970 119 0.0001
119 120 0.0001
119 121 0.0002
8 122 0.0002
125 122 0.0002
128 122 0.0008
165 123 0.0001
184 123 0.0
553 123 0.0001
963 124 0.0001
122 125 0.0002
136 125 0.0004
624 125 0.0001
127 126 0.0001
130 126 0.0
699 126 0.0007
126 127 0.0001
122 128 0.0008
129 128 0.0008
131 128 0.0005
128 129 0.0008
126 130 0.0
128 131 0.0005
132 131 0.0009
157 131 0.0004
131 132 0.0009
133 132 0.0008
157 132 0.0008
132 133 0.0008
135 133 0.0005
155 133 0.0003
194 134 0.0001
739 134 0.0005
989 134 0.0003
133 135 0.0005
125 136 0.0004
183 137 0.0002
1068 137 0.0004
1149 137 0.0002
8 138 0.0028
140 138 0.0005
223 138 0.0001
173 139 0.0016
180 139 0.0001
183 139 0.0004
138 140 0.0005
141 140 0.0012
243 140 0.0002
140 141 0.0012
142 141 0.0014
243 141 0.0003
141 142 0.0014
148 142 0.0007
189 142 0.0004
604 142 0.0001
773 143 0.0003
145 144 0.0004
762 144 0.0001
1068 144 0.0004
144 145 0.0004
147 145 0.0001
177 145 0.0001
147 146 0.001
179 146 0.0
699 146 0.0002
145 147 0.0001
146 147 0.001
149 147 0.0001
142 148 0.0007
166 148 0.0001
171 148 0.0015
147 149 0.0001
197 149 0.0001
341 149 0.0001
221 150 0.0003
246 150 0.0003
254 150 0.0001
153 151 0.0001
320 151 0.0001
1154 151 0.0001
10 152 0.0001
681 152 0.0001
682 152 0.0003
151 153 0.0001
678 154 0.0008
133 155 0.0003
621 155 0.0001
624 155 0.0002
458 156 0.0003
461 156 0.0002
636 156 0.0003
131 157 0.0004
132 157 0.0008
627 157 0.0001
687 158 0.0
160 159 0.0002
164 159 0.0001
857 159 0.0011
159 160 0.0002
162 160 0.0001
163 160 0.0001
62 161 0.0004
386 161 0.0001
417 161 0.0002
427 161 0.0001
160 162 0.0001
160 163 0.0001
41 164 0.0
159 164 0.0001
857 164 0.0001
123 165 0.0001
592 165 0.0001
607 165 0.0002
148 166 0.0001
167 166 0.0005
168 166 0.0016
166 167 0.0005
166 168 0.0016
170 168 0.0006
603 168 0.0004
1158 169 0.0
168 170 0.0006
148 171 0.0015
172 171 0.0011
178 171 0.0005
171 172 0.0011
174 172 0.0002
600 172 0.0001
139 173 0.0016
917 173 0.0001
964 173 0.0001
172 174 0.0002
175 174 0.0003
176 174 0.0004
174 175 0.0003
174 176 0.0004
145 177 0.0001
186 177 0.0001
197 177 0.001
171 178 0.0005
181 178 0.0001
599 178 0.0001
146 179 0.0
187 179 0.0002
190 179 0.0002
139 180 0.0001
196 180 0.0001
480 180 0.0001
964 180 0.0002
178 181 0.0001
182 181 0.0007
599 181 0.0005
181 182 0.0007
137 183 0.0002
139 183 0.0004
1068 183 0.0002
123 184 0.0
481 184 0.0001
889 184 0.0003
903 185 0.0003
177 186 0.0001
204 186 0.0004
205 186 0.0002
218 186 0.0001
179 187 0.0002
188 187 0.0003
198 187 0.0001
1085 187 0.0001
187 188 0.0003
142 189 0.0004
193 189 0.0002
201 189 0.0001
179 190 0.0002
208 191 0.0003
456 191 0.0011
965 191 0.0001
197 192 0.0001
202 192 0.0003
320 192 0.0001
189 193 0.0002
195 193 0.0009
571 193 0.0003
134 194 0.0001
885 194 0.0003
917 194 0.0002
193 195 0.0009
578 195 0.0003
598 195 0.0003
80 196 0.0001
180 196 0.0001
480 196 0.0002
149 197 0.0001
177 197 0.001
192 197 0.0001
187 198 0.0001
902 199 0.0003
202 200 0.0001
210 200 0.0001
320 200 0.0004
189 201 0.0001
539 201 0.0004
548 201 0.0002
192 202 0.0003
200 202 0.0001
209 202 0.0002
1125 202 0.0001
18 203 0.0002
206 203 0.0001
213 203 0.0001
249 203 0.0003
186 204 0.0004
222 204 0.0001
225 204 0.0001
186 205 0.0002
1134 205 0.0001
1139 205 0.0001
203 206 0.0001
207 206 0.0012
265 206 0.0003
206 207 0.0012
263 207 0.0001
541 207 0.0001
191 208 0.0003
455 208 0.0001
965 208 0.0001
202 209 0.0002
200 210 0.0001
211 210 0.0001
1125 210 0.0006
210 211 0.0001
212 211 0.0002
227 211 0.0001
211 212 0.0002
203 213 0.0001
1125 214 0.0001
40 215 0.0002
536 215 0.0001
546 215 0.0006
22 216 0.0001
219 216 0.0003
234 216 0.0001
825 217 0.0003
186 218 0.0001
220 218 0.0002
1150 218 0.0002
216 219 0.0003
19 220 0.0004
218 220 0.0002
221 220 0.0004
1150 220 0.0003
150 221 0.0003
220 221 0.0004
255 221 0.0002
19 222 0.0002
204 222 0.0001
779 222 0.0002
138 223 0.0001
224 223 0.001
228 223 0.0004
231 223 0.0002
223 224 0.001
226 224 0.0001
228 224 0.0007
80 225 0.0001
204 225 0.0001
253 225 0.0023
779 225 0.0003
224 226 0.0001
211 227 0.0001
230 227 0.0003
1064 227 0.0001
223 228 0.0004
224 228 0.0007
229 228 0.0002
231 228 0.0006
228 229 0.0002
227 230 0.0003
223 231 0.0002
228 231 0.0006
232 231 0.0005
231 232 0.0005
692 233 0.0004
926 233 0.0001
927 233 0.0003
216 234 0.0001
22 235 0.0002
236 235 0.0007
237 235 0.0003
235 236 0.0007
235 237 0.0003
238 237 0.0046
242 237 0.0006
237 238 0.0046
239 238 0.0007
241 238 0.0003
238 239 0.0007
55 240 0.0018
924 240 0.0003
974 240 0.0001
238 241 0.0003
237 242 0.0006
140 243 0.0002
141 243 0.0003
244 243 0.0006
243 244 0.0006
246 245 0.0005
247 245 0.0005
466 245 0.0
150 246 0.0003
245 246 0.0005
251 246 0.0002
80 247 0.0001
245 247 0.0005
653 247 0.0002
553 248 0.0
203 249 0.0003
252 249 0.0003
258 249 0.0001
267 250 0.0005
275 250 0.0001
480 250 0.0001
964 250 0.0001
19 251 0.0003
246 251 0.0002
253 251 0.0002
779 251 0.0002
249 252 0.0003
258 252 0.0005
263 252 0.0003
517 252 0.0001
225 253 0.0023
251 253 0.0002
653 253 0.0004
150 254 0.0001
221 255 0.0002
256 255 0.0003
1150 255 0.0001
255 256 0.0003
1108 257 0.0001
249 258 0.0001
252 258 0.0005
259 258 0.0003
258 259 0.0003
825 260 0.0003
776 261 0.0002
875 261 0.0001
1144 261 0.0001
873 262 0.0001
207 263 0.0001
252 263 0.0003
529 263 0.0006
335 264 0.0007
869 264 0.0002
1135 264 0.0001
206 265 0.0003
3 266 0.0003
268 266 0.0004
272 266 0.0001
87 267 0.0001
250 267 0.0005
271 267 0.0001
872 267 0.0001
266 268 0.0004
269 268 0.0004
270 268 0.0002
268 269 0.0004
268 270 0.0002
267 271 0.0001
275 271 0.0001
872 271 0.0033
266 272 0.0001
273 272 0.0004
274 272 0.0007
272 273 0.0004
272 274 0.0007
276 274 0.0007
277 274 0.0005
250 275 0.0001
271 275 0.0001
315 275 0.0014
869 275 0.0004
274 276 0.0007
274 277 0.0005
2 278 0.0035
279 278 0.0002
302 278 0.0003
278 279 0.0002
280 279 0.0009
281 279 0.0011
279 280 0.0009
279 281 0.0011
283 281 0.0005
286 281 0.0003
284 282 0.0003
348 282 0.0028
865 282 0.001
866 282 0.0014
281 283 0.0005
282 284 0.0003
285 284 0.0007
1124 284 0.0003
284 285 0.0007
372 285 0.0002
1123 285 0.0002
1124 285 0.0008
281 286 0.0003
287 286 0.0011
289 286 0.0003
286 287 0.0011
701 288 0.0008
802 288 0.0003
805 288 0.0005
843 288 0.0001
286 289 0.0003
294 290 0.0002
299 290 0.0002
302 290 0.0002
292 291 0.0006
315 291 0.0001
787 291 0.0001
865 291 0.0001
291 292 0.0006
317 293 0.0001
844 293 0.0001
1101 293 0.0001
290 294 0.0002
295 294 0.0008
296 294 0.0013
294 295 0.0008
294 296 0.0013
297 296 0.0004
298 296 0.0002
296 297 0.0004
296 298 0.0002
290 299 0.0002
496 299 0.0001
515 299 0.0001
301 300 0.0001
1100 300 0.0003
1107 300 0.0001
300 301 0.0001
308 301 0.0001
1100 301 0.0001
278 302 0.0003
290 302 0.0002
303 302 0.0002
310 302 0.0001
302 303 0.0002
304 303 0.0005
316 303 0.0003
303 304 0.0005
306 304 0.0002
325 304 0.0006
483 305 0.0001
304 306 0.0002
312 306 0.0012
444 306 0.0006
483 307 0.0002
301 308 0.0001
309 308 0.0008
1108 308 0.0005
84 309 0.0001
308 309 0.0008
755 309 0.0001
2 310 0.0001
302 310 0.0001
311 310 0.0033
310 311 0.0033
312 311 0.0007
314 311 0.0004
306 312 0.0012
311 312 0.0007
313 312 0.0007
312 313 0.0007
311 314 0.0004
275 315 0.0014
291 315 0.0001
869 315 0.0012
870 315 0.0002
303 316 0.0003
319 316 0.0002
321 316 0.0006
293 317 0.0001
322 318 0.0001
323 318 0.0001
1108 318 0.0002
316 319 0.0002
321 319 0.0009
467 319 0.001
469 319 0.0001
151 320 0.0001
192 320 0.0001
200 320 0.0004
316 321 0.0006
319 321 0.0009
467 321 0.0004
318 322 0.0001
318 323 0.0001
84 324 0.001
473 324 0.0003
610 324 0.0006
304 325 0.0006
326 325 0.0011
329 325 0.0003
325 326 0.0011
327 326 0.0006
331 326 0.0006
326 327 0.0006
620 328 0.0004
325 329 0.0003
428 330 0.0001
478 330 0.0007
479 330 0.0003
326 331 0.0006
2 332 0.0023
333 332 0.0002
347 332 0.0004
360 332 0.0001
677 332 0.0002
332 333 0.0002
336 333 0.0002
339 333 0.0014
610 334 0.0001
671 334 0.0001
697 334 0.0
264 335 0.0007
867 335 0.0001
868 335 0.0003
333 336 0.0002
337 336 0.0002
339 336 0.0004
336 337 0.0002
782 337 0.0003
788 337 0.0001
671 338 0.0001
333 339 0.0014
336 339 0.0004
342 339 0.0004
671 340 0.0001
149 341 0.0001
339 342 0.0004
346 342 0.0002
366 342 0.0003
344 343 0.0004
716 343 0.0001
1088 343 0.0001
343 344 0.0004
1086 345 0.0002
342 346 0.0002
332 347 0.0004
349 347 0.0001
419 347 0.0001
282 348 0.0028
865 348 0.0008
870 348 0.0002
1126 348 0.0002
347 349 0.0001
351 349 0.0004
352 349 0.0019
1003 350 0.0001
349 351 0.0004
349 352 0.0019
353 352 0.0019
354 352 0.0006
352 353 0.0019
352 354 0.0006
770 354 0.0007
772 354 0.0003
357 355 0.0002
358 355 0.0001
996 355 0.0
1096 356 0.0001
355 357 0.0002
355 358 0.0001
935 359 0.0001
332 360 0.0001
364 360 0.0005
790 360 0.0002
938 361 0.0
935 362 0.0001
82 363 0.0001
711 363 0.0001
920 363 0.0018
930 363 0.0
360 364 0.0005
78 365 0.0001
342 366 0.0003
369 367 0.0002
371 367 0.0005
677 367 0.0004
573 368 0.0006
645 368 0.0001
864 368 0.0002
367 369 0.0002
370 369 0.0009
373 369 0.0012
795 369 0.0001
369 370 0.0009
367 371 0.0005
373 371 0.0008
379 371 0.0006
285 372 0.0002
384 372 0.0006
855 372 0.0002
1120 372 0.0002
369 373 0.0012
371 373 0.0008
800 373 0.0001
63 374 0.0001
60 375 0.0003
68 375 0.0001
920 375 0.0002
447 376 0.0001
871 376 0.0001
1014 376 0.0001
871 377 0.0001
54 378 0.0001
919 378 0.0002
943 378 0.0002
371 379 0.0006
380 379 0.0006
385 379 0.0006
677 379 0.0003
379 380 0.0006
381 380 0.0006
382 380 0.0012
380 381 0.0006
380 382 0.0012
55 383 0.0001
372 384 0.0006
686 384 0.0001
860 384 0.0008
1124 384 0.0002
379 385 0.0006
387 385 0.0003
390 385 0.0009
49 386 0.0006
161 386 0.0001
974 386 0.0001
385 387 0.0003
829 387 0.0001
830 387 0.0001
389 388 0.0004
924 388 0.0005
942 388 0.0002
388 389 0.0004
406 389 0.0002
407 389 0.0002
703 389 0.0001
385 390 0.0009
391 390 0.001
831 390 0.0002
390 391 0.001
392 391 0.0028
399 391 0.0002
400 391 0.0004
391 392 0.0028
394 392 0.0004
397 392 0.0002
49 393 0.0003
62 393 0.0019
921 393 0.0001
392 394 0.0004
395 394 0.0005
396 394 0.0006
394 395 0.0005
394 396 0.0006
806 396 0.0002
807 396 0.0004
819 396 0.0001
392 397 0.0002
811 397 0.0003
819 397 0.0001
45 398 0.0001
50 398 0.0001
921 398 0.0001
391 399 0.0002
824 399 0.0002
826 399 0.0003
391 400 0.0004
2 401 0.0001
45 402 0.0001
520 402 0.0001
569 402 0.0001
2 403 0.0002
404 403 0.0006
754 403 0.0001
403 404 0.0006
408 404 0.0001
411 404 0.0001
441 405 0.0002
1014 405 0.0005
1093 405 0.0001
389 406 0.0002
441 406 0.0002
442 406 0.0002
389 407 0.0002
442 407 0.0002
1092 407 0.0001
404 408 0.0001
409 408 0.0008
757 408 0.0004
408 409 0.0008
758 409 0.0004
764 409 0.0003
432 410 0.0001
509 410 0.0002
575 410 0.0001
404 411 0.0001
942 412 0.0004
414 413 0.0009
703 413 0.0003
942 413 0.0005
413 414 0.0009
415 414 0.0005
416 414 0.0003
414 415 0.0005
414 416 0.0003
161 417 0.0002
418 417 0.0003
422 417 0.0001
417 418 0.0003
457 418 0.0001
1092 418 0.0002
347 419 0.0001
420 419 0.002
774 419 0.0002
419 420 0.002
775 420 0.0002
776 420 0.0001
575 421 0.0007
588 421 0.0001
893 421 0.0001
417 422 0.0001
478 422 0.0002
553 422 0.0002
841 423 0.0002
2 424 0.0001
425 424 0.0006
439 424 0.0002
424 425 0.0006
430 425 0.0001
434 425 0.0002
1140 425 0.0001
588 426 0.0003
837 426 0.0001
896 426 0.0001
161 427 0.0001
428 427 0.0011
1155 427 0.0001
330 428 0.0001
427 428 0.0011
429 428 0.0005
428 429 0.0005
485 429 0.0002
493 429 0.0001
425 430 0.0001
431 430 0.0013
1138 430 0.0002
430 431 0.0013
740 431 0.0003
1140 431 0.0006
410 432 0.0001
485 432 0.0001
1155 432 0.0001
507 433 0.0002
509 433 0.0014
512 433 0.0005
572 433 0.0001
425 434 0.0002
435 434 0.0015
437 434 0.0004
434 435 0.0015
437 435 0.0005
744 435 0.0002
507 436 0.0002
921 436 0.0001
1152 436 0.0001
434 437 0.0004
435 437 0.0005
438 437 0.0006
748 437 0.001
437 438 0.0006
741 438 0.0003
748 438 0.003
1140 438 0.0006
424 439 0.0002
440 439 0.0005
443 439 0.0005
439 440 0.0005
405 441 0.0002
406 441 0.0002
442 441 0.0003
406 442 0.0002
407 442 0.0002
441 442 0.0003
439 443 0.0005
693 443 0.0001
733 443 0.001
306 444 0.0006
445 444 0.0003
446 444 0.0003
444 445 0.0003
444 446 0.0003
448 446 0.0002
452 446 0.001
459 446 0.0002
1073 446 0.0001
376 447 0.0001
446 448 0.0002
450 448 0.0002
452 448 0.0002
1072 448 0.0001
635 449 0.0001
660 449 0.0001
1093 449 0.0003
448 450 0.0002
451 450 0.0009
1069 450 0.0002
450 451 0.0009
446 452 0.001
448 452 0.0002
1052 452 0.0
114 453 0.0003
456 454 0.0005
463 454 0.0001
1092 454 0.0003
71 455 0.0001
208 455 0.0001
617 455 0.0001
191 456 0.0011
454 456 0.0005
458 456 0.0005
463 456 0.0001
418 457 0.0001
156 458 0.0003
456 458 0.0005
635 458 0.0001
446 459 0.0002
460 459 0.0004
462 459 0.0007
459 460 0.0004
465 460 0.0003
1053 460 0.0001
83 461 0.0002
156 461 0.0002
633 461 0.0005
459 462 0.0007
464 462 0.0001
465 462 0.0008
454 463 0.0001
456 463 0.0001
664 463 0.0003
462 464 0.0001
460 465 0.0003
462 465 0.0008
1056 465 0.0004
245 466 0.0
825 466 0.0
1132 466 0.0001
319 467 0.001
321 467 0.0004
468 467 0.0003
467 468 0.0003
319 469 0.0001
470 469 0.0051
486 469 0.0001
492 469 0.0002
469 470 0.0051
471 470 0.0001
472 470 0.0005
470 471 0.0001
470 472 0.0005
476 472 0.0001
477 472 0.0007
1035 472 0.0
324 473 0.0003
938 474 0.0
63 475 0.0003
472 476 0.0001
472 477 0.0007
482 477 0.0001
1036 477 0.0001
330 478 0.0007
422 478 0.0002
479 478 0.0007
330 479 0.0003
478 479 0.0007
481 479 0.0001
180 480 0.0001
196 480 0.0002
250 480 0.0001
184 481 0.0001
479 481 0.0001
859 481 0.0001
477 482 0.0001
305 483 0.0001
307 483 0.0002
1099 483 0.0004
1001 484 0.0001
429 485 0.0002
432 485 0.0001
487 485 0.0003
469 486 0.0001
490 486 0.0002
1048 486 0.0
485 487 0.0003
488 487 0.0004
491 487 0.0001
493 487 0.0004
487 488 0.0004
489 488 0.0004
588 488 0.0001
488 489 0.0004
486 490 0.0002
15 491 0.0001
487 491 0.0001
493 491 0.0001
469 492 0.0002
495 492 0.0002
1049 492 0.0001
429 493 0.0001
487 493 0.0004
491 493 0.0001
859 493 0.0001
507 494 0.0003
514 494 0.0004
516 494 0.0004
492 495 0.0002
299 496 0.0001
497 496 0.0012
500 496 0.0007
496 497 0.0012
498 497 0.0003
500 497 0.002
497 498 0.0003
499 498 0.0003
502 498 0.0003
498 499 0.0003
496 500 0.0007
497 500 0.002
501 500 0.0004
500 501 0.0004
502 501 0.0007
504 501 0.0013
498 502 0.0003
501 502 0.0007
503 502 0.0006
508 502 0.0004
502 503 0.0006
501 504 0.0013
505 504 0.0002
508 504 0.0005
504 505 0.0002
506 505 0.0007
508 505 0.0003
510 505 0.0003
505 506 0.0007
511 506 0.0014
1039 506 0.0001
433 507 0.0002
436 507 0.0002
494 507 0.0003
509 507 0.0004
512 507 0.0002
502 508 0.0004
504 508 0.0005
505 508 0.0003
410 509 0.0002
433 509 0.0014
507 509 0.0004
575 509 0.0003
505 510 0.0003
506 511 0.0014
433 512 0.0005
507 512 0.0002
980 512 0.0001
98 513 0.0002
944 513 0.0005
945 513 0.0001
494 514 0.0004
547 514 0.0002
921 514 0.0002
299 515 0.0001
494 516 0.0004
551 516 0.0001
743 516 0.0001
252 517 0.0001
518 517 0.0001
519 517 0.0003
523 517 0.0002
517 518 0.0001
517 519 0.0003
521 519 0.0002
526 519 0.0002
402 520 0.0001
522 520 0.0002
546 520 0.0003
519 521 0.0002
520 522 0.0002
525 522 0.0001
546 522 0.0008
517 523 0.0002
524 523 0.0004
527 523 0.0004
523 524 0.0004
522 525 0.0001
528 525 0.0005
899 525 0.0001
519 526 0.0002
523 527 0.0004
525 528 0.0005
530 528 0.0001
533 528 0.0001
263 529 0.0006
531 529 0.0002
537 529 0.0001
528 530 0.0001
529 531 0.0002
532 531 0.0017
543 531 0.0001
531 532 0.0017
528 533 0.0001
34 534 0.0004
34 535 0.0003
215 536 0.0001
529 537 0.0001
1096 538 0.0001
201 539 0.0004
540 539 0.0002
541 539 0.0004
539 540 0.0002
207 541 0.0001
539 541 0.0004
542 541 0.0002
541 542 0.0002
531 543 0.0001
545 543 0.0001
1029 543 0.0001
569 544 0.0004
543 545 0.0001
215 546 0.0006
520 546 0.0003
522 546 0.0008
47 547 0.0001
514 547 0.0002
549 547 0.0001
201 548 0.0002
550 548 0.0002
554 548 0.0004
547 549 0.0001
548 550 0.0002
552 550 0.0002
557 550 0.0003
516 551 0.0001
735 551 0.001
900 551 0.0012
550 552 0.0002
561 552 0.0002
1024 552 0.0002
123 553 0.0001
248 553 0.0
422 553 0.0002
548 554 0.0004
555 554 0.0005
570 554 0.0002
554 555 0.0005
556 555 0.0003
992 555 0.0001
555 556 0.0003
550 557 0.0003
558 557 0.0007
564 557 0.0009
557 558 0.0007
560 559 0.0007
743 559 0.0006
763 559 0.0035
559 560 0.0007
773 560 0.0013
789 560 0.0002
552 561 0.0002
773 562 0.0003
773 563 0.0003
557 564 0.0009
565 564 0.0012
566 564 0.0003
564 565 0.0012
568 565 0.0003
1023 565 0.0001
564 566 0.0003
567 566 0.0002
1019 566 0.0001
566 567 0.0002
565 568 0.0003
1021 568 0.0001
1022 568 0.0002
402 569 0.0001
544 569 0.0004
900 569 0.0001
554 570 0.0002
193 571 0.0003
574 571 0.0001
576 571 0.0001
433 572 0.0001
68 573 0.0001
368 573 0.0006
864 573 0.0001
571 574 0.0001
990 574 0.0001
991 574 0.0002
410 575 0.0001
421 575 0.0007
509 575 0.0003
571 576 0.0001
577 576 0.0004
986 576 0.0001
987 576 0.0001
992 576 0.0001
576 577 0.0004
195 578 0.0003
579 578 0.0001
589 578 0.0005
578 579 0.0001
580 579 0.0002
583 579 0.0002
585 579 0.0001
579 580 0.0002
581 580 0.0004
586 580 0.0002
580 581 0.0004
582 581 0.0003
1074 581 0.0
581 582 0.0003
579 583 0.0002
23 584 0.0003
596 584 0.0004
859 584 0.0002
901 584 0.0003
579 585 0.0001
580 586 0.0002
587 586 0.0002
984 586 0.0001
586 587 0.0002
421 588 0.0001
426 588 0.0003
488 588 0.0001
578 589 0.0005
590 589 0.0005
593 589 0.0003
598 589 0.0008
589 590 0.0005
591 590 0.0001
593 590 0.0007
590 591 0.0001
24 592 0.0001
25 592 0.0002
165 592 0.0001
889 592 0.0006
589 593 0.0003
590 593 0.0007
595 593 0.0002
1075 593 0.0001
24 594 0.0002
859 594 0.0001
889 594 0.0001
593 595 0.0002
597 595 0.0004
1076 595 0.0001
16 596 0.0006
17 596 0.0003
23 596 0.0027
584 596 0.0004
595 597 0.0004
195 598 0.0003
589 598 0.0008
599 598 0.0003
178 599 0.0001
181 599 0.0005
598 599 0.0003
600 599 0.0004
172 600 0.0001
599 600 0.0004
602 600 0.0001
114 601 0.0005
667 601 0.0002
1081 601 0.0018
600 602 0.0001
168 603 0.0004
604 603 0.0003
1078 603 0.0001
142 604 0.0001
603 604 0.0003
605 604 0.0004
609 604 0.0005
618 604 0.0001
604 605 0.0004
606 605 0.0002
1077 605 0.0001
605 606 0.0002
976 606 0.0002
982 606 0.0001
165 607 0.0002
608 607 0.0002
965 607 0.0001
607 608 0.0002
604 609 0.0005
611 609 0.0001
613 609 0.0007
324 610 0.0006
334 610 0.0001
620 610 0.0008
609 611 0.0001
612 611 0.0003
975 611 0.0001
611 612 0.0003
609 613 0.0007
614 613 0.0003
619 613 0.0001
613 614 0.0003
615 614 0.0002
616 614 0.0002
614 615 0.0002
614 616 0.0002
455 617 0.0001
665 617 0.0002
983 617 0.0001
1153 617 0.0
604 618 0.0001
613 619 0.0001
84 620 0.001
328 620 0.0004
610 620 0.0008
155 621 0.0001
622 621 0.0005
629 621 0.0002
621 622 0.0005
623 622 0.0006
624 622 0.0003
622 623 0.0006
625 623 0.0002
637 623 0.0003
639 623 0.0005
125 624 0.0001
155 624 0.0002
622 624 0.0003
625 624 0.0004
623 625 0.0002
624 625 0.0004
630 625 0.0006
983 626 0.0001
157 627 0.0001
41 628 0.0002
621 629 0.0002
88 630 0.0001
625 630 0.0006
631 630 0.0003
966 630 0.0
630 631 0.0003
632 631 0.0002
963 631 0.0
631 632 0.0002
634 632 0.0002
959 632 0.0001
962 632 0.0001
461 633 0.0005
632 634 0.0002
449 635 0.0001
458 635 0.0001
636 635 0.0001
660 635 0.0006
156 636 0.0003
635 636 0.0001
657 636 0.0002
623 637 0.0003
638 637 0.0003
967 637 0.0
637 638 0.0003
623 639 0.0005
968 639 0.0001
971 639 0.0002
997 640 0.0001
97 641 0.0002
642 641 0.0001
643 641 0.0003
641 642 0.0001
644 642 0.0002
954 642 0.0001
641 643 0.0003
644 643 0.0002
647 643 0.0001
642 644 0.0002
643 644 0.0002
646 644 0.0001
368 645 0.0001
737 645 0.0002
864 645 0.0001
644 646 0.0001
643 647 0.0001
648 647 0.0003
649 647 0.0001
647 648 0.0003
647 649 0.0001
97 650 0.0001
652 650 0.0001
654 650 0.0001
655 651 0.0002
657 651 0.0001
1153 651 0.0009
650 652 0.0001
80 653 0.0001
247 653 0.0002
253 653 0.0004
650 654 0.0001
656 654 0.0002
953 654 0.0001
651 655 0.0002
654 656 0.0002
83 657 0.0007
636 657 0.0002
651 657 0.0001
99 658 0.0
83 659 0.0002
449 660 0.0001
635 660 0.0006
1081 660 0.0001
99 661 0.0001
662 661 0.0002
663 661 0.0003
661 662 0.0002
661 663 0.0003
463 664 0.0003
617 665 0.0002
113 666 0.0001
940 666 0.0001
944 666 0.0001
601 667 0.0002
669 668 0.0
672 668 0.0
866 668 0.0
668 669 0.0
115 670 0.0001
675 670 0.0016
932 670 0.0
334 671 0.0001
338 671 0.0001
340 671 0.0001
668 672 0.0
673 672 0.0004
854 672 0.0001
672 673 0.0004
1120 674 0.0001
1121 674 0.0001
1123 674 0.0001
670 675 0.0016
676 675 0.0003
679 675 0.0001
692 675 0.0001
675 676 0.0003
679 676 0.0003
928 676 0.0001
332 677 0.0002
367 677 0.0004
379 677 0.0003
154 678 0.0008
726 678 0.0003
909 678 0.0002
675 679 0.0001
676 679 0.0003
680 679 0.0003
679 680 0.0003
933 680 0.0001
937 680 0.0001
152 681 0.0001
152 682 0.0003
85 683 0.0002
1063 684 0.0
85 685 0.0001
69 686 0.0002
384 686 0.0001
858 686 0.0001
70 687 0.0002
158 687 0.0
690 687 0.0001
695 687 0.0001
858 688 0.0004
1096 689 0.0001
110 690 0.0001
687 690 0.0001
692 690 0.0005
69 691 0.0001
233 692 0.0004
675 692 0.0001
690 692 0.0005
694 692 0.0006
443 693 0.0001
692 694 0.0006
687 695 0.0001
696 695 0.0001
698 695 0.0002
695 696 0.0001
334 697 0.0
695 698 0.0002
126 699 0.0007
146 699 0.0002
1154 699 0.0004
701 700 0.0012
808 700 0.0005
809 700 0.0007
814 700 0.0006
288 701 0.0008
700 701 0.0012
809 701 0.0005
817 701 0.0005
52 702 0.0002
70 702 0.0001
704 702 0.0001
72 703 0.0001
389 703 0.0001
413 703 0.0003
702 704 0.0001
38 705 0.0001
48 706 0.0001
707 706 0.0002
708 706 0.0003
82 707 0.0
706 707 0.0002
922 707 0.0002
706 708 0.0003
711 708 0.0002
714 708 0.0015
26 709 0.0001
714 710 0.0001
363 711 0.0001
708 711 0.0002
714 711 0.0006
715 711 0.0003
729 711 0.0003
914 711 0.0001
74 712 0.0002
58 713 0.0002
59 713 0.0004
714 713 0.0002
708 714 0.0015
710 714 0.0001
711 714 0.0006
713 714 0.0002
711 715 0.0003
343 716 0.0001
1088 716 0.0001
1090 716 0.0001
59 717 0.0003
718 717 0.0001
719 717 0.0009
717 718 0.0001
717 719 0.0009
720 719 0.0001
721 719 0.0002
719 720 0.0001
909 720 0.001
915 720 0.0001
719 721 0.0002
56 722 0.0002
59 722 0.0002
723 722 0.0003
722 723 0.0003
724 723 0.0002
725 723 0.001
723 724 0.0002
728 724 0.0005
730 724 0.0004
903 724 0.0001
723 725 0.001
726 725 0.0005
727 725 0.0003
678 726 0.0003
725 726 0.0005
731 726 0.0002
732 726 0.0002
902 726 0.0
725 727 0.0003
724 728 0.0005
711 729 0.0003
724 730 0.0004
726 731 0.0002
726 732 0.0002
443 733 0.001
734 733 0.0007
738 733 0.0002
1138 733 0.0002
733 734 0.0007
736 734 0.0003
899 734 0.0
551 735 0.001
734 736 0.0003
73 737 0.0001
645 737 0.0002
871 737 0.0002
733 738 0.0002
134 739 0.0005
917 739 0.0001
989 739 0.0007
431 740 0.0003
761 740 0.0001
1138 740 0.0004
438 741 0.0003
890 741 0.0
891 741 0.0
1061 742 0.0002
516 743 0.0001
559 743 0.0006
763 743 0.0006
435 744 0.0002
745 744 0.0001
748 744 0.0012
744 745 0.0001
746 745 0.0004
747 745 0.0001
745 746 0.0004
745 747 0.0001
437 748 0.001
438 748 0.003
744 748 0.0012
749 748 0.0002
748 749 0.0002
750 749 0.0002
751 749 0.0005
749 750 0.0002
749 751 0.0005
752 751 0.0001
753 751 0.0002
751 752 0.0001
751 753 0.0002
403 754 0.0001
756 754 0.0003
1137 754 0.0001
309 755 0.0001
754 756 0.0003
757 756 0.0007
886 756 0.0001
408 757 0.0004
756 757 0.0007
758 757 0.0005
409 758 0.0004
757 758 0.0005
759 758 0.0003
758 759 0.0003
999 760 0.0001
740 761 0.0001
887 761 0.0001
1146 761 0.0
144 762 0.0001
1068 762 0.0009
1149 762 0.0002
559 763 0.0035
743 763 0.0006
1098 763 0.0002
409 764 0.0003
765 764 0.0004
892 764 0.0002
764 765 0.0004
766 765 0.0002
767 765 0.0005
765 766 0.0002
765 767 0.0005
768 767 0.0001
769 767 0.0003
767 768 0.0001
767 769 0.0003
882 769 0.0002
883 769 0.0
354 770 0.0007
771 770 0.0005
781 770 0.0001
770 771 0.0005
780 771 0.0001
1143 771 0.0001
354 772 0.0003
143 773 0.0003
560 773 0.0013
562 773 0.0003
563 773 0.0003
419 774 0.0002
420 775 0.0002
261 776 0.0002
420 776 0.0001
777 776 0.0002
778 776 0.0002
776 777 0.0002
876 777 0.0001
880 777 0.0
776 778 0.0002
19 779 0.0005
222 779 0.0002
225 779 0.0003
251 779 0.0002
771 780 0.0001
770 781 0.0001
337 782 0.0003
783 782 0.0005
785 782 0.0001
782 783 0.0005
787 783 0.0002
867 783 0.0001
1003 784 0.0001
782 785 0.0001
858 785 0.0002
862 785 0.0002
109 786 0.0001
291 787 0.0001
783 787 0.0002
863 787 0.0004
337 788 0.0001
873 788 0.0
1141 788 0.0002
560 789 0.0002
360 790 0.0002
791 790 0.0003
794 790 0.0004
790 791 0.0003
792 791 0.0002
793 791 0.0006
791 792 0.0002
1142 792 0.0002
1145 792 0.0003
791 793 0.0006
790 794 0.0004
369 795 0.0001
796 795 0.0007
798 795 0.0002
800 795 0.0003
795 796 0.0007
797 796 0.0008
801 796 0.0005
796 797 0.0008
798 797 0.0005
801 797 0.0005
795 798 0.0002
797 798 0.0005
802 798 0.0003
832 798 0.0
1090 799 0.0005
373 800 0.0001
795 800 0.0003
801 800 0.0006
805 800 0.0003
808 800 0.0003
817 800 0.0003
796 801 0.0005
797 801 0.0005
800 801 0.0006
802 801 0.0005
805 801 0.0006
841 801 0.0
288 802 0.0003
798 802 0.0003
801 802 0.0005
803 802 0.0004
804 802 0.0003
833 802 0.0001
802 803 0.0004
835 803 0.0
836 803 0.0002
802 804 0.0003
288 805 0.0005
800 805 0.0003
801 805 0.0006
817 805 0.0008
396 806 0.0002
396 807 0.0004
808 807 0.0002
818 807 0.0007
700 808 0.0005
800 808 0.0003
807 808 0.0002
813 808 0.0006
819 808 0.0003
700 809 0.0007
701 809 0.0005
810 809 0.0003
809 810 0.0003
815 810 0.0053
843 810 0.0003
397 811 0.0003
812 811 0.0003
821 811 0.0003
811 812 0.0003
813 812 0.0004
816 812 0.0002
808 813 0.0006
812 813 0.0004
814 813 0.0026
816 813 0.0005
700 814 0.0006
813 814 0.0026
815 814 0.0002
816 814 0.0008
817 814 0.0003
810 815 0.0053
814 815 0.0002
843 815 0.0002
812 816 0.0002
813 816 0.0005
814 816 0.0008
822 816 0.0004
852 816 0.0001
701 817 0.0005
800 817 0.0003
805 817 0.0008
814 817 0.0003
807 818 0.0007
396 819 0.0001
397 819 0.0001
808 819 0.0003
820 819 0.0003
819 820 0.0003
811 821 0.0003
822 821 0.0002
824 821 0.0002
816 822 0.0004
821 822 0.0002
853 822 0.0002
855 822 0.0003
1061 823 0.0001
399 824 0.0002
821 824 0.0002
855 824 0.0001
217 825 0.0003
260 825 0.0003
466 825 0.0
399 826 0.0003
827 826 0.0001
828 826 0.0002
826 827 0.0001
826 828 0.0002
387 829 0.0001
387 830 0.0001
390 831 0.0002
798 832 0.0
802 833 0.0001
834 833 0.0001
1111 833 0.0001
833 834 0.0001
803 835 0.0
803 836 0.0002
838 836 0.0004
1109 836 0.0
426 837 0.0001
842 837 0.0002
898 837 0.0002
836 838 0.0004
839 838 0.001
840 838 0.0002
838 839 0.001
1104 839 0.0001
1107 839 0.0001
838 840 0.0002
423 841 0.0002
801 841 0.0
1101 841 0.0001
837 842 0.0002
893 842 0.0004
895 842 0.0013
288 843 0.0001
810 843 0.0003
815 843 0.0002
844 843 0.0003
847 843 0.0004
293 844 0.0001
843 844 0.0003
845 844 0.0002
844 845 0.0002
1 846 0.0
843 847 0.0004
848 847 0.0005
851 847 0.0002
1099 847 0.0001
847 848 0.0005
849 848 0.0003
850 848 0.0002
1112 848 0.0001
848 849 0.0003
848 850 0.0002
847 851 0.0002
816 852 0.0001
822 853 0.0002
854 853 0.0001
1113 853 0.0001
672 854 0.0001
853 854 0.0001
1122 854 0.0002
372 855 0.0002
822 855 0.0003
824 855 0.0001
856 855 0.0002
855 856 0.0002
1120 856 0.0001
1122 856 0.0001
1 857 0.0001
159 857 0.0011
164 857 0.0001
686 858 0.0001
688 858 0.0004
785 858 0.0002
860 858 0.0001
481 859 0.0001
493 859 0.0001
584 859 0.0002
594 859 0.0001
874 859 0.0001
384 860 0.0008
858 860 0.0001
861 860 0.0004
1124 860 0.0001
860 861 0.0004
785 862 0.0002
787 863 0.0004
368 864 0.0002
573 864 0.0001
645 864 0.0001
282 865 0.001
291 865 0.0001
348 865 0.0008
282 866 0.0014
668 866 0.0
1123 866 0.0001
335 867 0.0001
783 867 0.0001
868 867 0.0001
335 868 0.0003
867 868 0.0001
869 868 0.0003
264 869 0.0002
275 869 0.0004
315 869 0.0012
868 869 0.0003
315 870 0.0002
348 870 0.0002
872 870 0.0006
1132 870 0.0
376 871 0.0001
377 871 0.0001
737 871 0.0002
112 872 0.0001
267 872 0.0001
271 872 0.0033
870 872 0.0006
262 873 0.0001
788 873 0.0
883 873 0.0
15 874 0.0015
16 874 0.002
859 874 0.0001
261 875 0.0001
777 876 0.0001
877 876 0.0001
879 876 0.0001
876 877 0.0001
878 877 0.0002
880 877 0.0002
877 878 0.0002
876 879 0.0001
777 880 0.0
877 880 0.0002
881 880 0.0001
880 881 0.0001
769 882 0.0002
883 882 0.0001
884 882 0.0001
769 883 0.0
873 883 0.0
882 883 0.0001
884 883 0.0004
882 884 0.0001
883 884 0.0004
1070 884 0.0005
194 885 0.0003
1070 885 0.0007
1135 885 0.0001
756 886 0.0001
761 887 0.0001
1070 887 0.0
1136 887 0.0
1102 888 0.0001
184 889 0.0003
592 889 0.0006
594 889 0.0001
741 890 0.0
741 891 0.0
764 892 0.0002
421 893 0.0001
842 893 0.0004
894 893 0.0002
898 893 0.0005
1138 893 0.0
1148 893 0.0
893 894 0.0002
1151 894 0.0001
1157 894 0.0001
842 895 0.0013
896 895 0.0005
898 895 0.0004
15 896 0.0019
426 896 0.0001
895 896 0.0005
912 896 0.0001
6 897 0.0006
15 897 0.0011
918 897 0.0003
837 898 0.0002
893 898 0.0005
895 898 0.0004
525 899 0.0001
734 899 0.0
900 899 0.0005
551 900 0.0012
569 900 0.0001
899 900 0.0005
584 901 0.0003
37 902 0.0002
199 902 0.0003
726 902 0.0
185 903 0.0003
724 903 0.0001
904 903 0.0004
903 904 0.0004
905 904 0.0003
906 904 0.0002
904 905 0.0003
906 905 0.0004
908 905 0.0002
904 906 0.0002
905 906 0.0004
907 906 0.0004
26 907 0.0001
30 907 0.0004
906 907 0.0004
29 908 0.0003
32 908 0.0001
905 908 0.0002
678 909 0.0002
720 909 0.001
910 909 0.0003
909 910 0.0003
911 910 0.0001
913 910 0.0001
910 911 0.0001
896 912 0.0001
39 913 0.0002
40 913 0.0
910 913 0.0001
43 914 0.0001
711 914 0.0001
915 914 0.0002
720 915 0.0001
914 915 0.0002
916 915 0.0002
915 916 0.0002
173 917 0.0001
194 917 0.0002
739 917 0.0001
6 918 0.0004
897 918 0.0003
1000 918 0.0002
378 919 0.0002
54 920 0.0001
363 920 0.0018
375 920 0.0002
393 921 0.0001
398 921 0.0001
436 921 0.0001
514 921 0.0002
707 922 0.0002
923 922 0.0002
925 922 0.0001
89 923 0.0001
922 923 0.0002
930 923 0.0001
240 924 0.0003
388 924 0.0005
1014 924 0.0001
922 925 0.0001
233 926 0.0001
233 927 0.0003
676 928 0.0001
929 928 0.0001
931 928 0.0001
928 929 0.0001
67 930 0.0004
363 930 0.0
923 930 0.0001
928 931 0.0001
670 932 0.0
92 933 0.0001
680 933 0.0001
934 933 0.0001
933 934 0.0001
935 934 0.0003
936 934 0.0005
359 935 0.0001
362 935 0.0001
934 935 0.0003
934 936 0.0005
86 937 0.0001
680 937 0.0001
938 937 0.0001
361 938 0.0
474 938 0.0
937 938 0.0001
24 939 0.0002
41 939 0.0003
94 939 0.005
666 940 0.0001
941 940 0.0001
950 940 0.0002
940 941 0.0001
388 942 0.0002
412 942 0.0004
413 942 0.0005
378 943 0.0002
513 944 0.0005
666 944 0.0001
946 944 0.0001
947 944 0.0001
948 944 0.0002
513 945 0.0001
944 946 0.0001
944 947 0.0001
944 948 0.0002
949 948 0.0002
1133 948 0.0001
948 949 0.0002
940 950 0.0002
951 950 0.0004
952 950 0.0004
950 951 0.0004
950 952 0.0004
654 953 0.0001
642 954 0.0001
955 954 0.0001
956 954 0.0002
954 955 0.0001
954 956 0.0002
957 956 0.0002
958 956 0.0001
956 957 0.0002
956 958 0.0001
632 959 0.0001
960 959 0.0001
961 959 0.0003
959 960 0.0001
959 961 0.0003
632 962 0.0001
106 963 0.0001
124 963 0.0001
631 963 0.0
173 964 0.0001
180 964 0.0002
250 964 0.0001
1135 964 0.0007
191 965 0.0001
208 965 0.0001
607 965 0.0001
630 966 0.0
637 967 0.0
971 967 0.0001
994 967 0.0002
995 967 0.0006
639 968 0.0001
969 968 0.0002
970 968 0.0004
109 969 0.0001
968 969 0.0002
996 969 0.0004
119 970 0.0001
968 970 0.0004
972 970 0.0001
639 971 0.0002
967 971 0.0001
972 971 0.0005
970 972 0.0001
971 972 0.0005
973 972 0.0001
972 973 0.0001
999 973 0.0002
1097 973 0.0001
43 974 0.0001
240 974 0.0001
386 974 0.0001
611 975 0.0001
606 976 0.0002
977 976 0.0002
981 976 0.0001
976 977 0.0002
978 977 0.0001
1003 977 0.0001
977 978 0.0001
979 978 0.0002
1002 978 0.0001
978 979 0.0002
512 980 0.0001
976 981 0.0001
606 982 0.0001
1005 982 0.0001
1006 982 0.0001
1007 982 0.0001
25 983 0.0005
617 983 0.0001
626 983 0.0001
586 984 0.0001
985 984 0.0001
1013 984 0.0001
984 985 0.0001
1008 985 0.0002
1009 985 0.0002
1010 985 0.0002
576 986 0.0001
576 987 0.0001
988 987 0.0003
1016 987 0.0001
987 988 0.0003
1015 988 0.0001
1017 988 0.0001
134 989 0.0003
739 989 0.0007
1148 989 0.0001
574 990 0.0001
1018 990 0.0001
1020 990 0.0001
574 991 0.0002
555 992 0.0001
576 992 0.0001
993 992 0.0003
992 993 0.0003
967 994 0.0002
102 995 0.0001
103 995 0.0002
967 995 0.0006
355 996 0.0
969 996 0.0004
997 996 0.001
118 997 0.0
640 997 0.0001
996 997 0.001
82 998 0.0001
81 999 0.0
760 999 0.0001
973 999 0.0002
918 1000 0.0002
484 1001 0.0001
1004 1001 0.0008
1087 1001 0.0002
978 1002 0.0001
350 1003 0.0001
784 1003 0.0001
977 1003 0.0001
1001 1004 0.0008
982 1005 0.0001
982 1006 0.0001
982 1007 0.0001
985 1008 0.0002
985 1009 0.0002
985 1010 0.0002
1011 1010 0.0003
1012 1010 0.0002
1010 1011 0.0003
1010 1012 0.0002
984 1013 0.0001
376 1014 0.0001
405 1014 0.0005
924 1014 0.0001
988 1015 0.0001
987 1016 0.0001
988 1017 0.0001
990 1018 0.0001
566 1019 0.0001
990 1020 0.0001
568 1021 0.0001
568 1022 0.0002
565 1023 0.0001
552 1024 0.0002
1025 1024 0.0002
1028 1024 0.0001
1024 1025 0.0002
1026 1025 0.0001
1027 1025 0.0001
1025 1026 0.0001
1025 1027 0.0001
1024 1028 0.0001
543 1029 0.0001
1030 1029 0.0002
1040 1029 0.0001
1029 1030 0.0002
1031 1030 0.0001
1034 1030 0.0001
1030 1031 0.0001
1032 1031 0.0002
1033 1031 0.0006
1031 1032 0.0002
1031 1033 0.0006
1030 1034 0.0001
472 1035 0.0
477 1036 0.0001
1037 1036 0.0002
1038 1036 0.0002
1036 1037 0.0002
1036 1038 0.0002
506 1039 0.0001
1029 1040 0.0001
1041 1040 0.0002
1042 1040 0.0002
1043 1040 0.0005
1040 1041 0.0002
1040 1042 0.0002
1040 1043 0.0005
1044 1043 0.0004
1047 1043 0.0003
1043 1044 0.0004
1045 1044 0.0003
1046 1044 0.0003
1044 1045 0.0003
1044 1046 0.0003
1043 1047 0.0003
486 1048 0.0
492 1049 0.0001
1050 1049 0.0003
1051 1049 0.0003
1049 1050 0.0003
1049 1051 0.0003
452 1052 0.0
460 1053 0.0001
1054 1053 0.0002
1055 1053 0.0001
1053 1054 0.0002
1053 1055 0.0001
465 1056 0.0004
1058 1056 0.0
1059 1056 0.0004
65 1057 0.0001
1056 1058 0.0
1056 1059 0.0004
1060 1059 0.0003
1063 1059 0.0009
1066 1059 0.0004
1071 1059 0.0
1059 1060 0.0003
1062 1060 0.0001
1066 1060 0.0008
69 1061 0.0004
742 1061 0.0002
823 1061 0.0001
1060 1062 0.0001
684 1063 0.0
1059 1063 0.0009
1065 1063 0.0001
227 1064 0.0001
1063 1065 0.0001
1083 1065 0.0002
1086 1065 0.0001
1059 1066 0.0004
1060 1066 0.0008
1067 1066 0.0006
1066 1067 0.0006
137 1068 0.0004
144 1068 0.0004
183 1068 0.0002
762 1068 0.0009
450 1069 0.0002
1088 1069 0.0001
1089 1069 0.0001
1109 1069 0.0
884 1070 0.0005
885 1070 0.0007
887 1070 0.0
1084 1070 0.0002
1059 1071 0.0
1082 1071 0.0001
1086 1071 0.0003
448 1072 0.0001
446 1073 0.0001
581 1074 0.0
593 1075 0.0001
595 1076 0.0001
605 1077 0.0001
603 1078 0.0001
1079 1078 0.0002
1080 1078 0.0002
1078 1079 0.0002
1078 1080 0.0002
601 1081 0.0018
660 1081 0.0001
1153 1081 0.0006
1071 1082 0.0001
1065 1083 0.0002
1070 1084 0.0002
187 1085 0.0001
345 1086 0.0002
1065 1086 0.0001
1071 1086 0.0003
21 1087 0.0006
94 1087 0.0003
1001 1087 0.0002
343 1088 0.0001
716 1088 0.0001
1069 1088 0.0001
1069 1089 0.0001
1090 1089 0.0003
1094 1089 0.0004
716 1090 0.0001
799 1090 0.0005
1089 1090 0.0003
1091 1090 0.0004
1090 1091 0.0004
407 1092 0.0001
418 1092 0.0002
454 1092 0.0003
114 1093 0.0007
405 1093 0.0001
449 1093 0.0003
1089 1094 0.0004
1095 1094 0.0003
1096 1094 0.0001
1094 1095 0.0003
356 1096 0.0001
538 1096 0.0001
689 1096 0.0001
1094 1096 0.0001
973 1097 0.0001
763 1098 0.0002
483 1099 0.0004
847 1099 0.0001
1100 1099 0.0005
300 1100 0.0003
301 1100 0.0001
1099 1100 0.0005
293 1101 0.0001
841 1101 0.0001
1102 1101 0.0002
888 1102 0.0001
1101 1102 0.0002
1103 1102 0.0003
1102 1103 0.0003
839 1104 0.0001
1105 1104 0.0002
1106 1104 0.0004
1104 1105 0.0002
1104 1106 0.0004
300 1107 0.0001
839 1107 0.0001
1108 1107 0.0002
257 1108 0.0001
308 1108 0.0005
318 1108 0.0002
1107 1108 0.0002
836 1109 0.0
1069 1109 0.0
1110 1109 0.0001
1109 1110 0.0001
833 1111 0.0001
848 1112 0.0001
853 1113 0.0001
1114 1113 0.0004
1117 1113 0.0007
1113 1114 0.0004
1115 1114 0.0003
1116 1114 0.0001
1114 1115 0.0003
1114 1116 0.0001
1113 1117 0.0007
1118 1117 0.0004
1119 1117 0.0004
1117 1118 0.0004
1117 1119 0.0004
372 1120 0.0002
674 1120 0.0001
856 1120 0.0001
1121 1120 0.0001
674 1121 0.0001
1120 1121 0.0001
1122 1121 0.0002
854 1122 0.0002
856 1122 0.0001
1121 1122 0.0002
285 1123 0.0002
674 1123 0.0001
866 1123 0.0001
284 1124 0.0003
285 1124 0.0008
384 1124 0.0002
860 1124 0.0001
202 1125 0.0001
210 1125 0.0006
214 1125 0.0001
348 1126 0.0002
1127 1126 0.0012
1128 1126 0.0003
1126 1127 0.0012
1128 1127 0.0004
1130 1127 0.002
1126 1128 0.0003
1127 1128 0.0004
1129 1128 0.0001
1128 1129 0.0001
1127 1130 0.002
1131 1130 0.0001
1132 1130 0.0001
1130 1131 0.0001
466 1132 0.0001
870 1132 0.0
1130 1132 0.0001
95 1133 0.0002
948 1133 0.0001
1147 1133 0.0001
205 1134 0.0001
264 1135 0.0001
885 1135 0.0001
964 1135 0.0007
887 1136 0.0
754 1137 0.0001
430 1138 0.0002
733 1138 0.0002
740 1138 0.0004
893 1138 0.0
205 1139 0.0001
425 1140 0.0001
431 1140 0.0006
438 1140 0.0006
788 1141 0.0002
792 1142 0.0002
771 1143 0.0001
261 1144 0.0001
792 1145 0.0003
761 1146 0.0
1133 1147 0.0001
893 1148 0.0
989 1148 0.0001
1149 1148 0.0002
137 1149 0.0002
762 1149 0.0002
1148 1149 0.0002
218 1150 0.0002
220 1150 0.0003
255 1150 0.0001
894 1151 0.0001
1154 1151 0.0001
1156 1151 0.0001
62 1152 0.0001
436 1152 0.0001
1155 1152 0.0012
617 1153 0.0
651 1153 0.0009
1081 1153 0.0006
151 1154 0.0001
699 1154 0.0004
1151 1154 0.0001
427 1155 0.0001
432 1155 0.0001
1152 1155 0.0012
1151 1156 0.0001
1 1157 0.0001
894 1157 0.0001
1158 1157 0.0004
169 1158 0.0
1157 1158 0.0004
1159 1158 0.0001
1158 1159 0.0001
