2 1 0.0038
8 1 0.0032
69 1 0.0024
74 1 0.0024
85 1 0.0007
89 1 0.0009
113 1 0.0033
127 1 0.0006
136 1 0.0037
158 1 0.0021
163 1 0.0006
292 1 0.0003
399 1 0.0024
1 2 0.0038
3 2 0.0008
5 2 0.0002
2 3 0.0008
4 3 0.0015
37 3 0.0006
3 4 0.0015
5 4 0.0006
43 4 0.0005
45 4 0.0006
2 5 0.0002
4 5 0.0006
6 5 0.0006
306 5 0.0009
5 6 0.0006
7 6 0.0002
53 6 0.0012
6 7 0.0002
1 8 0.0032
9 8 0.0009
13 8 0.0001
14 8 0.0004
17 8 0.0013
8 9 0.0009
10 9 0.0007
356 9 0.0001
9 10 0.0007
11 10 0.0004
12 10 0.0006
10 11 0.0004
10 12 0.0006
8 13 0.0001
8 14 0.0004
15 14 0.0002
16 14 0.0002
14 15 0.0002
14 16 0.0002
358 16 0.0016
360 16 0.0002
8 17 0.0013
18 17 0.0007
24 17 0.0009
17 18 0.0007
19 18 0.0002
20 18 0.0006
18 19 0.0002
18 20 0.0006
22 20 0.0022
305 20 0.0002
368 21 0.0008
373 21 0.0018
463 21 0.0005
20 22 0.0022
23 22 0.0027
29 22 0.0009
22 23 0.0027
31 23 0.0004
377 23 0.0001
17 24 0.0009
25 24 0.0005
34 24 0.0002
24 25 0.0005
26 25 0.0031
408 25 0.0001
25 26 0.0031
27 26 0.0014
28 26 0.0003
26 27 0.0014
26 28 0.0003
22 29 0.0009
30 29 0.0028
416 29 0.0004
29 30 0.0028
33 30 0.0005
386 30 0.0002
419 30 0.0009
23 31 0.0004
32 31 0.0006
459 31 0.0003
31 32 0.0006
375 32 0.0002
382 32 0.0003
30 33 0.0005
394 33 0.0003
420 33 0.0005
421 33 0.0005
24 34 0.0002
35 34 0.0009
36 34 0.0013
34 35 0.0009
34 36 0.0013
3 37 0.0006
38 37 0.0003
43 37 0.0006
37 38 0.0003
39 38 0.0003
40 38 0.0016
38 39 0.0003
38 40 0.0016
41 40 0.0007
340 40 0.0002
40 41 0.0007
42 41 0.0007
44 41 0.0002
41 42 0.0007
4 43 0.0005
37 43 0.0006
44 43 0.0009
41 44 0.0002
43 44 0.0009
45 44 0.001
4 45 0.0006
44 45 0.001
46 45 0.0002
45 46 0.0002
48 47 0.0011
52 47 0.0003
53 47 0.0007
47 48 0.0011
49 48 0.0005
344 48 0.0001
48 49 0.0005
50 49 0.0014
466 49 0.0004
49 50 0.0014
51 50 0.0008
334 50 0.0005
50 51 0.0008
47 52 0.0003
332 52 0.0002
333 52 0.0011
6 53 0.0012
47 53 0.0007
54 53 0.0008
317 53 0.0002
53 54 0.0008
56 55 0.0039
62 55 0.0004
306 55 0.0018
55 56 0.0039
57 56 0.0004
60 56 0.0002
65 56 0.0003
56 57 0.0004
61 57 0.0004
307 57 0.0001
66 58 0.0016
67 58 0.0007
306 58 0.0008
67 59 0.0006
56 60 0.0002
311 60 0.0013
315 60 0.0013
322 60 0.0004
57 61 0.0004
55 62 0.0004
63 62 0.0004
64 62 0.0004
62 63 0.0004
62 64 0.0004
56 65 0.0003
352 65 0.0003
355 65 0.0002
58 66 0.0016
58 67 0.0007
59 67 0.0006
68 67 0.0005
67 68 0.0005
1 69 0.0024
70 69 0.001
80 69 0.0016
69 70 0.001
71 70 0.0007
81 70 0.0004
70 71 0.0007
72 71 0.0007
82 71 0.0012
71 72 0.0007
73 72 0.0014
172 72 0.0003
72 73 0.0014
1 74 0.0024
75 74 0.001
405 74 0.0007
74 75 0.001
76 75 0.0014
77 75 0.0004
78 75 0.0012
75 76 0.0014
75 77 0.0004
75 78 0.0012
79 78 0.0016
823 78 0.0004
78 79 0.0016
69 80 0.0016
70 81 0.0004
82 81 0.0008
174 81 0.0007
71 82 0.0012
81 82 0.0008
83 82 0.0008
182 82 0.0004
82 83 0.0008
84 83 0.0011
178 83 0.0006
83 84 0.0011
180 84 0.001
481 84 0.0002
1 85 0.0007
86 85 0.0031
104 85 0.0004
85 86 0.0031
87 86 0.0003
95 86 0.0007
86 87 0.0003
88 87 0.0003
275 87 0.0002
276 87 0.0002
87 88 0.0003
1 89 0.0009
90 89 0.0002
93 89 0.0002
89 90 0.0002
91 90 0.0002
92 90 0.0004
167 90 0.0002
90 91 0.0002
90 92 0.0004
89 93 0.0002
94 93 0.0004
102 93 0.0005
93 94 0.0004
261 94 0.0002
262 94 0.0013
86 95 0.0007
96 95 0.0004
100 95 0.0006
103 95 0.0004
95 96 0.0004
97 96 0.0008
98 96 0.0008
96 97 0.0008
96 98 0.0008
99 98 0.0013
260 98 0.0007
98 99 0.0013
249 99 0.0006
252 99 0.0002
256 99 0.0008
95 100 0.0006
101 100 0.0003
102 100 0.0003
100 101 0.0003
93 102 0.0005
100 102 0.0003
271 102 0.0004
95 103 0.0004
85 104 0.0004
105 104 0.0023
129 104 0.0007
104 105 0.0023
106 105 0.0006
109 105 0.0008
169 105 0.0004
105 106 0.0006
107 106 0.0007
108 106 0.0006
106 107 0.0007
169 107 0.0002
247 107 0.0002
248 107 0.0003
106 108 0.0006
111 108 0.0054
210 108 0.001
234 108 0.0004
105 109 0.0008
110 109 0.001
111 109 0.0005
112 109 0.0004
109 110 0.001
108 111 0.0054
109 111 0.0005
210 111 0.0009
242 111 0.0003
109 112 0.0004
1 113 0.0033
114 113 0.0038
127 113 0.0006
113 114 0.0038
115 114 0.0035
156 114 0.0016
114 115 0.0035
116 115 0.0039
157 115 0.0017
115 116 0.0039
117 116 0.001
123 116 0.0018
125 116 0.0003
116 117 0.001
118 117 0.0024
155 117 0.0007
157 117 0.0011
117 118 0.0024
119 118 0.0004
154 118 0.0006
485 118 0.0003
118 119 0.0004
120 119 0.0004
152 119 0.002
119 120 0.0004
152 121 0.0007
148 122 0.0007
152 122 0.0004
196 122 0.0006
482 122 0.0001
116 123 0.0018
124 123 0.0002
126 123 0.0003
123 124 0.0002
116 125 0.0003
127 125 0.0003
128 125 0.003
123 126 0.0003
1 127 0.0006
113 127 0.0006
125 127 0.0003
125 128 0.003
129 128 0.0008
131 128 0.0016
104 129 0.0007
128 129 0.0008
130 129 0.0023
129 130 0.0023
131 130 0.0012
134 130 0.0004
135 130 0.0015
128 131 0.0016
130 131 0.0012
132 131 0.0006
131 132 0.0006
133 132 0.0025
208 132 0.0002
132 133 0.0025
130 134 0.0004
130 135 0.0015
1 136 0.0037
155 136 0.0019
156 136 0.0028
138 137 0.0024
141 137 0.0004
154 137 0.0017
137 138 0.0024
139 138 0.0004
142 138 0.0007
144 138 0.0013
138 139 0.0004
140 139 0.0006
202 139 0.0002
139 140 0.0006
483 140 0.0004
484 140 0.0008
137 141 0.0004
138 142 0.0007
143 142 0.0008
201 142 0.0001
142 143 0.0008
138 144 0.0013
145 144 0.0007
147 144 0.0015
144 145 0.0007
147 146 0.0017
144 147 0.0015
146 147 0.0017
203 147 0.0002
122 148 0.0007
149 148 0.0009
150 148 0.0021
148 149 0.0009
186 149 0.0002
193 149 0.0002
520 149 0.0002
148 150 0.0021
185 150 0.0002
187 150 0.001
152 151 0.0002
199 151 0.0006
200 151 0.0005
119 152 0.002
121 152 0.0007
122 152 0.0004
151 152 0.0002
168 152 0.0004
184 152 0.0003
209 153 0.0002
210 153 0.0024
211 153 0.0095
213 153 0.0005
118 154 0.0006
137 154 0.0017
155 154 0.0016
117 155 0.0007
136 155 0.0019
154 155 0.0016
114 156 0.0016
136 156 0.0028
157 156 0.0034
115 157 0.0017
117 157 0.0011
156 157 0.0034
1 158 0.0021
159 158 0.0004
166 158 0.0001
158 159 0.0004
160 159 0.0006
162 159 0.0002
159 160 0.0006
161 160 0.0004
162 160 0.0011
160 161 0.0004
298 161 0.0008
299 161 0.0006
159 162 0.0002
160 162 0.0011
295 162 0.0004
1 163 0.0006
164 163 0.0002
289 163 0.0001
163 164 0.0002
165 164 0.0005
288 164 0.0002
164 165 0.0005
279 165 0.0008
285 165 0.0012
158 166 0.0001
302 166 0.0004
303 166 0.0006
621 166 0.0003
90 167 0.0002
152 168 0.0004
204 168 0.0007
206 168 0.0005
105 169 0.0004
107 169 0.0002
170 169 0.0006
169 170 0.0006
470 171 0.0004
471 171 0.0004
823 171 0.0002
72 172 0.0003
173 172 0.0009
467 172 0.0002
172 173 0.0009
81 174 0.0007
175 174 0.0004
176 174 0.0006
475 174 0.0002
174 175 0.0004
174 176 0.0006
177 176 0.0009
474 176 0.0003
176 177 0.0009
83 178 0.0006
179 178 0.0009
477 178 0.0005
479 178 0.0002
178 179 0.0009
476 179 0.0002
478 179 0.0003
84 180 0.001
181 180 0.0002
182 180 0.0016
480 180 0.0003
180 181 0.0002
82 182 0.0004
180 182 0.0016
183 182 0.0006
182 183 0.0006
152 184 0.0003
150 185 0.0002
486 185 0.0005
487 185 0.0003
149 186 0.0002
523 186 0.0004
524 186 0.0009
150 187 0.001
188 187 0.0003
190 187 0.0004
187 188 0.0003
194 188 0.0027
490 188 0.0004
492 188 0.0002
494 188 0.0004
494 189 0.0009
496 189 0.0011
499 189 0.0006
187 190 0.0004
191 190 0.0002
192 190 0.0003
194 190 0.0013
190 191 0.0002
503 191 0.001
504 191 0.0006
512 191 0.0003
190 192 0.0003
515 192 0.0004
518 192 0.0006
519 192 0.0005
149 193 0.0002
188 194 0.0027
190 194 0.0013
195 194 0.0004
194 195 0.0004
122 196 0.0006
197 196 0.0003
198 196 0.0007
196 197 0.0003
196 198 0.0007
528 198 0.0006
529 198 0.0015
151 199 0.0006
151 200 0.0005
142 201 0.0001
139 202 0.0002
147 203 0.0002
168 204 0.0007
205 204 0.0013
207 204 0.0008
204 205 0.0013
168 206 0.0005
204 207 0.0008
132 208 0.0002
153 209 0.0002
108 210 0.001
111 210 0.0009
153 210 0.0024
211 210 0.0025
153 211 0.0095
210 211 0.0025
212 211 0.0004
220 211 0.0004
211 212 0.0004
153 213 0.0005
214 213 0.0005
225 213 0.0013
527 213 0.0001
213 214 0.0005
215 214 0.0006
218 214 0.0013
214 215 0.0006
216 215 0.0002
230 215 0.0008
215 216 0.0002
217 216 0.0002
533 216 0.0003
534 216 0.0002
216 217 0.0002
214 218 0.0013
219 218 0.0003
525 218 0.0002
218 219 0.0003
530 219 0.0005
531 219 0.0002
211 220 0.0004
221 220 0.0008
224 220 0.0005
220 221 0.0008
222 221 0.0005
223 221 0.0009
221 222 0.0005
221 223 0.0009
220 224 0.0005
213 225 0.0013
226 225 0.0003
537 225 0.0005
225 226 0.0003
227 226 0.002
230 226 0.0008
226 227 0.002
228 227 0.0003
231 227 0.0004
227 228 0.0003
229 228 0.0013
540 228 0.0002
541 228 0.0004
228 229 0.0013
556 229 0.0003
557 229 0.0007
215 230 0.0008
226 230 0.0008
231 230 0.001
227 231 0.0004
230 231 0.001
232 231 0.0005
231 232 0.0005
233 232 0.0006
555 232 0.0002
232 233 0.0006
542 233 0.0003
545 233 0.0004
546 233 0.0002
108 234 0.0004
235 234 0.0002
243 234 0.0002
244 234 0.0003
234 235 0.0002
236 235 0.0006
549 235 0.0005
235 236 0.0006
237 236 0.0011
239 236 0.0009
236 237 0.0011
238 237 0.0006
241 237 0.0008
237 238 0.0006
236 239 0.0009
240 239 0.0004
554 239 0.0002
239 240 0.0004
550 240 0.0003
551 240 0.0003
552 240 0.0003
553 240 0.0003
237 241 0.0008
111 242 0.0003
245 242 0.0003
246 242 0.0003
234 243 0.0002
234 244 0.0003
242 245 0.0003
242 246 0.0003
107 247 0.0002
107 248 0.0003
99 249 0.0006
250 249 0.0007
251 249 0.0002
249 250 0.0007
558 250 0.0002
562 250 0.0002
249 251 0.0002
565 251 0.0007
570 251 0.0004
99 252 0.0002
253 252 0.0004
602 252 0.0003
252 253 0.0004
254 253 0.0004
255 253 0.001
253 254 0.0004
253 255 0.001
99 256 0.0008
257 256 0.0002
260 256 0.0012
256 257 0.0002
258 257 0.0005
432 257 0.0002
257 258 0.0005
259 258 0.0033
594 258 0.0001
258 259 0.0033
589 259 0.0002
607 259 0.0004
98 260 0.0007
256 260 0.0012
618 260 0.0001
94 261 0.0002
94 262 0.0013
263 262 0.0017
269 262 0.0003
262 263 0.0017
264 263 0.0018
266 263 0.0004
263 264 0.0018
265 264 0.0005
267 264 0.0002
264 265 0.0005
268 265 0.001
619 265 0.0002
263 266 0.0004
264 267 0.0002
265 268 0.001
262 269 0.0003
270 269 0.0006
822 269 0.0003
269 270 0.0006
102 271 0.0004
272 271 0.002
274 271 0.0003
271 272 0.002
273 272 0.0004
620 272 0.0004
272 273 0.0004
271 274 0.0003
87 275 0.0002
87 276 0.0002
277 276 0.0003
278 276 0.0002
276 277 0.0003
276 278 0.0002
165 279 0.0008
280 279 0.0014
281 279 0.0019
279 280 0.0014
279 281 0.0019
282 281 0.0006
283 281 0.0007
284 281 0.0004
281 282 0.0006
281 283 0.0007
281 284 0.0004
165 285 0.0012
286 285 0.0004
287 285 0.0006
285 286 0.0004
285 287 0.0006
164 288 0.0002
163 289 0.0001
290 289 0.0004
291 289 0.0003
289 290 0.0004
289 291 0.0003
1 292 0.0003
293 292 0.0005
294 292 0.0008
301 292 0.0004
292 293 0.0005
292 294 0.0008
162 295 0.0004
296 295 0.0005
297 295 0.0003
295 296 0.0005
295 297 0.0003
161 298 0.0008
161 299 0.0006
300 299 0.0004
435 299 0.0002
299 300 0.0004
433 300 0.0007
434 300 0.0008
292 301 0.0004
166 302 0.0004
166 303 0.0006
304 303 0.0009
622 303 0.0002
303 304 0.0009
623 304 0.0004
624 304 0.0004
625 304 0.0006
20 305 0.0002
373 305 0.0016
462 305 0.0003
5 306 0.0009
55 306 0.0018
58 306 0.0008
57 307 0.0001
308 307 0.0002
310 307 0.0003
307 308 0.0002
309 308 0.0012
628 308 0.0006
308 309 0.0012
436 309 0.0015
627 309 0.0008
307 310 0.0003
60 311 0.0013
313 312 0.0003
314 312 0.0003
315 312 0.0005
312 313 0.0003
312 314 0.0003
60 315 0.0013
312 315 0.0005
316 315 0.0005
315 316 0.0005
53 317 0.0002
318 317 0.0004
333 317 0.0002
317 318 0.0004
319 318 0.0005
348 318 0.0002
318 319 0.0005
320 319 0.0017
455 319 0.0001
319 320 0.0017
321 320 0.0006
345 320 0.0002
439 320 0.0002
320 321 0.0006
629 321 0.0002
630 321 0.0002
60 322 0.0004
324 323 0.0009
326 323 0.0001
333 323 0.0006
323 324 0.0009
325 324 0.0006
329 324 0.0002
324 325 0.0006
326 325 0.0005
346 325 0.0002
323 326 0.0001
325 326 0.0005
327 326 0.0003
653 326 0.0001
326 327 0.0003
328 327 0.0002
347 327 0.0004
327 328 0.0002
324 329 0.0002
330 329 0.0007
331 329 0.0003
329 330 0.0007
331 330 0.0005
655 330 0.0005
329 331 0.0003
330 331 0.0005
428 331 0.0003
659 331 0.0003
52 332 0.0002
52 333 0.0011
317 333 0.0002
323 333 0.0006
50 334 0.0005
335 334 0.0002
338 334 0.0004
334 335 0.0002
336 335 0.0002
337 335 0.0013
335 336 0.0002
335 337 0.0013
349 337 0.0002
672 337 0.0012
334 338 0.0004
339 338 0.0015
675 338 0.0001
338 339 0.0015
350 339 0.001
677 339 0.0001
40 340 0.0002
341 340 0.0002
429 340 0.0003
340 341 0.0002
342 341 0.0004
343 341 0.0004
341 342 0.0004
341 343 0.0004
48 344 0.0001
320 345 0.0002
442 345 0.0002
631 345 0.0007
325 346 0.0002
654 346 0.0001
656 346 0.0002
327 347 0.0004
638 347 0.0018
644 347 0.0002
318 348 0.0002
337 349 0.0002
660 349 0.0004
661 349 0.0002
339 350 0.001
351 350 0.0005
680 350 0.0002
350 351 0.0005
65 352 0.0003
353 352 0.0008
354 352 0.0005
352 353 0.0008
352 354 0.0005
65 355 0.0002
9 356 0.0001
357 356 0.0006
359 356 0.0008
356 357 0.0006
16 358 0.0016
356 359 0.0008
16 360 0.0002
368 360 0.0003
814 360 0.0005
797 361 0.0001
366 362 0.0016
373 362 0.0002
791 362 0.0006
364 363 0.0009
365 363 0.0002
791 363 0.0004
363 364 0.0009
757 364 0.0002
761 364 0.0002
363 365 0.0002
782 365 0.0017
802 365 0.0006
362 366 0.0016
367 366 0.0005
817 366 0.0004
366 367 0.0005
793 367 0.0005
813 367 0.0001
21 368 0.0008
360 368 0.0003
369 368 0.0008
368 369 0.0008
370 369 0.0009
372 369 0.0006
369 370 0.0009
371 370 0.0006
817 370 0.0002
370 371 0.0006
369 372 0.0006
21 373 0.0018
305 373 0.0016
362 373 0.0002
374 373 0.0008
373 374 0.0008
377 374 0.0004
754 374 0.0001
32 375 0.0002
376 375 0.0002
383 375 0.0003
375 376 0.0002
23 377 0.0001
374 377 0.0004
378 377 0.0003
377 378 0.0003
379 378 0.0002
381 378 0.0008
378 379 0.0002
380 379 0.001
760 379 0.0002
379 380 0.001
740 380 0.0007
741 380 0.0004
748 380 0.0001
378 381 0.0008
752 381 0.0007
753 381 0.0002
32 382 0.0003
375 383 0.0003
385 384 0.0001
459 384 0.0007
464 384 0.0001
384 385 0.0001
737 385 0.0004
739 385 0.0005
30 386 0.0002
387 386 0.0002
389 386 0.0002
386 387 0.0002
388 387 0.0003
391 387 0.0006
387 388 0.0003
425 388 0.0004
738 388 0.0003
386 389 0.0002
390 389 0.0012
393 389 0.0009
711 389 0.0002
389 390 0.0012
709 390 0.0003
712 390 0.0001
387 391 0.0006
392 391 0.0016
393 391 0.0013
391 392 0.0016
393 392 0.0007
426 392 0.0005
389 393 0.0009
391 393 0.0013
392 393 0.0007
33 394 0.0003
395 394 0.0008
422 394 0.0002
423 394 0.0002
394 395 0.0008
396 395 0.0001
397 395 0.0003
424 395 0.0002
395 396 0.0001
684 396 0.0003
685 396 0.0003
395 397 0.0003
398 397 0.0005
686 397 0.0002
397 398 0.0005
1 399 0.0024
400 399 0.0014
461 399 0.0001
399 400 0.0014
401 400 0.0006
402 400 0.0005
400 401 0.0006
400 402 0.0005
403 402 0.0002
404 402 0.0001
402 403 0.0002
402 404 0.0001
74 405 0.0007
406 405 0.0014
821 405 0.0001
405 406 0.0014
407 406 0.0001
820 406 0.0001
406 407 0.0001
25 408 0.0001
409 408 0.0006
410 408 0.0006
413 408 0.0021
408 409 0.0006
408 410 0.0006
411 410 0.001
412 410 0.0004
410 411 0.001
410 412 0.0004
408 413 0.0021
414 413 0.0007
415 413 0.0003
413 414 0.0007
413 415 0.0003
29 416 0.0004
417 416 0.0004
418 416 0.0008
416 417 0.0004
416 418 0.0008
30 419 0.0009
33 420 0.0005
33 421 0.0005
394 422 0.0002
394 423 0.0002
395 424 0.0002
388 425 0.0004
731 425 0.0001
732 425 0.0003
392 426 0.0005
687 427 0.0002
702 427 0.0015
709 427 0.0012
331 428 0.0003
657 428 0.0003
658 428 0.0004
340 429 0.0003
430 429 0.0008
431 429 0.001
429 430 0.0008
429 431 0.001
257 432 0.0002
608 432 0.0006
612 432 0.0001
300 433 0.0007
300 434 0.0008
299 435 0.0002
309 436 0.0015
437 436 0.001
438 436 0.0004
626 436 0.0002
436 437 0.001
436 438 0.0004
320 439 0.0002
440 439 0.0003
442 439 0.0001
439 440 0.0003
441 440 0.0002
450 440 0.0001
634 440 0.0002
440 441 0.0002
451 441 0.0007
454 441 0.0008
345 442 0.0002
439 442 0.0001
448 442 0.0004
444 443 0.0002
445 443 0.0007
448 443 0.0003
443 444 0.0002
443 445 0.0007
446 445 0.0003
447 445 0.0002
445 446 0.0003
445 447 0.0002
442 448 0.0004
443 448 0.0003
449 448 0.0002
448 449 0.0002
440 450 0.0001
441 451 0.0007
452 451 0.0008
453 451 0.001
451 452 0.0008
451 453 0.001
441 454 0.0008
319 455 0.0001
456 455 0.0007
637 455 0.0001
455 456 0.0007
457 456 0.0005
636 456 0.0002
456 457 0.0005
458 457 0.0001
635 457 0.0002
457 458 0.0001
31 459 0.0003
384 459 0.0007
460 459 0.0002
465 459 0.0002
459 460 0.0002
399 461 0.0001
305 462 0.0003
21 463 0.0005
384 464 0.0001
459 465 0.0002
49 466 0.0004
172 467 0.0002
468 467 0.0004
469 467 0.0007
467 468 0.0004
467 469 0.0007
171 470 0.0004
171 471 0.0004
472 471 0.0011
473 471 0.0004
471 472 0.0011
471 473 0.0004
176 474 0.0003
174 475 0.0002
179 476 0.0002
178 477 0.0005
179 478 0.0003
178 479 0.0002
180 480 0.0003
84 481 0.0002
122 482 0.0001
140 483 0.0004
140 484 0.0008
118 485 0.0003
185 486 0.0005
185 487 0.0003
488 487 0.0005
489 487 0.0004
487 488 0.0005
487 489 0.0004
188 490 0.0004
491 490 0.0011
493 490 0.0002
490 491 0.0011
188 492 0.0002
490 493 0.0002
188 494 0.0004
189 494 0.0009
495 494 0.0002
494 495 0.0002
189 496 0.0011
497 496 0.0003
498 496 0.0002
496 497 0.0003
496 498 0.0002
189 499 0.0006
500 499 0.0004
501 499 0.0003
502 499 0.0003
499 500 0.0004
499 501 0.0003
499 502 0.0003
191 503 0.001
191 504 0.0006
505 504 0.002
510 504 0.0003
504 505 0.002
506 505 0.0004
507 505 0.0005
511 505 0.0003
505 506 0.0004
505 507 0.0005
508 507 0.0008
509 507 0.0006
507 508 0.0008
507 509 0.0006
504 510 0.0003
505 511 0.0003
191 512 0.0003
513 512 0.0016
514 512 0.0013
512 513 0.0016
512 514 0.0013
192 515 0.0004
516 515 0.0004
517 515 0.0005
515 516 0.0004
515 517 0.0005
192 518 0.0006
192 519 0.0005
149 520 0.0002
521 520 0.0008
522 520 0.0002
520 521 0.0008
520 522 0.0002
186 523 0.0004
186 524 0.0009
218 525 0.0002
526 525 0.0007
532 525 0.0003
525 526 0.0007
213 527 0.0001
198 528 0.0006
198 529 0.0015
219 530 0.0005
219 531 0.0002
525 532 0.0003
216 533 0.0003
216 534 0.0002
535 534 0.0002
536 534 0.0004
534 535 0.0002
534 536 0.0004
225 537 0.0005
538 537 0.0003
539 537 0.0002
537 538 0.0003
537 539 0.0002
228 540 0.0002
228 541 0.0004
233 542 0.0003
543 542 0.0004
544 542 0.0007
542 543 0.0004
542 544 0.0007
233 545 0.0004
233 546 0.0002
547 546 0.0003
548 546 0.0003
546 547 0.0003
546 548 0.0003
235 549 0.0005
240 550 0.0003
240 551 0.0003
240 552 0.0003
240 553 0.0003
239 554 0.0002
232 555 0.0002
229 556 0.0003
229 557 0.0007
250 558 0.0002
559 558 0.0003
560 558 0.0003
561 558 0.0003
558 559 0.0003
558 560 0.0003
558 561 0.0003
250 562 0.0002
563 562 0.0007
564 562 0.0004
562 563 0.0007
562 564 0.0004
251 565 0.0007
566 565 0.0005
567 565 0.001
565 566 0.0005
565 567 0.001
568 567 0.0005
569 567 0.0005
567 568 0.0005
567 569 0.0005
251 570 0.0004
571 570 0.0003
580 570 0.0004
570 571 0.0003
572 571 0.0004
577 571 0.0005
571 572 0.0004
573 572 0.0004
574 572 0.0005
572 573 0.0004
572 574 0.0005
575 574 0.0005
576 574 0.0006
574 575 0.0005
574 576 0.0006
571 577 0.0005
578 577 0.0002
579 577 0.0004
577 578 0.0002
577 579 0.0004
570 580 0.0004
581 580 0.0003
588 580 0.0003
580 581 0.0003
582 581 0.0006
585 581 0.0003
581 582 0.0006
583 582 0.0003
584 582 0.0002
582 583 0.0003
582 584 0.0002
581 585 0.0003
586 585 0.0005
587 585 0.0002
585 586 0.0005
585 587 0.0002
580 588 0.0003
259 589 0.0002
590 589 0.0003
598 589 0.0006
603 589 0.0004
606 589 0.0002
589 590 0.0003
591 590 0.0003
601 590 0.0001
590 591 0.0003
592 591 0.0003
599 591 0.0002
591 592 0.0003
593 592 0.0002
600 592 0.0002
592 593 0.0002
258 594 0.0001
595 594 0.0004
596 594 0.0005
597 594 0.0002
594 595 0.0004
594 596 0.0005
594 597 0.0002
589 598 0.0006
591 599 0.0002
592 600 0.0002
590 601 0.0001
252 602 0.0003
589 603 0.0004
604 603 0.0002
605 603 0.0001
603 604 0.0002
603 605 0.0001
589 606 0.0002
259 607 0.0004
432 608 0.0006
609 608 0.001
613 608 0.0003
608 609 0.001
610 609 0.0014
614 609 0.0004
609 610 0.0014
611 610 0.0002
614 610 0.0006
610 611 0.0002
432 612 0.0001
608 613 0.0003
609 614 0.0004
610 614 0.0006
615 614 0.0003
614 615 0.0003
616 615 0.0002
617 615 0.0001
615 616 0.0002
615 617 0.0001
260 618 0.0001
265 619 0.0002
272 620 0.0004
166 621 0.0003
303 622 0.0002
304 623 0.0004
304 624 0.0004
304 625 0.0006
436 626 0.0002
309 627 0.0008
308 628 0.0006
321 629 0.0002
321 630 0.0002
345 631 0.0007
632 631 0.0005
633 631 0.0003
631 632 0.0005
631 633 0.0003
440 634 0.0002
457 635 0.0002
456 636 0.0002
455 637 0.0001
347 638 0.0018
639 638 0.0006
640 638 0.0002
645 638 0.0007
638 639 0.0006
638 640 0.0002
641 640 0.0001
649 640 0.0002
640 641 0.0001
642 641 0.0003
643 641 0.0002
641 642 0.0003
641 643 0.0002
347 644 0.0002
638 645 0.0007
646 645 0.0011
650 645 0.0004
645 646 0.0011
647 646 0.0016
651 646 0.0001
646 647 0.0016
648 647 0.0001
652 647 0.0003
647 648 0.0001
640 649 0.0002
645 650 0.0004
646 651 0.0001
647 652 0.0003
326 653 0.0001
346 654 0.0001
330 655 0.0005
346 656 0.0002
428 657 0.0003
428 658 0.0004
331 659 0.0003
349 660 0.0004
349 661 0.0002
662 661 0.0005
667 661 0.0002
661 662 0.0005
663 662 0.0003
664 662 0.0001
662 663 0.0003
662 664 0.0001
665 664 0.0002
666 664 0.0002
664 665 0.0002
664 666 0.0002
661 667 0.0002
668 667 0.0002
669 667 0.0001
667 668 0.0002
667 669 0.0001
670 669 0.0002
671 669 0.0006
669 670 0.0002
669 671 0.0006
337 672 0.0012
673 672 0.0002
674 672 0.0004
672 673 0.0002
672 674 0.0004
338 675 0.0001
676 675 0.0004
677 675 0.0005
675 676 0.0004
339 677 0.0001
675 677 0.0005
678 677 0.0003
679 677 0.0003
677 678 0.0003
677 679 0.0003
350 680 0.0002
681 680 0.0004
682 680 0.0004
683 680 0.0009
680 681 0.0004
680 682 0.0004
680 683 0.0009
396 684 0.0003
396 685 0.0003
397 686 0.0002
427 687 0.0002
688 687 0.0011
701 687 0.0002
687 688 0.0011
689 688 0.0006
699 688 0.0001
700 688 0.0003
688 689 0.0006
690 689 0.0009
698 689 0.0001
689 690 0.0009
691 690 0.0002
692 690 0.0004
697 690 0.0001
690 691 0.0002
690 692 0.0004
693 692 0.0004
696 692 0.0002
692 693 0.0004
694 693 0.0005
695 693 0.0004
693 694 0.0005
693 695 0.0004
692 696 0.0002
690 697 0.0001
689 698 0.0001
688 699 0.0001
688 700 0.0003
687 701 0.0002
427 702 0.0015
703 702 0.0004
708 702 0.0002
702 703 0.0004
704 703 0.0005
705 703 0.0004
703 704 0.0005
703 705 0.0004
706 705 0.0003
707 705 0.0003
705 706 0.0003
705 707 0.0003
702 708 0.0002
390 709 0.0003
427 709 0.0012
710 709 0.0001
709 710 0.0001
389 711 0.0002
390 712 0.0001
713 712 0.0006
720 712 0.0002
712 713 0.0006
714 713 0.0001
719 713 0.0001
713 714 0.0001
715 714 0.0003
716 714 0.0005
714 715 0.0003
714 716 0.0005
717 716 0.0004
718 716 0.0003
716 717 0.0004
716 718 0.0003
713 719 0.0001
712 720 0.0002
721 720 0.0003
724 720 0.0002
725 720 0.0001
720 721 0.0003
722 721 0.0001
728 721 0.0004
721 722 0.0001
723 722 0.0001
726 722 0.0001
727 722 0.0001
722 723 0.0001
720 724 0.0002
720 725 0.0001
722 726 0.0001
722 727 0.0001
721 728 0.0004
729 728 0.0001
730 728 0.0001
728 729 0.0001
728 730 0.0001
425 731 0.0001
425 732 0.0003
733 732 0.0003
736 732 0.0001
732 733 0.0003
734 733 0.0005
735 733 0.0004
733 734 0.0005
733 735 0.0004
732 736 0.0001
385 737 0.0004
388 738 0.0003
385 739 0.0005
380 740 0.0007
380 741 0.0004
742 741 0.0002
747 741 0.0001
741 742 0.0002
743 742 0.0008
744 742 0.0004
749 742 0.0002
742 743 0.0008
742 744 0.0004
745 744 0.0005
746 744 0.0008
744 745 0.0005
744 746 0.0008
741 747 0.0001
380 748 0.0001
742 749 0.0002
750 749 0.0004
751 749 0.0002
749 750 0.0004
749 751 0.0002
381 752 0.0007
381 753 0.0002
374 754 0.0001
755 754 0.0007
756 754 0.0001
754 755 0.0007
754 756 0.0001
364 757 0.0002
758 757 0.0003
759 757 0.0002
757 758 0.0003
757 759 0.0002
379 760 0.0002
364 761 0.0002
762 761 0.0009
777 761 0.0003
761 762 0.0009
763 762 0.0004
767 762 0.0001
762 763 0.0004
764 763 0.0006
776 763 0.0003
763 764 0.0006
765 764 0.0001
771 764 0.0003
764 765 0.0001
766 765 0.0001
768 765 0.0003
765 766 0.0001
762 767 0.0001
765 768 0.0003
769 768 0.0001
770 768 0.0001
768 769 0.0001
768 770 0.0001
764 771 0.0003
772 771 0.0002
775 771 0.0001
771 772 0.0002
773 772 0.0005
774 772 0.0004
772 773 0.0005
772 774 0.0004
771 775 0.0001
763 776 0.0003
761 777 0.0003
778 777 0.0002
781 777 0.0001
777 778 0.0002
779 778 0.0005
780 778 0.0005
778 779 0.0005
778 780 0.0005
777 781 0.0001
365 782 0.0017
783 782 0.0003
802 782 0.0008
782 783 0.0003
784 783 0.0005
789 783 0.0002
790 783 0.0002
783 784 0.0005
785 784 0.0003
786 784 0.0003
784 785 0.0003
784 786 0.0003
787 786 0.0002
788 786 0.0004
786 787 0.0002
786 788 0.0004
783 789 0.0002
783 790 0.0002
362 791 0.0006
363 791 0.0004
792 791 0.0003
791 792 0.0003
367 793 0.0005
794 793 0.0003
796 793 0.0003
793 794 0.0003
796 794 0.0008
809 794 0.0009
809 795 0.0006
793 796 0.0003
794 796 0.0008
797 796 0.0002
805 796 0.0004
361 797 0.0001
796 797 0.0002
798 797 0.0005
797 798 0.0005
799 798 0.0007
800 798 0.0003
801 798 0.0002
798 799 0.0007
798 800 0.0003
798 801 0.0002
365 802 0.0006
782 802 0.0008
803 802 0.0002
804 802 0.0004
802 803 0.0002
802 804 0.0004
796 805 0.0004
806 805 0.0002
812 805 0.0001
805 806 0.0002
807 806 0.0001
808 806 0.0004
806 807 0.0001
806 808 0.0004
794 809 0.0009
795 809 0.0006
810 809 0.0003
811 809 0.0004
809 810 0.0003
809 811 0.0004
805 812 0.0001
367 813 0.0001
360 814 0.0005
815 814 0.0004
816 814 0.0004
814 815 0.0004
814 816 0.0004
366 817 0.0004
370 817 0.0002
818 817 0.0005
819 817 0.0008
817 818 0.0005
817 819 0.0008
406 820 0.0001
405 821 0.0001
269 822 0.0003
78 823 0.0004
171 823 0.0002
824 823 0.0007
823 824 0.0007
