2 1 0.0095
3 1 0.0057
14 1 0.0038
21 1 0.0076
81 1 0.0038
82 1 0.0038
1 2 0.0095
507 2 0.0095
1 3 0.0057
15 3 0.0095
16 3 0.0019
18 4 0.0172
19 4 0.0076
52 4 0.0057
53 4 0.0153
7 6 0.0076
14 6 0.0038
33 6 0.0134
6 7 0.0076
8 7 0.0019
25 7 0.0115
7 8 0.0019
24 8 0.0038
427 8 0.0076
428 8 0.0057
10 9 0.0076
22 9 0.0038
428 9 0.0019
9 10 0.0076
11 10 0.0057
22 10 0.0076
10 11 0.0057
12 11 0.0115
419 11 0.0115
11 12 0.0115
13 12 0.0172
21 12 0.0115
12 13 0.0172
420 13 0.0172
507 13 0.0172
1 14 0.0038
6 14 0.0038
35 14 0.0095
3 15 0.0095
16 15 0.0095
18 15 0.0153
35 15 0.0153
3 16 0.0019
15 16 0.0095
17 16 0.0076
20 16 0.0038
16 17 0.0076
18 17 0.0115
19 17 0.0095
4 18 0.0172
15 18 0.0153
17 18 0.0115
4 19 0.0076
17 19 0.0095
20 19 0.0038
16 20 0.0038
19 20 0.0038
48 20 0.0057
49 20 0.0038
1 21 0.0076
12 21 0.0115
22 21 0.0019
9 22 0.0038
10 22 0.0076
21 22 0.0019
8 24 0.0038
25 24 0.0095
32 24 0.0057
7 25 0.0115
24 25 0.0095
26 25 0.0153
25 26 0.0153
27 26 0.0172
32 26 0.0153
26 27 0.0172
28 27 0.0191
33 27 0.0191
27 28 0.0191
29 28 0.0115
43 28 0.0134
28 29 0.0115
30 29 0.0153
72 29 0.0153
76 29 0.0038
29 30 0.0153
31 30 0.0115
413 30 0.0095
415 30 0.0057
30 31 0.0115
32 31 0.0095
415 31 0.0038
24 32 0.0057
26 32 0.0153
31 32 0.0095
6 33 0.0134
27 33 0.0191
34 33 0.0153
33 34 0.0153
35 34 0.0095
39 34 0.0115
14 35 0.0095
15 35 0.0153
34 35 0.0095
36 35 0.0153
35 36 0.0153
37 36 0.0115
39 36 0.0019
36 37 0.0115
38 37 0.0076
40 37 0.021
37 38 0.0076
39 38 0.0076
43 38 0.0172
34 39 0.0115
36 39 0.0019
38 39 0.0076
37 40 0.021
41 40 0.0134
73 40 0.0134
40 41 0.0134
45 41 0.0134
28 43 0.0134
38 43 0.0172
45 43 0.0134
41 45 0.0134
43 45 0.0134
48 47 0.0115
51 47 0.0095
20 48 0.0057
47 48 0.0115
49 48 0.0153
20 49 0.0038
48 49 0.0153
50 49 0.0095
49 50 0.0095
57 50 0.0076
47 51 0.0095
58 51 0.0076
4 52 0.0057
56 52 0.0076
57 52 0.0019
4 53 0.0153
54 53 0.0134
56 53 0.0153
61 53 0.0134
53 54 0.0134
55 54 0.0134
62 54 0.0134
54 55 0.0134
56 55 0.0057
169 55 0.0057
52 56 0.0076
53 56 0.0153
55 56 0.0057
50 57 0.0076
52 57 0.0019
59 57 0.0153
175 57 0.0095
51 58 0.0076
59 58 0.0019
60 58 0.0153
87 58 0.0057
90 58 0.0095
57 59 0.0153
58 59 0.0019
60 59 0.0191
58 60 0.0153
59 60 0.0191
90 60 0.0076
180 60 0.0115
53 61 0.0134
147 61 0.0134
158 61 0.0057
54 62 0.0134
63 62 0.0134
62 63 0.0134
64 63 0.0134
63 64 0.0134
65 64 0.0019
169 64 0.0134
170 64 0.0172
64 65 0.0019
66 65 0.0019
65 66 0.0019
67 66 0.0153
158 66 0.0115
66 67 0.0153
174 67 0.0095
185 67 0.0115
29 72 0.0153
76 72 0.0229
80 72 0.0095
109 72 0.0153
40 73 0.0134
77 73 0.0153
29 76 0.0038
72 76 0.0229
91 76 0.0134
73 77 0.0153
78 77 0.021
80 77 0.0038
77 78 0.021
79 78 0.0134
110 78 0.0134
78 79 0.0134
80 79 0.0172
131 79 0.0095
72 80 0.0095
77 80 0.0038
79 80 0.0172
109 80 0.0115
1 81 0.0038
82 81 0.0095
200 81 0.0057
1 82 0.0038
81 82 0.0095
83 82 0.0038
82 83 0.0038
84 83 0.0038
201 83 0.0095
83 84 0.0038
202 84 0.0248
203 84 0.0095
206 84 0.0191
58 87 0.0057
88 87 0.0076
87 88 0.0076
89 88 0.021
200 88 0.0153
88 89 0.021
90 89 0.0115
194 89 0.0191
58 90 0.0095
60 90 0.0076
89 90 0.0115
76 91 0.0134
92 91 0.0019
95 91 0.0095
91 92 0.0019
93 92 0.0019
417 92 0.0057
92 93 0.0019
416 93 0.0019
91 95 0.0095
96 95 0.0076
95 96 0.0076
97 96 0.0076
99 96 0.0134
96 97 0.0076
98 97 0.0076
97 98 0.0076
99 98 0.0057
96 99 0.0134
98 99 0.0057
100 99 0.0057
99 100 0.0057
109 100 0.0153
129 100 0.0076
131 100 0.0153
72 109 0.0153
80 109 0.0115
100 109 0.0153
78 110 0.0134
111 110 0.0191
131 110 0.0115
110 111 0.0191
112 111 0.0095
132 111 0.0095
111 112 0.0095
113 112 0.0076
123 112 0.0191
112 113 0.0076
115 113 0.0076
113 115 0.0076
122 115 0.0076
115 122 0.0076
123 122 0.0076
112 123 0.0191
122 123 0.0076
124 123 0.0095
123 124 0.0095
129 124 0.0095
100 129 0.0076
124 129 0.0095
79 131 0.0095
100 131 0.0153
110 131 0.0115
111 132 0.0095
134 132 0.0095
132 134 0.0095
146 134 0.0095
134 146 0.0095
149 146 0.0095
61 147 0.0134
148 147 0.0095
166 147 0.0019
147 148 0.0095
149 148 0.0095
146 149 0.0095
148 149 0.0095
61 158 0.0057
66 158 0.0115
159 158 0.0115
158 159 0.0115
160 159 0.0191
163 159 0.0057
159 160 0.0191
161 160 0.0057
168 160 0.0095
187 160 0.0153
160 161 0.0057
188 161 0.0057
159 163 0.0057
165 163 0.0057
163 165 0.0057
166 165 0.0038
167 165 0.0115
147 166 0.0019
165 166 0.0038
167 166 0.0076
165 167 0.0115
166 167 0.0076
168 167 0.0095
160 168 0.0095
167 168 0.0095
55 169 0.0057
64 169 0.0134
171 169 0.0057
64 170 0.0172
171 170 0.0172
174 170 0.0134
169 171 0.0057
170 171 0.0172
172 171 0.0095
171 172 0.0095
173 172 0.0134
176 172 0.0095
172 173 0.0134
174 173 0.0095
208 173 0.0095
67 174 0.0095
170 174 0.0134
173 174 0.0095
57 175 0.0095
176 175 0.0115
180 175 0.0153
172 176 0.0095
175 176 0.0115
177 176 0.0153
176 177 0.0153
178 177 0.0115
210 177 0.0095
177 178 0.0115
180 178 0.0134
198 179 0.0115
213 179 0.0153
236 179 0.0038
60 180 0.0115
175 180 0.0153
178 180 0.0134
67 185 0.0115
186 185 0.0153
208 185 0.0095
185 186 0.0153
187 186 0.0095
209 186 0.0076
160 187 0.0153
186 187 0.0095
188 187 0.0095
209 187 0.0038
161 188 0.0057
187 188 0.0095
189 188 0.0057
209 188 0.0095
188 189 0.0057
212 189 0.0057
89 194 0.0191
196 194 0.0115
218 194 0.0057
194 196 0.0115
198 196 0.0115
179 198 0.0115
196 198 0.0115
81 200 0.0057
88 200 0.0153
201 200 0.0191
83 201 0.0095
200 201 0.0191
202 201 0.0191
84 202 0.0248
201 202 0.0191
203 202 0.0038
84 203 0.0095
202 203 0.0038
204 203 0.0038
203 204 0.0038
205 204 0.0019
206 204 0.0076
204 205 0.0019
206 205 0.0172
217 205 0.0134
220 205 0.0134
84 206 0.0191
204 206 0.0076
205 206 0.0172
173 208 0.0095
185 208 0.0095
209 208 0.0134
186 209 0.0076
187 209 0.0038
188 209 0.0095
208 209 0.0134
177 210 0.0095
212 210 0.0095
189 212 0.0057
210 212 0.0095
248 212 0.021
249 212 0.0172
179 213 0.0153
214 213 0.0038
222 213 0.021
213 214 0.0038
215 214 0.0095
222 214 0.0153
214 215 0.0095
216 215 0.0057
235 215 0.0019
215 216 0.0057
217 216 0.0057
220 216 0.0134
205 217 0.0134
216 217 0.0057
218 217 0.0057
194 218 0.0057
217 218 0.0057
205 220 0.0134
216 220 0.0134
213 222 0.021
214 222 0.0153
225 222 0.0115
222 225 0.0115
234 225 0.0191
235 225 0.0076
239 225 0.0019
228 226 0.0019
234 226 0.0019
226 228 0.0019
229 228 0.0076
230 228 0.0038
228 229 0.0076
230 229 0.0153
232 229 0.0134
228 230 0.0038
229 230 0.0153
231 230 0.0134
367 230 0.0019
230 231 0.0134
232 231 0.0038
365 231 0.0076
229 232 0.0134
231 232 0.0038
245 232 0.0076
225 234 0.0191
226 234 0.0019
235 234 0.0038
239 234 0.0095
215 235 0.0019
225 235 0.0076
234 235 0.0038
179 236 0.0038
237 236 0.0038
241 236 0.0095
236 237 0.0038
238 237 0.0057
237 238 0.0057
239 238 0.0134
241 238 0.0172
225 239 0.0019
234 239 0.0095
238 239 0.0134
240 239 0.0057
239 240 0.0057
241 240 0.0057
236 241 0.0095
238 241 0.0172
240 241 0.0057
232 245 0.0076
246 245 0.0153
252 245 0.0172
245 246 0.0153
248 246 0.0153
212 248 0.021
246 248 0.0153
249 248 0.0038
212 249 0.0172
248 249 0.0038
250 249 0.0115
249 250 0.0115
251 250 0.0134
255 250 0.0115
250 251 0.0134
252 251 0.0057
253 251 0.0057
245 252 0.0172
251 252 0.0057
256 252 0.0153
365 252 0.0153
251 253 0.0057
255 253 0.0057
250 255 0.0115
253 255 0.0057
268 255 0.0038
252 256 0.0153
257 256 0.0019
261 256 0.0134
366 256 0.0057
369 256 0.0076
256 257 0.0019
258 257 0.0019
262 257 0.0057
257 258 0.0019
267 258 0.0019
256 261 0.0134
262 261 0.0134
257 262 0.0057
261 262 0.0134
263 262 0.0153
369 262 0.0115
262 263 0.0153
264 263 0.0115
266 263 0.0134
263 264 0.0115
265 264 0.0076
271 264 0.0115
314 264 0.0458
369 264 0.0115
376 264 0.042
264 265 0.0076
266 265 0.0038
270 265 0.0019
263 266 0.0134
265 266 0.0038
267 266 0.0076
258 267 0.0019
266 267 0.0076
268 267 0.0038
255 268 0.0038
267 268 0.0038
265 270 0.0019
271 270 0.0019
264 271 0.0115
270 271 0.0019
272 271 0.0076
271 272 0.0076
317 272 0.0076
298 297 0.0038
299 297 0.0134
319 297 0.0191
335 297 0.0095
297 298 0.0038
318 298 0.0248
329 298 0.0191
297 299 0.0134
300 299 0.0153
336 299 0.0153
299 300 0.0153
301 300 0.0038
340 300 0.0095
300 301 0.0038
302 301 0.0057
313 301 0.0115
301 302 0.0057
303 302 0.0057
302 303 0.0057
313 303 0.0057
301 313 0.0115
303 313 0.0057
347 313 0.0038
264 314 0.0458
315 314 0.0382
377 314 0.0038
314 315 0.0382
316 315 0.0363
315 316 0.0363
317 316 0.0153
318 316 0.0344
272 317 0.0076
316 317 0.0153
319 317 0.0057
298 318 0.0248
316 318 0.0344
319 318 0.0267
320 318 0.0324
297 319 0.0191
317 319 0.0057
318 319 0.0267
318 320 0.0324
322 320 0.0324
320 322 0.0324
324 322 0.0324
322 324 0.0324
325 324 0.0038
326 324 0.0382
324 325 0.0038
326 325 0.021
392 325 0.0153
324 326 0.0382
325 326 0.021
327 326 0.0153
326 327 0.0153
357 327 0.0153
298 329 0.0191
330 329 0.021
332 329 0.0115
329 330 0.021
334 330 0.0115
338 330 0.0153
329 332 0.0115
333 332 0.0057
335 332 0.0038
332 333 0.0057
334 333 0.0076
330 334 0.0115
333 334 0.0076
339 334 0.0019
297 335 0.0095
332 335 0.0038
336 335 0.0038
299 336 0.0153
335 336 0.0038
337 336 0.0095
336 337 0.0095
340 337 0.0076
330 338 0.0153
339 338 0.0095
343 338 0.0191
334 339 0.0019
338 339 0.0095
341 339 0.0057
300 340 0.0095
337 340 0.0076
339 341 0.0057
343 341 0.0076
338 343 0.0191
341 343 0.0076
344 343 0.0038
346 343 0.0038
343 344 0.0038
363 344 0.0038
343 346 0.0038
347 346 0.0038
348 346 0.0095
313 347 0.0038
346 347 0.0038
348 347 0.0095
346 348 0.0095
347 348 0.0095
327 357 0.0153
358 357 0.0153
359 357 0.0095
357 358 0.0153
359 358 0.0153
400 358 0.0248
402 358 0.0019
357 359 0.0095
358 359 0.0153
360 359 0.0153
359 360 0.0153
361 360 0.0095
363 360 0.0038
360 361 0.0095
372 361 0.0095
344 363 0.0038
360 363 0.0038
231 365 0.0076
252 365 0.0153
366 365 0.0115
367 365 0.0038
256 366 0.0057
365 366 0.0115
371 366 0.0019
230 367 0.0019
365 367 0.0038
256 369 0.0076
262 369 0.0115
264 369 0.0115
370 369 0.0076
369 370 0.0076
371 370 0.0401
376 370 0.042
366 371 0.0019
370 371 0.0401
378 371 0.0363
361 372 0.0095
411 372 0.0095
375 374 0.0057
381 374 0.0038
374 375 0.0057
377 375 0.0057
380 375 0.0076
264 376 0.042
370 376 0.042
377 376 0.0153
314 377 0.0038
375 377 0.0057
376 377 0.0153
380 377 0.0095
371 378 0.0363
379 378 0.0344
378 379 0.0344
380 379 0.0115
381 379 0.0324
375 380 0.0076
377 380 0.0095
379 380 0.0115
374 381 0.0038
379 381 0.0324
383 381 0.0267
381 383 0.0267
384 383 0.0267
383 384 0.0267
388 384 0.0267
384 388 0.0267
390 388 0.0267
388 390 0.0267
392 390 0.0267
325 392 0.0153
390 392 0.0267
393 392 0.0095
392 393 0.0095
395 393 0.0095
393 395 0.0095
397 395 0.0095
395 397 0.0095
398 397 0.0095
399 397 0.021
397 398 0.0095
399 398 0.0038
400 398 0.0038
397 399 0.021
398 399 0.0038
401 399 0.0153
358 400 0.0248
398 400 0.0038
401 400 0.0305
399 401 0.0153
400 401 0.0305
402 401 0.0134
358 402 0.0019
401 402 0.0134
403 402 0.0095
402 403 0.0095
411 403 0.0095
372 411 0.0095
403 411 0.0095
30 413 0.0095
414 413 0.0057
416 413 0.0172
418 413 0.0057
413 414 0.0057
415 414 0.0019
416 414 0.0019
30 415 0.0057
31 415 0.0038
414 415 0.0019
93 416 0.0019
413 416 0.0172
414 416 0.0019
417 416 0.0172
92 417 0.0057
416 417 0.0172
418 417 0.0076
413 418 0.0057
417 418 0.0076
11 419 0.0115
420 419 0.0095
425 419 0.0076
435 419 0.0057
13 420 0.0172
419 420 0.0095
421 420 0.0095
420 421 0.0095
422 421 0.0076
510 421 0.0153
421 422 0.0076
423 422 0.0115
424 422 0.0019
422 423 0.0115
424 423 0.0134
516 423 0.0134
525 423 0.0153
422 424 0.0019
423 424 0.0134
505 424 0.0095
419 425 0.0076
426 425 0.0019
431 425 0.0038
425 426 0.0019
427 426 0.0057
428 426 0.0095
8 427 0.0076
426 427 0.0057
8 428 0.0057
9 428 0.0019
426 428 0.0095
425 431 0.0038
432 431 0.0038
434 431 0.0095
431 432 0.0038
433 432 0.0134
437 432 0.0076
432 433 0.0134
434 433 0.0229
435 433 0.0038
439 433 0.021
431 434 0.0095
433 434 0.0229
435 434 0.0229
419 435 0.0057
433 435 0.0038
434 435 0.0229
436 435 0.0095
435 436 0.0095
445 436 0.0153
448 436 0.0076
505 436 0.0057
432 437 0.0076
442 437 0.0038
449 437 0.0019
433 439 0.021
441 439 0.021
439 441 0.021
442 441 0.0076
443 441 0.0191
437 442 0.0038
441 442 0.0076
446 442 0.0019
441 443 0.0191
444 443 0.0057
445 443 0.0191
443 444 0.0057
445 444 0.0019
446 444 0.0019
436 445 0.0153
443 445 0.0191
444 445 0.0019
442 446 0.0019
444 446 0.0019
436 448 0.0076
449 448 0.0019
450 448 0.0057
437 449 0.0019
448 449 0.0019
448 450 0.0057
451 450 0.0115
485 450 0.0191
450 451 0.0115
453 451 0.0115
451 453 0.0115
454 453 0.0019
456 453 0.0153
453 454 0.0019
463 454 0.0076
464 454 0.0038
453 456 0.0153
457 456 0.0134
456 457 0.0134
462 457 0.0019
466 457 0.0095
462 461 0.0038
463 461 0.0095
464 461 0.0038
457 462 0.0019
461 462 0.0038
463 462 0.0076
454 463 0.0076
461 463 0.0095
462 463 0.0076
454 464 0.0038
461 464 0.0038
457 466 0.0095
467 466 0.0095
466 467 0.0095
479 467 0.0038
482 467 0.0153
467 479 0.0038
480 479 0.021
486 479 0.0191
489 479 0.0115
479 480 0.021
482 480 0.0153
489 480 0.0038
467 482 0.0153
480 482 0.0153
450 485 0.0191
486 485 0.021
491 485 0.0153
479 486 0.0191
485 486 0.021
487 486 0.0134
486 487 0.0134
488 487 0.021
493 487 0.0057
487 488 0.021
489 488 0.0057
494 488 0.0134
479 489 0.0115
480 489 0.0038
488 489 0.0057
491 490 0.0019
492 490 0.0038
485 491 0.0153
490 491 0.0019
492 491 0.0191
490 492 0.0038
491 492 0.0191
493 492 0.0134
487 493 0.0057
492 493 0.0134
497 493 0.0191
488 494 0.0134
495 494 0.0038
496 494 0.0191
494 495 0.0038
496 495 0.0038
494 496 0.0191
495 496 0.0038
497 496 0.0134
493 497 0.0191
496 497 0.0134
504 497 0.0172
526 497 0.0115
497 504 0.0172
505 504 0.0134
527 504 0.0019
424 505 0.0095
436 505 0.0057
504 505 0.0134
2 507 0.0095
13 507 0.0172
508 507 0.0076
507 508 0.0076
512 508 0.0038
510 509 0.0076
511 509 0.0038
421 510 0.0153
509 510 0.0076
511 510 0.0172
509 511 0.0038
510 511 0.0172
514 511 0.0115
508 512 0.0038
513 512 0.0134
516 512 0.0057
512 513 0.0134
514 513 0.0019
515 513 0.0172
511 514 0.0115
513 514 0.0019
515 514 0.0153
513 515 0.0172
514 515 0.0153
516 515 0.0153
423 516 0.0134
512 516 0.0057
515 516 0.0153
517 516 0.0076
516 517 0.0076
525 517 0.0057
423 525 0.0153
517 525 0.0057
526 525 0.0076
497 526 0.0115
525 526 0.0076
527 526 0.0019
504 527 0.0019
526 527 0.0019
538 537 0.0038
541 537 0.0038
537 538 0.0038
540 538 0.0038
538 540 0.0038
541 540 0.0095
542 540 0.0038
537 541 0.0038
540 541 0.0095
542 541 0.0038
540 542 0.0038
541 542 0.0038
